-637692.49344,-882722.62084,214.51900,536547345.29596,4.53000,1879465.00000,3.24000,0.00000,0.00000,0.00000
-637872.41442,-882062.97784,215.02500,536547345.34244,4.85000,2195009.00000,4.62000,0.00000,0.00000,0.00000
-636597.26249,-882111.13234,217.19000,536547345.48188,5.76000,1654474.00000,6.59000,0.00000,0.00000,0.00000
-636942.11587,-881267.33772,214.54600,536547345.52835,6.54000,1382991.00000,12.08000,0.00000,0.00000,0.00000
-636250.67226,-881580.88413,213.96400,536547345.57483,7.48000,275540.00000,11.79000,0.00000,0.00000,0.00000
-635957.84827,-881449.26132,212.31900,536547345.62131,7.38000,104410.00000,12.08000,0.00000,0.00000,0.00000
-635800.09163,-880708.14083,208.62300,536547345.71427,6.79000,543675.00000,7.94000,0.00000,0.00000,0.00000
-635294.53312,-880814.06992,205.54000,536547345.76074,6.47000,1431980.00000,6.09000,0.00000,0.00000,0.00000
-636972.93740,-904760.38794,195.54500,536719995.55116,7.14000,177923.00000,12.68000,0.00000,0.00000,0.00000
-636446.44850,-904879.38002,195.84700,536719995.59769,3.57000,294175.00000,12.79000,0.00000,0.00000,0.00000
-636394.55776,-904483.86772,195.61300,536719995.64422,-1.92000,1349372.00000,2.98000,0.00000,0.00000,0.00000
-637477.51586,-902858.10207,199.74400,536719995.69074,-2.72000,2289483.00000,1.88000,0.00000,0.00000,0.00000
-637702.13949,-902162.85018,200.07200,536719995.73727,-2.46000,2496648.00000,2.27000,0.00000,0.00000,0.00000
-637846.83968,-901554.24314,200.78300,536719995.78380,-2.07000,2699411.00000,2.33000,0.00000,0.00000,0.00000
-638047.15799,-900885.36120,198.40900,536719995.83032,-1.20000,2608353.00000,4.17000,0.00000,0.00000,0.00000
-637231.28573,-901318.10806,196.11200,536719995.87685,0.89000,592994.00000,7.71000,0.00000,0.00000,0.00000
-636508.72954,-901649.66116,195.21600,536719995.92338,2.49000,150287.00000,10.51000,0.00000,0.00000,0.00000
-636457.35729,-901253.63309,195.70200,536719995.96990,3.70000,162707.00000,18.25000,0.00000,0.00000,0.00000
-636264.99402,-901010.43910,197.36300,536719996.01643,3.14000,149265.00000,5.29000,0.00000,0.00000,0.00000
-635940.57961,-900910.37998,196.79200,536719996.06296,3.03000,294682.00000,3.49000,0.00000,0.00000,0.00000
-635641.00188,-900783.42385,195.29300,536719996.10948,3.23000,364799.00000,4.11000,0.00000,0.00000,0.00000
-635490.84308,-900494.47369,193.94000,536719996.15601,3.31000,173061.00000,7.58000,0.00000,0.00000,0.00000
-635465.79178,-900069.92330,194.72100,536719996.20254,3.35000,210248.00000,3.09000,0.00000,0.00000,0.00000
-633428.56967,-901826.34896,175.38300,536719996.24907,4.07000,4571884.00000,1.71000,0.00000,0.00000,0.00000
-633218.33992,-901602.49202,175.52400,536719996.29559,4.87000,601041.00000,2.54000,0.00000,0.00000,0.00000
-632634.74677,-901783.29605,174.10400,536719996.34212,5.19000,1425261.00000,3.75000,0.00000,0.00000,0.00000
-632266.13726,-901731.09612,172.89600,536719996.38865,5.07000,1083993.00000,3.10000,0.00000,0.00000,0.00000
-633107.99999,-900367.01453,183.61700,536719996.43518,4.41000,558720.00000,3.41000,0.00000,0.00000,0.00000
-632432.57287,-900647.34764,184.21700,536719996.48171,4.15000,201978.00000,4.80000,0.00000,0.00000,0.00000
-631976.10345,-900690.38683,186.06600,536719996.52824,4.12000,284670.00000,3.95000,0.00000,0.00000,0.00000
-631710.77171,-900526.24338,188.05300,536719996.57476,3.93000,872317.00000,3.71000,0.00000,0.00000,0.00000
-631516.45332,-900285.16024,191.91200,536719996.62129,3.54000,661999.00000,1.86000,0.00000,0.00000,0.00000
-631299.29466,-900068.82981,196.22500,536719996.66782,3.15000,471931.00000,2.15000,0.00000,0.00000,0.00000
-631079.65450,-899855.18731,198.89800,536719996.71435,2.84000,349500.00000,2.01000,0.00000,0.00000,0.00000
-630878.39180,-899621.64967,199.48700,536719996.76088,2.49000,652783.00000,1.72000,0.00000,0.00000,0.00000
-633713.24416,-896097.84811,166.34600,536719996.80741,2.02000,456467.00000,1.85000,0.00000,0.00000,0.00000
-633349.61915,-896040.28788,169.66100,536719996.85394,1.77000,1177038.00000,2.86000,0.00000,0.00000,0.00000
-631756.17784,-897315.51146,171.24800,536719996.90047,2.03000,870540.00000,3.96000,0.00000,0.00000,0.00000
-632309.60655,-896264.15214,176.35300,536719996.94700,2.06000,707343.00000,5.30000,0.00000,0.00000,0.00000
-632458.37359,-895651.32038,182.38700,536719996.99353,2.16000,336744.00000,3.99000,0.00000,0.00000,0.00000
-626654.86433,-901488.13162,113.83500,536719997.04005,2.79000,259193.00000,3.41000,0.00000,0.00000,0.00000
-626317.04006,-901402.50648,115.94700,536719997.08658,3.31000,797252.00000,5.61000,0.00000,0.00000,0.00000
-626193.26656,-901084.97450,116.97600,536719997.13311,3.43000,582258.00000,2.60000,0.00000,0.00000,0.00000
-628326.66738,-898321.94983,146.39700,536719997.17964,3.49000,418940.00000,2.84000,0.00000,0.00000,0.00000
-628310.63858,-897887.71070,144.33000,536719997.22617,3.79000,1073649.00000,3.75000,0.00000,0.00000,0.00000
-628259.85256,-897491.11866,146.89700,536719997.27270,3.81000,2802216.00000,2.54000,0.00000,0.00000,0.00000
-628062.59400,-897253.25369,150.58100,536719997.31923,3.65000,1534293.00000,3.31000,0.00000,0.00000,0.00000
-628327.13471,-896515.04914,151.65500,536719997.36576,3.74000,389875.00000,4.20000,0.00000,0.00000,0.00000
-628713.82971,-895644.49417,137.12700,536719997.41229,3.92000,1135087.00000,3.55000,0.00000,0.00000,0.00000
-628348.24154,-895589.03028,136.68300,536719997.45882,4.03000,2797771.00000,3.99000,0.00000,0.00000,0.00000
-628170.34111,-895330.17639,135.49600,536719997.50535,4.33000,1376078.00000,8.30000,0.00000,0.00000,0.00000
-628044.59611,-895014.84538,136.03900,536719997.55189,4.52000,227048.00000,7.10000,0.00000,0.00000,0.00000
-628187.00135,-894409.00135,136.79000,536719997.59842,5.14000,2327273.00000,4.03000,0.00000,0.00000,0.00000
-625731.72643,-896617.37654,122.24900,536719997.64495,6.28000,641740.00000,6.79000,0.00000,0.00000,0.00000
-626000.78740,-895874.32589,120.54100,536719997.69148,6.36000,295692.00000,6.93000,0.00000,0.00000,0.00000
-625465.84008,-896002.27024,122.18400,536719997.73801,6.42000,429277.00000,11.05000,0.00000,0.00000,0.00000
-625180.18722,-895860.13653,123.33800,536719997.78454,6.07000,288487.00000,9.01000,0.00000,0.00000,0.00000
-624861.76672,-895753.51563,123.94200,536719997.83108,5.57000,276483.00000,10.39000,0.00000,0.00000,0.00000
-624665.51446,-895514.55463,124.15500,536719997.87761,4.77000,361248.00000,4.18000,0.00000,0.00000,0.00000
-626901.12004,-892641.24485,151.61700,536719997.92414,4.41000,350631.00000,2.81000,0.00000,0.00000,0.00000
-626561.86854,-892557.23079,148.15000,536719997.97067,4.47000,328935.00000,3.69000,0.00000,0.00000,0.00000
-626099.95366,-892606.07558,143.61300,536719998.01721,4.75000,220826.00000,5.66000,0.00000,0.00000,0.00000
-625677.76526,-892611.88154,140.04500,536719998.06374,4.93000,194598.00000,5.48000,0.00000,0.00000,0.00000
-625018.19834,-892874.82117,136.85800,536719998.11027,5.38000,159744.00000,7.72000,0.00000,0.00000,0.00000
-624419.70619,-893071.58433,135.36800,536719998.15680,5.73000,440301.00000,6.86000,0.00000,0.00000,0.00000
-623788.92068,-893303.29443,134.67300,536719998.20334,6.46000,2314716.00000,5.28000,0.00000,0.00000,0.00000
-623494.85350,-893170.30837,133.14700,536719998.24987,7.04000,310379.00000,9.15000,0.00000,0.00000,0.00000
-624157.29016,-892001.30903,133.28100,536719998.29640,7.23000,223776.00000,9.28000,0.00000,0.00000,0.00000
-623533.46854,-892225.48075,135.67800,536719998.34294,7.73000,495343.00000,11.36000,0.00000,0.00000,0.00000
-622326.60321,-893081.10739,142.08400,536719998.38947,7.56000,426987.00000,7.52000,0.00000,0.00000,0.00000
-621589.55140,-893427.86168,150.60500,536719998.43600,6.99000,342878.00000,5.45000,0.00000,0.00000,0.00000
-621263.71649,-893329.25302,155.27900,536719998.48253,6.64000,768564.00000,3.69000,0.00000,0.00000,0.00000
-620419.41622,-893792.12407,169.54400,536719998.52907,6.89000,635174.00000,3.59000,0.00000,0.00000,0.00000
-619899.90284,-893903.26116,175.07600,536719998.57560,6.96000,510767.00000,4.27000,0.00000,0.00000,0.00000
-619798.04558,-893562.07790,175.58700,536719998.62213,6.74000,325806.00000,4.21000,0.00000,0.00000,0.00000
-621860.50152,-890877.08747,146.76500,536719998.66866,6.09000,730587.00000,3.19000,0.00000,0.00000,0.00000
-619506.94727,-892974.38196,178.39900,536719998.71520,5.84000,1899413.00000,3.75000,0.00000,0.00000,0.00000
-621887.26494,-889945.24010,165.64500,536719998.76173,6.26000,2436293.00000,4.13000,0.00000,0.00000,0.00000
-623083.07554,-888198.76120,167.18200,536719998.80826,6.61000,3176367.00000,6.83000,0.00000,0.00000,0.00000
-619803.80924,-891298.59484,157.55800,536719998.85479,6.20000,1761580.00000,3.44000,0.00000,0.00000,0.00000
-618907.81028,-891817.39738,157.38400,536719998.90132,5.90000,3693298.00000,3.00000,0.00000,0.00000,0.00000
-618315.76512,-892007.04688,158.47700,536719998.94785,5.92000,1386182.00000,3.27000,0.00000,0.00000,0.00000
-617741.57207,-892177.31097,158.31900,536719998.99439,6.05000,905370.00000,3.31000,0.00000,0.00000,0.00000
-620477.69933,-888763.18831,163.04700,536719999.04092,5.95000,1061066.00000,2.91000,0.00000,0.00000,0.00000
-619963.65796,-888868.40598,159.81300,536719999.08745,5.99000,460709.00000,3.67000,0.00000,0.00000,0.00000
-620036.16747,-888338.50650,157.56000,536719999.13399,6.11000,269357.00000,6.83000,0.00000,0.00000,0.00000
-619990.47230,-887936.59599,158.02800,536719999.18052,6.05000,700010.00000,4.63000,0.00000,0.00000,0.00000
-619735.19040,-887761.62275,157.79900,536719999.22705,6.09000,2539232.00000,4.42000,0.00000,0.00000,0.00000
-619562.36181,-887497.38549,157.76500,536719999.27359,6.22000,670320.00000,5.00000,0.00000,0.00000,0.00000
-619313.54298,-887315.42288,158.09400,536719999.32012,6.20000,701158.00000,5.43000,0.00000,0.00000,0.00000
-619033.44385,-887167.34152,157.92700,536719999.36665,6.17000,977574.00000,4.68000,0.00000,0.00000,0.00000
-618680.33242,-887098.30383,157.23900,536719999.41319,6.19000,1223630.00000,4.62000,0.00000,0.00000,0.00000
-618157.86298,-887212.64014,156.68000,536719999.45972,6.28000,917943.00000,4.28000,0.00000,0.00000,0.00000
-617606.07995,-887358.69250,155.05100,536719999.50625,6.29000,329572.00000,5.33000,0.00000,0.00000,0.00000
-617143.19078,-887408.47138,153.34100,536719999.55278,6.34000,429962.00000,5.29000,0.00000,0.00000,0.00000
-616826.83163,-887299.63200,151.10400,536719999.59932,6.26000,330453.00000,6.08000,0.00000,0.00000,0.00000
-616717.09598,-886967.09031,148.46400,536719999.64585,6.10000,446879.00000,7.12000,0.00000,0.00000,0.00000
-617722.91741,-885426.80975,145.90600,536719999.69239,5.71000,161060.00000,9.26000,0.00000,0.00000,0.00000
-618111.34732,-884554.92170,147.10500,536719999.73892,5.23000,689558.00000,5.09000,0.00000,0.00000,0.00000
-618214.19513,-883992.25542,151.67400,536719999.78546,5.09000,438065.00000,3.79000,0.00000,0.00000,0.00000
-617713.59501,-884082.91505,150.71700,536719999.83199,5.11000,461102.00000,3.57000,0.00000,0.00000,0.00000
-625179.48835,-914697.18279,141.78600,536892648.27482,6.44000,4464851.00000,3.53000,0.00000,0.00000,0.00000
-624837.64149,-914166.77910,143.34800,536892648.36799,5.34000,2569026.00000,3.79000,0.00000,0.00000,0.00000
-624376.07229,-914207.20146,141.47600,536892648.41457,5.24000,879372.00000,3.72000,0.00000,0.00000,0.00000
-623878.12738,-914285.84091,138.40600,536892648.46115,5.80000,314774.00000,6.80000,0.00000,0.00000,0.00000
-623612.00263,-914120.72692,136.63800,536892648.50773,6.66000,196537.00000,12.98000,0.00000,0.00000,0.00000
-623893.38094,-913379.98097,136.95300,536892648.55431,6.16000,122833.00000,10.21000,0.00000,0.00000,0.00000
-623936.36734,-912889.88694,137.76700,536892648.60090,6.30000,730075.00000,6.42000,0.00000,0.00000,0.00000
-623640.45136,-912756.10886,140.34600,536892648.64748,6.29000,1010584.00000,5.07000,0.00000,0.00000,0.00000
-623259.70079,-912711.55095,140.06400,536892648.69406,6.04000,363774.00000,7.29000,0.00000,0.00000,0.00000
-622655.69774,-912901.67943,139.75200,536892648.74064,5.42000,293609.00000,7.07000,0.00000,0.00000,0.00000
-622205.74751,-912929.85492,139.54200,536892648.78722,5.34000,234682.00000,6.16000,0.00000,0.00000,0.00000
-621754.27385,-912959.60618,138.71000,536892648.83381,5.43000,253814.00000,7.27000,0.00000,0.00000,0.00000
-621381.09100,-912907.05332,137.70700,536892648.88039,5.63000,387313.00000,6.15000,0.00000,0.00000,0.00000
-621398.84680,-912443.51289,136.08600,536892648.92697,5.64000,246658.00000,7.60000,0.00000,0.00000,0.00000
-622199.48901,-911156.95184,138.36000,536892648.97355,5.40000,490187.00000,5.14000,0.00000,0.00000,0.00000
-622346.03480,-910558.02108,141.65800,536892649.02013,4.99000,830382.00000,5.13000,0.00000,0.00000,0.00000
-622217.83094,-910247.95789,144.16300,536892649.06672,4.70000,159284.00000,4.91000,0.00000,0.00000,0.00000
-621909.81938,-910126.91447,146.97200,536892649.11330,4.71000,423369.00000,4.06000,0.00000,0.00000,0.00000
-621253.82288,-910371.71543,148.04200,536892649.15988,4.60000,376523.00000,3.73000,0.00000,0.00000,0.00000
-620604.37901,-910609.58301,149.80500,536892649.20646,4.50000,1253857.00000,3.36000,0.00000,0.00000,0.00000
-619997.36053,-910802.83763,151.15700,536892649.25304,4.62000,1207395.00000,4.41000,0.00000,0.00000,0.00000
-619298.92144,-911092.18298,152.76900,536892649.29963,4.99000,4741214.00000,4.08000,0.00000,0.00000,0.00000
-618672.18907,-911306.10770,154.75500,536892649.34621,5.19000,3358169.00000,6.14000,0.00000,0.00000,0.00000
-618800.58872,-910726.32098,147.93100,536892649.39279,5.61000,929082.00000,6.74000,0.00000,0.00000,0.00000
-617922.32127,-911204.64254,151.52000,536892649.43937,6.44000,1281731.00000,8.33000,0.00000,0.00000,0.00000
-617472.88784,-911232.20382,153.78700,536892649.48595,7.20000,168215.00000,11.56000,0.00000,0.00000,0.00000
-618767.11156,-909427.10387,150.36600,536892649.53254,7.11000,85775.00000,12.78000,0.00000,0.00000,0.00000
-619068.27486,-908665.76413,153.07700,536892649.57912,6.34000,294382.00000,8.47000,0.00000,0.00000,0.00000
-618358.73352,-908966.75481,155.81800,536892649.62570,5.95000,290511.00000,5.46000,0.00000,0.00000,0.00000
-617708.28659,-909205.61344,159.31400,536892649.67228,5.32000,314164.00000,4.62000,0.00000,0.00000,0.00000
-614812.44041,-911804.20545,153.10900,536892649.71887,4.96000,297351.00000,3.46000,0.00000,0.00000,0.00000
-614196.27787,-912006.90993,154.72200,536892649.76545,4.98000,666381.00000,3.07000,0.00000,0.00000,0.00000
-616561.59784,-909076.44360,172.01400,536892649.81203,5.03000,285331.00000,3.54000,0.00000,0.00000,0.00000
-616284.43410,-908922.95562,175.53000,536892649.85861,4.78000,286138.00000,2.85000,0.00000,0.00000,0.00000
-615993.63739,-908783.80499,178.77300,536892649.90519,4.26000,428036.00000,2.43000,0.00000,0.00000,0.00000
-615748.80244,-908596.34373,179.70000,536892649.95178,3.57000,238192.00000,3.53000,0.00000,0.00000,0.00000
-615522.65604,-908389.24218,179.51700,536892649.99836,2.95000,169937.00000,2.42000,0.00000,0.00000,0.00000
-615912.22611,-907535.10176,138.52300,536892650.04494,3.08000,3177864.00000,1.43000,0.00000,0.00000,0.00000
-614851.12883,-908205.43028,169.36100,536892650.09152,3.57000,3871431.00000,1.83000,0.00000,0.00000,0.00000
-614575.98695,-908049.81410,167.55400,536892650.13810,3.94000,854237.00000,2.06000,0.00000,0.00000,0.00000
-615175.22682,-906975.39562,138.68200,536892650.18469,4.72000,1382419.00000,2.56000,0.00000,0.00000,0.00000
-614594.98435,-907140.39637,142.50400,536892650.23127,5.31000,920598.00000,4.08000,0.00000,0.00000,0.00000
-614441.09591,-906857.38098,145.79400,536892650.27785,5.54000,2176148.00000,3.61000,0.00000,0.00000,0.00000
-614135.15664,-906734.13135,151.53300,536892650.32443,5.57000,371598.00000,6.71000,0.00000,0.00000,0.00000
-614485.92556,-905920.86002,154.49200,536892650.37102,4.70000,994525.00000,3.20000,0.00000,0.00000,0.00000
-614152.20180,-905826.80255,159.67000,536892650.41760,4.17000,326518.00000,2.44000,0.00000,0.00000,0.00000
-613766.96122,-905786.89308,161.75200,536892650.46418,3.79000,1075081.00000,3.22000,0.00000,0.00000,0.00000
-613429.71394,-905696.56351,160.96800,536892650.51077,3.67000,317309.00000,3.29000,0.00000,0.00000,0.00000
-613061.64179,-905638.59734,160.08800,536892650.55735,4.09000,596289.00000,4.51000,0.00000,0.00000,0.00000
-613831.19440,-904385.34048,144.51100,536892650.60393,4.79000,1409124.00000,5.22000,0.00000,0.00000,0.00000
-613368.67046,-904426.63997,148.72500,536892650.65051,4.76000,1403095.00000,5.11000,0.00000,0.00000,0.00000
-612698.52216,-904686.07114,153.41300,536892650.69710,4.35000,1342639.00000,4.78000,0.00000,0.00000,0.00000
-612169.30828,-904797.40181,155.46000,536892650.74368,4.36000,679589.00000,7.71000,0.00000,0.00000,0.00000
-611836.60698,-904702.26524,156.06800,536892650.79027,4.61000,151314.00000,9.14000,0.00000,0.00000,0.00000
-612072.73779,-904009.52406,153.65700,536892650.83685,4.68000,221312.00000,8.17000,0.00000,0.00000,0.00000
-611851.17849,-903797.62998,151.99600,536892650.88344,4.92000,173860.00000,6.49000,0.00000,0.00000,0.00000
-611721.06669,-903489.68366,149.23900,536892650.93002,5.09000,253119.00000,7.34000,0.00000,0.00000,0.00000
-611749.07272,-903015.60258,148.04800,536892650.97660,5.76000,250157.00000,7.01000,0.00000,0.00000,0.00000
-611415.87805,-902920.99388,147.86800,536892651.02319,6.18000,280682.00000,10.88000,0.00000,0.00000,0.00000
-610448.67644,-903492.44026,150.62600,536892651.06977,6.18000,206422.00000,8.64000,0.00000,0.00000,0.00000
-609746.18375,-903785.75334,155.89100,536892651.11636,6.64000,583574.00000,5.28000,0.00000,0.00000,0.00000
-609277.58817,-903833.35194,155.39600,536892651.16294,6.59000,463520.00000,4.36000,0.00000,0.00000,0.00000
-609164.67102,-903507.34751,155.77600,536892651.20952,5.91000,1245218.00000,3.71000,0.00000,0.00000,0.00000
-608684.98572,-903566.58421,164.36300,536892651.25611,5.72000,4699543.00000,3.23000,0.00000,0.00000,0.00000
-608470.00557,-903347.77620,162.04000,536892651.30269,5.91000,5765778.00000,3.93000,0.00000,0.00000,0.00000
-608285.33829,-903097.14827,155.01500,536892651.34927,6.33000,2713748.00000,4.32000,0.00000,0.00000,0.00000
-608046.62554,-902903.26846,155.61600,536892651.39586,6.82000,1043454.00000,5.89000,0.00000,0.00000,0.00000
-608351.52581,-902138.40719,150.41000,536892651.44244,7.18000,767162.00000,8.33000,0.00000,0.00000,0.00000
-609816.39951,-900155.13053,145.31100,536892651.48903,7.49000,425456.00000,10.33000,0.00000,0.00000,0.00000
-610288.02049,-899215.14992,147.07900,536892651.53561,6.96000,1737880.00000,6.95000,0.00000,0.00000,0.00000
-610012.95125,-899059.51571,150.26300,536892651.58220,6.42000,3402622.00000,5.76000,0.00000,0.00000,0.00000
-609538.32822,-899113.47401,149.47200,536892651.62878,5.96000,605041.00000,5.70000,0.00000,0.00000,0.00000
-609268.82031,-898951.98860,149.31900,536892651.67537,5.75000,479153.00000,6.14000,0.00000,0.00000,0.00000
-609202.41507,-898577.18787,149.88100,536892651.72195,5.67000,345241.00000,5.66000,0.00000,0.00000,0.00000
-608970.80694,-898375.89862,149.81200,536892651.76854,5.69000,595903.00000,5.69000,0.00000,0.00000,0.00000
-608847.82128,-898060.52775,148.99800,536892651.81512,5.68000,654610.00000,7.36000,0.00000,0.00000,0.00000
-608978.44645,-897478.77028,150.82000,536892651.86171,5.93000,1729666.00000,4.17000,0.00000,0.00000,0.00000
-608672.58352,-897355.49619,151.47700,536892651.90829,6.19000,3989585.00000,3.39000,0.00000,0.00000,0.00000
-607155.69917,-898504.09952,140.08000,536892651.95488,6.24000,2631487.00000,2.77000,0.00000,0.00000,0.00000
-607426.79974,-897774.84250,148.38800,536892652.00146,6.27000,7256768.00000,3.54000,0.00000,0.00000,0.00000
-623300.00989,-880793.16384,164.64200,537285911.07091,10.04000,1884697.00000,4.01000,0.00000,0.00000,1.00000
-623073.02809,-881222.33755,165.16900,537285911.11776,10.36000,3044011.00000,3.34000,0.00000,0.00000,1.00000
-622860.30596,-881645.53982,162.97300,537285911.16462,10.55000,3767900.00000,3.94000,0.00000,0.00000,1.00000
-622408.71691,-882168.88648,153.77600,537285911.21148,10.72000,3765875.00000,3.85000,0.00000,0.00000,1.00000
-622628.24371,-882410.84525,158.24500,537285911.25833,10.99000,2981654.00000,4.63000,0.00000,0.00000,1.00000
-622756.16106,-882691.21746,159.71100,537285911.30518,10.89000,2920571.00000,4.11000,0.00000,0.00000,1.00000
-622842.00103,-882989.22926,161.09600,537285911.35204,10.80000,1619437.00000,5.06000,0.00000,0.00000,1.00000
-622933.27264,-883284.96696,161.83600,537285911.39890,10.98000,1106441.00000,4.92000,0.00000,0.00000,1.00000
-623031.32281,-883577.85767,161.84500,537285911.44575,10.99000,828999.00000,5.67000,0.00000,0.00000,1.00000
-623062.86366,-883898.62647,161.98000,537285911.49260,10.89000,589595.00000,5.51000,0.00000,0.00000,1.00000
-623213.17222,-884169.61810,161.21100,537285911.53946,10.85000,735060.00000,5.22000,0.00000,0.00000,1.00000
-623002.43590,-884591.95299,159.07100,537285911.58632,10.90000,334480.00000,6.66000,0.00000,0.00000,1.00000
-622807.98269,-885007.46586,157.12300,537285911.63317,10.94000,146712.00000,7.44000,0.00000,0.00000,1.00000
-622805.58040,-885342.46367,156.05400,537285911.68002,10.94000,147846.00000,8.01000,0.00000,0.00000,1.00000
-623029.84445,-885582.44395,155.91000,537285911.72688,10.62000,133975.00000,9.06000,0.00000,0.00000,1.00000
-623231.71758,-885831.82104,156.90800,537285911.77373,10.15000,262727.00000,6.63000,0.00000,0.00000,1.00000
-623511.62776,-886048.47650,158.21500,537285911.82059,9.93000,335375.00000,7.93000,0.00000,0.00000,1.00000
-624022.97364,-886168.14647,161.15900,537285911.86744,9.25000,475631.00000,5.18000,0.00000,0.00000,1.00000
-623920.78447,-886544.96390,166.73300,537285911.91429,8.58000,1826881.00000,2.88000,0.00000,0.00000,1.00000
-623581.74124,-887021.05419,171.59800,537285911.96115,8.47000,295531.00000,4.20000,0.00000,0.00000,1.00000
-623495.16935,-887391.33393,172.26500,537285912.00800,8.41000,125000.00000,6.74000,0.00000,0.00000,1.00000
-623380.08055,-887773.55154,170.70900,537285912.05486,8.30000,406450.00000,4.25000,0.00000,0.00000,1.00000
-623873.10008,-887900.92235,169.80900,537285912.10171,8.09000,393434.00000,3.78000,0.00000,0.00000,1.00000
-624018.63008,-888173.93150,171.72800,537285912.14857,7.95000,1718658.00000,3.14000,0.00000,0.00000,1.00000
-623746.06764,-888622.12802,167.54500,537285912.19542,7.87000,2862819.00000,2.22000,0.00000,0.00000,1.00000
-623222.37425,-889175.56781,161.59900,537285912.24227,8.02000,3024117.00000,1.88000,0.00000,0.00000,1.00000
-622554.75070,-889789.30571,148.61700,537285912.28913,8.39000,1230534.00000,1.94000,0.00000,0.00000,1.00000
-621902.73569,-890396.48112,149.13600,537285912.33598,9.04000,1016312.00000,3.13000,0.00000,0.00000,1.00000
-621147.53120,-891046.86625,150.30800,537285912.38284,9.51000,2222805.00000,3.97000,0.00000,0.00000,1.00000
-623308.91717,-890475.24164,135.29600,537285912.42969,9.57000,1122663.00000,5.87000,0.00000,0.00000,1.00000
-622825.21570,-891011.89153,138.72800,537285912.47655,9.60000,357208.00000,7.28000,0.00000,0.00000,1.00000
-623574.14822,-891032.08333,137.01000,537285912.52340,9.47000,712751.00000,6.60000,0.00000,0.00000,1.00000
-623179.34804,-891531.46207,139.66300,537285912.57026,9.11000,272192.00000,6.03000,0.00000,0.00000,1.00000
-629152.27714,-889362.74349,125.09100,537285912.61711,8.86000,425752.00000,3.16000,0.00000,0.00000,1.00000
-623348.16508,-892128.69838,136.84900,537285912.66397,8.94000,3466405.00000,2.74000,0.00000,0.00000,1.00000
-624845.80949,-891835.22885,128.69400,537285912.71082,9.44000,2844611.00000,4.34000,0.00000,0.00000,1.00000
-624144.18524,-892463.17874,132.45700,537285912.75768,9.91000,651054.00000,6.11000,0.00000,0.00000,1.00000
-623318.30771,-893143.13439,133.90700,537285912.80453,9.84000,1423027.00000,6.47000,0.00000,0.00000,1.00000
-623114.89042,-893562.31501,135.66000,537285912.85139,9.67000,1676274.00000,3.51000,0.00000,0.00000,1.00000
-621488.00734,-894577.75371,145.81400,537285912.89824,9.45000,3615967.00000,2.95000,0.00000,0.00000,1.00000
-627325.99978,-892466.17656,153.21500,537285912.94510,9.40000,1391156.00000,3.51000,0.00000,0.00000,1.00000
-627411.77390,-892764.25688,154.94500,537285912.99196,9.32000,1424330.00000,3.54000,0.00000,0.00000,1.00000
-626611.72624,-893433.43688,141.56500,537285913.03881,9.04000,1490361.00000,2.40000,0.00000,0.00000,1.00000
-627577.23465,-893362.97832,146.38200,537285913.08566,8.85000,3671913.00000,2.84000,0.00000,0.00000,1.00000
-627352.79879,-893791.00691,136.31700,537285913.13252,9.01000,5361416.00000,2.42000,0.00000,0.00000,1.00000
-626163.70663,-894623.11630,124.61100,537285913.17938,9.08000,1512661.00000,3.26000,0.00000,0.00000,1.00000
-625692.79740,-895154.36039,122.14400,537285913.22623,9.26000,583782.00000,5.21000,0.00000,0.00000,1.00000
-625596.60426,-895528.63120,122.10200,537285913.27308,9.18000,376882.00000,5.58000,0.00000,0.00000,1.00000
-625321.87779,-895977.69561,123.63600,537285913.31994,8.95000,170343.00000,4.17000,0.00000,0.00000,1.00000
-628602.35099,-894937.67605,137.35000,537285913.36680,9.00000,664472.00000,4.16000,0.00000,0.00000,1.00000
-624815.15290,-896857.87507,126.09100,537285913.41365,9.11000,388666.00000,4.05000,0.00000,0.00000,1.00000
-624600.82199,-897281.61984,127.25500,537285913.46050,9.03000,378727.00000,5.12000,0.00000,0.00000,1.00000
-624634.94441,-897601.28200,127.98200,537285913.50736,8.64000,451451.00000,3.28000,0.00000,0.00000,1.00000
-629009.19864,-896103.32773,134.20000,537285913.55421,8.55000,1816134.00000,2.78000,0.00000,0.00000,1.00000
-632476.91647,-894984.88299,175.60800,537285913.60107,8.53000,663805.00000,3.18000,0.00000,0.00000,1.00000
-631738.57192,-895628.18581,168.66300,537285913.64792,8.19000,920882.00000,2.34000,0.00000,0.00000,1.00000
-630558.96279,-896456.30018,158.36500,537285913.69477,8.07000,1487832.00000,1.96000,0.00000,0.00000,1.00000
-625672.51896,-898836.65913,125.77600,537285913.74163,7.97000,1884951.00000,2.26000,0.00000,0.00000,1.00000
-631000.68511,-896939.35106,154.26700,537285913.78848,7.57000,3782689.00000,1.72000,0.00000,0.00000,1.00000
-630871.22002,-897327.59183,154.46100,537285913.83533,7.18000,1623133.00000,2.01000,0.00000,0.00000,1.00000
-631558.39277,-897373.82938,170.83600,537285913.88219,6.77000,3296299.00000,2.36000,0.00000,0.00000,1.00000
-625945.44179,-900058.24659,131.35400,537285913.92904,6.41000,1482157.00000,1.58000,0.00000,0.00000,1.00000
-625474.40392,-900589.42623,129.75400,537285913.97589,6.27000,561893.00000,2.40000,0.00000,0.00000,1.00000
-625378.11762,-900963.68208,126.58500,537285914.02275,5.99000,592910.00000,2.68000,0.00000,0.00000,1.00000
-625340.22654,-901313.50487,123.93000,537285914.06960,5.76000,457907.00000,3.39000,0.00000,0.00000,1.00000
-625094.58345,-901750.30516,124.55500,537285914.11645,5.42000,507194.00000,2.98000,0.00000,0.00000,1.00000
-625206.75040,-902037.30462,124.63600,537285914.16330,5.26000,449022.00000,3.41000,0.00000,0.00000,1.00000
-630802.03384,-900028.70187,198.67500,537285914.21016,5.50000,256748.00000,3.04000,0.00000,0.00000,1.00000
-630876.90362,-900331.36645,196.61700,537285914.25701,5.87000,310135.00000,2.20000,0.00000,0.00000,1.00000
-625563.58468,-902889.78355,121.12400,537285914.30386,6.09000,375619.00000,2.37000,0.00000,0.00000,1.00000
-630995.41744,-900949.77415,187.67500,537285914.35071,6.63000,2032270.00000,3.05000,0.00000,0.00000,1.00000
-631233.89583,-901183.93631,185.29600,537285914.39757,7.44000,1959195.00000,3.08000,0.00000,0.00000,1.00000
-631557.26121,-901382.56329,175.97800,537285914.44442,8.22000,1216594.00000,5.43000,0.00000,0.00000,1.00000
-631425.03539,-901771.93303,176.32300,537285914.49127,8.80000,667459.00000,4.74000,0.00000,0.00000,1.00000
-631586.80104,-902038.22918,172.39100,537285914.53812,9.38000,882471.00000,7.57000,0.00000,0.00000,1.00000
-631616.83431,-902359.66495,172.39800,537285914.58498,9.57000,323898.00000,8.08000,0.00000,0.00000,1.00000
-631145.79917,-902890.86203,172.72200,537285914.63183,9.68000,410545.00000,6.90000,0.00000,0.00000,1.00000
-630841.78241,-903352.14043,173.46100,537285914.67868,9.38000,473416.00000,6.93000,0.00000,0.00000,1.00000
-630552.01189,-903807.43355,172.66300,537285914.72554,8.39000,683034.00000,6.56000,0.00000,0.00000,1.00000
-630203.16455,-904287.45421,172.90100,537285914.77239,7.68000,1613094.00000,4.89000,0.00000,0.00000,1.00000
-630051.21501,-904685.05442,174.37500,537285914.81924,6.96000,3790594.00000,3.26000,0.00000,0.00000,1.00000
-630190.52945,-904960.72920,168.92900,537285914.86609,6.30000,3504091.00000,1.98000,0.00000,0.00000,1.00000
-631242.42419,-904854.45574,145.05100,537285914.91295,6.13000,2334040.00000,2.17000,0.00000,0.00000,1.00000
-630023.73659,-905698.52073,159.32800,537285914.95980,6.07000,4473343.00000,2.75000,0.00000,0.00000,1.00000
-630095.81951,-906002.34307,151.15800,537285915.00665,5.68000,1487974.00000,3.37000,0.00000,0.00000,1.00000
-629915.98307,-906411.59567,145.30700,537285915.05351,4.87000,2382845.00000,3.85000,0.00000,0.00000,1.00000
-630162.57612,-906642.38482,143.28200,537285915.10036,3.75000,2459650.00000,4.66000,0.00000,0.00000,1.00000
-630210.89234,-906956.15397,141.21600,537285915.14721,2.85000,615232.00000,3.09000,0.00000,0.00000,1.00000
-630280.94109,-907260.83065,142.51300,537285915.19406,2.58000,2718086.00000,2.40000,0.00000,0.00000,1.00000
-635837.39775,-905269.38874,195.14200,537285915.24092,3.11000,3523783.00000,3.03000,0.00000,0.00000,1.00000
-635812.41930,-905613.89602,195.24000,537285915.28777,3.68000,887707.00000,3.69000,0.00000,0.00000,1.00000
-635714.78105,-905988.81015,195.12100,537285915.33462,4.12000,983541.00000,4.08000,0.00000,0.00000,1.00000
-630047.02749,-908694.65673,137.03000,537285915.38148,5.20000,162521.00000,3.39000,0.00000,0.00000,1.00000
-629883.45610,-909097.07497,139.21800,537285915.42833,5.68000,482856.00000,3.11000,0.00000,0.00000,1.00000
-629558.25825,-909567.11183,141.82300,537285915.47518,5.74000,774550.00000,3.29000,0.00000,0.00000,1.00000
-629008.28696,-910131.18192,147.26700,537285915.52204,5.45000,567746.00000,2.16000,0.00000,0.00000,1.00000
-629592.54449,-910888.66936,154.11800,537285915.66260,6.17000,675044.00000,2.21000,0.00000,0.00000,1.00000
-609607.20830,-895475.61918,147.98300,537458564.93282,10.94000,277067.00000,6.23000,0.00000,0.00000,1.00000
-609756.18287,-895748.00688,147.95900,537458564.97972,10.89000,452255.00000,5.97000,0.00000,0.00000,1.00000
-610000.85560,-895982.01888,148.70300,537458565.02662,10.87000,539081.00000,6.02000,0.00000,0.00000,1.00000
-610216.81330,-896227.54201,151.88400,537458565.07352,10.70000,1197731.00000,4.92000,0.00000,0.00000,1.00000
-610230.46052,-896554.24727,154.27400,537458565.12043,10.22000,473590.00000,5.38000,0.00000,0.00000,1.00000
-610473.75908,-896788.80737,154.03500,537458565.16733,9.90000,229617.00000,6.73000,0.00000,0.00000,1.00000
-610906.38025,-896947.40687,154.28100,537458565.21423,9.58000,145364.00000,6.32000,0.00000,0.00000,1.00000
-611018.44997,-897234.63064,154.56900,537458565.26113,9.23000,475313.00000,5.41000,0.00000,0.00000,1.00000
-610886.51117,-897619.75783,152.86000,537458565.30803,9.45000,266165.00000,5.31000,0.00000,0.00000,1.00000
-611757.94139,-897602.30972,154.42800,537458565.35493,9.79000,463815.00000,8.44000,0.00000,0.00000,1.00000
-612127.00277,-897786.43155,156.14100,537458565.40183,9.68000,227896.00000,7.86000,0.00000,0.00000,1.00000
-612185.07211,-898095.33495,156.75800,537458565.44873,9.70000,431772.00000,6.74000,0.00000,0.00000,1.00000
-612203.49722,-898420.13878,156.51300,537458565.49563,9.20000,971110.00000,5.75000,0.00000,0.00000,1.00000
-612403.73519,-898672.00061,155.51700,537458565.54253,8.79000,1967569.00000,3.47000,0.00000,0.00000,1.00000
-611491.88299,-899370.00253,145.04300,537458565.58944,8.37000,456981.00000,3.91000,0.00000,0.00000,1.00000
-611239.61588,-899803.39539,141.70700,537458565.63634,9.09000,508145.00000,5.62000,0.00000,0.00000,1.00000
-612346.90573,-899691.39224,142.88800,537458565.68324,10.25000,280357.00000,7.25000,0.00000,0.00000,1.00000
-612095.99153,-900124.23821,144.18600,537458565.73014,10.46000,702600.00000,6.16000,0.00000,0.00000,1.00000
-611496.45867,-900696.91178,143.85800,537458565.77704,10.90000,231179.00000,9.35000,0.00000,0.00000,1.00000
-610727.40546,-901337.58398,145.07200,537458565.82394,11.32000,347648.00000,11.10000,0.00000,0.00000,1.00000
-609732.06797,-902068.96043,149.59800,537458565.87084,10.95000,708231.00000,8.86000,0.00000,0.00000,1.00000
-609115.42797,-902648.43725,155.70700,537458565.91774,10.36000,660237.00000,5.44000,0.00000,0.00000,1.00000
-610793.48870,-902307.59446,146.60800,537458565.96464,10.43000,1554672.00000,7.89000,0.00000,0.00000,1.00000
-610716.16556,-902670.77444,148.93600,537458566.01154,10.39000,625040.00000,10.48000,0.00000,0.00000,1.00000
-610373.61496,-903140.32712,151.35800,537458566.05845,9.83000,1681759.00000,7.20000,0.00000,0.00000,1.00000
-610344.81629,-903484.04090,151.64900,537458566.10535,10.15000,2012141.00000,7.89000,0.00000,0.00000,1.00000
-611923.81390,-903182.98288,149.49200,537458566.15225,10.42000,696492.00000,6.85000,0.00000,0.00000,1.00000
-611635.25122,-903630.88951,146.69800,537458566.19915,10.62000,1133952.00000,7.71000,0.00000,0.00000,1.00000
-613054.99196,-903393.71043,154.63400,537458566.24605,10.24000,5123938.00000,4.63000,0.00000,0.00000,1.00000
-612684.39909,-903874.51775,153.55500,537458566.29295,10.22000,1140399.00000,5.70000,0.00000,0.00000,1.00000
-612140.17160,-904424.95626,154.57400,537458566.33985,10.15000,1121429.00000,5.06000,0.00000,0.00000,1.00000
-613233.84465,-904318.55844,145.64100,537458566.38675,9.79000,2452187.00000,2.82000,0.00000,0.00000,1.00000
-611898.67050,-905186.14020,162.19900,537458566.43365,9.52000,4075060.00000,2.47000,0.00000,0.00000,1.00000
-612745.55199,-905178.72907,153.29100,537458566.48055,9.35000,480893.00000,2.68000,0.00000,0.00000,1.00000
-612339.38001,-905673.75843,160.29800,537458566.52745,9.35000,472744.00000,4.58000,0.00000,0.00000,1.00000
-613147.31661,-905681.99346,160.35500,537458566.57435,9.13000,353866.00000,4.62000,0.00000,0.00000,1.00000
-613377.58868,-905921.83824,161.57700,537458566.62125,8.90000,2362028.00000,3.90000,0.00000,0.00000,1.00000
-613431.48795,-906232.40672,160.85500,537458566.66815,8.90000,3756759.00000,2.91000,0.00000,0.00000,1.00000
-612528.96356,-906926.44254,150.45100,537458566.71505,9.00000,876568.00000,3.98000,0.00000,0.00000,1.00000
-613014.23485,-907064.06453,148.70600,537458566.76195,9.21000,1456684.00000,3.43000,0.00000,0.00000,1.00000
-613552.15364,-907180.58221,152.98300,537458566.80885,9.42000,5096390.00000,2.75000,0.00000,0.00000,1.00000
-614120.15194,-907285.04280,141.34900,537458566.85575,9.28000,904601.00000,2.73000,0.00000,0.00000,1.00000
-613952.53159,-907684.42228,159.13700,537458566.90265,8.98000,9568946.00000,2.06000,0.00000,0.00000,1.00000
-614410.46122,-907833.03148,163.26400,537458566.94955,8.77000,3706503.00000,2.48000,0.00000,0.00000,1.00000
-614834.20262,-907995.33782,168.13800,537458566.99645,8.59000,2167063.00000,2.33000,0.00000,0.00000,1.00000
-615306.48330,-908138.19884,174.77800,537458567.04335,8.75000,1875764.00000,1.77000,0.00000,0.00000,1.00000
-615434.20097,-908419.19926,179.03400,537458567.09025,8.91000,715331.00000,2.91000,0.00000,0.00000,1.00000
-615517.48185,-908718.00302,179.67400,537458567.13715,8.96000,280475.00000,2.96000,0.00000,0.00000,1.00000
-615635.63129,-909002.83399,178.82200,537458567.18405,9.29000,632095.00000,2.49000,0.00000,0.00000,1.00000
-615816.68307,-909262.46113,175.71400,537458567.23095,9.40000,3432791.00000,2.01000,0.00000,0.00000,1.00000
-615441.22011,-909745.15072,155.70200,537458567.27785,9.73000,1246869.00000,3.00000,0.00000,0.00000,1.00000
-615404.84904,-910091.93366,154.89300,537458567.32475,10.21000,730825.00000,3.78000,0.00000,0.00000,1.00000
-614766.11790,-910680.13305,152.99700,537458567.37165,10.35000,1815001.00000,5.75000,0.00000,0.00000,1.00000
-615440.79105,-910741.90362,152.35700,537458567.41855,10.71000,947775.00000,5.94000,0.00000,0.00000,1.00000
-615968.47172,-910862.59266,152.46100,537458567.46545,11.06000,1275901.00000,5.99000,0.00000,0.00000,1.00000
-615930.71223,-911209.91604,154.10300,537458567.51235,11.22000,718872.00000,7.72000,0.00000,0.00000,1.00000
-615355.54884,-911772.63053,154.77700,537458567.55925,11.14000,162550.00000,8.30000,0.00000,0.00000,1.00000
-615364.96300,-912101.04419,157.00300,537458567.60615,11.06000,149224.00000,9.07000,0.00000,0.00000,1.00000
-616044.43443,-912160.93241,158.17200,537458567.65305,11.22000,394331.00000,7.06000,0.00000,0.00000,1.00000
-616195.37195,-912432.62360,159.97900,537458567.69995,11.20000,600599.00000,4.49000,0.00000,0.00000,1.00000
-616154.18788,-912781.32787,158.75800,537458567.74685,10.78000,470069.00000,3.69000,0.00000,0.00000,1.00000
-615362.23324,-913430.87669,155.63100,537458567.79375,10.55000,538623.00000,3.41000,0.00000,0.00000,1.00000
-614992.81657,-913911.09372,150.58600,537458567.84065,10.44000,573142.00000,3.76000,0.00000,0.00000,1.00000
-615286.64261,-914125.53797,145.00100,537458567.88755,10.26000,295510.00000,5.26000,0.00000,0.00000,1.00000
-615431.41717,-914399.70967,141.58700,537458567.93445,10.15000,275327.00000,7.85000,0.00000,0.00000,1.00000
-615801.15325,-914583.74390,138.38900,537458567.98135,10.34000,142246.00000,7.83000,0.00000,0.00000,1.00000
-616347.98780,-914696.81268,136.83500,537458568.02825,10.71000,176866.00000,7.51000,0.00000,0.00000,1.00000
-616805.94401,-914845.51084,136.49100,537458568.07515,11.73000,262507.00000,8.93000,0.00000,0.00000,1.00000
-617188.00564,-915024.63134,137.37900,537458568.12205,12.55000,351323.00000,9.40000,0.00000,0.00000,1.00000
-617362.18602,-915287.04584,138.00200,537458568.16895,12.53000,517778.00000,9.17000,0.00000,0.00000,1.00000
-617421.48999,-915595.49733,138.99700,537458568.21585,12.34000,667455.00000,8.23000,0.00000,0.00000,1.00000
-617540.28269,-915880.10466,139.73100,537458568.26275,12.43000,1853623.00000,8.33000,0.00000,0.00000,1.00000
-617421.09850,-916260.05026,140.82600,537458568.30965,12.21000,1103442.00000,6.35000,0.00000,0.00000,1.00000
-617200.02719,-916680.82268,142.82400,537458568.35656,12.17000,3596564.00000,4.72000,0.00000,0.00000,1.00000
-616912.62203,-917128.16337,146.02700,537458568.40346,12.12000,2458405.00000,3.27000,0.00000,0.00000,1.00000
-605149.74890,-905875.32573,137.95200,537631218.77046,8.52000,1656927.00000,2.90000,0.00000,0.00000,1.00000
-604693.25161,-906380.99204,132.62400,537631218.81740,8.77000,2340366.00000,2.79000,0.00000,0.00000,1.00000
-605061.13698,-906570.39901,136.11300,537631218.86435,9.27000,3409264.00000,3.12000,0.00000,0.00000,1.00000
-640150.18868,-891640.41439,188.91600,539047836.23741,11.27000,1235730.00000,11.04000,0.00000,0.00000,0.00000
-640231.59169,-891088.85439,183.96300,539047836.28448,11.54000,1550014.00000,7.39000,0.00000,0.00000,0.00000
-639716.37768,-891197.81529,183.56200,539047836.33156,11.60000,710853.00000,8.98000,0.00000,0.00000,0.00000
-639217.50123,-891288.68403,182.30500,539047836.37863,11.40000,1205344.00000,5.67000,0.00000,0.00000,0.00000
-638158.13475,-892000.02192,189.32100,539047836.42571,11.44000,1529556.00000,4.70000,0.00000,0.00000,0.00000
-637881.06475,-891845.32514,181.53000,539047836.47278,11.31000,1488598.00000,3.64000,0.00000,0.00000,0.00000
-637123.92639,-891760.61021,180.73400,539047836.56693,10.94000,1335681.00000,2.35000,0.00000,0.00000,0.00000
-635279.58572,-892417.89369,170.88000,539047836.70816,11.04000,863794.00000,3.55000,0.00000,0.00000,0.00000
-634685.09205,-892614.49221,170.19400,539047836.75523,11.30000,628641.00000,6.02000,0.00000,0.00000,0.00000
-634565.50142,-892285.46048,167.68300,539047836.80231,11.36000,547252.00000,7.08000,0.00000,0.00000,0.00000
-634234.95990,-892189.89922,168.19900,539047836.84938,11.55000,265703.00000,7.71000,0.00000,0.00000,0.00000
-634012.38206,-891974.85663,168.90600,539047836.89646,11.33000,281614.00000,5.71000,0.00000,0.00000,0.00000
-636435.61839,-888831.40006,175.64400,539047836.94353,11.09000,407719.00000,4.61000,0.00000,0.00000,0.00000
-635946.66030,-888911.26677,174.08000,539047836.99061,11.44000,633671.00000,5.92000,0.00000,0.00000,0.00000
-635476.01683,-888970.83776,173.76300,539047837.03768,12.36000,645638.00000,11.92000,0.00000,0.00000,0.00000
-635275.24096,-888731.69865,173.89100,539047837.08476,13.16000,325134.00000,12.39000,0.00000,0.00000,0.00000
-634875.90759,-888712.33700,174.90900,539047837.13183,13.11000,196407.00000,14.17000,0.00000,0.00000,0.00000
-634460.23342,-888711.05441,176.87600,539047837.17891,11.97000,153436.00000,9.68000,0.00000,0.00000,0.00000
-637692.34434,-884672.37907,209.20900,539047837.22598,11.24000,115960.00000,6.60000,0.00000,0.00000,0.00000
-637146.98445,-884814.71010,207.53200,539047837.27306,10.50000,350254.00000,6.44000,0.00000,0.00000,0.00000
-636360.49126,-885223.92200,205.25100,539047837.32013,10.23000,1134317.00000,6.20000,0.00000,0.00000,0.00000
-635645.28586,-885554.20901,206.57300,539047837.36721,10.04000,453318.00000,6.94000,0.00000,0.00000,0.00000
-634754.78747,-886078.46035,208.10800,539047837.41428,10.05000,531749.00000,9.06000,0.00000,0.00000,0.00000
-634127.21633,-886311.71385,212.64100,539047837.46136,9.29000,1138220.00000,5.77000,0.00000,0.00000,0.00000
-635593.64488,-884227.49530,211.46100,539047837.50843,8.91000,1173602.00000,5.86000,0.00000,0.00000,0.00000
-635020.06648,-884401.03980,212.91700,539047837.55551,8.53000,1256154.00000,5.94000,0.00000,0.00000,0.00000
-634334.56989,-884698.40055,215.50700,539047837.60258,7.99000,1671312.00000,5.62000,0.00000,0.00000,0.00000
-633926.85738,-884688.33826,218.09500,539047837.64966,7.41000,2420534.00000,5.06000,0.00000,0.00000,0.00000
-633735.52495,-884438.79938,219.63400,539047837.69673,6.73000,2661016.00000,4.03000,0.00000,0.00000,0.00000
-633431.30960,-884314.21276,221.29500,539047837.74381,6.36000,204203.00000,3.88000,0.00000,0.00000,0.00000
-633396.45603,-883891.52187,221.78200,539047837.79088,6.37000,871712.00000,2.39000,0.00000,0.00000,0.00000
-633289.81058,-883548.27878,218.43000,539047837.83796,6.47000,296420.00000,2.01000,0.00000,0.00000,0.00000
-635568.91668,-880564.86689,202.54300,539047837.88504,6.99000,368354.00000,3.02000,0.00000,0.00000,0.00000
-629855.06318,-886426.37701,126.18200,539047837.93211,8.19000,274926.00000,5.85000,0.00000,0.00000,0.00000
-629804.89546,-886020.62356,125.21500,539047837.97919,8.58000,791216.00000,5.00000,0.00000,0.00000,0.00000
-633919.52438,-881006.50600,195.31100,539047838.02626,8.55000,2250544.00000,3.78000,0.00000,0.00000,0.00000
-629823.47073,-885077.59490,135.50300,539047838.07334,8.99000,1402437.00000,3.88000,0.00000,0.00000,0.00000
-629235.97315,-885266.38048,144.57000,539047838.12041,9.47000,418369.00000,5.41000,0.00000,0.00000,0.00000
-628926.29866,-885147.76203,146.28500,539047838.16749,10.01000,1254695.00000,5.54000,0.00000,0.00000,0.00000
-628599.28027,-885048.32544,144.50100,539047838.21457,10.76000,206237.00000,4.60000,0.00000,0.00000,0.00000
-628578.35076,-884610.27078,141.91700,539047838.26164,10.92000,634149.00000,7.32000,0.00000,0.00000,0.00000
-629598.48138,-883020.43014,150.25500,539047838.30872,10.71000,1070410.00000,4.91000,0.00000,0.00000,0.00000
-629205.61503,-882993.86774,152.39500,539047838.35580,11.38000,131733.00000,7.14000,0.00000,0.00000,0.00000
-629081.18546,-882670.33851,153.70300,539047838.40287,11.31000,287990.00000,4.58000,0.00000,0.00000,0.00000
-629859.68655,-879964.30126,178.17800,539047838.59118,10.80000,2202075.00000,2.10000,0.00000,0.00000,0.00000
-629934.34031,-879420.55402,182.55000,539047838.63826,10.70000,2733330.00000,2.35000,0.00000,0.00000,0.00000
-629389.97117,-879561.63649,179.28400,539047838.68534,10.61000,1318163.00000,2.19000,0.00000,0.00000,0.00000
-628682.16990,-879883.50519,173.77700,539047838.73242,10.52000,558085.00000,2.75000,0.00000,0.00000,0.00000
-627570.71849,-880651.87146,167.72400,539047838.77950,10.42000,2249662.00000,3.06000,0.00000,0.00000,0.00000
-627262.56538,-880531.60485,165.01000,539047838.82657,10.47000,1842911.00000,3.63000,0.00000,0.00000,0.00000
-627189.15801,-880151.63608,163.53600,539047838.87365,10.80000,1437160.00000,3.87000,0.00000,0.00000,0.00000
-627337.14430,-879526.78733,164.28800,539047838.92073,10.87000,1294324.00000,3.52000,0.00000,0.00000,0.00000
-626800.66727,-879659.05931,163.13000,539047838.96781,10.75000,1665238.00000,3.39000,0.00000,0.00000,0.00000
-626084.91166,-879989.65785,162.24100,539047839.01489,10.43000,5578245.00000,2.42000,0.00000,0.00000,0.00000
-635785.74920,-906886.71013,191.64800,539220487.58623,5.63000,1015067.00000,3.17000,0.00000,0.00000,0.00000
-635799.40404,-906417.96398,194.53000,539220487.63331,5.49000,2244182.00000,3.23000,0.00000,0.00000,0.00000
-635673.63037,-906099.01961,194.82800,539220487.68040,5.09000,831744.00000,3.51000,0.00000,0.00000,0.00000
-630964.56478,-910703.57467,153.86400,539220487.72748,4.58000,673969.00000,2.71000,0.00000,0.00000,0.00000
-630423.40940,-910830.75006,153.46700,539220487.77456,4.36000,1845961.00000,2.94000,0.00000,0.00000,0.00000
-630408.37586,-910392.80497,144.67600,539220487.82165,5.04000,1478275.00000,4.89000,0.00000,0.00000,0.00000
-630471.41457,-909871.02093,141.02600,539220487.86873,5.62000,681039.00000,7.27000,0.00000,0.00000,0.00000
-630463.46253,-909425.47430,139.38800,539220487.91581,5.76000,145033.00000,10.41000,0.00000,0.00000,0.00000
-630555.21139,-908872.86278,137.07400,539220487.96290,5.93000,168167.00000,13.46000,0.00000,0.00000,0.00000
-631086.00611,-907848.68509,133.13100,539220488.00998,6.05000,187755.00000,8.88000,0.00000,0.00000,0.00000
-630647.07904,-907866.07447,132.30600,539220488.05707,5.84000,1725436.00000,4.65000,0.00000,0.00000,0.00000
-632100.75103,-905850.63940,140.63600,539220488.10415,5.97000,482115.00000,2.79000,0.00000,0.00000,0.00000
-632251.91026,-905234.24596,143.33500,539220488.15123,6.34000,550050.00000,3.40000,0.00000,0.00000,0.00000
-632256.05164,-904775.76220,148.06800,539220488.19832,6.60000,364540.00000,4.40000,0.00000,0.00000,0.00000
-632139.37568,-904447.08487,151.86200,539220488.24540,7.04000,398278.00000,5.40000,0.00000,0.00000,0.00000
-631803.68593,-904353.63039,158.18900,539220488.29249,7.52000,1752383.00000,5.09000,0.00000,0.00000,0.00000
-632144.63329,-903533.41182,166.68700,539220488.33957,8.73000,125350.00000,8.80000,0.00000,0.00000,0.00000
-631282.35650,-904005.56643,166.80500,539220488.38665,9.29000,660293.00000,7.31000,0.00000,0.00000,0.00000
-630520.74793,-904369.53939,170.69900,539220488.43374,9.26000,2726382.00000,4.72000,0.00000,0.00000,0.00000
-629942.41261,-904536.68636,172.90900,539220488.48082,9.24000,1855594.00000,6.23000,0.00000,0.00000,0.00000
-630023.60450,-903995.48588,172.52600,539220488.52791,9.23000,733841.00000,9.53000,0.00000,0.00000,0.00000
-630692.85153,-902822.75012,171.07500,539220488.57499,9.21000,1818927.00000,5.77000,0.00000,0.00000,0.00000
-630540.44737,-902532.45955,172.89100,539220488.62208,8.98000,1989162.00000,4.18000,0.00000,0.00000,0.00000
-629593.08489,-903095.91451,165.89200,539220488.66916,8.87000,2833866.00000,3.64000,0.00000,0.00000,0.00000
-629115.95554,-903154.36508,163.78300,539220488.71624,8.81000,678819.00000,3.98000,0.00000,0.00000,0.00000
-628616.65514,-903236.58295,159.62800,539220488.76333,8.95000,556803.00000,3.36000,0.00000,0.00000,0.00000
-628207.98253,-903221.47806,156.13600,539220488.81042,9.01000,1209723.00000,2.61000,0.00000,0.00000,0.00000
-627667.39240,-903348.02804,151.83700,539220488.85750,8.97000,591395.00000,2.72000,0.00000,0.00000,0.00000
-627052.27277,-903554.59335,147.17400,539220488.90459,8.74000,760741.00000,3.47000,0.00000,0.00000,0.00000
-626615.89054,-903569.20783,143.37300,539220488.95167,8.78000,553803.00000,4.90000,0.00000,0.00000,0.00000
-625868.83466,-903917.41829,140.85500,539220488.99875,8.62000,917344.00000,3.72000,0.00000,0.00000,0.00000
-625004.93177,-904391.03945,139.19000,539220489.04584,8.65000,639513.00000,4.18000,0.00000,0.00000,0.00000
-624247.75641,-904750.03616,136.03800,539220489.09293,9.41000,861309.00000,4.85000,0.00000,0.00000,0.00000
-624444.82661,-904084.49998,128.28500,539220489.14001,10.87000,341739.00000,9.90000,0.00000,0.00000,0.00000
-625360.50894,-902647.45877,124.13300,539220489.18710,10.76000,3066892.00000,5.22000,0.00000,0.00000,0.00000
-625210.15747,-902354.95676,126.22500,539220489.23418,10.47000,1364923.00000,4.74000,0.00000,0.00000,0.00000
-625169.57861,-901944.61350,124.26800,539220489.28127,10.61000,294389.00000,7.04000,0.00000,0.00000,0.00000
-625456.31651,-901182.85071,124.09400,539220489.32835,10.51000,919628.00000,7.58000,0.00000,0.00000,0.00000
-625940.43218,-900209.16173,127.44800,539220489.37544,10.07000,1679162.00000,4.26000,0.00000,0.00000,0.00000
-626218.60202,-899456.61804,131.04500,539220489.42252,10.00000,328058.00000,7.54000,0.00000,0.00000,0.00000
-626021.93275,-899213.87291,130.66300,539220489.46961,10.04000,273940.00000,5.90000,0.00000,0.00000,0.00000
-625056.87216,-899796.12583,126.98100,539220489.51669,10.06000,469669.00000,7.87000,0.00000,0.00000,0.00000
-624893.94834,-899517.15691,126.77800,539220489.56378,10.22000,408346.00000,6.53000,0.00000,0.00000,0.00000
-624138.34381,-899874.48333,126.25400,539220489.61087,10.11000,2083517.00000,4.05000,0.00000,0.00000,0.00000
-625019.77928,-898474.30730,133.55400,539220489.65795,9.79000,673126.00000,5.77000,0.00000,0.00000,0.00000
-623802.43345,-899327.34601,134.10400,539220489.70504,9.77000,395456.00000,5.31000,0.00000,0.00000,0.00000
-623209.98284,-899509.48903,136.27900,539220489.75213,9.96000,267429.00000,4.28000,0.00000,0.00000,0.00000
-622775.64246,-899521.87144,138.38100,539220489.79921,10.06000,243216.00000,4.56000,0.00000,0.00000,0.00000
-622393.67224,-899478.02680,139.68700,539220489.84630,9.93000,151665.00000,4.71000,0.00000,0.00000,0.00000
-622008.18421,-899437.97363,140.16900,539220489.89339,10.14000,434580.00000,5.35000,0.00000,0.00000,0.00000
-621645.86210,-899373.05831,139.18100,539220489.94047,10.47000,267457.00000,5.76000,0.00000,0.00000,0.00000
-621265.40100,-899327.58356,138.35400,539220489.98756,10.44000,479615.00000,5.97000,0.00000,0.00000,0.00000
-620679.97963,-899502.11483,136.88000,539220490.03465,10.65000,994532.00000,7.84000,0.00000,0.00000,0.00000
-620612.75348,-899120.42340,134.62900,539220490.08174,11.30000,283503.00000,10.16000,0.00000,0.00000,0.00000
-620680.00392,-898594.42455,133.25700,539220490.12882,11.81000,277983.00000,14.81000,0.00000,0.00000,0.00000
-620132.35751,-898728.37129,137.37700,539220490.17591,11.64000,232920.00000,9.09000,0.00000,0.00000,0.00000
-619947.82229,-898472.63411,138.84600,539220490.22300,11.23000,1547395.00000,8.31000,0.00000,0.00000,0.00000
-620038.74123,-897921.21735,140.17800,539220490.27008,11.09000,984876.00000,8.15000,0.00000,0.00000,0.00000
-618943.71996,-898642.66972,151.03500,539220490.31717,10.24000,2341776.00000,4.49000,0.00000,0.00000,0.00000
-618779.84843,-898364.73604,157.85700,539220490.36426,9.57000,1015834.00000,4.01000,0.00000,0.00000,0.00000
-618900.00248,-897781.99450,160.35800,539220490.41134,9.09000,334791.00000,5.95000,0.00000,0.00000,0.00000
-619242.73152,-896960.37750,159.85000,539220490.45843,8.70000,264523.00000,4.75000,0.00000,0.00000,0.00000
-619252.59540,-896496.02782,160.26600,539220490.50551,8.05000,3714744.00000,1.99000,0.00000,0.00000,0.00000
-619209.08659,-896088.94393,172.13500,539220490.55260,7.68000,1380427.00000,2.09000,0.00000,0.00000,0.00000
-619232.04145,-895610.54893,171.88100,539220490.59969,7.03000,2244204.00000,2.38000,0.00000,0.00000,0.00000
-619487.65100,-894882.47861,173.08700,539220490.64677,6.69000,2782638.00000,2.46000,0.00000,0.00000,0.00000
-619398.31239,-894524.61426,178.73700,539220490.69386,6.44000,2063768.00000,2.15000,0.00000,0.00000,0.00000
-619212.79042,-894269.96575,181.31900,539220490.74094,6.42000,1464148.00000,2.31000,0.00000,0.00000,0.00000
-613650.00115,-899785.46635,169.03100,539220490.78803,6.36000,1565532.00000,1.53000,0.00000,0.00000,0.00000
-617455.37007,-895248.46536,155.76100,539220490.83512,6.38000,1402983.00000,1.62000,0.00000,0.00000,0.00000
-616713.35688,-895590.96520,154.92700,539220490.88220,6.83000,2279740.00000,2.85000,0.00000,0.00000,0.00000
-616872.32443,-894966.66904,152.22500,539220490.92929,7.48000,1076039.00000,2.61000,0.00000,0.00000,0.00000
-618022.89450,-893278.29231,150.37100,539220490.97637,7.70000,998243.00000,2.71000,0.00000,0.00000,0.00000
-617991.50238,-892858.28332,150.21400,539220491.02346,7.79000,873435.00000,3.60000,0.00000,0.00000,0.00000
-618255.22414,-892121.59460,150.20300,539220491.07055,7.75000,339393.00000,5.30000,0.00000,0.00000,0.00000
-618575.33798,-891324.38099,152.61500,539220491.11763,7.71000,333045.00000,6.23000,0.00000,0.00000,0.00000
-617562.44034,-891957.62854,152.04700,539220491.16472,8.11000,470114.00000,5.12000,0.00000,0.00000,0.00000
-616063.02314,-893112.84608,153.01000,539220491.21180,9.15000,439743.00000,8.13000,0.00000,0.00000,0.00000
-617025.28086,-891626.66475,151.89100,539220491.25889,9.98000,100474.00000,9.57000,0.00000,0.00000,0.00000
-616987.35087,-891213.68054,152.62100,539220491.30598,9.77000,853316.00000,6.67000,0.00000,0.00000,0.00000
-616550.06355,-891229.21907,152.71900,539220491.35307,9.92000,754544.00000,5.67000,0.00000,0.00000,0.00000
-616112.77519,-891244.75328,152.96300,539220491.40015,10.05000,283167.00000,5.38000,0.00000,0.00000,0.00000
-615888.51828,-891031.70407,153.51400,539220491.44724,10.09000,249996.00000,9.54000,0.00000,0.00000,0.00000
-615773.04204,-890701.93714,155.06700,539220491.49433,9.96000,130983.00000,5.87000,0.00000,0.00000,0.00000
-615448.57510,-890596.42796,155.55400,539220491.54141,10.13000,291926.00000,6.26000,0.00000,0.00000,0.00000
-615256.55980,-890348.80005,155.30000,539220491.58850,10.34000,116721.00000,6.64000,0.00000,0.00000,0.00000
-615205.05438,-889950.40798,155.28200,539220491.63559,10.36000,285744.00000,6.45000,0.00000,0.00000,0.00000
-615105.20898,-889603.90093,154.53900,539220491.68268,10.22000,290265.00000,4.87000,0.00000,0.00000,0.00000
-614951.97564,-889314.65891,152.99300,539220491.72976,10.09000,1449516.00000,4.10000,0.00000,0.00000,0.00000
-614735.79621,-889092.95924,149.36000,539220491.77685,10.19000,820151.00000,4.29000,0.00000,0.00000,0.00000
-614577.03941,-888809.66924,146.62300,539220491.82394,10.37000,4909187.00000,3.84000,0.00000,0.00000,0.00000
-613437.15989,-889578.89199,135.89500,539220491.87103,10.49000,451591.00000,3.30000,0.00000,0.00000,0.00000
-614337.07427,-888159.85091,139.82100,539220491.91812,10.61000,4718558.00000,3.45000,0.00000,0.00000,0.00000
-614250.34329,-887799.29147,138.02300,539220491.96521,10.58000,2923501.00000,4.26000,0.00000,0.00000,0.00000
-614198.86980,-887400.91002,137.09500,539220492.01229,10.61000,1522187.00000,4.42000,0.00000,0.00000,0.00000
-613870.88941,-887299.15414,135.74400,539220492.05938,10.26000,852095.00000,5.61000,0.00000,0.00000,0.00000
-613512.69439,-887229.81857,134.59800,539220492.10647,10.18000,238064.00000,9.11000,0.00000,0.00000,0.00000
