-613506.78793,-888243.74904,135.86300,407694568.45584,16.31000,227905.00000,10.28000,0.00000,0.00000,1.00000
-613596.80448,-888536.51613,134.00900,407694568.50217,15.86000,405637.00000,8.51000,0.00000,0.00000,1.00000
-612774.61398,-889200.53227,129.46200,407694568.54849,15.41000,664734.00000,7.81000,0.00000,0.00000,1.00000
-615141.02494,-888566.86062,150.18600,407694568.59482,14.97000,1863720.00000,4.76000,0.00000,0.00000,1.00000
-615095.21231,-888914.92024,151.89000,407694568.64115,14.41000,2777276.00000,3.66000,0.00000,0.00000,1.00000
-614975.06628,-889293.22284,152.97700,407694568.68747,14.01000,294816.00000,5.03000,0.00000,0.00000,1.00000
-614811.00087,-889689.39522,153.41700,407694568.73380,13.81000,272708.00000,5.91000,0.00000,0.00000,1.00000
-614609.77250,-890100.69751,153.32700,407694568.78012,13.76000,419275.00000,6.48000,0.00000,0.00000,1.00000
-614422.04481,-890506.48217,153.16700,407694568.82645,13.76000,281943.00000,6.60000,0.00000,0.00000,1.00000
-614254.58930,-890904.02657,153.56400,407694568.87277,13.95000,344320.00000,6.35000,0.00000,0.00000,1.00000
-614060.09235,-891312.55842,154.02200,407694568.91910,13.99000,194874.00000,6.45000,0.00000,0.00000,1.00000
-613727.07358,-891777.45579,153.77800,407694568.96542,14.28000,295955.00000,5.86000,0.00000,0.00000,1.00000
-613556.21625,-892176.35017,152.42400,407694569.01175,14.94000,143290.00000,7.83000,0.00000,0.00000,1.00000
-613477.92999,-892537.58073,151.83800,407694569.05807,15.23000,197520.00000,10.36000,0.00000,0.00000,1.00000
-613461.13908,-892873.79739,150.62700,407694569.10440,15.19000,158466.00000,8.40000,0.00000,0.00000,1.00000
-613227.42839,-893298.26853,148.03000,407694569.15072,15.41000,317203.00000,11.17000,0.00000,0.00000,1.00000
-613674.86907,-893445.61000,146.19100,407694569.19705,15.74000,392032.00000,9.85000,0.00000,0.00000,1.00000
-614707.53702,-893354.88173,146.54200,407694569.24337,16.26000,217416.00000,16.09000,0.00000,0.00000,1.00000
-614404.21007,-893807.67206,145.51700,407694569.28970,14.30000,843040.00000,8.50000,0.00000,0.00000,1.00000
-613748.78911,-894403.68046,147.41000,407694569.33602,11.96000,1798229.00000,3.48000,0.00000,0.00000,1.00000
-615215.96669,-894136.21943,160.00200,407694569.38235,11.02000,3613462.00000,2.95000,0.00000,0.00000,1.00000
-616265.51116,-894038.65930,168.89600,407694569.42867,10.54000,3808719.00000,2.42000,0.00000,0.00000,1.00000
-616484.55254,-894278.94575,168.98200,407694569.47500,9.79000,1293376.00000,3.13000,0.00000,0.00000,1.00000
-615671.02516,-894939.29078,162.06800,407694569.52132,9.93000,312396.00000,6.01000,0.00000,0.00000,1.00000
-615900.88274,-895175.18935,160.75800,407694569.56765,10.43000,239273.00000,10.28000,0.00000,0.00000,1.00000
-616820.02305,-895130.69108,165.87000,407694569.61397,11.08000,358269.00000,6.07000,0.00000,0.00000,1.00000
-617614.82579,-895136.79190,170.82200,407694569.66030,12.15000,1036233.00000,5.56000,0.00000,0.00000,1.00000
-615118.52541,-896481.57349,160.77900,407694569.70662,12.45000,699168.00000,6.67000,0.00000,0.00000,1.00000
-614549.55857,-897042.36015,160.91000,407694569.75294,12.28000,882647.00000,7.65000,0.00000,0.00000,1.00000
-614621.92730,-897342.30479,157.86200,407694569.79927,10.94000,2160649.00000,5.59000,0.00000,0.00000,1.00000
-615499.87773,-897314.62947,158.63300,407694569.84559,9.78000,412087.00000,5.32000,0.00000,0.00000,1.00000
-617619.98614,-896781.72208,160.23500,407694569.89192,9.11000,1039392.00000,5.49000,0.00000,0.00000,1.00000
-618456.03770,-896771.07989,165.59900,407694569.93824,9.94000,569502.00000,6.42000,0.00000,0.00000,1.00000
-617662.70693,-897423.16807,159.26000,407694569.98457,11.02000,419241.00000,6.86000,0.00000,0.00000,1.00000
-618014.20911,-897609.62218,159.23600,407694570.03089,11.41000,378207.00000,7.56000,0.00000,0.00000,1.00000
-618026.42374,-897934.06096,161.86000,407694570.07722,11.25000,1783728.00000,3.61000,0.00000,0.00000,1.00000
-615162.91335,-899427.95459,143.05900,407694570.12354,11.06000,706339.00000,3.22000,0.00000,0.00000,1.00000
-615104.82642,-899780.96352,142.41200,407694570.16987,10.79000,1034770.00000,3.24000,0.00000,0.00000,1.00000
-617498.73474,-899136.88529,167.89600,407694570.21619,10.57000,642315.00000,2.29000,0.00000,0.00000,1.00000
-617435.24983,-899492.09549,166.74700,407694570.26252,10.52000,552754.00000,2.97000,0.00000,0.00000,1.00000
-617433.95139,-899822.03611,165.74200,407694570.30884,10.61000,288240.00000,3.02000,0.00000,0.00000,1.00000
-617476.56538,-900134.09448,165.29400,407694570.35516,10.79000,372258.00000,3.06000,0.00000,0.00000,1.00000
-617407.66450,-900491.50387,163.02200,407694570.40149,11.01000,2110585.00000,2.58000,0.00000,0.00000,1.00000
-617209.66322,-900901.39440,160.18100,407694570.44781,11.38000,8938669.00000,2.36000,0.00000,0.00000,1.00000
-616822.41715,-901388.24692,156.34500,407694570.49414,12.07000,792226.00000,3.63000,0.00000,0.00000,1.00000
-616025.54998,-902041.59735,153.88400,407694570.54046,12.71000,418111.00000,3.70000,0.00000,0.00000,1.00000
-615901.18624,-902421.52966,148.21500,407694570.58678,13.37000,580054.00000,5.31000,0.00000,0.00000,1.00000
-616425.70195,-902537.67855,145.22300,407694570.63311,14.06000,286036.00000,9.50000,0.00000,0.00000,1.00000
-616467.61569,-902850.02493,145.53800,407694570.67943,13.77000,781917.00000,7.88000,0.00000,0.00000,1.00000
-616111.40352,-903324.21966,141.53400,407694570.72576,12.90000,2625104.00000,5.36000,0.00000,0.00000,1.00000
-615732.21692,-903807.73165,150.90200,407694570.77208,12.27000,2349130.00000,3.96000,0.00000,0.00000,1.00000
-615474.00578,-904242.05710,153.59800,407694570.81841,12.34000,1023661.00000,3.78000,0.00000,0.00000,1.00000
-615283.38660,-904648.91380,155.36800,407694570.86473,12.46000,1058407.00000,4.09000,0.00000,0.00000,1.00000
-614987.31263,-905098.62929,156.76700,407694570.91106,12.33000,873200.00000,3.05000,0.00000,0.00000,1.00000
-614547.91418,-905606.57330,157.31700,407694570.95738,12.20000,5173585.00000,1.99000,0.00000,0.00000,1.00000
-614789.84619,-905837.61392,148.70700,407694571.00371,12.27000,2295925.00000,2.66000,0.00000,0.00000,1.00000
-615127.77753,-906029.63624,143.26100,407694571.05003,12.40000,746447.00000,3.48000,0.00000,0.00000,1.00000
-615358.91282,-906265.05549,140.33200,407694571.09636,12.38000,745026.00000,6.68000,0.00000,0.00000,1.00000
-615618.45742,-906488.93340,141.63900,407694571.14268,12.23000,259913.00000,5.73000,0.00000,0.00000,1.00000
-615596.80603,-906827.10078,146.24100,407694571.18901,11.78000,3211800.00000,3.10000,0.00000,0.00000,1.00000
-619304.54859,-905649.57633,125.79000,407694571.23533,11.22000,2751759.00000,2.69000,0.00000,0.00000,1.00000
-619377.52883,-905949.31331,131.27500,407694571.28166,10.80000,2811043.00000,2.06000,0.00000,0.00000,1.00000
-618928.64219,-906461.15250,138.45000,407694571.32798,10.64000,2381917.00000,2.29000,0.00000,0.00000,1.00000
-618387.81791,-907010.33269,145.90800,407694571.37431,10.45000,1363371.00000,1.98000,0.00000,0.00000,1.00000
-618182.96496,-907422.97246,151.94600,407694571.42063,10.62000,584255.00000,2.11000,0.00000,0.00000,1.00000
-618451.30040,-907643.30571,155.13400,407694571.46695,11.09000,736507.00000,2.66000,0.00000,0.00000,1.00000
-618594.57810,-907914.47344,156.55400,407694571.51328,11.65000,860422.00000,3.46000,0.00000,0.00000,1.00000
-618208.53689,-908400.71989,157.93700,407694571.55960,12.09000,450290.00000,4.19000,0.00000,0.00000,1.00000
-618571.50441,-908582.60945,155.93200,407694571.60592,12.27000,1278842.00000,4.13000,0.00000,0.00000,1.00000
-618812.11410,-908814.22242,152.24900,407694571.65225,12.66000,688734.00000,3.67000,0.00000,0.00000,1.00000
-618595.06040,-909231.80391,150.45500,407694571.69857,13.36000,329050.00000,8.23000,0.00000,0.00000,1.00000
-618298.22956,-909681.79743,150.64300,407694571.74490,13.30000,107273.00000,9.22000,0.00000,0.00000,1.00000
-618681.48033,-909855.45635,149.61600,407694571.79122,12.87000,151692.00000,8.01000,0.00000,0.00000,1.00000
-618640.84736,-910201.33134,149.15600,407694571.83754,12.72000,332020.00000,5.44000,0.00000,0.00000,1.00000
-618761.11897,-910481.85013,148.83100,407694571.88387,13.02000,322908.00000,6.65000,0.00000,0.00000,1.00000
-619318.79391,-910584.65668,150.04500,407694571.93019,13.39000,230959.00000,6.26000,0.00000,0.00000,1.00000
-618943.52819,-911066.50935,153.19000,407694571.97652,13.38000,271931.00000,6.45000,0.00000,0.00000,1.00000
-618938.04452,-911398.11644,152.66500,407694572.02284,12.93000,394571.00000,4.27000,0.00000,0.00000,1.00000
-619384.83804,-911545.98829,147.30600,407694572.06916,12.65000,453129.00000,4.81000,0.00000,0.00000,1.00000
-620025.67172,-911615.02877,143.48700,407694572.11549,12.11000,411674.00000,7.22000,0.00000,0.00000,1.00000
-620346.72983,-911813.98767,140.37000,407694572.16181,11.01000,291253.00000,7.43000,0.00000,0.00000,1.00000
-620492.68975,-912084.09184,137.08500,407694572.20814,9.94000,980856.00000,8.65000,0.00000,0.00000,1.00000
-620688.00457,-912334.15205,137.47800,407694572.25446,8.70000,285531.00000,5.21000,0.00000,0.00000,1.00000
-621166.59844,-912469.12963,136.14100,407694572.30079,9.63000,239302.00000,5.53000,0.00000,0.00000,1.00000
-621603.28091,-912621.14099,137.02500,407694572.34711,12.38000,256994.00000,6.33000,0.00000,0.00000,1.00000
-621754.64833,-912889.05940,138.34600,407694572.39344,14.20000,218736.00000,10.99000,0.00000,0.00000,1.00000
-621774.17159,-913210.53524,139.45200,407694572.43976,14.40000,295931.00000,8.54000,0.00000,0.00000,1.00000
-621809.24910,-913525.69934,139.35000,407694572.48609,13.65000,107628.00000,9.01000,0.00000,0.00000,1.00000
-621636.07638,-913925.45150,138.81200,407694572.53241,12.94000,296370.00000,7.75000,0.00000,0.00000,1.00000
-621524.42528,-914300.20780,137.35900,407694572.57874,13.46000,402907.00000,6.03000,0.00000,0.00000,1.00000
-621615.60469,-914592.57452,136.44600,407694572.62506,14.27000,291343.00000,9.48000,0.00000,0.00000,1.00000
-622083.39661,-914731.99137,135.67600,407694572.67139,15.10000,57694.00000,12.26000,0.00000,0.00000,1.00000
-622967.00349,-914702.49903,137.40100,407694572.71771,15.23000,270677.00000,14.53000,0.00000,0.00000,1.00000
-623363.79727,-914870.74873,139.12700,407694572.76404,15.06000,239260.00000,12.68000,0.00000,0.00000,1.00000
-623423.88264,-915175.77169,139.57400,407694572.81036,13.96000,191219.00000,10.72000,0.00000,0.00000,1.00000
-603130.17849,-904119.65421,145.56000,407867222.74678,10.86000,1465219.00000,6.34000,0.00000,0.00000,1.00000
-602886.34804,-904542.27036,145.33200,407867222.79316,10.68000,1716598.00000,4.62000,0.00000,0.00000,1.00000
-603815.81118,-904508.42177,150.75200,407867222.83954,10.72000,1982219.00000,2.92000,0.00000,0.00000,1.00000
-604707.16674,-904489.40842,156.69100,407867222.88593,11.12000,825622.00000,3.89000,0.00000,0.00000,1.00000
-603787.53554,-905174.93710,148.72200,407867222.93231,11.72000,232804.00000,7.64000,0.00000,0.00000,1.00000
-604567.15142,-905527.18108,142.52300,407867223.02508,11.61000,1152891.00000,4.11000,0.00000,0.00000,1.00000
-604719.45265,-905795.69493,134.22800,407867223.07146,11.77000,2039350.00000,3.95000,0.00000,0.00000,1.00000
-604001.91476,-906402.58707,123.69200,407867223.11784,12.39000,1543536.00000,4.48000,0.00000,0.00000,1.00000
-602647.92948,-907256.99105,114.91200,407867223.16422,13.44000,734677.00000,8.01000,0.00000,0.00000,1.00000
-603357.39165,-907636.52689,117.51300,407867223.25699,12.19000,1014668.00000,3.82000,0.00000,0.00000,1.00000
-605956.89663,-907280.97591,151.98800,407867223.34976,11.46000,1513139.00000,3.47000,0.00000,0.00000,1.00000
-604723.39524,-908088.51498,143.81100,407867223.39614,12.14000,104703.00000,5.63000,0.00000,0.00000,1.00000
-603689.95359,-908818.19102,141.82700,407867223.44252,12.55000,278794.00000,5.45000,0.00000,0.00000,1.00000
-603553.58899,-909198.96566,143.00400,407867223.48891,12.59000,285730.00000,3.69000,0.00000,0.00000,1.00000
-603601.68497,-909508.01332,141.46300,407867223.53529,12.87000,630065.00000,2.53000,0.00000,0.00000,1.00000
-603602.81413,-909835.31796,138.35100,407867223.58167,13.00000,1368416.00000,3.17000,0.00000,0.00000,1.00000
-603746.87827,-910107.04063,135.08300,407867223.62805,13.21000,1561980.00000,3.09000,0.00000,0.00000,1.00000
-604067.91365,-910309.93820,132.23900,407867223.67444,13.55000,4868803.00000,4.44000,0.00000,0.00000,1.00000
-604215.38714,-910580.35176,130.10900,407867223.72082,13.93000,3259029.00000,5.84000,0.00000,0.00000,1.00000
-603919.03560,-911023.32238,129.15100,407867223.76720,13.77000,343549.00000,7.56000,0.00000,0.00000,1.00000
-603990.68248,-911650.95038,122.83100,407867223.85997,12.94000,1544471.00000,2.60000,0.00000,0.00000,1.00000
-604383.87955,-911825.82386,120.87500,407867223.90635,12.69000,2583676.00000,2.50000,0.00000,0.00000,1.00000
-604769.58322,-912003.61361,124.24300,407867223.95273,11.59000,1312718.00000,2.36000,0.00000,0.00000,1.00000
-606508.54538,-911655.23811,130.40900,407867223.99911,11.36000,1739177.00000,2.97000,0.00000,0.00000,1.00000
-609757.96252,-910719.48309,153.55100,407867224.04550,11.68000,2100626.00000,2.76000,0.00000,0.00000,1.00000
-605769.30374,-913581.45391,134.91600,407867224.23103,10.98000,267685.00000,5.29000,0.00000,0.00000,1.00000
-606157.05116,-913758.47319,136.03600,407867224.27741,10.61000,683503.00000,4.75000,0.00000,0.00000,1.00000
-606655.08907,-913892.62309,135.13800,407867224.32379,11.13000,1388445.00000,3.75000,0.00000,0.00000,1.00000
-607016.98134,-914079.68689,131.85100,407867224.37018,12.57000,531535.00000,4.51000,0.00000,0.00000,1.00000
-607267.91232,-914309.91602,131.76400,407867224.41656,13.58000,524274.00000,6.99000,0.00000,0.00000,1.00000
-607117.86006,-914696.01044,133.04700,407867224.46294,12.18000,543950.00000,4.05000,0.00000,0.00000,1.00000
-640469.21441,-891884.32030,199.88900,409283839.85901,12.19000,2362795.00000,2.45000,0.00000,0.00000,0.00000
-635348.52259,-881479.67247,209.93800,409283841.49395,13.59000,409550.00000,8.17000,0.00000,0.00000,0.00000
-634106.82570,-881484.42043,200.13500,409283841.63410,12.01000,1817694.00000,3.70000,0.00000,0.00000,0.00000
-637118.12108,-904572.86150,195.16900,409456491.00111,8.23000,448328.00000,4.72000,0.00000,0.00000,0.00000
-637693.99516,-903494.78428,194.31300,409456491.04788,6.90000,400019.00000,3.62000,0.00000,0.00000,0.00000
-638443.96960,-901774.21182,202.16200,409456491.14143,5.55000,896874.00000,2.46000,0.00000,0.00000,0.00000
-638146.05773,-901643.41020,198.15800,409456491.18821,5.49000,784839.00000,2.19000,0.00000,0.00000,0.00000
-638516.56344,-900787.98842,199.86500,409456491.23499,5.80000,1557333.00000,3.30000,0.00000,0.00000,0.00000
-637803.43010,-901107.30056,197.71000,409456491.28176,6.73000,1632209.00000,5.18000,0.00000,0.00000,0.00000
-637301.14423,-901198.04165,196.20400,409456491.32854,8.27000,526332.00000,10.59000,0.00000,0.00000,0.00000
-636750.99737,-901340.64239,195.76800,409456491.37532,8.83000,230056.00000,15.02000,0.00000,0.00000,0.00000
-636759.13871,-900878.06422,197.41600,409456491.42209,8.71000,59889.00000,9.19000,0.00000,0.00000,0.00000
-636408.38908,-900804.53525,198.25900,409456491.46887,8.81000,337843.00000,5.30000,0.00000,0.00000,0.00000
-636036.19604,-900754.21783,197.57300,409456491.51565,9.29000,512707.00000,4.46000,0.00000,0.00000,0.00000
-635728.31539,-900634.20005,195.21700,409456491.56243,10.02000,178904.00000,4.06000,0.00000,0.00000,0.00000
-635625.81364,-900291.57819,194.61900,409456491.60920,10.46000,336296.00000,5.37000,0.00000,0.00000,0.00000
-635451.52425,-900026.75691,195.64500,409456491.65598,10.93000,332351.00000,3.52000,0.00000,0.00000,0.00000
-635082.83641,-899972.66350,195.13200,409456491.70276,11.58000,1695582.00000,2.16000,0.00000,0.00000,0.00000
-633541.63232,-901189.30170,175.28400,409456491.74954,12.33000,1220227.00000,1.97000,0.00000,0.00000,0.00000
-633267.64996,-901032.53166,173.73400,409456491.79631,12.83000,1411197.00000,2.09000,0.00000,0.00000,0.00000
-633639.75556,-900175.53614,185.36100,409456491.84309,13.01000,2021539.00000,2.49000,0.00000,0.00000,0.00000
-633023.28724,-900389.92428,183.16100,409456491.88987,13.14000,220186.00000,5.37000,0.00000,0.00000,0.00000
-632393.35206,-900618.88296,183.80600,409456491.93665,13.26000,134026.00000,6.54000,0.00000,0.00000,0.00000
-631938.90157,-900657.66383,186.32900,409456491.98343,13.00000,296467.00000,3.74000,0.00000,0.00000,0.00000
-631695.33698,-900467.91326,188.16700,409456492.03021,12.70000,418728.00000,4.39000,0.00000,0.00000,0.00000
-631489.66965,-900237.10519,192.22800,409456492.07699,12.12000,968826.00000,2.22000,0.00000,0.00000,0.00000
-631251.09156,-900041.93561,196.13900,409456492.12376,11.63000,787453.00000,2.08000,0.00000,0.00000,0.00000
-631060.37040,-899794.90793,198.46800,409456492.17054,11.22000,187926.00000,3.49000,0.00000,0.00000,0.00000
-630837.25399,-899583.00730,198.50200,409456492.21732,10.83000,523805.00000,2.39000,0.00000,0.00000,0.00000
-633917.46197,-895791.45874,169.21800,409456492.26410,10.80000,387311.00000,3.04000,0.00000,0.00000,0.00000
-632630.96937,-896731.94324,169.29800,409456492.31088,10.84000,351067.00000,4.04000,0.00000,0.00000,0.00000
-632194.48307,-896751.28975,172.21200,409456492.35766,11.93000,182047.00000,8.51000,0.00000,0.00000,0.00000
-632695.25356,-895755.00371,179.25900,409456492.40444,11.20000,291239.00000,7.12000,0.00000,0.00000,0.00000
-632596.77673,-895408.08031,183.73100,409456492.45122,9.93000,255501.00000,6.74000,0.00000,0.00000,0.00000
-632468.39081,-895093.56267,187.13000,409456492.49800,9.63000,233473.00000,5.05000,0.00000,0.00000,0.00000
-632273.21284,-894851.43561,188.55200,409456492.54478,9.97000,131465.00000,5.73000,0.00000,0.00000,0.00000
-629396.28414,-897515.06761,121.10800,409456492.59156,10.35000,1359520.00000,2.33000,0.00000,0.00000,0.00000
-628255.26761,-898297.67224,141.95500,409456492.63834,10.92000,935599.00000,4.00000,0.00000,0.00000,0.00000
-628268.50457,-897829.68741,140.92400,409456492.68512,11.67000,612211.00000,5.23000,0.00000,0.00000,0.00000
-628660.68047,-896951.16099,132.34400,409456492.73190,12.02000,1160076.00000,3.42000,0.00000,0.00000,0.00000
-628038.21887,-897171.92412,147.82900,409456492.77868,12.38000,1376875.00000,3.74000,0.00000,0.00000,0.00000
-628081.37772,-896671.53626,148.05000,409456492.82546,12.51000,404173.00000,5.77000,0.00000,0.00000,0.00000
-628566.80271,-895692.01667,134.27800,409456492.87224,12.57000,1589940.00000,4.68000,0.00000,0.00000,0.00000
-627947.31249,-895909.54144,137.45600,409456492.91902,12.81000,2447011.00000,5.30000,0.00000,0.00000,0.00000
-628279.69503,-895095.87369,133.12100,409456492.96580,13.36000,483033.00000,13.71000,0.00000,0.00000,0.00000
-628410.11743,-894500.95265,133.84600,409456493.01258,13.40000,214422.00000,7.58000,0.00000,0.00000,0.00000
-628144.15271,-894335.48873,133.38300,409456493.05937,13.96000,457381.00000,5.37000,0.00000,0.00000,0.00000
-625315.14340,-896946.53301,118.47400,409456493.10615,14.99000,1267540.00000,7.94000,0.00000,0.00000,0.00000
-625737.83187,-896035.07525,116.89000,409456493.15293,15.74000,540409.00000,5.39000,0.00000,0.00000,0.00000
-625185.13667,-896180.17672,119.60700,409456493.19971,15.93000,349557.00000,9.50000,0.00000,0.00000,0.00000
-625029.37477,-895895.29694,121.01000,409456493.24650,16.05000,146901.00000,7.21000,0.00000,0.00000,0.00000
-624795.31830,-895695.22636,121.58700,409456493.29328,15.83000,207266.00000,9.05000,0.00000,0.00000,0.00000
-624516.39551,-895543.77480,123.02800,409456493.34006,14.75000,288818.00000,4.71000,0.00000,0.00000,0.00000
-626878.31134,-892531.75242,150.42500,409456493.38684,14.06000,272686.00000,3.05000,0.00000,0.00000,0.00000
-626581.95100,-892399.22146,146.79600,409456493.43363,13.99000,523214.00000,4.04000,0.00000,0.00000,0.00000
-626186.87008,-892373.63827,143.05500,409456493.48041,14.19000,383892.00000,4.46000,0.00000,0.00000,0.00000
-625618.25896,-892536.00941,139.11700,409456493.52719,14.40000,237742.00000,5.81000,0.00000,0.00000,0.00000
-624982.31420,-892771.27998,136.40900,409456493.57398,14.50000,321646.00000,5.57000,0.00000,0.00000,0.00000
-624221.70140,-893141.57122,134.69400,409456493.62076,15.06000,566338.00000,5.60000,0.00000,0.00000,0.00000
-623696.95059,-893256.39396,133.50200,409456493.66754,15.80000,725665.00000,8.26000,0.00000,0.00000,0.00000
-624497.14859,-891936.16871,131.74600,409456493.71432,16.09000,279311.00000,11.83000,0.00000,0.00000,0.00000
-624555.33684,-891419.61428,134.68600,409456493.76111,16.09000,349724.00000,7.23000,0.00000,0.00000,0.00000
-623885.49456,-891691.59570,136.55400,409456493.80789,15.77000,842763.00000,6.58000,0.00000,0.00000,0.00000
-622961.32745,-892238.99209,141.17500,409456493.85467,15.33000,466666.00000,5.75000,0.00000,0.00000,0.00000
-621961.84783,-892867.90408,146.46300,409456493.90146,14.66000,2713588.00000,4.52000,0.00000,0.00000,0.00000
-624131.41275,-890064.73831,135.35500,409456493.94824,14.34000,570948.00000,3.65000,0.00000,0.00000,0.00000
-623728.85890,-890047.23553,140.28500,409456493.99502,14.10000,316337.00000,4.84000,0.00000,0.00000,0.00000
-623164.73535,-890204.68835,141.70100,409456494.04181,14.31000,178660.00000,5.48000,0.00000,0.00000,0.00000
-622396.15822,-890583.55297,143.73300,409456494.08859,13.75000,639442.00000,4.27000,0.00000,0.00000,0.00000
-623812.19383,-888596.54272,170.70600,409456494.13537,13.28000,681358.00000,3.33000,0.00000,0.00000,0.00000
-623035.18282,-888984.57469,169.27100,409456494.18216,13.86000,353831.00000,4.11000,0.00000,0.00000,0.00000
-623120.82304,-888438.35609,166.86100,409456494.22894,14.95000,617223.00000,7.35000,0.00000,0.00000,0.00000
-623389.47289,-887693.97787,169.60300,409456494.27572,15.31000,4408768.00000,4.05000,0.00000,0.00000,0.00000
-622736.11850,-887948.07185,172.02400,409456494.32250,14.47000,4863861.00000,3.77000,0.00000,0.00000,0.00000
-622324.12400,-887940.80372,171.43200,409456494.36929,14.12000,340565.00000,3.86000,0.00000,0.00000,0.00000
-621625.40114,-888244.01514,167.88900,409456494.41607,14.13000,307992.00000,3.91000,0.00000,0.00000,0.00000
-620889.25697,-888587.70296,164.96000,409456494.46285,14.81000,5069619.00000,3.30000,0.00000,0.00000,0.00000
-620236.38782,-888841.22073,161.50500,409456494.50964,16.19000,966931.00000,4.86000,0.00000,0.00000,0.00000
-620207.86888,-888418.68120,158.17500,409456494.55642,17.40000,263891.00000,11.67000,0.00000,0.00000,0.00000
-620329.45437,-887833.60248,158.01400,409456494.60320,17.55000,249543.00000,9.37000,0.00000,0.00000,0.00000
-620063.56414,-887668.08295,157.85900,409456494.64999,17.56000,214016.00000,9.53000,0.00000,0.00000,0.00000
-619873.47768,-887420.48905,157.76600,409456494.69677,17.43000,97584.00000,10.35000,0.00000,0.00000,0.00000
-619600.11343,-887263.06926,157.98200,409456494.74355,16.99000,176015.00000,7.17000,0.00000,0.00000,0.00000
-619331.73326,-887100.24229,158.23000,409456494.79033,16.88000,298683.00000,9.22000,0.00000,0.00000,0.00000
-619088.79334,-886909.88498,158.06700,409456494.83712,16.61000,925246.00000,7.04000,0.00000,0.00000,0.00000
-618647.86187,-886933.87020,156.99800,409456494.88390,16.26000,1388513.00000,5.65000,0.00000,0.00000,0.00000
-618133.12732,-887037.77241,155.14500,409456494.93069,16.11000,852137.00000,5.41000,0.00000,0.00000,0.00000
-617662.77152,-887093.60697,153.40200,409456494.97747,16.44000,360405.00000,6.52000,0.00000,0.00000,0.00000
-617452.25012,-886868.14457,150.73000,409456495.02426,16.61000,272150.00000,7.43000,0.00000,0.00000,0.00000
-617537.97215,-886321.96404,147.32800,409456495.07104,17.50000,144683.00000,16.20000,0.00000,0.00000,0.00000
-618602.67578,-884715.91397,147.98800,409456495.11782,17.19000,438630.00000,12.16000,0.00000,0.00000,0.00000
-618419.09836,-884461.29615,147.19400,409456495.16461,16.07000,3511106.00000,5.91000,0.00000,0.00000,0.00000
-618499.33037,-883921.07226,152.25300,409456495.21139,15.45000,889227.00000,4.62000,0.00000,0.00000,0.00000
-618140.21484,-883856.51387,152.17000,409456495.25818,14.99000,2052467.00000,4.15000,0.00000,0.00000,0.00000
-625191.73270,-913993.38964,143.91400,409629143.39351,11.71000,2872908.00000,4.27000,0.00000,0.00000,0.00000
-624676.87258,-914087.74958,142.05400,409629143.44035,11.64000,817597.00000,4.30000,0.00000,0.00000,0.00000
-624193.95839,-914148.50173,139.91600,409629143.48720,11.85000,334145.00000,4.61000,0.00000,0.00000,0.00000
-624000.64902,-913904.71865,137.76300,409629143.53404,12.49000,266581.00000,10.44000,0.00000,0.00000,0.00000
-624332.32583,-913109.00456,137.51200,409629143.58088,13.02000,183080.00000,9.66000,0.00000,0.00000,0.00000
-624405.82189,-912584.72789,139.72200,409629143.62772,13.11000,1095311.00000,5.53000,0.00000,0.00000,0.00000
-624022.32852,-912540.94905,141.08400,409629143.67457,13.19000,2415028.00000,5.07000,0.00000,0.00000,0.00000
-623637.82525,-912498.23223,141.41500,409629143.72141,12.74000,1186834.00000,4.22000,0.00000,0.00000,0.00000
-623150.34975,-912563.75492,140.53100,409629143.76825,12.75000,208101.00000,7.14000,0.00000,0.00000,0.00000
-622714.10857,-912575.42183,139.64700,409629143.81510,12.74000,270420.00000,9.38000,0.00000,0.00000,0.00000
-622168.30313,-912702.26405,138.53600,409629143.86194,12.88000,208144.00000,7.64000,0.00000,0.00000,0.00000
-621752.34250,-912692.58057,137.52800,409629143.90878,12.96000,246051.00000,7.87000,0.00000,0.00000,0.00000
-622026.23004,-911957.67995,136.36200,409629143.95563,12.92000,290393.00000,6.61000,0.00000,0.00000,0.00000
-623088.33772,-910394.12001,140.21600,409629144.00247,12.62000,1545613.00000,5.74000,0.00000,0.00000,0.00000
-623192.30734,-909837.89848,143.87800,409629144.04931,12.34000,519575.00000,6.55000,0.00000,0.00000,0.00000
-622816.43823,-909786.10374,145.50100,409629144.09616,12.39000,138074.00000,7.23000,0.00000,0.00000,0.00000
-622308.69789,-909872.95050,147.76900,409629144.14300,12.33000,301727.00000,5.85000,0.00000,0.00000,0.00000
-621754.79722,-910008.30729,148.85800,409629144.18984,12.32000,233698.00000,5.38000,0.00000,0.00000,0.00000
-621080.16860,-910270.54703,149.87400,409629144.23669,12.43000,2762329.00000,4.22000,0.00000,0.00000,0.00000
-621041.12054,-909864.68033,142.29600,409629144.28353,12.75000,1067909.00000,4.89000,0.00000,0.00000,0.00000
-620514.60446,-909971.21579,144.83800,409629144.33037,12.84000,474258.00000,5.16000,0.00000,0.00000,0.00000
-620355.34770,-909691.72893,145.64100,409629144.37722,13.18000,1228018.00000,9.50000,0.00000,0.00000,0.00000
-619306.35923,-910347.42015,147.50300,409629144.42406,13.87000,855737.00000,10.14000,0.00000,0.00000,0.00000
-618449.10388,-910801.55255,150.34400,409629144.47090,14.48000,358774.00000,13.24000,0.00000,0.00000,0.00000
-619516.40554,-909232.85632,149.04000,409629144.51774,15.05000,181316.00000,19.52000,0.00000,0.00000,0.00000
-619915.12464,-908366.87296,150.48700,409629144.56459,14.51000,473718.00000,12.46000,0.00000,0.00000,0.00000
-619700.58322,-908145.49380,152.31600,409629144.61143,13.43000,840537.00000,7.20000,0.00000,0.00000,0.00000
-618957.49641,-908479.67530,155.46800,409629144.65827,12.86000,387176.00000,5.85000,0.00000,0.00000,0.00000
-618073.88222,-908961.49109,158.20200,409629144.70512,12.19000,369037.00000,4.48000,0.00000,0.00000,0.00000
-617469.25946,-909150.06948,162.32500,409629144.75196,12.01000,282210.00000,5.97000,0.00000,0.00000,0.00000
-617062.98807,-909130.19380,166.41500,409629144.79880,11.66000,253502.00000,4.34000,0.00000,0.00000,0.00000
-616727.22316,-909036.19595,170.80900,409629144.84565,11.14000,453134.00000,2.72000,0.00000,0.00000,0.00000
-616391.45734,-908942.19704,174.46000,409629144.89249,10.91000,463890.00000,2.67000,0.00000,0.00000,0.00000
-616085.62709,-908816.74268,178.00600,409629144.93933,10.71000,158865.00000,3.02000,0.00000,0.00000,0.00000
-615875.67275,-908590.54342,179.23800,409629144.98618,10.59000,220948.00000,2.73000,0.00000,0.00000,0.00000
-615623.60638,-908408.58017,179.37300,409629145.03302,10.30000,285839.00000,2.44000,0.00000,0.00000,0.00000
-617313.40499,-906185.97814,133.51600,409629145.07986,10.22000,3754122.00000,1.53000,0.00000,0.00000,0.00000
-618115.99958,-904895.66145,129.39100,409629145.12670,10.67000,3304285.00000,1.82000,0.00000,0.00000,0.00000
-617017.28823,-905603.52241,132.93600,409629145.17355,11.07000,2155290.00000,2.29000,0.00000,0.00000,0.00000
-615925.65921,-906303.85298,136.40700,409629145.22039,11.72000,927985.00000,3.49000,0.00000,0.00000,0.00000
-615158.69232,-906662.97299,140.15700,409629145.26724,12.23000,429916.00000,5.12000,0.00000,0.00000,0.00000
-614849.32244,-906541.25277,144.01900,409629145.31408,12.39000,583308.00000,4.36000,0.00000,0.00000,0.00000
-614586.62935,-906370.48249,149.28600,409629145.36093,12.68000,440808.00000,5.51000,0.00000,0.00000,0.00000
-614808.40645,-905690.63358,153.09600,409629145.40777,12.63000,472175.00000,4.32000,0.00000,0.00000,0.00000
-614348.88299,-905726.68545,158.38100,409629145.45461,12.70000,290547.00000,3.45000,0.00000,0.00000,0.00000
-613923.85495,-905726.48613,160.86600,409629145.50146,12.90000,301217.00000,4.32000,0.00000,0.00000,0.00000
-613598.26008,-905621.81107,160.77000,409629145.54830,13.06000,591438.00000,4.16000,0.00000,0.00000,0.00000
-614887.92485,-903819.94275,144.72700,409629145.59515,13.58000,483725.00000,3.58000,0.00000,0.00000,0.00000
-614473.55882,-903808.56271,146.02700,409629145.64199,14.37000,526425.00000,6.65000,0.00000,0.00000,0.00000
-613730.95298,-904142.03874,149.75800,409629145.68883,14.24000,436380.00000,5.85000,0.00000,0.00000,0.00000
-612981.24781,-904482.96120,153.36400,409629145.73568,13.34000,1130693.00000,5.95000,0.00000,0.00000,0.00000
-612382.21437,-904665.56955,156.31700,409629145.78253,12.76000,1924421.00000,8.73000,0.00000,0.00000,0.00000
-612373.69899,-904227.73861,156.42000,409629145.82937,12.32000,601505.00000,6.84000,0.00000,0.00000,0.00000
-612492.02067,-903656.67726,153.84900,409629145.87621,12.00000,1315630.00000,6.31000,0.00000,0.00000,0.00000
-612178.60822,-903539.19246,151.89700,409629145.92306,12.04000,338356.00000,4.87000,0.00000,0.00000,0.00000
-612081.33014,-903194.66060,149.39700,409629145.96991,12.33000,291078.00000,6.61000,0.00000,0.00000,0.00000
-612203.21627,-902619.86822,147.96300,409629146.01675,12.70000,156759.00000,6.86000,0.00000,0.00000,0.00000
-611884.23507,-902508.24692,148.06100,409629146.06359,13.28000,260960.00000,6.15000,0.00000,0.00000,0.00000
-611121.83688,-902862.43750,148.75500,409629146.11044,13.44000,447098.00000,6.34000,0.00000,0.00000,0.00000
-610323.91518,-903253.92538,149.29100,409629146.15729,13.39000,2037957.00000,6.01000,0.00000,0.00000,0.00000
-610046.03155,-903099.11548,150.23900,409629146.20413,13.55000,1125907.00000,7.38000,0.00000,0.00000,0.00000
-609521.56952,-903203.30228,153.87800,409629146.25098,13.12000,1026534.00000,5.07000,0.00000,0.00000,0.00000
-610506.49198,-901721.98538,145.58400,409629146.29782,13.00000,1637860.00000,5.70000,0.00000,0.00000,0.00000
-609442.70911,-902392.69749,149.14700,409629146.34467,12.81000,857565.00000,4.96000,0.00000,0.00000,0.00000
-608351.01284,-903092.68455,156.02400,409629146.39151,12.74000,1299133.00000,5.28000,0.00000,0.00000,0.00000
-609596.75570,-901337.47854,150.17800,409629146.43836,12.95000,776673.00000,5.82000,0.00000,0.00000,0.00000
-608507.58990,-902034.82341,146.77700,409629146.48521,13.27000,2942934.00000,5.85000,0.00000,0.00000,0.00000
-608495.57248,-901600.73751,145.39700,409629146.53205,13.60000,278728.00000,9.04000,0.00000,0.00000,0.00000
-610925.49211,-898601.71376,153.38400,409629146.57890,12.99000,5488085.00000,5.76000,0.00000,0.00000,0.00000
-610475.65090,-898627.57720,151.68500,409629146.62574,12.55000,578053.00000,6.12000,0.00000,0.00000,0.00000
-609921.79782,-898762.67979,150.45100,409629146.67259,12.26000,306367.00000,7.17000,0.00000,0.00000,0.00000
-609653.07482,-898598.27799,150.66700,409629146.71944,12.16000,237401.00000,8.48000,0.00000,0.00000,0.00000
-609495.46293,-898317.16750,151.05900,409629146.76628,12.06000,211871.00000,7.93000,0.00000,0.00000,0.00000
-609243.48785,-898135.17741,150.61800,409629146.81313,12.04000,452668.00000,6.43000,0.00000,0.00000,0.00000
-609346.66320,-897580.15679,151.52400,409629146.85998,12.07000,336436.00000,6.57000,0.00000,0.00000,0.00000
-609240.81088,-897244.69097,152.52400,409629146.90682,12.22000,443498.00000,5.02000,0.00000,0.00000,0.00000
-608773.21728,-897289.18585,152.07000,409629146.95367,12.34000,1869188.00000,3.69000,0.00000,0.00000,0.00000
-608235.09479,-897407.72958,150.75500,409629147.00052,12.65000,5410338.00000,3.17000,0.00000,0.00000,0.00000
-607574.68525,-897654.67912,148.28200,409629147.04737,13.12000,500768.00000,4.09000,0.00000,0.00000,0.00000
-622972.71645,-881112.66054,161.61100,410022405.41908,14.23000,4770118.00000,3.20000,0.00000,0.00000,1.00000
-621736.33237,-881966.62842,154.28900,410022405.46619,14.59000,4965240.00000,3.37000,0.00000,0.00000,1.00000
-621977.27631,-882201.13676,154.25500,410022405.51331,15.61000,3872098.00000,3.76000,0.00000,0.00000,1.00000
-622327.25631,-882389.95231,157.55100,410022405.56042,16.80000,727425.00000,6.40000,0.00000,0.00000,1.00000
-622656.78610,-882587.32264,158.34800,410022405.60753,17.24000,386880.00000,8.66000,0.00000,0.00000,1.00000
-622707.60978,-882901.56532,159.88200,410022405.65465,17.28000,1000687.00000,6.10000,0.00000,0.00000,1.00000
-622721.62367,-883231.22936,161.02100,410022405.70176,17.45000,197498.00000,8.29000,0.00000,0.00000,1.00000
-622895.78687,-883493.75877,161.60500,410022405.74887,17.82000,207510.00000,9.04000,0.00000,0.00000,1.00000
-623006.56771,-883782.85612,161.83500,410022405.79599,17.76000,296037.00000,9.79000,0.00000,0.00000,1.00000
-623000.82014,-884120.81343,161.87500,410022405.84310,17.54000,272473.00000,7.67000,0.00000,0.00000,1.00000
-622723.16234,-884572.75461,159.76900,410022405.89021,18.00000,285181.00000,8.93000,0.00000,0.00000,1.00000
-622431.17909,-885030.69015,157.71700,410022405.93733,18.66000,180658.00000,11.30000,0.00000,0.00000,1.00000
-622261.18107,-885437.49505,156.64200,410022405.98444,18.92000,278754.00000,13.58000,0.00000,0.00000,1.00000
-622100.03159,-885840.57765,155.87500,410022406.03155,19.41000,102594.00000,18.88000,0.00000,0.00000,1.00000
-622829.59421,-885870.29634,156.25500,410022406.07866,19.17000,144480.00000,15.27000,0.00000,0.00000,1.00000
-622835.41006,-886203.40262,157.36900,410022406.12578,19.04000,110426.00000,13.00000,0.00000,0.00000,1.00000
-623385.06623,-886308.55543,159.14300,410022406.17289,18.10000,533493.00000,9.99000,0.00000,0.00000,1.00000
-622980.60418,-886813.61653,157.41200,410022406.22000,16.11000,1704934.00000,5.67000,0.00000,0.00000,1.00000
-623571.14542,-886901.64931,170.38500,410022406.26712,14.63000,2456183.00000,3.35000,0.00000,0.00000,1.00000
-623191.89554,-887396.13642,173.06400,410022406.31423,14.22000,415875.00000,4.27000,0.00000,0.00000,1.00000
-623228.36814,-887716.39038,172.72200,410022406.36134,14.35000,325330.00000,4.14000,0.00000,0.00000,1.00000
-623380.00979,-887988.36467,168.67700,410022406.40845,14.30000,279033.00000,7.43000,0.00000,0.00000,1.00000
-623938.51890,-888089.82465,171.25100,410022406.45557,13.76000,1045281.00000,4.56000,0.00000,0.00000,1.00000
-623949.76435,-888420.64260,171.86100,410022406.50268,12.94000,3238871.00000,2.91000,0.00000,0.00000,1.00000
-623182.69452,-889077.63925,164.20700,410022406.54979,12.59000,6326119.00000,2.11000,0.00000,0.00000,1.00000
-621931.67029,-889937.38803,156.57300,410022406.59690,12.76000,1330745.00000,2.79000,0.00000,0.00000,1.00000
-627378.50420,-887990.32004,128.38700,410022406.64401,14.16000,6699524.00000,2.93000,0.00000,0.00000,1.00000
-621154.58339,-890934.01527,149.14800,410022406.69113,15.22000,2980747.00000,3.76000,0.00000,0.00000,1.00000
-623873.72384,-890130.18635,133.47100,410022406.73824,15.71000,586158.00000,5.82000,0.00000,0.00000,1.00000
-623248.33877,-890727.77024,136.44000,410022406.78535,15.51000,638701.00000,7.24000,0.00000,0.00000,1.00000
-623740.08227,-890857.25389,136.35200,410022406.83247,15.35000,1833868.00000,5.46000,0.00000,0.00000,1.00000
-623154.21871,-891438.25866,140.07500,410022406.87958,15.14000,486264.00000,6.94000,0.00000,0.00000,1.00000
-622428.61748,-892077.78529,144.98900,410022406.92669,14.76000,217568.00000,3.99000,0.00000,0.00000,1.00000
-622685.87111,-892305.51875,142.67800,410022406.97381,14.33000,2272303.00000,2.37000,0.00000,0.00000,1.00000
-622920.62815,-892542.68809,137.91100,410022407.02092,14.84000,2701294.00000,4.00000,0.00000,0.00000,1.00000
-624273.26379,-892311.52915,130.91900,410022407.06803,15.79000,2446380.00000,6.59000,0.00000,0.00000,1.00000
-623737.79661,-892871.39125,133.67700,410022407.11514,16.31000,920010.00000,7.14000,0.00000,0.00000,1.00000
-624246.59305,-892993.77251,133.40100,410022407.16226,16.61000,1158083.00000,6.47000,0.00000,0.00000,1.00000
-624151.45234,-893369.15699,135.31700,410022407.20937,16.68000,1952128.00000,4.26000,0.00000,0.00000,1.00000
-627287.94228,-892390.68709,152.78400,410022407.25648,16.52000,2270081.00000,4.27000,0.00000,0.00000,1.00000
-627245.30013,-892744.11779,155.10300,410022407.30360,16.12000,550989.00000,4.53000,0.00000,0.00000,1.00000
-627314.45313,-893050.70557,154.27000,410022407.35071,15.75000,1810708.00000,3.05000,0.00000,0.00000,1.00000
-625907.85392,-893975.52243,138.36000,410022407.39782,15.09000,2352786.00000,3.82000,0.00000,0.00000,1.00000
-626083.32580,-894237.55723,133.18100,410022407.44494,14.31000,1445128.00000,3.56000,0.00000,0.00000,1.00000
-625791.16869,-894695.48439,125.66500,410022407.49205,14.77000,1464953.00000,4.15000,0.00000,0.00000,1.00000
-625166.33129,-895292.74981,121.79000,410022407.53916,16.78000,1311949.00000,10.41000,0.00000,0.00000,1.00000
-625191.82396,-895617.61211,120.92500,410022407.58627,17.51000,219723.00000,10.33000,0.00000,0.00000,1.00000
-625150.50447,-895970.44688,122.43000,410022407.63339,17.48000,1637771.00000,7.65000,0.00000,0.00000,1.00000
-624664.70576,-896509.44582,122.39900,410022407.68050,17.18000,1177209.00000,9.48000,0.00000,0.00000,1.00000
-624545.65390,-896894.82616,122.46700,410022407.72761,16.17000,1725985.00000,7.07000,0.00000,0.00000,1.00000
-624068.70865,-897430.08885,126.36300,410022407.77473,15.12000,1161148.00000,4.18000,0.00000,0.00000,1.00000
-624034.17677,-897780.05487,126.81400,410022407.82184,14.80000,367008.00000,6.36000,0.00000,0.00000,1.00000
-624373.91843,-897973.29392,126.98400,410022407.86895,14.68000,1168923.00000,5.42000,0.00000,0.00000,1.00000
-625190.18522,-897966.98206,125.41400,410022407.91606,14.65000,643383.00000,4.41000,0.00000,0.00000,1.00000
-628124.56122,-897073.62105,149.60100,410022407.96317,14.50000,201830.00000,5.29000,0.00000,0.00000,1.00000
-628603.37847,-897208.63346,149.01100,410022408.01029,13.79000,196098.00000,2.77000,0.00000,0.00000,1.00000
-632111.58681,-896074.84445,179.13800,410022408.05740,13.38000,474710.00000,3.32000,0.00000,0.00000,1.00000
-628010.12082,-898128.18059,141.56200,410022408.10451,13.05000,284097.00000,4.63000,0.00000,0.00000,1.00000
-628723.44997,-898164.98875,143.55700,410022408.15162,12.67000,254307.00000,3.14000,0.00000,0.00000,1.00000
-631674.12336,-897264.81891,170.42700,410022408.19873,12.51000,2086719.00000,3.11000,0.00000,0.00000,1.00000
-624610.85905,-900558.12252,121.60000,410022408.24584,12.15000,3953995.00000,1.70000,0.00000,0.00000,1.00000
-625251.93503,-900625.20695,120.51000,410022408.29295,11.86000,2074947.00000,2.39000,0.00000,0.00000,1.00000
-625521.43447,-900847.88793,116.17500,410022408.34006,11.75000,778620.00000,3.51000,0.00000,0.00000,1.00000
-625534.57305,-901177.88811,112.31900,410022408.38717,12.33000,1003417.00000,6.97000,0.00000,0.00000,1.00000
-625446.13467,-901550.41904,112.09600,410022408.43429,12.81000,213425.00000,8.02000,0.00000,0.00000,1.00000
-625395.19361,-901907.23729,112.97800,410022408.48140,12.40000,293483.00000,8.18000,0.00000,0.00000,1.00000
-625278.81346,-902291.46878,116.13100,410022408.52851,11.99000,288039.00000,7.27000,0.00000,0.00000,1.00000
-625307.62752,-902614.88786,116.24500,410022408.57562,12.11000,266319.00000,4.65000,0.00000,0.00000,1.00000
-625457.80753,-902887.51910,115.26000,410022408.62273,11.97000,249751.00000,4.87000,0.00000,0.00000,1.00000
-630884.37089,-900951.17870,188.31700,410022408.66984,12.16000,504483.00000,3.35000,0.00000,0.00000,1.00000
-631069.37049,-901209.28626,185.50700,410022408.71695,13.12000,1797980.00000,4.49000,0.00000,0.00000,1.00000
-632339.05839,-901013.23271,178.99000,410022408.76406,13.62000,866463.00000,5.40000,0.00000,0.00000,1.00000
-631841.61364,-901557.07063,174.67900,410022408.81117,14.02000,2194931.00000,4.70000,0.00000,0.00000,1.00000
-631457.32673,-902053.52054,171.16800,410022408.85828,15.18000,1793350.00000,6.28000,0.00000,0.00000,1.00000
-631320.50820,-902446.36113,171.85300,410022408.90539,16.34000,403906.00000,7.99000,0.00000,0.00000,1.00000
-630928.00991,-902946.21852,172.38400,410022408.95250,16.25000,870285.00000,9.96000,0.00000,0.00000,1.00000
-630574.36507,-903429.80307,173.38500,410022408.99961,15.41000,418578.00000,8.72000,0.00000,0.00000,1.00000
-630201.63298,-903921.37614,172.84000,410022409.04672,14.26000,281722.00000,9.07000,0.00000,0.00000,1.00000
-630093.42098,-904302.20458,173.28000,410022409.09383,13.35000,1021132.00000,5.46000,0.00000,0.00000,1.00000
-629934.75697,-904704.16139,174.85700,410022409.14094,12.47000,1633569.00000,4.19000,0.00000,0.00000,1.00000
-632677.94316,-903891.45852,150.19200,410022409.18805,11.90000,2828544.00000,2.42000,0.00000,0.00000,1.00000
-632654.29154,-904236.92961,146.81800,410022409.23516,11.56000,3202968.00000,2.42000,0.00000,0.00000,1.00000
-629984.38748,-905690.00722,149.91500,410022409.28227,11.34000,2267789.00000,2.65000,0.00000,0.00000,1.00000
-629703.64065,-906143.04495,147.80100,410022409.32938,11.23000,2412870.00000,4.63000,0.00000,0.00000,1.00000
-629178.09276,-906698.51971,146.90800,410022409.37649,10.31000,1144117.00000,8.40000,0.00000,0.00000,1.00000
-629367.80784,-906954.64874,145.03700,410022409.42360,8.35000,287529.00000,7.68000,0.00000,0.00000,1.00000
-629498.20555,-907235.61724,143.38600,410022409.47071,6.66000,1016284.00000,5.43000,0.00000,0.00000,1.00000
-629844.75108,-907426.11207,143.61400,410022409.51783,5.86000,1089538.00000,3.02000,0.00000,0.00000,1.00000
-635806.26457,-905266.63976,194.90400,410022409.56494,5.90000,3110611.00000,2.55000,0.00000,0.00000,1.00000
-635821.46730,-905595.87926,195.43500,410022409.61205,6.69000,1162251.00000,3.71000,0.00000,0.00000,1.00000
-635730.29669,-905969.63100,194.92800,410022409.65916,7.40000,504791.00000,3.89000,0.00000,0.00000,1.00000
-630111.28171,-908656.71025,136.84900,410022409.70627,9.00000,530514.00000,3.47000,0.00000,0.00000,1.00000
-629778.65829,-909131.41556,139.40500,410022409.75338,10.01000,527880.00000,4.48000,0.00000,0.00000,1.00000
-629568.77159,-909554.76219,141.33400,410022409.80049,10.12000,329267.00000,3.71000,0.00000,0.00000,1.00000
-609540.61071,-895956.82179,148.14600,410195058.81589,13.31000,957223.00000,4.58000,0.00000,0.00000,1.00000
-609865.21779,-896160.21272,149.66100,410195058.86304,13.42000,1317043.00000,4.91000,0.00000,0.00000,1.00000
-609981.21690,-896447.30600,152.71300,410195058.91019,13.10000,845255.00000,4.42000,0.00000,0.00000,1.00000
-610132.90562,-896720.09444,154.50400,410195058.95733,12.80000,390385.00000,5.26000,0.00000,0.00000,1.00000
-610430.05905,-896934.50001,154.29400,410195059.00448,12.34000,298466.00000,7.36000,0.00000,0.00000,1.00000
-610808.18371,-897116.41863,155.17500,410195059.05163,11.83000,604396.00000,4.32000,0.00000,0.00000,1.00000
-610858.99412,-897429.68045,154.59100,410195059.09878,11.55000,472050.00000,4.76000,0.00000,0.00000,1.00000
-610739.63136,-897811.23514,152.79000,410195059.14592,11.98000,272836.00000,4.80000,0.00000,0.00000,1.00000
-611481.44825,-897847.23344,153.48100,410195059.19307,12.64000,144282.00000,7.30000,0.00000,0.00000,1.00000
-611760.76229,-898068.82076,155.40800,410195059.24022,13.16000,95990.00000,7.11000,0.00000,0.00000,1.00000
-611911.07310,-898342.17977,155.90300,410195059.28736,13.06000,212605.00000,9.03000,0.00000,0.00000,1.00000
-612112.84600,-898594.88053,155.94300,410195059.33451,12.22000,277723.00000,7.39000,0.00000,0.00000,1.00000
-610653.26490,-899514.12546,145.07500,410195059.38166,11.11000,2634269.00000,4.95000,0.00000,0.00000,1.00000
-611137.76329,-899653.40793,145.14400,410195059.42880,10.96000,486988.00000,4.69000,0.00000,0.00000,1.00000
-611159.04429,-899978.51777,141.66200,410195059.47595,11.73000,363960.00000,6.34000,0.00000,0.00000,1.00000
-612157.55346,-899911.60428,143.59800,410195059.52310,12.65000,309025.00000,6.67000,0.00000,0.00000,1.00000
-611639.43324,-900453.11102,144.04000,410195059.57025,13.27000,203662.00000,8.23000,0.00000,0.00000,1.00000
-610535.23945,-901229.70493,145.31400,410195059.61739,13.81000,250323.00000,10.25000,0.00000,0.00000,1.00000
-609916.22812,-901811.65181,147.87800,410195059.66454,13.88000,282539.00000,8.91000,0.00000,0.00000,1.00000
-609330.82648,-902380.08280,152.12300,410195059.71169,13.68000,4218618.00000,5.54000,0.00000,0.00000,1.00000
-613742.84966,-900943.94844,144.57900,410195059.75883,13.80000,2034674.00000,5.33000,0.00000,0.00000,1.00000
-610727.34506,-902487.20851,147.62700,410195059.80598,13.66000,1475949.00000,6.50000,0.00000,0.00000,1.00000
-610511.82933,-902907.27630,150.16400,410195059.85312,13.50000,2956014.00000,6.45000,0.00000,0.00000,1.00000
-610920.14122,-903077.14408,149.05100,410195059.90027,13.31000,2600384.00000,8.08000,0.00000,0.00000,1.00000
-611178.84730,-903307.02053,149.63600,410195059.94742,13.34000,1502655.00000,8.13000,0.00000,0.00000,1.00000
-612631.70218,-903057.96000,150.94400,410195059.99456,13.45000,580307.00000,6.56000,0.00000,0.00000,1.00000
-612845.80366,-903305.73515,148.38600,410195060.04171,13.35000,2565973.00000,4.57000,0.00000,0.00000,1.00000
-612805.28280,-903655.63866,154.85100,410195060.08885,13.33000,1399497.00000,5.56000,0.00000,0.00000,1.00000
-612357.10043,-904169.03595,154.35300,410195060.13600,13.69000,1454348.00000,5.05000,0.00000,0.00000,1.00000
-613663.13634,-903978.90705,141.70100,410195060.18315,13.82000,2260743.00000,3.16000,0.00000,0.00000,1.00000
-613440.72365,-904401.74909,146.32800,410195060.23029,13.56000,1781946.00000,2.88000,0.00000,0.00000,1.00000
-611910.20757,-905349.17984,162.92100,410195060.27744,13.25000,2595605.00000,2.80000,0.00000,0.00000,1.00000
-613069.35450,-905218.00152,153.85100,410195060.32458,12.88000,724646.00000,2.93000,0.00000,0.00000,1.00000
-612656.14079,-905717.34058,160.07300,410195060.37173,12.73000,430669.00000,4.69000,0.00000,0.00000,1.00000
-613185.24882,-905838.81559,161.34900,410195060.41888,12.65000,844668.00000,5.46000,0.00000,0.00000,1.00000
-613386.29373,-906091.84178,161.85700,410195060.46602,12.49000,3214821.00000,3.69000,0.00000,0.00000,1.00000
-612562.63371,-906755.75908,151.91700,410195060.51317,12.19000,1572941.00000,3.83000,0.00000,0.00000,1.00000
-612745.14612,-907016.22353,151.10300,410195060.56031,12.19000,969351.00000,3.72000,0.00000,0.00000,1.00000
-613168.56678,-907180.09761,149.80000,410195060.60746,12.00000,1182662.00000,2.80000,0.00000,0.00000,1.00000
-613506.19640,-907378.37778,152.76500,410195060.65461,11.63000,6137560.00000,3.08000,0.00000,0.00000,1.00000
-613737.42976,-907619.29979,140.89600,410195060.70175,11.02000,2065824.00000,2.38000,0.00000,0.00000,1.00000
-614115.55172,-907801.34400,161.17300,410195060.74890,10.43000,1415538.00000,2.87000,0.00000,0.00000,1.00000
-614554.75633,-907958.90504,165.34600,410195060.79604,10.18000,5982156.00000,2.10000,0.00000,0.00000,1.00000
-615055.04125,-908091.97919,171.44100,410195060.84319,10.25000,6707743.00000,1.68000,0.00000,0.00000,1.00000
-615357.65202,-908304.30665,177.87300,410195060.89033,10.40000,794727.00000,1.85000,0.00000,0.00000,1.00000
-615462.59782,-908595.89154,179.73700,410195060.93748,10.64000,674570.00000,2.72000,0.00000,0.00000,1.00000
-615575.09291,-908884.44731,179.60600,410195060.98462,11.11000,722970.00000,2.92000,0.00000,0.00000,1.00000
-615706.80919,-909165.29716,177.60900,410195061.03177,11.71000,2991691.00000,1.75000,0.00000,0.00000,1.00000
-615217.37236,-909695.17201,156.76300,410195061.07891,11.99000,1918868.00000,2.44000,0.00000,0.00000,1.00000
-615423.20768,-909946.30234,156.34400,410195061.12606,12.36000,840985.00000,3.04000,0.00000,0.00000,1.00000
-615150.61796,-910389.22228,154.58100,410195061.17320,12.57000,1108815.00000,4.35000,0.00000,0.00000,1.00000
-615267.90799,-910675.86341,153.61200,410195061.22035,13.11000,2083810.00000,5.14000,0.00000,0.00000,1.00000
-615858.13321,-910772.92366,153.94900,410195061.26749,13.53000,424320.00000,5.70000,0.00000,0.00000,1.00000
-615851.86875,-911109.09557,153.96400,410195061.31464,13.47000,554218.00000,5.86000,0.00000,0.00000,1.00000
-615341.06708,-911647.48539,154.33200,410195061.36178,13.25000,113384.00000,7.36000,0.00000,0.00000,1.00000
-614962.73940,-912132.76435,156.69500,410195061.40893,12.91000,229193.00000,6.52000,0.00000,0.00000,1.00000
-615423.23634,-912281.85647,158.05800,410195061.45607,13.10000,171720.00000,7.63000,0.00000,0.00000,1.00000
-615986.69651,-912389.67692,158.44600,410195061.50322,13.27000,561298.00000,6.99000,0.00000,0.00000,1.00000
-616071.02608,-912689.54076,159.30200,410195061.55036,12.77000,305394.00000,4.44000,0.00000,0.00000,1.00000
-615593.14927,-913214.71434,157.09300,410195061.59751,12.52000,457136.00000,3.65000,0.00000,0.00000,1.00000
-615131.71817,-913733.27136,149.07700,410195061.64465,12.58000,1826436.00000,2.97000,0.00000,0.00000,1.00000
-614948.30991,-914140.42615,147.43500,410195061.69180,12.70000,2165462.00000,4.14000,0.00000,0.00000,1.00000
-615174.71599,-914383.35374,143.13700,410195061.73894,12.72000,703558.00000,6.14000,0.00000,0.00000,1.00000
-615461.52813,-914602.06093,140.04500,410195061.78609,12.33000,181408.00000,8.24000,0.00000,0.00000,1.00000
-615870.54455,-914771.81237,137.50600,410195061.83324,12.60000,125597.00000,8.58000,0.00000,0.00000,1.00000
-616339.29120,-914917.63250,136.40900,410195061.88038,14.36000,160623.00000,7.63000,0.00000,0.00000,1.00000
-616775.77325,-915076.38618,136.38300,410195061.92753,15.27000,252599.00000,8.35000,0.00000,0.00000,1.00000
-617040.63948,-915303.92868,137.66100,410195061.97467,15.21000,232852.00000,8.34000,0.00000,0.00000,1.00000
-617106.40908,-915611.23210,138.37300,410195062.02182,14.88000,165734.00000,8.83000,0.00000,0.00000,1.00000
-617236.71026,-915892.68549,138.71200,410195062.06897,14.50000,438474.00000,8.26000,0.00000,0.00000,1.00000
-617224.22093,-916231.36304,139.90200,410195062.11611,14.58000,1061185.00000,6.58000,0.00000,0.00000,1.00000
-617149.23756,-916595.05344,141.68100,410195062.16326,14.47000,2961449.00000,4.01000,0.00000,0.00000,1.00000
-616932.84425,-917015.42001,144.63600,410195062.21041,14.28000,2474500.00000,3.19000,0.00000,0.00000,1.00000
