-640343.12690,-896840.93655,173.91200,627166611.64453,11.68000,1322951.00000,4.56000,0.00000,0.00000,0.00000
-639482.85893,-897336.65766,173.14100,627166611.69085,11.56000,1654058.00000,3.57000,0.00000,0.00000,0.00000
-639952.91897,-895908.10740,159.24300,627166611.78347,12.83000,1097896.00000,5.34000,0.00000,0.00000,0.00000
-640232.51286,-895144.59469,154.67000,627166611.82978,13.44000,1502531.00000,8.29000,0.00000,0.00000,0.00000
-639353.15080,-895661.41870,154.25100,627166611.87609,13.71000,1546836.00000,7.81000,0.00000,0.00000,0.00000
-637450.88176,-897308.10694,163.64800,627166611.92240,13.55000,360357.00000,8.46000,0.00000,0.00000,0.00000
-637810.32222,-896456.46133,158.90200,627166611.96871,13.56000,605831.00000,8.41000,0.00000,0.00000,0.00000
-637445.54293,-896404.76951,154.72300,627166612.01502,14.06000,2568760.00000,7.16000,0.00000,0.00000,0.00000
-637585.13069,-895795.95615,154.43600,627166612.06134,14.02000,718724.00000,8.93000,0.00000,0.00000,0.00000
-637764.39189,-895143.35595,153.74200,627166612.10765,13.64000,170777.00000,10.86000,0.00000,0.00000,0.00000
-637503.43650,-894976.97844,153.77300,627166612.15396,13.34000,120965.00000,7.57000,0.00000,0.00000,0.00000
-636939.38711,-895145.40722,154.57100,627166612.20027,12.67000,252952.00000,4.57000,0.00000,0.00000,0.00000
-638770.71857,-892668.00432,190.13300,627166612.24658,12.35000,223799.00000,4.12000,0.00000,0.00000,0.00000
-638317.36351,-892714.19899,191.21200,627166612.29290,12.04000,392567.00000,3.83000,0.00000,0.00000,0.00000
-637840.02274,-892786.89425,192.29300,627166612.33921,12.07000,299742.00000,3.30000,0.00000,0.00000,0.00000
-637434.64927,-892780.06937,191.77100,627166612.38552,12.10000,150777.00000,4.38000,0.00000,0.00000,0.00000
-637043.48415,-892757.56886,190.87600,627166612.43183,12.16000,128801.00000,4.72000,0.00000,0.00000,0.00000
-636856.98024,-892508.99352,189.22800,627166612.47814,12.23000,108086.00000,5.19000,0.00000,0.00000,0.00000
-631031.47385,-898487.83133,241.81500,627166612.52446,12.60000,407216.00000,3.87000,0.00000,0.00000,0.00000
-636951.61216,-891495.38158,171.67000,627166612.57077,13.06000,1547990.00000,4.14000,0.00000,0.00000,0.00000
-636354.29841,-891700.54950,169.09500,627166612.61708,13.66000,1426937.00000,4.28000,0.00000,0.00000,0.00000
-635737.89065,-891926.80759,167.52300,627166612.66339,14.25000,995562.00000,5.06000,0.00000,0.00000,0.00000
-635246.82587,-892014.60632,167.21000,627166612.70970,14.45000,1439288.00000,5.10000,0.00000,0.00000,0.00000
-636691.90174,-889964.13076,175.83900,627166612.75602,14.55000,2457677.00000,4.68000,0.00000,0.00000,0.00000
-635403.68658,-890932.32544,171.61800,627166612.80233,14.24000,2605668.00000,6.68000,0.00000,0.00000,0.00000
-637084.75340,-888621.24015,182.02700,627166612.84864,14.53000,1107172.00000,6.10000,0.00000,0.00000,0.00000
-635860.23275,-889519.12577,175.09100,627166612.89495,14.75000,461163.00000,8.47000,0.00000,0.00000,0.00000
-634824.67564,-890208.24369,174.78000,627166612.94126,14.45000,2582168.00000,6.58000,0.00000,0.00000,0.00000
-636050.90740,-888399.58538,175.89100,627166612.98758,14.29000,998448.00000,8.28000,0.00000,0.00000,0.00000
-635782.66302,-888241.32786,175.89300,627166613.03389,14.04000,710446.00000,8.41000,0.00000,0.00000,0.00000
-632887.31586,-890984.17402,182.61100,627166613.08020,13.15000,4228604.00000,6.44000,0.00000,0.00000,0.00000
-636319.49186,-886739.55594,193.26400,627166613.12651,13.04000,509834.00000,8.75000,0.00000,0.00000,0.00000
-636010.14382,-886626.74645,193.39600,627166613.17282,12.64000,288356.00000,7.81000,0.00000,0.00000,0.00000
-635387.41217,-886860.00251,193.12600,627166613.21914,11.60000,336039.00000,7.12000,0.00000,0.00000,0.00000
-634445.90131,-887445.24446,192.78200,627166613.26545,11.12000,376853.00000,5.26000,0.00000,0.00000,0.00000
-633938.23051,-887551.40914,197.72600,627166613.31176,10.88000,340911.00000,4.20000,0.00000,0.00000,0.00000
-630444.71362,-890954.33491,135.08900,627166613.35807,11.28000,817373.00000,4.45000,0.00000,0.00000,0.00000
-629636.75700,-891391.90042,139.56300,627166613.40438,13.13000,160546.00000,8.88000,0.00000,0.00000,0.00000
-629153.99956,-891470.42016,141.61100,627166613.45070,13.75000,1998229.00000,7.12000,0.00000,0.00000,0.00000
-628790.27024,-891417.53846,145.51600,627166613.49701,14.78000,805986.00000,9.23000,0.00000,0.00000,0.00000
-628728.71534,-891031.05156,143.59400,627166613.54332,15.20000,291251.00000,10.38000,0.00000,0.00000,0.00000
-628727.89209,-890577.51935,141.19700,627166613.58963,13.54000,531099.00000,11.38000,0.00000,0.00000,0.00000
-628586.99788,-890278.63854,138.94100,627166613.63595,11.26000,215579.00000,4.07000,0.00000,0.00000,0.00000
-628144.36878,-890312.83399,132.59800,627166613.68226,10.34000,2470264.00000,2.98000,0.00000,0.00000,0.00000
-628149.41509,-889852.85150,123.15900,627166613.72857,11.17000,441010.00000,5.28000,0.00000,0.00000,0.00000
-628025.67346,-889535.04995,119.57100,627166613.77488,11.80000,290971.00000,7.06000,0.00000,0.00000,0.00000
-628248.73337,-888834.39497,125.12800,627166613.82119,11.22000,5198644.00000,2.61000,0.00000,0.00000,0.00000
-628035.87490,-888614.99228,126.12000,627166613.86751,12.38000,1438139.00000,6.67000,0.00000,0.00000,0.00000
-628351.48027,-887812.18664,124.58400,627166613.91382,13.48000,1213127.00000,6.25000,0.00000,0.00000,0.00000
-628143.51881,-887587.37354,126.10600,627166613.96013,13.57000,2286071.00000,4.64000,0.00000,0.00000,0.00000
-627472.69775,-887873.47925,127.94900,627166614.00644,13.65000,750601.00000,4.06000,0.00000,0.00000,0.00000
-629108.27609,-885613.61561,145.56500,627166614.05276,13.26000,887134.00000,3.20000,0.00000,0.00000,0.00000
-628640.75102,-885675.35859,147.76600,627166614.09907,13.05000,206066.00000,5.28000,0.00000,0.00000,0.00000
-628060.08503,-885861.97313,149.38800,627166614.14538,12.87000,339028.00000,5.03000,0.00000,0.00000,0.00000
-627214.45219,-886341.05653,152.31600,627166614.19170,13.36000,2705236.00000,5.04000,0.00000,0.00000,0.00000
-627056.44541,-886061.09617,149.75100,627166614.23801,14.16000,1598150.00000,5.55000,0.00000,0.00000,0.00000
-626631.03745,-886076.30520,154.24200,627166614.28432,14.97000,1473975.00000,7.71000,0.00000,0.00000,0.00000
-627124.44221,-885077.32903,155.69600,627166614.33064,15.64000,227100.00000,9.58000,0.00000,0.00000,0.00000
-626442.39871,-885375.80705,159.28900,627166614.37695,15.75000,292454.00000,8.61000,0.00000,0.00000,0.00000
-626021.39820,-885386.14515,160.08100,627166614.42327,15.98000,1750960.00000,9.53000,0.00000,0.00000,0.00000
-630011.12400,-880527.91600,174.75400,627166614.46958,15.89000,767653.00000,9.65000,0.00000,0.00000,0.00000
-629442.25608,-880701.56114,174.38000,627166614.51590,15.61000,4178890.00000,7.36000,0.00000,0.00000,0.00000
-628522.74415,-881262.25503,171.18700,627166614.56221,14.56000,1348451.00000,6.48000,0.00000,0.00000,0.00000
-628072.87607,-881304.50573,170.97500,627166614.60853,14.15000,1098008.00000,6.15000,0.00000,0.00000,0.00000
-627638.67967,-881329.44483,169.82000,627166614.65484,14.05000,160250.00000,7.17000,0.00000,0.00000,0.00000
-627099.19135,-881470.61281,168.92800,627166614.70116,13.70000,689712.00000,4.46000,0.00000,0.00000,0.00000
-626413.73884,-881772.83645,166.18600,627166614.74747,13.67000,542466.00000,5.08000,0.00000,0.00000,0.00000
-625754.73068,-882045.86814,164.09400,627166614.79379,13.78000,335684.00000,5.89000,0.00000,0.00000,0.00000
-625174.07890,-882232.39962,162.37300,627166614.84011,14.21000,250730.00000,8.51000,0.00000,0.00000,0.00000
-624879.45620,-882103.24582,161.15300,627166614.88642,14.72000,250815.00000,9.87000,0.00000,0.00000,0.00000
-624848.83172,-881682.74689,160.31200,627166614.93274,15.21000,177529.00000,11.94000,0.00000,0.00000,0.00000
-625332.49698,-880694.70120,160.60200,627166614.97905,14.79000,92885.00000,10.89000,0.00000,0.00000,0.00000
-624977.15533,-880632.57947,159.73900,627166615.02537,13.64000,609079.00000,7.83000,0.00000,0.00000,0.00000
-624080.59144,-881167.73504,158.63100,627166615.07168,12.84000,2636578.00000,4.40000,0.00000,0.00000,0.00000
-624337.00276,-880430.50048,163.22500,627166615.11800,12.00000,1380998.00000,2.49000,0.00000,0.00000,0.00000
-623775.94785,-880595.37963,161.22700,627166615.16432,11.41000,6133143.00000,2.29000,0.00000,0.00000,0.00000
-632437.69953,-910399.43593,161.60300,627339264.52372,9.07000,666643.00000,2.04000,0.00000,0.00000,0.00000
-630850.81190,-911652.65302,161.96700,627339264.57006,8.58000,945954.00000,1.92000,0.00000,0.00000,0.00000
-630672.88907,-911395.77863,159.56200,627339264.61641,7.98000,616685.00000,2.32000,0.00000,0.00000,0.00000
-629947.99993,-911277.56384,158.46300,627339264.70909,6.87000,2884813.00000,1.98000,0.00000,0.00000,0.00000
-629938.40060,-910840.31370,137.11400,627339264.75544,6.72000,2694040.00000,2.55000,0.00000,0.00000,0.00000
-628804.66093,-911607.74045,140.35700,627339264.80178,7.12000,606756.00000,2.86000,0.00000,0.00000,0.00000
-629387.33700,-910535.79645,135.51100,627339264.84813,7.58000,4097473.00000,2.88000,0.00000,0.00000,0.00000
-629344.43063,-910134.25276,142.04900,627339264.89447,7.86000,959073.00000,3.59000,0.00000,0.00000,0.00000
-628888.60559,-910175.21528,143.75600,627339264.94082,8.07000,423707.00000,3.86000,0.00000,0.00000,0.00000
-628766.48710,-909858.55367,141.30800,627339264.98716,8.66000,444503.00000,5.36000,0.00000,0.00000,0.00000
-628912.34793,-909254.74247,137.31100,627339265.03351,9.14000,211303.00000,6.08000,0.00000,0.00000,0.00000
-628100.87249,-909676.78885,136.07600,627339265.07985,9.77000,553473.00000,5.25000,0.00000,0.00000,0.00000
-627156.87246,-910240.77570,136.36500,627339265.12620,10.87000,453243.00000,5.41000,0.00000,0.00000,0.00000
-626226.31382,-910790.33294,139.59000,627339265.17254,10.56000,763085.00000,3.68000,0.00000,0.00000,0.00000
-625928.85738,-910661.54531,136.11300,627339265.21889,10.48000,429200.00000,4.78000,0.00000,0.00000,0.00000
-629923.62493,-905933.70555,150.13700,627339265.26523,10.34000,1582562.00000,4.20000,0.00000,0.00000,0.00000
-628920.94128,-906560.67832,150.39400,627339265.31158,10.49000,618088.00000,4.77000,0.00000,0.00000,0.00000
-628685.78920,-906365.19394,152.64100,627339265.35792,11.16000,388781.00000,6.28000,0.00000,0.00000,0.00000
-628256.88374,-906377.30523,154.17300,627339265.40427,11.62000,382960.00000,7.28000,0.00000,0.00000,0.00000
-627894.23474,-906318.44730,153.70200,627339265.45061,11.69000,272767.00000,5.65000,0.00000,0.00000,0.00000
-627906.14292,-905858.24163,152.10200,627339265.49696,11.86000,807678.00000,4.65000,0.00000,0.00000,0.00000
-626302.21582,-907129.28856,148.94400,627339265.54330,12.04000,2110441.00000,4.20000,0.00000,0.00000,0.00000
-626179.14105,-906813.70286,146.51500,627339265.58965,12.28000,375540.00000,5.26000,0.00000,0.00000,0.00000
-625562.93239,-907026.44797,144.91700,627339265.63599,12.34000,553859.00000,3.55000,0.00000,0.00000,0.00000
-628218.79669,-903733.58235,157.95700,627339265.68234,12.81000,2123840.00000,3.65000,0.00000,0.00000,0.00000
-627491.06604,-904065.87936,153.65100,627339265.72868,13.32000,1995522.00000,5.06000,0.00000,0.00000,0.00000
-626663.69551,-904504.88949,149.50900,627339265.77503,13.80000,1374405.00000,5.54000,0.00000,0.00000,0.00000
-625915.51260,-904859.03825,147.02000,627339265.82138,13.79000,1921750.00000,4.92000,0.00000,0.00000,0.00000
-625402.43832,-904961.30664,148.44700,627339265.86772,13.92000,284707.00000,5.93000,0.00000,0.00000,0.00000
-624814.63001,-905143.59357,147.21200,627339265.91407,13.23000,203602.00000,7.02000,0.00000,0.00000,0.00000
-623909.51226,-905665.80909,146.76300,627339265.96041,12.69000,200841.00000,7.19000,0.00000,0.00000,0.00000
-623154.31170,-906027.36982,147.76300,627339266.00676,12.30000,125801.00000,5.95000,0.00000,0.00000,0.00000
-622371.20618,-906418.79674,150.16300,627339266.05310,12.56000,549528.00000,4.32000,0.00000,0.00000,0.00000
-623871.12374,-904364.74991,125.97700,627339266.09945,13.70000,554574.00000,6.25000,0.00000,0.00000,0.00000
-623631.02284,-904174.56585,125.44100,627339266.14580,14.94000,300309.00000,10.69000,0.00000,0.00000,0.00000
-622735.83021,-904686.06115,127.37900,627339266.19214,15.08000,177633.00000,10.10000,0.00000,0.00000,0.00000
-621694.16807,-905354.41079,132.90600,627339266.23849,15.38000,709176.00000,9.61000,0.00000,0.00000,0.00000
-623106.00118,-903394.82631,119.04400,627339266.28484,16.58000,491746.00000,11.14000,0.00000,0.00000,0.00000
-621719.60179,-904432.42524,124.19900,627339266.33119,17.10000,206411.00000,13.76000,0.00000,0.00000,0.00000
-624047.06956,-901492.07372,119.51400,627339266.37753,17.44000,271040.00000,13.04000,0.00000,0.00000,0.00000
-623768.13216,-901343.51787,120.55000,627339266.42388,16.93000,817151.00000,9.58000,0.00000,0.00000,0.00000
-623014.43782,-901703.45883,121.23400,627339266.47023,16.54000,258876.00000,9.22000,0.00000,0.00000,0.00000
-622298.60501,-902022.84357,123.31700,627339266.51658,16.43000,896821.00000,6.66000,0.00000,0.00000,0.00000
-622006.70989,-901888.13306,123.80100,627339266.56292,16.32000,185951.00000,10.39000,0.00000,0.00000,0.00000
-622741.05142,-900654.27971,125.02400,627339266.60927,15.80000,208092.00000,12.73000,0.00000,0.00000,0.00000
-621873.78355,-901135.84897,124.73700,627339266.65562,15.15000,672328.00000,5.36000,0.00000,0.00000,0.00000
-622323.16664,-900207.21179,134.85200,627339266.70197,14.60000,6928608.00000,3.74000,0.00000,0.00000,0.00000
-621781.20821,-900340.35130,137.70100,627339266.74831,14.48000,663556.00000,4.05000,0.00000,0.00000,0.00000
-621299.03195,-900409.45457,140.28200,627339266.79466,14.20000,206178.00000,4.56000,0.00000,0.00000,0.00000
-620858.69827,-900433.73011,142.36800,627339266.84101,14.07000,284764.00000,5.04000,0.00000,0.00000,0.00000
-620368.06148,-900511.89884,143.71200,627339266.88736,14.09000,655134.00000,5.89000,0.00000,0.00000,0.00000
-619901.32653,-900564.43676,144.18700,627339266.93370,14.20000,526340.00000,4.82000,0.00000,0.00000,0.00000
-619383.78137,-900671.39005,145.52300,627339266.98005,14.41000,1649528.00000,4.06000,0.00000,0.00000,0.00000
-618934.98102,-900704.71036,146.39600,627339267.02640,14.54000,1937176.00000,3.93000,0.00000,0.00000,0.00000
-618599.27468,-900616.92262,148.43000,627339267.07274,14.26000,2025561.00000,3.30000,0.00000,0.00000,0.00000
-618406.05819,-900376.55431,151.29300,627339267.11909,13.68000,554949.00000,3.01000,0.00000,0.00000,0.00000
-618101.24878,-900255.66388,158.03500,627339267.16544,12.93000,2185681.00000,2.13000,0.00000,0.00000,0.00000
-617865.20457,-900061.17101,164.51100,627339267.21179,12.51000,8789727.00000,1.90000,0.00000,0.00000,0.00000
-617843.36853,-899637.28835,166.50400,627339267.25813,12.13000,2360072.00000,2.47000,0.00000,0.00000,0.00000
-617870.35251,-899161.13620,167.86600,627339267.30448,11.73000,2770945.00000,2.42000,0.00000,0.00000,0.00000
-617705.53789,-898890.36195,169.03500,627339267.35083,11.29000,1121450.00000,2.62000,0.00000,0.00000,0.00000
-618215.76806,-897896.79883,164.35100,627339267.39717,11.02000,193804.00000,6.86000,0.00000,0.00000,0.00000
-618824.63927,-896797.61709,165.41500,627339267.44352,10.34000,916439.00000,3.28000,0.00000,0.00000,0.00000
-618105.86096,-897120.03406,157.75400,627339267.48987,10.11000,1173476.00000,2.41000,0.00000,0.00000,0.00000
-618940.89842,-895778.70510,172.55400,627339267.53621,9.96000,3226904.00000,1.96000,0.00000,0.00000,0.00000
-618531.51668,-895769.85388,162.37300,627339267.58256,9.73000,2295615.00000,2.20000,0.00000,0.00000,0.00000
-619272.86250,-894528.85554,181.11100,627339267.62891,9.58000,455642.00000,1.74000,0.00000,0.00000,0.00000
-619122.51533,-894242.65289,183.47500,627339267.67526,9.54000,1122207.00000,1.51000,0.00000,0.00000,0.00000
-617556.40490,-895472.34649,161.45500,627339267.72160,9.57000,1221197.00000,2.43000,0.00000,0.00000,0.00000
-616976.13114,-895646.45716,158.86100,627339267.76795,9.55000,279198.00000,3.89000,0.00000,0.00000,0.00000
-616158.69869,-896074.44202,159.04600,627339267.81430,9.88000,235996.00000,5.36000,0.00000,0.00000,0.00000
-615663.61266,-896157.32766,158.81200,627339267.86064,10.13000,295942.00000,7.00000,0.00000,0.00000,0.00000
-616133.55421,-895207.03042,160.91200,627339267.90699,10.17000,387000.00000,4.29000,0.00000,0.00000,0.00000
-615682.80645,-895242.42581,160.19800,627339267.95334,10.03000,290618.00000,4.14000,0.00000,0.00000,0.00000
-615129.92450,-895387.15998,159.23400,627339267.99969,9.81000,650206.00000,3.21000,0.00000,0.00000,0.00000
-614833.12474,-895257.74025,156.99500,627339268.04603,9.98000,2440783.00000,2.17000,0.00000,0.00000,0.00000
-609795.85489,-900202.54672,181.56600,627339268.09238,10.41000,1544905.00000,2.18000,0.00000,0.00000,0.00000
-614296.32509,-894938.10406,142.00300,627339268.13873,11.05000,714196.00000,2.26000,0.00000,0.00000,0.00000
-615324.33243,-893390.46474,147.27300,627339268.18507,12.13000,736289.00000,3.97000,0.00000,0.00000,0.00000
-614718.14203,-893592.25868,146.68500,627339268.23142,13.88000,464319.00000,10.62000,0.00000,0.00000,0.00000
-614133.87234,-893770.57594,146.73800,627339268.27777,15.32000,236955.00000,12.34000,0.00000,0.00000,0.00000
-614840.53325,-892566.99882,149.53900,627339268.32412,15.27000,476366.00000,8.25000,0.00000,0.00000,0.00000
-613464.06548,-893593.31370,144.21800,627339268.37047,15.38000,1436799.00000,7.08000,0.00000,0.00000,0.00000
-612317.74657,-894373.20143,144.16500,627339268.41681,15.18000,596864.00000,5.55000,0.00000,0.00000,0.00000
-614090.19110,-892028.85398,152.81200,627339268.46316,14.99000,1587678.00000,6.80000,0.00000,0.00000,0.00000
-613870.64240,-891816.76050,153.65200,627339268.50951,14.58000,273657.00000,5.41000,0.00000,0.00000,0.00000
-613413.44389,-891859.06354,152.82500,627339268.55586,14.49000,486318.00000,5.22000,0.00000,0.00000,0.00000
-612758.92488,-892112.53602,151.34300,627339268.60221,14.67000,325791.00000,6.04000,0.00000,0.00000,0.00000
-611961.89983,-892518.52717,149.87000,627339268.64856,14.97000,178508.00000,6.87000,0.00000,0.00000,0.00000
-611336.26650,-892741.04521,149.27200,627339268.69490,14.60000,387121.00000,5.57000,0.00000,0.00000,0.00000
-610686.70584,-892989.15800,147.87200,627339268.74125,14.61000,268412.00000,5.55000,0.00000,0.00000,0.00000
-610208.04176,-893054.33165,146.21100,627339268.78760,14.55000,460577.00000,4.99000,0.00000,0.00000,0.00000
-613554.18197,-917313.30224,143.97300,627511919.27884,13.67000,2871766.00000,4.66000,0.00000,0.00000,0.00000
-614471.14638,-915919.82288,135.23000,627511919.32522,13.50000,2258749.00000,4.29000,0.00000,0.00000,0.00000
-613648.78298,-916333.81827,139.26800,627511919.37161,13.36000,2819642.00000,5.71000,0.00000,0.00000,0.00000
-613824.73554,-915710.38078,141.75100,627511919.41799,13.92000,113654.00000,11.45000,0.00000,0.00000,0.00000
-615042.03204,-914004.81559,147.99200,627511919.46437,13.14000,554878.00000,6.07000,0.00000,0.00000,0.00000
-615118.19994,-913485.11352,153.59000,627511919.51076,12.85000,2127022.00000,3.43000,0.00000,0.00000,0.00000
-614315.61165,-913878.57085,157.78900,627511919.55714,12.80000,4133494.00000,2.76000,0.00000,0.00000,0.00000
-613949.62584,-913818.32617,158.14500,627511919.60352,13.11000,1169903.00000,3.54000,0.00000,0.00000,0.00000
-613774.58414,-913559.64965,158.08800,627511919.64990,13.67000,251339.00000,4.76000,0.00000,0.00000,0.00000
-611121.17388,-915876.13034,142.46400,627511919.69629,14.07000,1524989.00000,3.15000,0.00000,0.00000,0.00000
-610034.35301,-916564.73496,145.43100,627511919.74267,14.28000,611160.00000,6.13000,0.00000,0.00000,0.00000
-610420.57384,-915722.91518,144.80400,627511919.78905,14.24000,1279059.00000,3.71000,0.00000,0.00000,0.00000
-611805.16314,-913843.81988,142.97400,627511919.83544,14.20000,619495.00000,4.04000,0.00000,0.00000,0.00000
-611691.42213,-913521.45805,153.75300,627511919.88182,13.92000,2855755.00000,4.30000,0.00000,0.00000,0.00000
-611452.57775,-913329.08560,153.16300,627511919.92820,13.77000,783786.00000,4.82000,0.00000,0.00000,0.00000
-612049.99892,-912267.85990,152.76800,627511919.97459,13.88000,308090.00000,5.87000,0.00000,0.00000,0.00000
-611644.01567,-912249.15212,148.18400,627511920.02097,13.84000,1144201.00000,6.23000,0.00000,0.00000,0.00000
-612191.79630,-911239.50042,150.67400,627511920.06735,13.76000,1747704.00000,5.38000,0.00000,0.00000,0.00000
-611757.45485,-911250.28666,151.23800,627511920.11373,13.68000,2286981.00000,5.20000,0.00000,0.00000,0.00000
-611155.45326,-911435.23079,148.07100,627511920.16012,13.38000,2011338.00000,6.29000,0.00000,0.00000,0.00000
-610464.29328,-911712.78649,145.75600,627511920.20650,13.01000,273679.00000,6.90000,0.00000,0.00000,0.00000
-610018.79494,-911735.11133,143.97000,627511920.25288,12.84000,460951.00000,7.05000,0.00000,0.00000,0.00000
-609718.16593,-911606.92623,141.42900,627511920.29927,13.18000,394835.00000,8.25000,0.00000,0.00000,0.00000
-609537.08895,-911354.55604,139.58600,627511920.34565,13.75000,510362.00000,11.18000,0.00000,0.00000,0.00000
-609192.89461,-911271.61800,137.65400,627511920.39204,14.31000,163829.00000,11.82000,0.00000,0.00000,0.00000
-609002.70236,-911028.71194,136.23700,627511920.43842,15.28000,225610.00000,12.17000,0.00000,0.00000,0.00000
-609642.24975,-909923.88258,137.44100,627511920.48480,15.39000,471942.00000,10.03000,0.00000,0.00000,0.00000
-610025.47927,-909085.31747,139.06800,627511920.53119,14.44000,305555.00000,6.76000,0.00000,0.00000,0.00000
-607107.44580,-911675.99308,135.44100,627511920.57757,13.72000,1461183.00000,5.53000,0.00000,0.00000,0.00000
-606527.69283,-911837.71507,135.43300,627511920.62396,13.41000,1899723.00000,5.72000,0.00000,0.00000,0.00000
-606551.27563,-911372.76502,126.55900,627511920.67034,13.34000,2273037.00000,5.47000,0.00000,0.00000,0.00000
-606113.87040,-911386.61588,125.92000,627511920.71672,13.03000,4289146.00000,4.12000,0.00000,0.00000,0.00000
-608923.64030,-908027.69154,145.08900,627511920.76311,13.38000,575122.00000,5.16000,0.00000,0.00000,0.00000
-609073.86641,-907431.20075,146.72000,627511920.80949,14.16000,373181.00000,8.14000,0.00000,0.00000,0.00000
-608310.80506,-907783.40451,139.87600,627511920.85588,14.56000,2400471.00000,7.71000,0.00000,0.00000,0.00000
-607837.47036,-907834.62831,138.16400,627511920.90226,14.89000,742367.00000,9.58000,0.00000,0.00000,0.00000
-607288.14753,-907964.77274,136.80300,627511920.94865,14.31000,812411.00000,7.09000,0.00000,0.00000,0.00000
-606971.34069,-907853.40768,138.15600,627511920.99503,13.49000,2207726.00000,3.68000,0.00000,0.00000,0.00000
-607502.00837,-906861.81835,151.15500,627511921.04141,12.82000,7531314.00000,2.91000,0.00000,0.00000,0.00000
-607314.89151,-906615.78180,154.81100,627511921.08780,12.53000,4008762.00000,3.16000,0.00000,0.00000,0.00000
-607047.73438,-906452.86371,158.05400,627511921.13418,12.51000,3191066.00000,2.94000,0.00000,0.00000,0.00000
-607078.43854,-905980.57856,160.79700,627511921.18057,12.45000,4256838.00000,3.72000,0.00000,0.00000,0.00000
-604873.13866,-907830.53403,142.74900,627511921.22695,11.97000,402835.00000,3.44000,0.00000,0.00000,0.00000
-603938.77977,-908360.46312,139.61300,627511921.27334,11.45000,869367.00000,3.85000,0.00000,0.00000,0.00000
-603591.06580,-908281.15972,135.00700,627511921.31972,11.28000,1295994.00000,3.28000,0.00000,0.00000,0.00000
-603363.41216,-908077.17024,128.55500,627511921.36611,11.36000,1429680.00000,2.97000,0.00000,0.00000,0.00000
-603393.13669,-907605.92965,121.17400,627511921.41249,11.86000,1125396.00000,3.14000,0.00000,0.00000,0.00000
-602850.36234,-907729.16825,115.46400,627511921.45888,12.16000,1274761.00000,3.04000,0.00000,0.00000,0.00000
-602871.99973,-907266.33566,113.73600,627511921.50526,12.39000,953419.00000,3.07000,0.00000,0.00000,0.00000
-603286.34711,-905074.64898,144.81100,627511921.69080,10.08000,414261.00000,3.52000,0.00000,0.00000,0.00000
-602815.05722,-905123.69306,142.62700,627511921.73719,10.29000,616800.00000,4.05000,0.00000,0.00000,0.00000
-635166.42883,-880410.67488,198.79400,627732530.15753,12.31000,1451664.00000,7.18000,0.00000,0.00000,1.00000
-635050.05239,-880794.41900,197.41100,627732530.20410,11.73000,2308725.00000,7.26000,0.00000,0.00000,1.00000
-635405.35689,-880975.17390,199.65000,627732530.25067,10.59000,2480199.00000,5.18000,0.00000,0.00000,1.00000
-636138.13822,-880993.50976,210.30500,627732530.29724,13.06000,235838.00000,12.99000,0.00000,0.00000,1.00000
-634851.59107,-881880.76307,208.55400,627732530.34381,13.82000,76981.00000,12.17000,0.00000,0.00000,1.00000
-634392.01548,-882412.15463,211.57900,627732530.39039,12.61000,555208.00000,9.06000,0.00000,0.00000,1.00000
-634149.10721,-882850.30671,215.95000,627732530.43696,10.19000,595734.00000,7.44000,0.00000,0.00000,1.00000
-634898.72400,-882861.43288,218.72800,627732530.48353,8.56000,254212.00000,6.55000,0.00000,0.00000,1.00000
-634881.90418,-883202.30647,220.70400,627732530.53010,9.47000,165592.00000,10.42000,0.00000,0.00000,1.00000
-634994.95380,-883487.30978,220.39900,627732530.57667,10.09000,166288.00000,8.93000,0.00000,0.00000,1.00000
-634264.16716,-884135.34812,220.45700,627732530.62324,11.04000,596386.00000,5.76000,0.00000,0.00000,1.00000
-635535.96856,-883921.82703,212.90500,627732530.66981,12.26000,820259.00000,10.75000,0.00000,0.00000,1.00000
-635129.51668,-884430.33689,212.27300,627732530.71638,12.82000,260865.00000,14.60000,0.00000,0.00000,1.00000
-634278.23884,-885130.17863,214.15600,627732530.76295,11.17000,442007.00000,11.43000,0.00000,0.00000,1.00000
-633972.70789,-885595.24437,215.87300,627732530.80953,10.08000,492786.00000,8.39000,0.00000,0.00000,1.00000
-636502.27497,-884840.71718,209.85400,627732530.85610,11.35000,362123.00000,7.30000,0.00000,0.00000,1.00000
-636733.08545,-885075.07073,207.37200,627732530.90267,13.83000,1527834.00000,9.36000,0.00000,0.00000,1.00000
-636377.75115,-885561.58104,204.70700,627732530.94924,14.92000,407243.00000,9.14000,0.00000,0.00000,1.00000
-636233.03791,-885957.47219,201.63200,627732530.99581,14.62000,543329.00000,7.44000,0.00000,0.00000,1.00000
-637008.94704,-885957.35368,201.74700,627732531.04238,13.97000,1006531.00000,4.33000,0.00000,0.00000,1.00000
-636006.18345,-886722.34143,194.29800,627732531.08895,13.39000,1390163.00000,3.52000,0.00000,0.00000,1.00000
-635116.30974,-888105.98626,176.76200,627732531.22866,13.58000,1015626.00000,4.39000,0.00000,0.00000,1.00000
-634958.75613,-888507.37137,174.71400,627732531.27524,14.37000,499824.00000,6.61000,0.00000,0.00000,1.00000
-635087.24259,-888785.74034,174.05400,627732531.32181,14.50000,675347.00000,8.05000,0.00000,0.00000,1.00000
-635547.53179,-888921.40672,173.51800,627732531.36838,14.34000,244014.00000,6.83000,0.00000,0.00000,1.00000
-635744.67298,-889170.26121,173.96300,627732531.41495,14.15000,545540.00000,5.47000,0.00000,0.00000,1.00000
-634052.69563,-891899.51874,167.91300,627732531.69437,12.82000,1136963.00000,3.96000,0.00000,0.00000,1.00000
-634455.10496,-892060.10603,166.88000,627732531.74094,13.22000,323806.00000,4.19000,0.00000,0.00000,1.00000
-634607.80790,-892328.07900,167.47200,627732531.78752,13.74000,534904.00000,4.89000,0.00000,0.00000,1.00000
-639517.18931,-890884.44762,180.42200,627732531.88066,15.16000,158784.00000,10.42000,0.00000,0.00000,1.00000
-639247.88858,-891333.91881,180.78200,627732531.92723,14.47000,1683427.00000,5.78000,0.00000,0.00000,1.00000
-637875.38489,-892257.70525,189.82600,627732531.97380,14.50000,1306565.00000,4.75000,0.00000,0.00000,1.00000
-638059.05553,-892512.39071,191.61200,627732532.02037,14.64000,413122.00000,6.41000,0.00000,0.00000,1.00000
-638312.72139,-892736.97642,191.24900,627732532.06695,14.66000,800413.00000,8.36000,0.00000,0.00000,1.00000
-640501.55181,-892129.56799,191.27300,627732532.11352,13.74000,117971.00000,8.78000,0.00000,0.00000,1.00000
-638524.90078,-894314.04099,152.13400,627732532.29981,12.52000,252839.00000,4.99000,0.00000,0.00000,1.00000
-638208.40348,-894783.75114,152.18600,627732532.34638,14.17000,148312.00000,10.35000,0.00000,0.00000,1.00000
-638733.36175,-894891.74689,150.96500,627732532.39295,15.06000,293663.00000,10.84000,0.00000,0.00000,1.00000
-639642.69776,-894834.50052,152.78600,627732532.43953,15.31000,285913.00000,9.34000,0.00000,0.00000,1.00000
-640311.05064,-894880.86628,154.52300,627732532.48610,15.71000,292838.00000,10.93000,0.00000,0.00000,1.00000
-640291.41511,-895222.97350,155.38700,627732532.53267,15.19000,291241.00000,9.18000,0.00000,0.00000,1.00000
-618565.36190,-883892.05560,151.99700,627905183.19743,14.16000,662086.00000,4.44000,0.00000,0.00000,1.00000
-618428.87961,-884280.18845,146.39700,627905183.24405,14.43000,4221776.00000,5.41000,0.00000,0.00000,1.00000
-618784.40755,-884465.34399,146.18000,627905183.29068,14.76000,1098460.00000,7.30000,0.00000,0.00000,1.00000
-619227.36930,-884614.44491,147.37700,627905183.33730,15.53000,72576.00000,11.22000,0.00000,0.00000,1.00000
-619642.55231,-884775.02000,148.63300,627905183.38393,15.60000,157383.00000,11.30000,0.00000,0.00000,1.00000
-619494.52921,-885167.91770,149.36700,627905183.43055,15.11000,137236.00000,7.69000,0.00000,0.00000,1.00000
-619410.88322,-885534.24360,150.76300,627905183.47718,15.05000,240732.00000,9.24000,0.00000,0.00000,1.00000
-619453.29806,-885848.58470,152.99800,627905183.52380,14.61000,221548.00000,6.38000,0.00000,0.00000,1.00000
-619358.80005,-886219.38641,155.41400,627905183.57043,13.99000,289280.00000,5.39000,0.00000,0.00000,1.00000
-619243.96952,-886598.56909,157.27300,627905183.61705,14.04000,376678.00000,6.68000,0.00000,0.00000,1.00000
-619177.25036,-886957.89951,157.88700,627905183.66367,13.87000,272773.00000,5.64000,0.00000,0.00000,1.00000
-619193.21854,-887283.13000,157.68900,627905183.71030,14.11000,385877.00000,6.31000,0.00000,0.00000,1.00000
-619296.61150,-887572.30088,157.72500,627905183.75692,14.38000,313151.00000,5.59000,0.00000,0.00000,1.00000
-619458.29546,-887837.43823,157.65800,627905183.80355,14.43000,231820.00000,6.69000,0.00000,0.00000,1.00000
-619675.55247,-888079.65536,157.55100,627905183.85017,14.99000,269380.00000,9.94000,0.00000,0.00000,1.00000
-620413.34956,-888107.21859,157.83500,627905183.89680,15.08000,115701.00000,11.62000,0.00000,0.00000,1.00000
-621697.43633,-887909.49120,163.08000,627905183.94342,13.97000,1376258.00000,5.21000,0.00000,0.00000,1.00000
-621768.96594,-888211.83351,168.40500,627905183.99004,13.32000,443783.00000,4.65000,0.00000,0.00000,1.00000
-621467.04587,-888668.17095,168.36200,627905184.03667,12.96000,346897.00000,5.22000,0.00000,0.00000,1.00000
-621175.30069,-889120.31334,160.60900,627905184.08329,12.70000,1400820.00000,4.51000,0.00000,0.00000,1.00000
-621460.34041,-889334.60168,161.66700,627905184.12991,13.21000,348998.00000,15.13000,0.00000,0.00000,1.00000
-622227.97280,-889349.89565,164.04400,627905184.17654,12.42000,86303.00000,9.16000,0.00000,0.00000,1.00000
-621637.28988,-889925.29522,160.69600,627905184.22316,11.75000,211816.00000,6.48000,0.00000,0.00000,1.00000
-620881.20567,-890568.87922,158.22000,627905184.26979,11.41000,575506.00000,5.12000,0.00000,0.00000,1.00000
-620289.80781,-891144.53142,157.07000,627905184.31641,11.73000,1800511.00000,3.63000,0.00000,0.00000,1.00000
-619663.83054,-891734.42076,158.79800,627905184.36304,11.85000,500690.00000,2.13000,0.00000,0.00000,1.00000
-623327.95612,-890555.53840,135.45600,627905184.40966,11.79000,4391519.00000,2.17000,0.00000,0.00000,1.00000
-625132.14753,-890143.47538,134.44000,627905184.45628,11.46000,1203728.00000,1.79000,0.00000,0.00000,1.00000
-624778.64001,-890621.10128,135.49500,627905184.50291,11.38000,4652566.00000,1.81000,0.00000,0.00000,1.00000
-624804.74776,-890942.19463,135.83900,627905184.54953,11.42000,3541139.00000,2.40000,0.00000,0.00000,1.00000
-624039.74894,-891589.44744,136.84700,627905184.59615,11.47000,2714973.00000,2.14000,0.00000,0.00000,1.00000
-623782.49857,-892027.35401,135.11100,627905184.64278,11.58000,4877800.00000,1.74000,0.00000,0.00000,1.00000
-624090.60892,-892232.17330,131.98000,627905184.68940,12.05000,4948197.00000,2.24000,0.00000,0.00000,1.00000
-623480.82703,-892815.39756,132.51400,627905184.73602,12.63000,3903496.00000,2.33000,0.00000,0.00000,1.00000
-624350.90291,-892788.54454,132.97000,627905184.78265,13.49000,657612.00000,3.09000,0.00000,0.00000,1.00000
-623020.50144,-893668.83634,134.55200,627905184.82927,14.15000,1565157.00000,4.20000,0.00000,0.00000,1.00000
-623807.19295,-893676.38173,134.99000,627905184.87590,14.57000,1866803.00000,5.80000,0.00000,0.00000,1.00000
-623122.14160,-894290.60599,135.25900,627905184.92252,15.52000,1738292.00000,9.46000,0.00000,0.00000,1.00000
-623713.59595,-894378.64310,136.07600,627905184.96914,15.97000,1688978.00000,11.52000,0.00000,0.00000,1.00000
-621833.35715,-895485.46152,137.99700,627905185.01577,15.31000,860605.00000,7.70000,0.00000,0.00000,1.00000
-621993.64727,-895751.22237,137.46500,627905185.06239,14.21000,662238.00000,10.19000,0.00000,0.00000,1.00000
-621488.87778,-896291.06546,137.73300,627905185.10902,13.50000,864779.00000,4.46000,0.00000,0.00000,1.00000
-625569.71255,-894940.95133,125.87700,627905185.15564,14.05000,766792.00000,4.44000,0.00000,0.00000,1.00000
-626152.39643,-895032.63291,124.66500,627905185.20226,14.96000,438061.00000,6.98000,0.00000,0.00000,1.00000
-621709.37040,-897195.63211,130.88800,627905185.24889,15.49000,197038.00000,10.14000,0.00000,0.00000,1.00000
-621788.29833,-897494.92518,132.06100,627905185.29551,15.68000,83031.00000,10.44000,0.00000,0.00000,1.00000
-622090.94443,-897702.02103,132.52000,627905185.34214,15.46000,214337.00000,9.67000,0.00000,0.00000,1.00000
-622646.47907,-897804.92595,133.04300,627905185.38876,15.00000,409571.00000,6.39000,0.00000,0.00000,1.00000
-622349.13006,-898259.27864,134.93600,627905185.43539,14.69000,1007061.00000,5.41000,0.00000,0.00000,1.00000
-622418.55287,-898562.48928,135.97500,627905185.48201,14.85000,1521264.00000,5.17000,0.00000,0.00000,1.00000
-623001.88709,-898653.95094,135.86000,627905185.52864,14.84000,3043921.00000,7.01000,0.00000,0.00000,1.00000
-627039.49445,-897321.96651,145.84300,627905185.57526,14.58000,661383.00000,8.32000,0.00000,0.00000,1.00000
-625845.20483,-898145.99006,139.17400,627905185.62189,14.34000,844472.00000,7.89000,0.00000,0.00000,1.00000
-627116.03113,-897954.16777,143.22900,627905185.66851,13.96000,800439.00000,8.02000,0.00000,0.00000,1.00000
-627135.99147,-898277.80856,140.65400,627905185.71514,13.59000,1262345.00000,5.42000,0.00000,0.00000,1.00000
-624130.03573,-899848.26175,126.23200,627905185.76176,14.07000,383373.00000,6.68000,0.00000,0.00000,1.00000
-624179.11692,-900159.87965,121.82200,627905185.80839,14.78000,261017.00000,12.82000,0.00000,0.00000,1.00000
-624883.15371,-900201.63527,120.96500,627905185.85501,14.55000,340120.00000,10.37000,0.00000,0.00000,1.00000
-626087.58800,-900037.24619,125.37900,627905185.90164,14.02000,376360.00000,6.19000,0.00000,0.00000,1.00000
-625123.69793,-900766.22446,122.04700,627905185.94826,13.63000,391431.00000,6.79000,0.00000,0.00000,1.00000
-624608.63450,-901310.24254,119.57400,627905185.99488,13.15000,260948.00000,6.88000,0.00000,0.00000,1.00000
-624518.01431,-901679.39817,117.91400,627905186.04151,13.29000,359839.00000,6.25000,0.00000,0.00000,1.00000
-624605.04943,-901975.37710,117.62900,627905186.08813,13.53000,524984.00000,7.90000,0.00000,0.00000,1.00000
-624926.68607,-902174.70898,118.11500,627905186.13476,13.51000,1051070.00000,5.98000,0.00000,0.00000,1.00000
-624907.93589,-902514.25958,121.09800,627905186.18138,13.10000,3530579.00000,5.07000,0.00000,0.00000,1.00000
-624722.38059,-902922.52253,122.43200,627905186.22801,12.77000,1488377.00000,4.89000,0.00000,0.00000,1.00000
-624554.44809,-903323.52184,123.07700,627905186.27463,13.11000,902705.00000,7.34000,0.00000,0.00000,1.00000
-624824.54426,-903544.09181,123.05500,627905186.32125,13.10000,381062.00000,7.60000,0.00000,0.00000,1.00000
-623140.40508,-904569.55935,124.89700,627905186.36788,12.49000,1463830.00000,3.57000,0.00000,0.00000,1.00000
-630311.03446,-901947.70959,175.24800,627905186.41450,12.08000,1208735.00000,3.24000,0.00000,0.00000,1.00000
-629986.54567,-902413.26111,168.32600,627905186.46113,12.61000,387874.00000,4.94000,0.00000,0.00000,1.00000
-628799.55921,-903234.10950,159.87100,627905186.50775,13.31000,136892.00000,8.23000,0.00000,0.00000,1.00000
-628356.34718,-903748.53355,159.69900,627905186.55437,13.36000,559620.00000,4.40000,0.00000,0.00000,1.00000
-628511.16736,-904016.61846,163.59000,627905186.60100,13.47000,6877308.00000,2.65000,0.00000,0.00000,1.00000
-625538.07003,-905572.98289,148.38300,627905186.64762,13.27000,562776.00000,2.65000,0.00000,0.00000,1.00000
-625912.58663,-905750.57828,148.99600,627905186.69424,12.74000,759642.00000,2.36000,0.00000,0.00000,1.00000
-626786.84808,-905722.35850,150.19300,627905186.74087,12.21000,1976452.00000,2.58000,0.00000,0.00000,1.00000
-626628.38829,-906119.45831,147.46300,627905186.78749,11.98000,593155.00000,3.96000,0.00000,0.00000,1.00000
-627017.82428,-906290.91709,145.02900,627905186.83412,11.92000,1351695.00000,5.29000,0.00000,0.00000,1.00000
-627799.20015,-906300.97012,148.27300,627905186.88074,11.54000,1212193.00000,2.50000,0.00000,0.00000,1.00000
-628472.07822,-906355.71318,155.27200,627905186.92737,11.90000,265685.00000,6.71000,0.00000,0.00000,1.00000
-627391.39163,-907132.59806,154.28900,627905186.97399,12.01000,449437.00000,4.98000,0.00000,0.00000,1.00000
-627194.93533,-907545.33131,153.38100,627905187.02061,11.30000,5017175.00000,4.81000,0.00000,0.00000,1.00000
-627222.92760,-907865.63345,152.36100,627905187.06724,9.78000,6549472.00000,3.47000,0.00000,0.00000,1.00000
-627349.25140,-908145.46274,141.01400,627905187.11386,8.24000,1342350.00000,2.98000,0.00000,0.00000,1.00000
-627494.55468,-908417.46233,142.25700,627905187.16049,7.16000,2067887.00000,3.25000,0.00000,0.00000,1.00000
-627745.65602,-908645.91631,141.36300,627905187.20711,6.76000,3904686.00000,3.41000,0.00000,0.00000,1.00000
-630670.00091,-907773.63735,147.65500,627905187.25373,6.28000,575087.00000,3.88000,0.00000,0.00000,1.00000
-635375.63270,-906167.65843,192.23900,627905187.30036,6.78000,6530225.00000,3.10000,0.00000,0.00000,1.00000
-628922.12600,-909157.04904,136.04800,627905187.34698,9.65000,277508.00000,6.50000,0.00000,0.00000,1.00000
-628756.15886,-909557.24051,138.10900,627905187.39360,11.25000,476897.00000,4.82000,0.00000,0.00000,1.00000
-627803.50243,-910281.29489,135.97500,627905187.44023,11.26000,1223490.00000,5.06000,0.00000,0.00000,1.00000
-626837.25760,-911010.89827,138.47900,627905187.48685,10.20000,1105861.00000,4.94000,0.00000,0.00000,1.00000
-626267.74397,-911577.16592,141.67800,627905187.53348,8.62000,1256212.00000,3.20000,0.00000,0.00000,1.00000
-629125.09552,-910732.73665,146.12500,627905187.58010,8.25000,4488008.00000,2.58000,0.00000,0.00000,1.00000
-634027.82027,-909046.06524,159.77700,627905187.62673,9.05000,5000097.00000,2.63000,0.00000,0.00000,1.00000
-633467.82873,-909608.54327,158.98100,627905187.67335,9.66000,3019566.00000,3.05000,0.00000,0.00000,1.00000
-633101.12315,-910091.40838,156.20400,627905187.71997,9.53000,1812978.00000,3.06000,0.00000,0.00000,1.00000
-632081.32272,-910843.15686,150.60100,627905187.76660,9.13000,1702082.00000,2.61000,0.00000,0.00000,1.00000
-630302.55494,-911907.26968,160.91400,627905187.81322,8.67000,939754.00000,3.35000,0.00000,0.00000,1.00000
-606416.47006,-898698.41157,145.65500,628077838.16265,13.85000,179830.00000,8.88000,0.00000,0.00000,1.00000
-607604.20995,-898559.85613,144.80500,628077838.20932,13.49000,91567.00000,9.04000,0.00000,0.00000,1.00000
-608245.21312,-898637.01787,146.26700,628077838.25600,12.84000,618364.00000,6.95000,0.00000,0.00000,1.00000
-608334.70192,-898931.80241,147.49600,628077838.30268,12.39000,389306.00000,5.09000,0.00000,0.00000,1.00000
-608364.81075,-899250.02454,147.21700,628077838.34935,12.25000,362178.00000,4.57000,0.00000,0.00000,1.00000
-608149.18619,-899665.19746,146.81400,628077838.39602,12.48000,657109.00000,5.68000,0.00000,0.00000,1.00000
-607979.97314,-900062.05509,146.78300,628077838.44270,12.57000,386490.00000,6.12000,0.00000,0.00000,1.00000
-607746.59164,-900484.22632,146.61300,628077838.48937,12.07000,1727249.00000,5.23000,0.00000,0.00000,1.00000
-607474.28922,-900921.73253,145.50500,628077838.53605,11.24000,477504.00000,5.58000,0.00000,0.00000,1.00000
-607679.80511,-901170.74411,144.88000,628077838.58272,10.64000,492581.00000,5.87000,0.00000,0.00000,1.00000
-607679.85632,-901500.81180,143.47100,628077838.62940,10.83000,598635.00000,4.79000,0.00000,0.00000,1.00000
-607329.72291,-901969.01710,143.74100,628077838.67607,11.03000,765571.00000,4.72000,0.00000,0.00000,1.00000
-607146.14178,-902371.51220,146.23100,628077838.72275,10.92000,580164.00000,5.11000,0.00000,0.00000,1.00000
-607031.49368,-902746.79689,150.98000,628077838.76942,10.75000,437632.00000,4.92000,0.00000,0.00000,1.00000
-606981.70078,-903096.51182,154.34500,628077838.81610,10.59000,487473.00000,5.70000,0.00000,0.00000,1.00000
-606656.80741,-903554.71963,159.88200,628077838.86277,10.55000,525079.00000,4.17000,0.00000,0.00000,1.00000
-608107.40438,-903312.64273,158.99900,628077838.90944,10.69000,404964.00000,5.05000,0.00000,0.00000,1.00000
-608334.74949,-903553.05420,163.80100,628077838.95612,10.67000,914977.00000,2.70000,0.00000,0.00000,1.00000
-608277.43982,-903905.74282,165.95000,628077839.00279,10.80000,366382.00000,3.20000,0.00000,0.00000,1.00000
-608254.25407,-904244.96343,166.51700,628077839.04947,10.58000,241550.00000,3.06000,0.00000,0.00000,1.00000
-607955.95886,-904692.67862,164.87300,628077839.09614,10.60000,1200147.00000,2.64000,0.00000,0.00000,1.00000
-610653.14060,-903958.98882,147.09400,628077839.14281,10.68000,2536238.00000,2.81000,0.00000,0.00000,1.00000
-610070.86359,-904518.75848,147.88400,628077839.18949,11.22000,538167.00000,4.73000,0.00000,0.00000,1.00000
-609819.66223,-904947.92182,148.42600,628077839.23616,11.74000,761395.00000,5.97000,0.00000,0.00000,1.00000
-609690.65367,-905328.89251,148.99900,628077839.28284,12.13000,1695560.00000,7.71000,0.00000,0.00000,1.00000
-608869.40425,-905982.83302,150.96800,628077839.32951,12.37000,217835.00000,9.34000,0.00000,0.00000,1.00000
-609885.23348,-905912.32801,150.71200,628077839.37618,12.12000,587630.00000,6.95000,0.00000,0.00000,1.00000
-610593.86391,-905962.97208,153.00700,628077839.42286,11.92000,415760.00000,3.10000,0.00000,0.00000,1.00000
-611423.32216,-905965.97859,160.30900,628077839.46953,12.06000,1110956.00000,3.93000,0.00000,0.00000,1.00000
-611383.05855,-906311.94837,157.13500,628077839.51621,12.07000,328408.00000,5.63000,0.00000,0.00000,1.00000
-611201.48103,-906713.66325,155.14400,628077839.56288,12.31000,200405.00000,10.84000,0.00000,0.00000,1.00000
-610625.97526,-907270.69902,153.91600,628077839.60955,11.97000,273828.00000,8.59000,0.00000,0.00000,1.00000
-611005.56093,-907451.12689,152.93000,628077839.65623,11.51000,634688.00000,4.10000,0.00000,0.00000,1.00000
-611282.05799,-907672.19672,150.02800,628077839.70290,11.36000,774682.00000,3.87000,0.00000,0.00000,1.00000
-611861.68008,-907773.74309,147.90100,628077839.74958,11.25000,585286.00000,6.08000,0.00000,0.00000,1.00000
-612039.87144,-908033.59182,146.99000,628077839.79625,11.11000,333472.00000,6.46000,0.00000,0.00000,1.00000
-611957.94610,-908396.00741,145.03900,628077839.84292,11.09000,872804.00000,6.35000,0.00000,0.00000,1.00000
-611977.72911,-908718.30648,146.03000,628077839.88960,11.18000,1548632.00000,3.70000,0.00000,0.00000,1.00000
-612166.15035,-908974.12188,146.69700,628077839.93627,11.42000,2505228.00000,3.06000,0.00000,0.00000,1.00000
-613231.19117,-908884.32391,154.64100,628077839.98295,11.54000,5232232.00000,2.34000,0.00000,0.00000,1.00000
-613993.76997,-908913.77565,162.82500,628077840.02962,11.78000,7609968.00000,2.10000,0.00000,0.00000,1.00000
-614193.12283,-909165.30777,164.02100,628077840.07629,12.19000,2555731.00000,3.18000,0.00000,0.00000,1.00000
-614431.38714,-909401.48989,164.66200,628077840.12297,12.06000,765440.00000,3.95000,0.00000,0.00000,1.00000
-614685.36350,-909631.49080,165.10700,628077840.16964,11.69000,523693.00000,6.38000,0.00000,0.00000,1.00000
-614436.83054,-910059.59111,162.46900,628077840.21632,11.92000,673903.00000,8.38000,0.00000,0.00000,1.00000
-613604.54565,-910717.82061,155.26500,628077840.26299,12.17000,2565785.00000,6.37000,0.00000,0.00000,1.00000
-613293.86801,-911170.40515,151.41500,628077840.30966,12.38000,1340557.00000,4.96000,0.00000,0.00000,1.00000
-613242.63954,-911520.71865,148.44700,628077840.35634,12.67000,1211100.00000,4.39000,0.00000,0.00000,1.00000
-613497.96698,-911750.18320,146.55900,628077840.40301,12.68000,1107597.00000,4.11000,0.00000,0.00000,1.00000
-612641.70473,-912417.79468,145.67100,628077840.44969,12.25000,1309817.00000,3.62000,0.00000,0.00000,1.00000
-612713.34488,-912719.66044,149.14700,628077840.49636,11.95000,721219.00000,3.19000,0.00000,0.00000,1.00000
-612926.31628,-912965.81472,155.25800,628077840.54303,12.15000,4648286.00000,2.86000,0.00000,0.00000,1.00000
-613129.72844,-913215.75009,162.30700,628077840.58971,12.37000,3825982.00000,3.80000,0.00000,0.00000,1.00000
-612841.54755,-913659.43537,151.93500,628077840.63638,12.43000,1614239.00000,4.07000,0.00000,0.00000,1.00000
-613387.04392,-913774.54526,156.80300,628077840.68306,12.33000,503202.00000,4.71000,0.00000,0.00000,1.00000
-613712.68451,-913976.31049,157.28400,628077840.72973,12.00000,937494.00000,4.87000,0.00000,0.00000,1.00000
-613691.46409,-914314.78588,155.71400,628077840.77640,11.56000,2384908.00000,3.43000,0.00000,0.00000,1.00000
-613231.86963,-914826.01985,151.17300,628077840.82308,11.49000,1978898.00000,3.14000,0.00000,0.00000,1.00000
-613117.76332,-915201.07573,146.92200,628077840.86975,11.96000,757778.00000,3.76000,0.00000,0.00000,1.00000
-613044.63323,-915560.00489,144.03800,628077840.91643,12.39000,976351.00000,4.76000,0.00000,0.00000,1.00000
-612679.90219,-916033.80819,138.73400,628077840.96310,12.52000,4665992.00000,5.36000,0.00000,0.00000,1.00000
-613184.45253,-916165.09989,141.93500,628077841.00977,12.93000,3354517.00000,5.08000,0.00000,0.00000,1.00000
-613175.49331,-916498.73327,142.55000,628077841.05645,13.06000,2017962.00000,4.30000,0.00000,0.00000,1.00000
-613925.19589,-916533.42885,133.73200,628077841.10312,13.00000,3496217.00000,3.03000,0.00000,0.00000,1.00000
-613281.15887,-917117.29219,147.87800,628077841.14980,13.04000,4003905.00000,3.06000,0.00000,0.00000,1.00000
-614775.19951,-916858.72200,136.31500,628077841.19647,12.88000,1954482.00000,3.06000,0.00000,0.00000,1.00000
-614730.04547,-917206.63125,136.84400,628077841.24314,12.69000,702122.00000,4.50000,0.00000,0.00000,1.00000
