-608114.11388,-897133.40053,147.59500,515472047.30134,12.87000,99074.00000,11.54000,0.00000,0.00000,1.00000
-608216.34250,-897420.51834,150.22600,515472047.34757,11.95000,193032.00000,7.94000,0.00000,0.00000,1.00000
-608161.51468,-897770.00557,149.82400,515472047.39380,11.10000,276752.00000,7.58000,0.00000,0.00000,1.00000
-608407.94794,-897999.86347,147.86300,515472047.44003,10.86000,146114.00000,8.88000,0.00000,0.00000,1.00000
-608732.92074,-898198.55836,148.77700,515472047.48626,10.49000,902390.00000,6.64000,0.00000,0.00000,1.00000
-608582.61606,-898585.93565,149.10000,515472047.53249,10.24000,3217220.00000,4.63000,0.00000,0.00000,1.00000
-608637.44861,-898891.87347,148.20700,515472047.57871,9.98000,1832374.00000,4.40000,0.00000,0.00000,1.00000
-608778.26436,-899163.67935,148.73600,515472047.62494,10.14000,591799.00000,5.06000,0.00000,0.00000,1.00000
-608812.10371,-899477.95200,148.08200,515472047.67117,10.45000,295891.00000,7.50000,0.00000,0.00000,1.00000
-608757.25651,-899827.44211,147.42500,515472047.71740,10.10000,274985.00000,7.74000,0.00000,0.00000,1.00000
-608209.49705,-900372.55694,146.52000,515472047.76363,9.18000,555900.00000,6.71000,0.00000,0.00000,1.00000
-607929.84692,-900811.25476,145.59400,515472047.80986,8.21000,385718.00000,5.67000,0.00000,0.00000,1.00000
-608057.10401,-901088.44023,143.72700,515472047.85609,8.29000,640828.00000,5.31000,0.00000,0.00000,1.00000
-608218.20914,-901352.18592,142.53300,515472047.90232,8.70000,3843915.00000,5.35000,0.00000,0.00000,1.00000
-608304.16799,-901645.77415,142.91500,515472047.94855,8.85000,910998.00000,5.87000,0.00000,0.00000,1.00000
-608036.00955,-902079.89224,146.60100,515472047.99478,8.46000,597878.00000,3.89000,0.00000,0.00000,1.00000
-607648.68514,-902561.30001,151.89700,515472048.04100,8.33000,1048968.00000,4.40000,0.00000,0.00000,1.00000
-607554.52698,-902926.34769,154.76500,515472048.08723,8.24000,494883.00000,5.72000,0.00000,0.00000,1.00000
-607797.55406,-903157.60238,155.31900,515472048.13346,8.24000,977645.00000,7.14000,0.00000,0.00000,1.00000
-608104.21799,-903363.57894,156.39100,515472048.17969,7.81000,1528198.00000,3.29000,0.00000,0.00000,1.00000
-608456.25965,-903551.56796,164.06700,515472048.22592,7.76000,3405809.00000,2.40000,0.00000,0.00000,1.00000
-608356.68470,-903918.78571,165.98700,515472048.27215,8.00000,205853.00000,4.62000,0.00000,0.00000,1.00000
-608315.31796,-904262.87699,165.91700,515472048.31838,8.22000,264395.00000,4.29000,0.00000,0.00000,1.00000
-608067.43805,-904688.91622,164.11100,515472048.36461,8.72000,513842.00000,3.82000,0.00000,0.00000,1.00000
-610260.51127,-904146.40009,147.98900,515472048.41083,9.45000,1828795.00000,3.73000,0.00000,0.00000,1.00000
-609748.55425,-904677.24740,148.98700,515472048.45706,10.57000,470080.00000,8.74000,0.00000,0.00000,1.00000
-609183.77162,-905229.03430,150.44700,515472048.50329,11.62000,672583.00000,12.63000,0.00000,0.00000,1.00000
-609596.75076,-905392.87614,151.24300,515472048.54952,11.75000,462548.00000,12.54000,0.00000,0.00000,1.00000
-609671.83757,-905690.77200,149.10400,515472048.59575,10.86000,1109756.00000,9.99000,0.00000,0.00000,1.00000
-610382.07718,-905736.66664,150.67600,515472048.64197,10.41000,2467158.00000,3.59000,0.00000,0.00000,1.00000
-611637.39506,-905566.30585,162.21800,515472048.68820,10.15000,4913325.00000,3.06000,0.00000,0.00000,1.00000
-611671.86632,-905880.34000,160.52600,515472048.73443,10.26000,424653.00000,3.74000,0.00000,0.00000,1.00000
-611861.39971,-906132.84941,158.07000,515472048.78066,10.81000,236307.00000,6.72000,0.00000,0.00000,1.00000
-612278.45270,-906295.10202,157.83900,515472048.82688,10.91000,120619.00000,8.92000,0.00000,0.00000,1.00000
-611570.76532,-906903.58386,156.25500,515472048.87311,10.98000,307741.00000,10.72000,0.00000,0.00000,1.00000
-610996.46054,-907459.12808,154.31300,515472048.91934,10.26000,1215944.00000,6.16000,0.00000,0.00000,1.00000
-611420.27001,-907618.68150,151.79700,515472048.96557,9.63000,1732158.00000,5.34000,0.00000,0.00000,1.00000
-611790.60315,-907799.48466,148.92500,515472049.01179,9.12000,298573.00000,6.20000,0.00000,0.00000,1.00000
-612632.23315,-907793.30309,149.33600,515472049.05802,9.23000,1897088.00000,5.08000,0.00000,0.00000,1.00000
-611908.24852,-908408.21054,143.67200,515472049.10425,9.25000,639766.00000,5.70000,0.00000,0.00000,1.00000
-613850.94975,-907965.27767,161.22500,515472049.15048,9.31000,5905938.00000,2.82000,0.00000,0.00000,1.00000
-613055.19937,-908608.65848,151.84800,515472049.19670,9.40000,3516399.00000,2.21000,0.00000,0.00000,1.00000
-614215.09893,-908476.26931,162.93300,515472049.24293,9.33000,4453053.00000,2.02000,0.00000,0.00000,1.00000
-615187.38265,-908418.30217,177.35200,515472049.28916,9.11000,1481163.00000,3.08000,0.00000,0.00000,1.00000
-615317.31933,-908694.50774,178.74000,515472049.33539,8.40000,1836880.00000,2.82000,0.00000,0.00000,1.00000
-615405.94246,-908987.07730,178.38300,515472049.38161,7.64000,3095304.00000,2.84000,0.00000,0.00000,1.00000
-614726.01430,-909584.50588,162.31900,515472049.42784,7.08000,1181062.00000,3.45000,0.00000,0.00000,1.00000
-614469.26944,-910014.07274,159.41400,515472049.47407,7.93000,759464.00000,8.45000,0.00000,0.00000,1.00000
-614852.46407,-910189.81050,161.02900,515472049.52030,9.15000,681387.00000,8.71000,0.00000,0.00000,1.00000
-614141.97297,-910799.32632,155.81700,515472049.56652,9.49000,1074227.00000,7.96000,0.00000,0.00000,1.00000
-614507.56593,-910982.04104,152.96000,515472049.61275,9.39000,2238745.00000,7.40000,0.00000,0.00000,1.00000
-614046.27178,-911492.71692,149.84600,515472049.65898,9.77000,937430.00000,6.58000,0.00000,0.00000,1.00000
-614419.98684,-911672.21552,149.29200,515472049.70520,9.93000,1838934.00000,6.92000,0.00000,0.00000,1.00000
-613899.06346,-912206.51210,149.76500,515472049.75143,9.95000,1500691.00000,4.13000,0.00000,0.00000,1.00000
-613610.43325,-912648.68518,151.40500,515472049.79766,9.96000,2771747.00000,3.35000,0.00000,0.00000,1.00000
-613501.26689,-913019.68346,152.75500,515472049.84389,9.88000,2982372.00000,3.69000,0.00000,0.00000,1.00000
-613565.47428,-913321.93704,154.05000,515472049.89011,9.48000,1659644.00000,4.45000,0.00000,0.00000,1.00000
-613626.96087,-913625.25319,156.65600,515472049.93634,9.19000,559948.00000,5.34000,0.00000,0.00000,1.00000
-614029.10899,-913793.50020,157.51300,515472049.98257,8.93000,529948.00000,4.38000,0.00000,0.00000,1.00000
-614048.61533,-914113.48397,156.18300,515472050.02879,8.75000,1569741.00000,2.90000,0.00000,0.00000,1.00000
-613598.76528,-914619.54641,150.55600,515472050.07502,8.80000,3618512.00000,2.87000,0.00000,0.00000,1.00000
-613499.73384,-914986.51888,147.36000,515472050.12125,9.08000,2979669.00000,3.25000,0.00000,0.00000,1.00000
-613551.05017,-915293.87001,143.92300,515472050.16747,9.43000,5462743.00000,4.13000,0.00000,0.00000,1.00000
-613601.68439,-915601.49022,141.76700,515472050.21370,9.75000,1474027.00000,5.01000,0.00000,0.00000,1.00000
-613642.16114,-915913.14491,140.99800,515472050.25993,10.21000,2939833.00000,5.40000,0.00000,0.00000,1.00000
-614800.19157,-915781.75251,134.13200,515472050.30616,10.56000,2743541.00000,3.77000,0.00000,0.00000,1.00000
-615223.34735,-915941.70026,134.94400,515472050.35238,10.15000,3013495.00000,4.13000,0.00000,0.00000,1.00000
-615391.16534,-916202.89579,136.06400,515472050.39861,9.44000,2514910.00000,3.65000,0.00000,0.00000,1.00000
-615380.16241,-916534.96637,136.18700,515472050.44484,8.95000,2949009.00000,3.26000,0.00000,0.00000,1.00000
-615592.00152,-916778.71064,136.77200,515472050.49106,8.76000,1531650.00000,4.64000,0.00000,0.00000,1.00000
-640159.63662,-898314.09337,190.21800,517061321.24717,7.38000,1087322.00000,3.22000,0.00000,0.00000,0.00000
-639848.98493,-898202.87395,188.70300,517061321.29340,7.64000,1654249.00000,2.62000,0.00000,0.00000,0.00000
-637291.93613,-899202.76389,192.22600,517061321.47831,9.63000,351710.00000,3.24000,0.00000,0.00000,0.00000
-637789.16074,-897298.18394,162.71400,517061321.61699,10.84000,4891823.00000,3.02000,0.00000,0.00000,0.00000
-637301.02186,-897382.03052,162.95100,517061321.66321,11.03000,1842856.00000,7.06000,0.00000,0.00000,0.00000
-636395.12681,-897924.98779,166.29700,517061321.70944,11.49000,893557.00000,7.15000,0.00000,0.00000,0.00000
-636170.28717,-897719.44216,164.79300,517061321.75567,12.31000,264151.00000,14.20000,0.00000,0.00000,0.00000
-636294.05895,-897130.72541,162.07400,517061321.80190,12.50000,450058.00000,12.40000,0.00000,0.00000,0.00000
-636308.00758,-896662.73641,159.75400,517061321.84812,12.83000,379917.00000,8.29000,0.00000,0.00000,0.00000
-636280.28971,-896240.55475,157.88200,517061321.89435,12.84000,609892.00000,10.26000,0.00000,0.00000,0.00000
-636201.57195,-895874.41108,157.14500,517061321.94058,12.22000,952816.00000,6.60000,0.00000,0.00000,0.00000
-635151.00773,-896576.30315,155.92900,517061321.98681,12.23000,1752963.00000,8.06000,0.00000,0.00000,0.00000
-634767.80028,-896544.79042,156.68800,517061322.03304,12.46000,800252.00000,8.52000,0.00000,0.00000,0.00000
-634205.12613,-896710.47130,160.90400,517061322.07926,11.95000,1616893.00000,6.95000,0.00000,0.00000,0.00000
-633358.04539,-897188.68064,166.22600,517061322.12549,11.13000,798049.00000,6.68000,0.00000,0.00000,0.00000
-632683.55744,-897477.19258,170.31800,517061322.17172,10.51000,805409.00000,4.73000,0.00000,0.00000,0.00000
-632435.18774,-897297.47198,169.48300,517061322.21795,10.27000,1094958.00000,3.92000,0.00000,0.00000,0.00000
-632786.59802,-896458.72498,177.97900,517061322.26418,10.20000,2019413.00000,3.97000,0.00000,0.00000,0.00000
-636913.97461,-891470.57341,171.88100,517061322.31041,10.63000,1556741.00000,4.62000,0.00000,0.00000,0.00000
-637116.23054,-890795.71583,174.31900,517061322.35663,11.01000,1260613.00000,4.64000,0.00000,0.00000,0.00000
-637037.54143,-890429.60830,175.82100,517061322.40286,11.33000,1702141.00000,4.72000,0.00000,0.00000,0.00000
-637221.16977,-889775.24840,180.07600,517061322.44909,11.38000,593291.00000,5.23000,0.00000,0.00000,0.00000
-636058.92831,-890599.92796,172.44800,517061322.49532,11.62000,667070.00000,6.46000,0.00000,0.00000,0.00000
-635814.04871,-890416.48611,171.66800,517061322.54154,12.04000,1803683.00000,7.40000,0.00000,0.00000,0.00000
-632552.62110,-893547.66901,182.44200,517061322.58777,11.55000,1046996.00000,6.96000,0.00000,0.00000,0.00000
-634039.11785,-891461.76386,171.66100,517061322.63400,10.88000,1015170.00000,6.25000,0.00000,0.00000,0.00000
-633691.25337,-891391.43990,173.97800,517061322.68023,10.54000,1969506.00000,5.08000,0.00000,0.00000,0.00000
-636558.47016,-887788.28966,181.01700,517061322.72646,10.47000,274742.00000,4.33000,0.00000,0.00000,0.00000
-626609.82337,-898266.13678,229.20500,517061322.77268,10.38000,849474.00000,3.54000,0.00000,0.00000,0.00000
-632947.77340,-890850.72981,181.11200,517061322.81891,10.07000,379785.00000,3.53000,0.00000,0.00000,0.00000
-633217.26949,-890102.11588,180.63800,517061322.86514,10.08000,2433270.00000,4.97000,0.00000,0.00000,0.00000
-633275.91258,-889585.16380,181.58500,517061322.91137,9.95000,3605296.00000,4.28000,0.00000,0.00000,0.00000
-629634.10184,-893133.71254,127.40400,517061322.95760,9.91000,294252.00000,5.35000,0.00000,0.00000,0.00000
-629630.99560,-892684.59384,126.70300,517061323.00382,10.08000,170143.00000,4.83000,0.00000,0.00000,0.00000
-629267.45086,-892631.45728,132.53500,517061323.05005,9.37000,784179.00000,3.54000,0.00000,0.00000,0.00000
-630048.54369,-891320.87051,136.56300,517061323.09628,9.65000,294706.00000,5.55000,0.00000,0.00000,0.00000
-628983.22041,-892038.66379,144.99700,517061323.14251,10.66000,2163597.00000,4.61000,0.00000,0.00000,0.00000
-629879.51454,-890601.54087,131.56100,517061323.18874,11.21000,854924.00000,5.56000,0.00000,0.00000,0.00000
-628126.15899,-892075.12471,152.50800,517061323.23497,11.32000,2656324.00000,5.17000,0.00000,0.00000,0.00000
-628150.52125,-891595.86511,149.10300,517061323.28119,11.35000,908683.00000,5.82000,0.00000,0.00000,0.00000
-628209.70966,-891078.36592,145.51800,517061323.32742,10.80000,346012.00000,7.92000,0.00000,0.00000,0.00000
-628066.35166,-890783.34318,143.21300,517061323.37365,9.64000,1544400.00000,4.65000,0.00000,0.00000,0.00000
-627574.77285,-890870.84880,132.86100,517061323.41988,9.04000,793723.00000,3.14000,0.00000,0.00000,0.00000
-627677.60546,-890305.41362,123.35900,517061323.46611,10.44000,423295.00000,9.73000,0.00000,0.00000,0.00000
-627639.70309,-889894.56476,120.94400,517061323.51234,11.92000,317966.00000,13.40000,0.00000,0.00000,0.00000
-628369.36061,-888640.63763,124.78100,517061323.55856,10.73000,1427416.00000,4.51000,0.00000,0.00000,0.00000
-627971.98750,-888624.66687,127.49700,517061323.60479,11.97000,289556.00000,12.23000,0.00000,0.00000,0.00000
-628361.27095,-887744.63520,127.33100,517061323.65102,13.50000,160508.00000,16.90000,0.00000,0.00000,0.00000
-628133.59119,-887542.28098,127.42900,517061323.69725,13.79000,144978.00000,13.01000,0.00000,0.00000,0.00000
-627283.05799,-888024.04579,128.23700,517061323.74348,13.22000,231026.00000,13.64000,0.00000,0.00000,0.00000
-626837.12893,-888061.39100,128.32400,517061323.78971,12.25000,664343.00000,4.20000,0.00000,0.00000,0.00000
-628273.98519,-886030.79143,147.56200,517061323.83594,11.73000,1256626.00000,4.34000,0.00000,0.00000,0.00000
-627441.14323,-886493.14190,149.91500,517061323.88217,11.33000,373019.00000,4.78000,0.00000,0.00000,0.00000
-626656.84035,-886902.13726,153.65500,517061323.92840,11.18000,532108.00000,4.93000,0.00000,0.00000,0.00000
-625832.31912,-887355.26790,160.17500,517061323.97463,11.29000,2482482.00000,3.30000,0.00000,0.00000,0.00000
-625118.63592,-887686.64712,167.07600,517061324.02086,12.13000,3112963.00000,4.64000,0.00000,0.00000,0.00000
-624837.99892,-887542.42464,169.44900,517061324.06709,12.98000,1564435.00000,6.34000,0.00000,0.00000,0.00000
-625030.63931,-886878.46795,167.15800,517061324.11332,13.05000,317289.00000,6.54000,0.00000,0.00000,0.00000
-624835.33961,-886640.52309,169.66100,517061324.15955,13.20000,734683.00000,4.79000,0.00000,0.00000,0.00000
-626409.52734,-884459.34812,155.72400,517061324.20578,13.37000,300521.00000,8.39000,0.00000,0.00000,0.00000
-625740.97178,-884741.18573,157.01200,517061324.25201,14.26000,255462.00000,12.75000,0.00000,0.00000,0.00000
-625946.85765,-884062.69880,158.41700,517061324.29824,15.44000,55913.00000,17.29000,0.00000,0.00000,0.00000
-626769.20257,-882707.20579,163.14300,517061324.34447,14.63000,372922.00000,12.36000,0.00000,0.00000,0.00000
-626510.16806,-882539.32692,165.10500,517061324.39070,13.84000,774350.00000,6.05000,0.00000,0.00000,0.00000
-626186.39725,-882442.52496,165.66400,517061324.43693,13.51000,1287726.00000,7.48000,0.00000,0.00000,0.00000
-625587.99932,-882647.33423,164.95300,517061324.48317,13.25000,783033.00000,6.01000,0.00000,0.00000,0.00000
-624917.50204,-882931.29546,164.05700,517061324.52940,13.14000,538396.00000,5.69000,0.00000,0.00000,0.00000
-624339.68742,-883113.45182,163.52700,517061324.57563,13.22000,241870.00000,5.82000,0.00000,0.00000,0.00000
-623883.01052,-883162.57731,162.66800,517061324.62186,13.21000,298488.00000,6.82000,0.00000,0.00000,0.00000
-623575.91631,-883047.43796,162.28900,517061324.66809,13.03000,470370.00000,6.70000,0.00000,0.00000,0.00000
-623353.19209,-882839.67465,161.82800,517061324.71432,12.75000,556553.00000,5.74000,0.00000,0.00000,0.00000
-623234.44130,-882517.73965,160.08000,517061324.76055,12.38000,709752.00000,7.61000,0.00000,0.00000,0.00000
-624066.67843,-881151.58604,161.94200,517061324.80678,11.61000,577045.00000,6.73000,0.00000,0.00000,0.00000
-623615.41006,-881194.78384,161.56200,517061324.85302,10.97000,1213013.00000,4.28000,0.00000,0.00000,0.00000
-623551.10330,-880813.09442,166.97400,517061324.89925,10.67000,3637120.00000,2.61000,0.00000,0.00000,0.00000
-622912.96646,-881061.43550,163.56700,517061324.94548,10.81000,6016639.00000,2.52000,0.00000,0.00000,0.00000
-629753.38251,-911532.46787,158.90400,517233974.00493,5.78000,1442703.00000,1.62000,0.00000,0.00000,0.00000
-629363.52483,-911502.63010,156.72900,517233974.05118,5.44000,2778407.00000,1.81000,0.00000,0.00000,0.00000
-629083.84907,-911355.27877,152.14600,517233974.09743,5.32000,1087273.00000,2.67000,0.00000,0.00000,0.00000
-628916.87123,-911087.76904,148.88100,517233974.14368,5.57000,4529112.00000,3.15000,0.00000,0.00000,0.00000
-628177.45971,-911430.63649,139.78200,517233974.18993,6.26000,1197988.00000,4.22000,0.00000,0.00000,0.00000
-627285.44205,-911936.18002,136.20000,517233974.23618,6.69000,2317913.00000,3.90000,0.00000,0.00000,0.00000
-626263.26375,-912580.47067,137.15500,517233974.28243,6.78000,2741732.00000,4.04000,0.00000,0.00000,0.00000
-627975.72130,-910309.07507,139.82200,517233974.32868,7.19000,2587707.00000,3.79000,0.00000,0.00000,0.00000
-627590.34534,-910274.42340,138.19300,517233974.37493,7.59000,456602.00000,6.60000,0.00000,0.00000,0.00000
-627237.89042,-910204.69223,136.26600,517233974.42118,7.69000,253354.00000,8.03000,0.00000,0.00000,0.00000
-626394.24435,-910658.61029,136.38600,517233974.46743,8.71000,177668.00000,12.17000,0.00000,0.00000,0.00000
-625685.24466,-910968.99122,137.55900,517233974.51368,8.57000,325739.00000,10.61000,0.00000,0.00000,0.00000
-625092.91556,-911154.94153,138.01400,517233974.55993,8.26000,382930.00000,7.43000,0.00000,0.00000,0.00000
-629382.79556,-906135.63989,156.07500,517233974.60619,8.00000,415090.00000,3.45000,0.00000,0.00000,0.00000
-628805.99719,-906305.17205,156.31200,517233974.65244,7.90000,506386.00000,3.96000,0.00000,0.00000,0.00000
-627934.00857,-906789.39026,153.73100,517233974.69869,8.45000,238114.00000,8.10000,0.00000,0.00000,0.00000
-627998.42807,-906275.23471,156.70100,517233974.74494,9.00000,365029.00000,5.96000,0.00000,0.00000,0.00000
-626921.00183,-906978.45954,153.48700,517233974.79119,9.19000,349202.00000,6.66000,0.00000,0.00000,0.00000
-626383.07731,-907106.46045,152.18700,517233974.83744,9.54000,1196878.00000,5.20000,0.00000,0.00000,0.00000
-625569.40201,-907528.43859,145.71900,517233974.88369,10.15000,2116774.00000,6.45000,0.00000,0.00000,0.00000
-625242.39660,-907431.55992,146.78900,517233974.92994,11.05000,760925.00000,7.19000,0.00000,0.00000,0.00000
-624853.56436,-907400.60405,144.81700,517233974.97619,11.75000,812409.00000,8.28000,0.00000,0.00000,0.00000
-626400.49370,-905306.03511,152.34100,517233975.02245,11.89000,1663827.00000,9.16000,0.00000,0.00000,0.00000
-625552.92915,-905764.14390,149.54700,517233975.06870,12.20000,555967.00000,13.14000,0.00000,0.00000,0.00000
-624846.96220,-906071.26252,148.42600,517233975.11495,12.49000,64167.00000,15.31000,0.00000,0.00000,0.00000
-624469.10921,-906028.59957,148.03100,517233975.16120,12.33000,142887.00000,14.30000,0.00000,0.00000,0.00000
-623968.59145,-906116.70554,148.40700,517233975.20745,11.98000,251526.00000,9.46000,0.00000,0.00000,0.00000
-623347.87439,-906332.88552,149.28500,517233975.25370,11.47000,111794.00000,6.29000,0.00000,0.00000,0.00000
-622723.66953,-906552.78490,150.68100,517233975.29995,10.90000,424837.00000,5.41000,0.00000,0.00000,0.00000
-622110.92969,-906760.43926,152.39500,517233975.34620,10.67000,250966.00000,4.03000,0.00000,0.00000,0.00000
-621616.87677,-906841.58742,153.67500,517233975.39246,10.83000,240772.00000,3.75000,0.00000,0.00000,0.00000
-622665.74802,-905278.23136,123.56300,517233975.43871,10.84000,684596.00000,3.03000,0.00000,0.00000,0.00000
-622398.10721,-905118.07436,124.55200,517233975.48496,10.88000,674605.00000,3.59000,0.00000,0.00000,0.00000
-620856.27044,-906315.95108,134.05000,517233975.53121,10.93000,1629833.00000,2.35000,0.00000,0.00000,0.00000
-623524.50393,-903026.66625,113.92500,517233975.57746,11.11000,1917356.00000,2.56000,0.00000,0.00000,0.00000
-622928.23155,-903216.80938,113.22300,517233975.62372,11.73000,2353304.00000,3.50000,0.00000,0.00000,0.00000
-621824.26831,-903948.04367,115.55200,517233975.66997,12.29000,649621.00000,4.61000,0.00000,0.00000,0.00000
-620809.55469,-904584.08917,119.05800,517233975.71622,12.46000,284102.00000,6.51000,0.00000,0.00000,0.00000
-620513.48935,-904454.20353,120.10000,517233975.76248,13.03000,109907.00000,9.61000,0.00000,0.00000,0.00000
-621026.36380,-903462.23330,119.42700,517233975.80873,13.64000,313193.00000,14.42000,0.00000,0.00000,0.00000
-621135.77258,-902900.25700,120.75700,517233975.85498,13.71000,338675.00000,9.77000,0.00000,0.00000,0.00000
-620667.66172,-902953.74600,122.47100,517233975.90123,14.17000,352126.00000,10.94000,0.00000,0.00000,0.00000
-620536.19047,-902648.48035,123.20200,517233975.94749,14.35000,331945.00000,11.51000,0.00000,0.00000,0.00000
-620749.34242,-901975.96739,123.76600,517233975.99374,13.96000,728012.00000,14.97000,0.00000,0.00000,0.00000
-619682.26650,-902667.74794,125.12600,517233976.03999,13.21000,1120242.00000,11.49000,0.00000,0.00000,0.00000
-619426.62254,-902494.81309,127.41100,517233976.08625,12.68000,224797.00000,6.27000,0.00000,0.00000,0.00000
-618805.40461,-902711.42730,130.29600,517233976.13250,12.23000,497011.00000,5.28000,0.00000,0.00000,0.00000
-619989.59238,-901004.20170,142.80600,517233976.17875,12.11000,640526.00000,5.35000,0.00000,0.00000,0.00000
-619569.88965,-901006.12888,143.59900,517233976.22500,12.11000,1130438.00000,8.14000,0.00000,0.00000,0.00000
-619138.70832,-901020.26018,144.65100,517233976.27126,12.48000,1819187.00000,5.91000,0.00000,0.00000,0.00000
-618725.98551,-901014.73266,145.75500,517233976.31751,12.73000,6354621.00000,4.76000,0.00000,0.00000,0.00000
-618353.66260,-900966.15399,147.35600,517233976.36376,12.43000,4458536.00000,4.22000,0.00000,0.00000,0.00000
-617221.74940,-901726.92532,139.53000,517233976.41001,11.73000,1361510.00000,3.01000,0.00000,0.00000,0.00000
-616198.52844,-902371.79697,141.46800,517233976.45626,11.28000,4354503.00000,1.99000,0.00000,0.00000,0.00000
-613874.45580,-904402.51596,152.00800,517233976.50252,10.86000,2573198.00000,2.13000,0.00000,0.00000,0.00000
-617708.22774,-899872.67180,165.05700,517233976.54877,10.37000,862811.00000,2.60000,0.00000,0.00000,0.00000
-617737.88225,-899395.78652,166.26600,517233976.59502,9.70000,782811.00000,2.28000,0.00000,0.00000,0.00000
-614981.53215,-901887.16216,151.31100,517233976.64127,8.92000,1173009.00000,2.14000,0.00000,0.00000,0.00000
-617518.41865,-898739.05924,163.85000,517233976.68753,8.05000,2544993.00000,2.25000,0.00000,0.00000,0.00000
-618272.71634,-897490.08941,161.56400,517233976.73378,7.61000,121550.00000,4.90000,0.00000,0.00000,0.00000
-618207.63990,-897114.18276,159.89300,517233976.78003,7.27000,1859313.00000,2.79000,0.00000,0.00000,0.00000
-614917.68908,-900174.04699,143.61000,517233976.82628,7.27000,1854066.00000,1.91000,0.00000,0.00000,0.00000
-614104.93910,-900594.60403,143.44700,517233976.87254,7.70000,635812.00000,2.73000,0.00000,0.00000,0.00000
-615063.84980,-899127.79906,143.18900,517233976.91879,8.03000,4349275.00000,2.13000,0.00000,0.00000,0.00000
-614278.04961,-899519.65805,142.95000,517233976.96504,8.21000,1428081.00000,2.82000,0.00000,0.00000,0.00000
-613639.88194,-899754.22622,143.95900,517233977.01130,8.22000,1864462.00000,2.06000,0.00000,0.00000,0.00000
-614150.41330,-898765.11769,147.14900,517233977.05755,8.34000,2097251.00000,2.70000,0.00000,0.00000,0.00000
-616418.52794,-895903.65403,155.95400,517233977.10380,8.43000,2188299.00000,3.10000,0.00000,0.00000,0.00000
-615107.59366,-896854.98345,158.82600,517233977.15005,8.18000,538637.00000,2.73000,0.00000,0.00000,0.00000
-614725.82838,-896816.45872,159.58500,517233977.19631,8.43000,116421.00000,7.19000,0.00000,0.00000,0.00000
-614743.55847,-896352.34306,160.42800,517233977.24256,8.49000,264617.00000,6.24000,0.00000,0.00000,0.00000
-614599.69812,-896060.37558,160.72900,517233977.28881,8.42000,302409.00000,5.19000,0.00000,0.00000,0.00000
-613985.51648,-896269.41689,158.65700,517233977.33507,8.19000,272394.00000,3.83000,0.00000,0.00000,0.00000
-614502.52515,-895273.50286,158.49200,517233977.38132,8.01000,439604.00000,2.94000,0.00000,0.00000,0.00000
-614365.65715,-894974.10421,160.45600,517233977.42757,8.36000,8872325.00000,2.12000,0.00000,0.00000,0.00000
-613785.39783,-895147.00639,158.08200,517233977.47383,8.92000,2502862.00000,2.44000,0.00000,0.00000,0.00000
-613078.44340,-895454.84474,155.68700,517233977.52008,9.79000,2036557.00000,2.88000,0.00000,0.00000,0.00000
-612548.54341,-895574.07046,154.45700,517233977.56633,10.73000,1194283.00000,4.39000,0.00000,0.00000,0.00000
-613520.48103,-894093.65658,143.83000,517233977.61259,11.98000,914950.00000,7.30000,0.00000,0.00000,0.00000
-612957.17107,-894248.48765,144.15700,517233977.65884,13.17000,364774.00000,11.09000,0.00000,0.00000,0.00000
-611789.82843,-895046.66822,145.66200,517233977.70509,14.05000,418262.00000,12.68000,0.00000,0.00000,0.00000
-612200.64937,-894163.93454,146.70600,517233977.75135,14.91000,101339.00000,14.98000,0.00000,0.00000,0.00000
-612589.03119,-893305.13704,148.84900,517233977.79760,14.54000,322206.00000,9.00000,0.00000,0.00000,0.00000
-611958.89244,-893531.13511,150.05300,517233977.84385,14.11000,200837.00000,8.00000,0.00000,0.00000,0.00000
-611422.01980,-893657.77638,151.02400,517233977.89011,13.62000,202409.00000,6.92000,0.00000,0.00000,0.00000
-611060.72359,-893597.41861,151.37500,517233977.93636,13.01000,409063.00000,5.97000,0.00000,0.00000,0.00000
-610640.07003,-893600.26908,151.60100,517233977.98261,12.95000,170974.00000,5.62000,0.00000,0.00000,0.00000
-610241.86396,-893579.21311,151.28500,517233978.02887,12.56000,340977.00000,4.17000,0.00000,0.00000,0.00000
-612857.89917,-917006.66816,138.38800,517406628.26339,10.39000,1225202.00000,3.25000,0.00000,0.00000,0.00000
-612546.94379,-916889.56228,141.38000,517406628.30967,10.83000,1000825.00000,4.35000,0.00000,0.00000,0.00000
-613027.83983,-915953.69754,141.66200,517406628.35595,11.05000,222969.00000,7.62000,0.00000,0.00000,0.00000
-613362.72602,-915168.79779,144.41800,517406628.40223,11.04000,1362774.00000,5.35000,0.00000,0.00000,0.00000
-612220.42569,-915911.35353,140.92600,517406628.44851,11.08000,1172979.00000,5.22000,0.00000,0.00000,0.00000
-612023.03958,-915676.83426,143.01500,517406628.49479,11.06000,601538.00000,4.80000,0.00000,0.00000,0.00000
-611358.26058,-915925.59590,143.58100,517406628.54107,11.65000,836616.00000,9.19000,0.00000,0.00000,0.00000
-611266.32354,-915582.04561,145.25300,517406628.58735,12.09000,1544189.00000,12.11000,0.00000,0.00000,0.00000
-611566.76524,-914832.81802,147.86200,517406628.63362,12.28000,403499.00000,8.26000,0.00000,0.00000,0.00000
-611272.57208,-914698.41473,147.71800,517406628.67990,12.51000,535217.00000,7.94000,0.00000,0.00000,0.00000
-610657.97867,-914895.25161,146.40200,517406628.72618,12.33000,751933.00000,6.77000,0.00000,0.00000,0.00000
-610065.18462,-915069.54433,144.09700,517406628.77246,11.88000,829599.00000,5.03000,0.00000,0.00000,0.00000
-610105.07610,-914589.73144,142.58800,517406628.81874,11.63000,900004.00000,4.02000,0.00000,0.00000,0.00000
-609600.99235,-914672.28437,142.26300,517406628.86502,11.14000,1388656.00000,3.58000,0.00000,0.00000,0.00000
-609617.05853,-914217.10072,140.85800,517406628.91130,10.79000,1485270.00000,4.31000,0.00000,0.00000,0.00000
-609306.14339,-914099.98045,140.45500,517406628.95758,10.60000,1022822.00000,6.94000,0.00000,0.00000,0.00000
-608366.56544,-914632.71813,141.36600,517406629.00386,10.21000,2890661.00000,5.80000,0.00000,0.00000,0.00000
-608202.15646,-914364.10572,142.35100,517406629.05014,9.89000,401640.00000,5.05000,0.00000,0.00000,0.00000
-607952.58225,-914183.55807,138.01800,517406629.09642,9.72000,594189.00000,5.82000,0.00000,0.00000,0.00000
-607947.88300,-913749.86822,133.78400,517406629.14270,9.56000,720174.00000,5.40000,0.00000,0.00000,0.00000
-608277.80124,-912970.28795,129.61300,517406629.18898,9.65000,1158996.00000,3.76000,0.00000,0.00000,0.00000
-610142.84306,-910603.76880,134.84300,517406629.23526,9.80000,1450232.00000,2.89000,0.00000,0.00000,0.00000
-607625.04620,-912767.96341,138.41300,517406629.28154,10.05000,767518.00000,3.38000,0.00000,0.00000,0.00000
-607372.94658,-912590.01972,137.39900,517406629.32782,10.25000,1887166.00000,4.26000,0.00000,0.00000,0.00000
-607302.35706,-912224.47304,136.54100,517406629.37410,10.69000,2657382.00000,6.55000,0.00000,0.00000,0.00000
-606997.53514,-912101.03258,136.83300,517406629.42039,10.87000,1798209.00000,4.82000,0.00000,0.00000,0.00000
-606691.69417,-911978.62798,136.62400,517406629.46667,10.88000,620499.00000,6.35000,0.00000,0.00000,0.00000
-606099.91301,-912151.79192,136.53500,517406629.51295,10.64000,421209.00000,5.88000,0.00000,0.00000,0.00000
-606048.59295,-911766.31678,136.07600,517406629.55923,10.60000,437082.00000,5.50000,0.00000,0.00000,0.00000
-608223.98950,-909079.30047,143.30500,517406629.60551,10.98000,449461.00000,5.17000,0.00000,0.00000,0.00000
-604669.80684,-912314.33211,137.04300,517406629.65179,11.65000,1726323.00000,5.81000,0.00000,0.00000,0.00000
-606462.00380,-910023.54404,134.28800,517406629.69807,12.23000,820960.00000,7.80000,0.00000,0.00000,0.00000
-606330.09332,-909721.40657,131.63100,517406629.74435,12.95000,3310902.00000,8.36000,0.00000,0.00000,0.00000
-605854.93414,-909774.02649,132.49700,517406629.79064,13.26000,1857555.00000,8.82000,0.00000,0.00000,0.00000
-605705.27691,-909490.23103,134.44000,517406629.83692,13.45000,634174.00000,11.19000,0.00000,0.00000,0.00000
-606160.98546,-908580.78058,138.22600,517406629.88320,12.98000,396936.00000,10.60000,0.00000,0.00000,0.00000
-606354.57518,-907942.26165,143.12100,517406629.92948,12.52000,291279.00000,8.67000,0.00000,0.00000,0.00000
-606384.38354,-907472.99050,149.63500,517406629.97576,11.92000,741482.00000,4.17000,0.00000,0.00000,0.00000
-606431.95417,-906985.39637,153.95300,517406630.02204,11.91000,312213.00000,4.87000,0.00000,0.00000,0.00000
-605698.26669,-907305.22693,148.81900,517406630.06832,12.06000,536214.00000,8.75000,0.00000,0.00000,0.00000
-604778.48495,-907817.34043,144.43600,517406630.11460,11.33000,776582.00000,6.71000,0.00000,0.00000,0.00000
-603752.21657,-908439.47696,140.58700,517406630.16089,10.64000,470377.00000,3.80000,0.00000,0.00000,0.00000
-604241.42725,-907495.48334,139.43500,517406630.20717,10.38000,3319609.00000,2.33000,0.00000,0.00000,0.00000
-602973.78542,-908366.99001,123.18600,517406630.25345,10.71000,1519338.00000,3.28000,0.00000,0.00000,0.00000
-603291.15066,-907600.62545,120.87000,517406630.29973,11.37000,695031.00000,4.12000,0.00000,0.00000,0.00000
-602750.07974,-907721.30660,115.13800,517406630.34601,12.10000,809311.00000,8.29000,0.00000,0.00000,0.00000
-602918.68964,-905355.07181,144.76000,517406630.57742,9.05000,262011.00000,6.93000,0.00000,0.00000,0.00000
-632788.37973,-879255.68244,200.26300,517627238.04469,11.48000,841963.00000,3.57000,0.00000,0.00000,1.00000
-632804.40861,-879581.40000,199.56200,517627238.09114,11.36000,222253.00000,4.11000,0.00000,0.00000,1.00000
-632916.55644,-879866.02976,199.56600,517627238.13758,11.04000,400497.00000,4.63000,0.00000,0.00000,1.00000
-633038.78386,-880146.34383,199.16700,517627238.18403,10.88000,525669.00000,4.11000,0.00000,0.00000,1.00000
-633219.50266,-880401.66817,197.56900,517627238.23048,10.67000,1620744.00000,5.11000,0.00000,0.00000,1.00000
-633172.33253,-880754.40452,197.63200,517627238.27693,10.83000,864051.00000,4.78000,0.00000,0.00000,1.00000
-629031.37462,-882857.06013,152.85100,517627238.32338,11.22000,392287.00000,6.49000,0.00000,0.00000,1.00000
-628891.39211,-883249.42710,153.32500,517627238.36982,10.79000,264280.00000,10.73000,0.00000,0.00000,1.00000
-633314.48615,-881691.35753,195.48000,517627238.41627,9.41000,393804.00000,7.31000,0.00000,0.00000,1.00000
-633773.46248,-881827.72784,199.94200,517627238.46272,8.98000,1079092.00000,4.43000,0.00000,0.00000,1.00000
-633901.03136,-882105.75774,204.73000,517627238.50917,9.96000,2392747.00000,3.18000,0.00000,0.00000,1.00000
-633520.40995,-882601.02660,210.60100,517627238.55561,10.76000,237767.00000,3.31000,0.00000,0.00000,1.00000
-633473.87991,-882953.48257,214.70700,517627238.60206,10.19000,296023.00000,4.36000,0.00000,0.00000,1.00000
-633505.32831,-883272.60286,217.68700,517627238.64851,9.43000,286942.00000,5.19000,0.00000,0.00000,1.00000
-633597.94716,-883565.58359,220.60300,517627238.69495,8.80000,146124.00000,3.60000,0.00000,0.00000,1.00000
-633531.24411,-883926.64150,221.77600,517627238.74140,7.98000,659453.00000,5.02000,0.00000,0.00000,1.00000
-633568.06779,-884243.46234,221.82100,517627238.78785,7.59000,1752997.00000,4.01000,0.00000,0.00000,1.00000
-633512.13058,-884599.94498,222.64700,517627238.83429,8.03000,2990931.00000,3.25000,0.00000,0.00000,1.00000
-634572.11151,-884479.48613,213.58700,517627238.88074,8.03000,2141308.00000,2.72000,0.00000,0.00000,1.00000
-633468.79978,-885283.57121,220.32400,517627238.92719,7.37000,1672945.00000,4.21000,0.00000,0.00000,1.00000
-633521.07414,-885593.78641,219.25100,517627238.97363,6.65000,1088979.00000,3.41000,0.00000,0.00000,1.00000
-633512.17951,-885930.15174,218.49100,517627239.02008,6.55000,3633275.00000,3.26000,0.00000,0.00000,1.00000
-637339.92476,-884626.88313,207.87600,517627239.06653,8.29000,1487223.00000,2.42000,0.00000,0.00000,1.00000
-637160.96190,-885035.96451,205.37700,517627239.11298,10.22000,1181461.00000,3.44000,0.00000,0.00000,1.00000
-637129.89136,-885381.83575,203.82600,517627239.15942,11.34000,524591.00000,4.98000,0.00000,0.00000,1.00000
-636544.86164,-885964.44554,199.70800,517627239.20587,11.91000,394103.00000,10.02000,0.00000,0.00000,1.00000
-636609.91691,-886269.22926,198.59100,517627239.25232,12.13000,447001.00000,11.61000,0.00000,0.00000,1.00000
-636820.18206,-886511.96250,198.46100,517627239.29876,11.74000,736709.00000,8.21000,0.00000,0.00000,1.00000
-637300.05291,-886639.48709,197.37100,517627239.34521,11.02000,1577814.00000,5.21000,0.00000,0.00000,1.00000
-636424.58465,-887346.17360,184.53200,517627239.39166,11.27000,810266.00000,5.25000,0.00000,0.00000,1.00000
-635852.27734,-887923.29364,177.81000,517627239.43810,12.23000,1339119.00000,6.79000,0.00000,0.00000,1.00000
-635770.73373,-888290.69142,175.90000,517627239.48455,12.82000,372930.00000,8.48000,0.00000,0.00000,1.00000
-635742.30997,-888635.41068,174.67100,517627239.53100,13.05000,897965.00000,7.12000,0.00000,0.00000,1.00000
-635640.59079,-889011.43962,174.45900,517627239.57745,13.10000,1367620.00000,6.78000,0.00000,0.00000,1.00000
-635443.39397,-889428.26496,175.70600,517627239.62389,13.13000,1562577.00000,7.08000,0.00000,0.00000,1.00000
-635236.10022,-889849.38670,177.40600,517627239.67034,13.01000,2219030.00000,6.80000,0.00000,0.00000,1.00000
-635854.46112,-889917.77991,177.39400,517627239.71679,12.79000,380863.00000,9.83000,0.00000,0.00000,1.00000
-636543.43585,-889956.03446,177.57600,517627239.76324,12.33000,1029265.00000,7.48000,0.00000,0.00000,1.00000
-637226.35457,-889996.86218,179.03100,517627239.80969,11.94000,902309.00000,5.26000,0.00000,0.00000,1.00000
-635519.01293,-891058.79996,167.18900,517627239.85613,12.01000,1801477.00000,5.32000,0.00000,0.00000,1.00000
-635431.38369,-891428.79837,165.35100,517627239.90258,12.57000,1284672.00000,8.63000,0.00000,0.00000,1.00000
-637304.43045,-890961.26533,172.26000,517627239.94903,12.97000,1850519.00000,8.68000,0.00000,0.00000,1.00000
-636256.63995,-891741.43216,167.94800,517627239.99548,13.21000,330487.00000,12.58000,0.00000,0.00000,1.00000
-635766.90460,-892283.18134,169.52500,517627240.04193,11.90000,1117307.00000,5.86000,0.00000,0.00000,1.00000
-634988.03164,-892948.41424,176.81700,517627240.08837,10.85000,523728.00000,7.69000,0.00000,0.00000,1.00000
-636110.70211,-892801.48667,186.24500,517627240.13482,10.69000,557411.00000,4.92000,0.00000,0.00000,1.00000
-636540.79764,-892950.35397,189.65200,517627240.18127,11.30000,181349.00000,7.21000,0.00000,0.00000,1.00000
-636681.77154,-893222.71909,190.73500,517627240.22772,11.26000,567929.00000,6.15000,0.00000,0.00000,1.00000
-636917.55304,-893454.59119,189.33900,517627240.27417,10.68000,2605175.00000,3.85000,0.00000,0.00000,1.00000
-640016.50875,-892463.56742,186.48100,517627240.32062,10.57000,1648205.00000,4.36000,0.00000,0.00000,1.00000
-638429.39508,-893474.06013,176.49000,517627240.36707,10.77000,297711.00000,7.67000,0.00000,0.00000,1.00000
-628789.15240,-897923.08311,214.11800,517627240.41352,9.99000,2357131.00000,4.13000,0.00000,0.00000,1.00000
-636031.00542,-895163.49873,152.09100,517627240.45996,11.92000,677779.00000,9.13000,0.00000,0.00000,1.00000
-635397.28358,-895766.67402,154.51500,517627240.50641,12.59000,164917.00000,8.95000,0.00000,0.00000,1.00000
-635119.29156,-896217.93082,159.52700,517627240.55286,11.81000,226022.00000,7.22000,0.00000,0.00000,1.00000
-635420.29203,-896421.97263,158.64600,517627240.59931,12.14000,133619.00000,8.22000,0.00000,0.00000,1.00000
-636643.38311,-896897.40170,160.83500,517627240.73866,12.06000,540613.00000,6.84000,0.00000,0.00000,1.00000
-636314.94317,-897370.20902,163.19400,517627240.78511,11.82000,925218.00000,5.96000,0.00000,0.00000,1.00000
-636352.31327,-897686.79217,164.58200,517627240.83156,11.75000,1231771.00000,7.06000,0.00000,0.00000,1.00000
-637564.53963,-897501.78930,162.40000,517627240.87800,11.85000,2846748.00000,6.24000,0.00000,0.00000,1.00000
-637049.12487,-898054.40274,168.74600,517627240.92445,11.27000,604965.00000,5.12000,0.00000,0.00000,1.00000
-637329.27946,-898267.36531,175.50500,517627240.97090,10.30000,1061147.00000,4.56000,0.00000,0.00000,1.00000
-639057.96639,-897861.86455,180.08100,517627241.01735,9.83000,2642543.00000,4.18000,0.00000,0.00000,1.00000
-636767.18557,-899172.44098,191.47600,517627241.06379,9.70000,1640646.00000,4.36000,0.00000,0.00000,1.00000
-637680.80557,-899114.95746,192.59400,517627241.11024,9.11000,563418.00000,4.82000,0.00000,0.00000,1.00000
-638668.40294,-899025.89957,196.28800,517627241.15669,8.72000,1242991.00000,2.27000,0.00000,0.00000,1.00000
-638396.42873,-899474.57433,195.43600,517627241.20313,8.23000,3507993.00000,1.80000,0.00000,0.00000,1.00000
-638921.35389,-899583.04530,197.49400,517627241.24958,7.71000,2151870.00000,1.80000,0.00000,0.00000,1.00000
-639343.38849,-899735.45548,203.44800,517627241.29603,7.31000,4067164.00000,2.27000,0.00000,0.00000,1.00000
-639519.29266,-899992.93552,203.64400,517627241.34247,7.02000,2686455.00000,3.33000,0.00000,0.00000,1.00000
-639405.33899,-900374.14089,205.27300,517627241.38892,6.82000,2812974.00000,3.13000,0.00000,0.00000,1.00000
-639226.14520,-900783.18714,208.16000,517627241.43537,6.48000,951822.00000,2.35000,0.00000,0.00000,1.00000
-638991.80908,-901215.77857,212.62700,517627241.48181,6.09000,1513915.00000,1.82000,0.00000,0.00000,1.00000
-639047.99221,-901524.35508,216.54000,517627241.52826,5.85000,1548029.00000,1.70000,0.00000,0.00000,1.00000
-637036.06409,-904710.78709,196.01800,517627241.85338,5.24000,432783.00000,1.64000,0.00000,0.00000,1.00000
-636741.12044,-905169.17381,197.20600,517627241.89983,5.38000,702342.00000,1.76000,0.00000,0.00000,1.00000
-636575.30075,-905572.45233,197.43500,517627241.94627,5.27000,726146.00000,1.53000,0.00000,0.00000,1.00000
-615949.00009,-885303.79135,146.72000,517799890.97600,12.59000,654478.00000,4.90000,0.00000,0.00000,1.00000
-616098.20445,-885573.41498,145.18800,517799891.02250,12.94000,459429.00000,5.46000,0.00000,0.00000,1.00000
-616160.75328,-885878.54792,144.27100,517799891.06900,13.51000,404374.00000,5.44000,0.00000,0.00000,1.00000
-616043.88649,-886257.17984,143.85100,517799891.11550,13.59000,465087.00000,6.43000,0.00000,0.00000,1.00000
-616249.95269,-886503.51270,144.22200,517799891.16201,13.40000,393948.00000,7.62000,0.00000,0.00000,1.00000
-616371.39085,-886784.52302,146.16600,517799891.20851,13.20000,283629.00000,6.24000,0.00000,0.00000,1.00000
-616360.79823,-887119.60266,148.20300,517799891.25501,12.81000,189484.00000,5.94000,0.00000,0.00000,1.00000
-616468.00833,-887406.43117,150.53400,517799891.30151,12.58000,305463.00000,6.10000,0.00000,0.00000,1.00000
-616647.65987,-887663.58826,153.29900,517799891.34801,12.28000,262209.00000,6.17000,0.00000,0.00000,1.00000
-616589.67276,-888018.08945,155.10200,517799891.39451,12.37000,235016.00000,7.83000,0.00000,0.00000,1.00000
-616466.01045,-888399.48768,156.63400,517799891.44101,12.78000,150075.00000,8.02000,0.00000,0.00000,1.00000
-616412.08133,-888752.32176,156.82100,517799891.48751,13.11000,226947.00000,8.57000,0.00000,0.00000,1.00000
-616357.46071,-889105.42207,156.60900,517799891.53401,12.89000,166760.00000,8.13000,0.00000,0.00000,1.00000
-616306.91015,-889456.87348,155.92700,517799891.58051,13.12000,296761.00000,6.79000,0.00000,0.00000,1.00000
-616310.51919,-889786.13829,155.80300,517799891.62701,13.25000,260375.00000,7.32000,0.00000,0.00000,1.00000
-616260.63323,-890137.30890,155.69100,517799891.67351,13.56000,611841.00000,7.25000,0.00000,0.00000,1.00000
-616152.51559,-890512.32581,153.79000,517799891.72001,14.03000,709377.00000,10.53000,0.00000,0.00000,1.00000
-617668.01834,-890222.40209,154.05600,517799891.76651,14.35000,122064.00000,20.43000,0.00000,0.00000,1.00000
-618334.48448,-890280.21831,155.43400,517799891.81301,13.65000,950872.00000,15.34000,0.00000,0.00000,1.00000
-618552.04940,-890521.87963,156.39400,517799891.85951,12.71000,271841.00000,8.65000,0.00000,0.00000,1.00000
-617902.93376,-891118.45072,152.85700,517799891.90601,12.34000,302725.00000,7.47000,0.00000,0.00000,1.00000
-617939.03152,-891434.41624,150.94400,517799891.95250,12.23000,374584.00000,11.00000,0.00000,0.00000,1.00000
-618000.17565,-891740.12421,151.67500,517799891.99900,11.63000,150800.00000,8.75000,0.00000,0.00000,1.00000
-618168.28885,-892002.01251,152.47800,517799892.04550,10.17000,565729.00000,5.54000,0.00000,0.00000,1.00000
-618359.43377,-892254.49233,155.66900,517799892.09200,8.99000,731289.00000,2.26000,0.00000,0.00000,1.00000
-618123.99337,-892681.64767,161.60100,517799892.13850,7.85000,4433411.00000,1.29000,0.00000,0.00000,1.00000
-623600.20649,-890769.87190,151.25100,517799892.18500,7.17000,5578283.00000,1.05000,0.00000,0.00000,1.00000
-618164.30656,-893326.60728,186.66400,517799892.23150,6.84000,2731017.00000,1.55000,0.00000,0.00000,1.00000
-618579.55761,-893487.33241,187.33800,517799892.27800,6.71000,1061153.00000,1.31000,0.00000,0.00000,1.00000
-619331.37538,-893510.26664,165.53600,517799892.32450,6.67000,3658044.00000,1.46000,0.00000,0.00000,1.00000
-619727.68131,-893678.75432,167.21300,517799892.37100,6.70000,3365669.00000,1.84000,0.00000,0.00000,1.00000
-618989.77974,-894311.61586,182.02300,517799892.41750,7.29000,2329028.00000,1.93000,0.00000,0.00000,1.00000
-616882.01606,-895505.24960,155.13600,517799892.46399,7.84000,1607607.00000,2.25000,0.00000,0.00000,1.00000
-617755.70105,-895478.30452,154.68900,517799892.51049,8.19000,2538350.00000,1.59000,0.00000,0.00000,1.00000
-624665.22457,-892980.15056,135.08000,517799892.55699,8.45000,2949703.00000,1.47000,0.00000,0.00000,1.00000
-622643.23737,-894138.85181,137.44400,517799892.60349,8.69000,5919919.00000,1.74000,0.00000,0.00000,1.00000
-622579.08769,-894495.88928,136.86000,517799892.64999,9.02000,2000077.00000,2.13000,0.00000,0.00000,1.00000
-622705.23519,-894775.03516,137.25000,517799892.69649,9.52000,3717522.00000,2.39000,0.00000,0.00000,1.00000
-621346.92745,-895661.87992,139.02000,517799892.74299,9.50000,6021808.00000,1.98000,0.00000,0.00000,1.00000
-622174.65188,-895653.80218,137.06600,517799892.78949,9.19000,2338565.00000,1.78000,0.00000,0.00000,1.00000
-618647.95351,-897428.19191,161.69900,517799892.83599,8.84000,440119.00000,2.99000,0.00000,0.00000,1.00000
-618320.34483,-897893.01568,163.00700,517799892.88248,8.82000,548168.00000,3.22000,0.00000,0.00000,1.00000
-618084.15004,-898320.41929,164.84500,517799892.92898,9.46000,560629.00000,2.04000,0.00000,0.00000,1.00000
-621554.31910,-897230.80729,127.79700,517799892.97548,10.16000,878413.00000,2.53000,0.00000,0.00000,1.00000
-621893.76738,-897422.63228,127.44400,517799893.02198,10.75000,578553.00000,2.98000,0.00000,0.00000,1.00000
-621590.51585,-897877.52932,128.31800,517799893.06848,10.84000,730606.00000,3.09000,0.00000,0.00000,1.00000
-621672.61733,-898174.70417,128.25200,517799893.11498,10.83000,1417821.00000,3.73000,0.00000,0.00000,1.00000
-620998.22039,-898781.48925,130.53600,517799893.16148,11.04000,1290557.00000,3.91000,0.00000,0.00000,1.00000
-620547.30020,-899296.77832,133.91600,517799893.20798,11.34000,2567508.00000,3.13000,0.00000,0.00000,1.00000
-619060.19947,-900236.10366,142.15800,517799893.25448,11.88000,667605.00000,3.89000,0.00000,0.00000,1.00000
-618523.94727,-900786.28545,146.62700,517799893.30098,12.40000,171961.00000,6.34000,0.00000,0.00000,1.00000
-619396.35724,-900760.02003,144.42700,517799893.34748,12.44000,179160.00000,8.67000,0.00000,0.00000,1.00000
-619861.74775,-900900.32432,143.34000,517799893.39398,11.82000,161525.00000,5.77000,0.00000,0.00000,1.00000
-619886.24327,-901221.04904,141.68400,517799893.44049,11.23000,232154.00000,4.14000,0.00000,0.00000,1.00000
-625843.12071,-899114.05988,124.11000,517799893.48699,11.04000,887089.00000,3.48000,0.00000,0.00000,1.00000
-625866.98724,-899435.10331,121.87000,517799893.53349,11.34000,547634.00000,4.67000,0.00000,0.00000,1.00000
-618443.23354,-902803.68223,134.52800,517799893.57999,11.70000,324734.00000,4.52000,0.00000,0.00000,1.00000
-617957.00776,-903333.32809,134.32500,517799893.62649,12.32000,214937.00000,7.94000,0.00000,0.00000,1.00000
-618923.59694,-903268.61054,128.06300,517799893.67299,12.83000,63794.00000,15.44000,0.00000,0.00000,1.00000
-620117.10581,-903111.05274,123.95500,517799893.71949,11.67000,223218.00000,12.38000,0.00000,0.00000,1.00000
-619918.73796,-903522.94529,123.99800,517799893.76599,10.98000,175917.00000,8.47000,0.00000,0.00000,1.00000
-619719.68510,-903935.12102,123.23200,517799893.81249,10.90000,298472.00000,8.56000,0.00000,0.00000,1.00000
-620139.03349,-904094.30734,121.61400,517799893.85899,11.11000,216787.00000,8.24000,0.00000,0.00000,1.00000
-620158.07300,-904417.25601,120.73300,517799893.90549,11.21000,704616.00000,7.81000,0.00000,0.00000,1.00000
-621046.82214,-904384.42678,118.17600,517799893.95199,11.76000,196851.00000,12.09000,0.00000,0.00000,1.00000
-621859.04750,-904382.91511,119.60600,517799893.99849,11.30000,296785.00000,7.41000,0.00000,0.00000,1.00000
-621277.97268,-904951.38001,124.88000,517799894.04499,11.25000,540687.00000,5.76000,0.00000,0.00000,1.00000
-620858.76890,-905453.60499,126.41900,517799894.09149,11.59000,1023772.00000,6.91000,0.00000,0.00000,1.00000
-623602.11699,-904662.13156,127.71100,517799894.13800,11.93000,1350030.00000,7.48000,0.00000,0.00000,1.00000
-622531.31182,-905430.94198,135.55900,517799894.18449,11.57000,1194587.00000,5.41000,0.00000,0.00000,1.00000
-622708.85092,-905689.06953,140.70600,517799894.23099,11.53000,464648.00000,5.22000,0.00000,0.00000,1.00000
-622380.41913,-906154.17546,144.80800,517799894.27749,12.46000,1000497.00000,6.82000,0.00000,0.00000,1.00000
-621780.36068,-906730.36444,150.45500,517799894.32399,12.85000,1796741.00000,5.17000,0.00000,0.00000,1.00000
-624658.49836,-905883.86172,146.65900,517799894.37049,13.14000,1138714.00000,9.01000,0.00000,0.00000,1.00000
-622489.67400,-907101.74053,149.25100,517799894.41699,13.21000,1664430.00000,8.43000,0.00000,0.00000,1.00000
-623005.88824,-907221.36241,149.46700,517799894.46349,12.79000,269756.00000,11.25000,0.00000,0.00000,1.00000
-623382.55913,-907398.04915,149.92600,517799894.50999,11.56000,460578.00000,7.18000,0.00000,0.00000,1.00000
-623331.13954,-907749.83303,148.02200,517799894.55649,11.34000,3580607.00000,4.19000,0.00000,0.00000,1.00000
-623627.21473,-907959.51402,144.26700,517799894.60299,11.61000,584559.00000,7.41000,0.00000,0.00000,1.00000
-624972.55480,-907740.05034,147.24600,517799894.64949,11.83000,250866.00000,6.94000,0.00000,0.00000,1.00000
-624713.85305,-908176.63084,150.10100,517799894.69599,11.66000,212366.00000,9.01000,0.00000,0.00000,1.00000
-624743.03151,-908495.45462,149.32100,517799894.74249,10.92000,101002.00000,10.83000,0.00000,0.00000,1.00000
-624537.16299,-908910.41828,146.69000,517799894.78899,9.51000,144014.00000,9.55000,0.00000,0.00000,1.00000
-624947.03741,-909073.56122,144.52400,517799894.83549,7.93000,330298.00000,7.57000,0.00000,0.00000,1.00000
-624724.22744,-909495.45820,141.78900,517799894.88199,6.43000,363781.00000,6.06000,0.00000,0.00000,1.00000
-624470.23160,-909930.07857,138.98800,517799894.92849,5.00000,315966.00000,4.22000,0.00000,0.00000,1.00000
-624308.35910,-910327.02387,136.32800,517799894.97499,3.78000,292877.00000,4.84000,0.00000,0.00000,1.00000
-624523.81103,-910569.67596,135.54300,517799895.02149,3.44000,1099966.00000,3.71000,0.00000,0.00000,1.00000
-625529.16441,-910489.35311,130.83100,517799895.06799,5.42000,2982360.00000,3.77000,0.00000,0.00000,1.00000
-624732.52218,-911145.86152,137.34500,517799895.11449,8.37000,768118.00000,4.93000,0.00000,0.00000,1.00000
-624862.62581,-911423.44216,139.51800,517799895.16099,9.19000,456809.00000,6.51000,0.00000,0.00000,1.00000
-624902.61812,-911737.85046,141.00600,517799895.20749,8.11000,657616.00000,5.71000,0.00000,0.00000,1.00000
-625106.55257,-911985.23338,140.24800,517799895.25399,6.82000,400780.00000,6.78000,0.00000,0.00000,1.00000
-626048.23224,-911930.97891,139.52900,517799895.30049,6.28000,232933.00000,6.13000,0.00000,0.00000,1.00000
-627128.81591,-911819.95299,139.29000,517799895.34699,7.51000,532557.00000,9.57000,0.00000,0.00000,1.00000
-626700.68508,-912325.78351,138.03700,517799895.39349,8.45000,394830.00000,10.56000,0.00000,0.00000,1.00000
-627173.57274,-912463.21788,141.25500,517799895.43999,7.99000,395935.00000,5.94000,0.00000,0.00000,1.00000
-628395.73009,-912294.32163,150.62300,517799895.48649,7.14000,1114524.00000,3.61000,0.00000,0.00000,1.00000
-628612.54227,-912536.47683,153.58600,517799895.53299,6.29000,313937.00000,4.74000,0.00000,0.00000,1.00000
-628197.27414,-913037.05033,152.77800,517799895.57949,4.98000,129221.00000,4.57000,0.00000,0.00000,1.00000
-628073.99845,-913418.24823,152.58500,517799895.62599,4.21000,402084.00000,4.24000,0.00000,0.00000,1.00000
-605619.73124,-900972.64164,140.71800,517972545.67819,12.65000,383107.00000,8.48000,0.00000,0.00000,1.00000
-605887.62417,-901196.74123,142.60700,517972545.72475,12.29000,794634.00000,5.61000,0.00000,0.00000,1.00000
-605786.63775,-901565.35878,143.42600,517972545.77130,11.82000,1234802.00000,5.35000,0.00000,0.00000,1.00000
-605573.14833,-901978.05035,142.19300,517972545.81785,11.39000,670138.00000,5.27000,0.00000,0.00000,1.00000
-604934.15656,-902557.39771,141.51000,517972545.86440,10.54000,2638470.00000,3.95000,0.00000,0.00000,1.00000
-605557.31194,-902642.35250,138.83700,517972545.91095,9.79000,1771312.00000,3.52000,0.00000,0.00000,1.00000
-605197.87162,-903112.19294,140.91100,517972545.95751,9.37000,685085.00000,2.55000,0.00000,0.00000,1.00000
-606467.44306,-902943.95026,143.96000,517972546.00406,9.06000,2550149.00000,3.14000,0.00000,0.00000,1.00000
-606816.46338,-903136.29164,150.22200,517972546.05061,8.83000,2829201.00000,2.05000,0.00000,0.00000,1.00000
-606480.87977,-903596.79688,154.19400,517972546.09716,8.78000,1334697.00000,2.10000,0.00000,0.00000,1.00000
-606273.49372,-904007.07609,155.25400,517972546.14371,9.11000,2288607.00000,2.54000,0.00000,0.00000,1.00000
-606330.66717,-904313.72352,157.51100,517972546.19026,9.09000,381964.00000,4.36000,0.00000,0.00000,1.00000
-607419.54442,-904216.31857,162.35400,517972546.23682,9.26000,376659.00000,3.92000,0.00000,0.00000,1.00000
-607402.39575,-904552.09772,165.15600,517972546.28337,9.16000,491239.00000,3.18000,0.00000,0.00000,1.00000
-607325.24598,-904911.36399,164.75500,517972546.32992,9.30000,229498.00000,3.71000,0.00000,0.00000,1.00000
-607134.21334,-905315.22788,163.57400,517972546.37647,9.87000,233423.00000,3.80000,0.00000,0.00000,1.00000
-607023.64571,-905687.58762,162.60100,517972546.42302,10.36000,436616.00000,2.65000,0.00000,0.00000,1.00000
-606925.34272,-906055.12521,160.16500,517972546.46957,10.43000,371924.00000,2.40000,0.00000,0.00000,1.00000
-606839.99075,-906417.59102,158.27000,517972546.51612,10.50000,245229.00000,3.35000,0.00000,0.00000,1.00000
-606695.30765,-906803.29104,155.48500,517972546.56267,10.97000,1139635.00000,3.70000,0.00000,0.00000,1.00000
-609025.40258,-906219.89485,146.58100,517972546.60923,12.07000,2123792.00000,3.53000,0.00000,0.00000,1.00000
-607364.74619,-907199.25058,144.26600,517972546.65578,13.12000,301364.00000,5.61000,0.00000,0.00000,1.00000
-606472.62289,-907877.60401,141.92600,517972546.70233,13.53000,290279.00000,9.12000,0.00000,0.00000,1.00000
-607028.96778,-907988.80813,140.54700,517972546.74888,13.94000,106375.00000,11.11000,0.00000,0.00000,1.00000
-609162.01324,-907482.66349,145.51500,517972546.79543,14.02000,730755.00000,9.39000,0.00000,0.00000,1.00000
-607390.15025,-908505.49851,136.57100,517972546.84198,13.79000,302050.00000,10.89000,0.00000,0.00000,1.00000
-607525.71949,-908781.45658,136.38200,517972546.88853,13.25000,328741.00000,8.46000,0.00000,0.00000,1.00000
-607932.72069,-908951.16069,138.41700,517972546.93508,12.59000,548236.00000,4.91000,0.00000,0.00000,1.00000
-608081.93491,-909221.79802,137.96400,517972546.98164,11.77000,1345350.00000,4.16000,0.00000,0.00000,1.00000
-608038.83832,-909567.73275,133.84100,517972547.02819,11.49000,3381410.00000,3.33000,0.00000,0.00000,1.00000
-609321.54147,-909394.61064,132.40000,517972547.07474,12.41000,840916.00000,5.04000,0.00000,0.00000,1.00000
-610160.25070,-909395.31976,138.64400,517972547.12129,13.61000,4675234.00000,6.50000,0.00000,0.00000,1.00000
-610340.84722,-909653.69586,138.18800,517972547.16784,14.10000,416844.00000,9.16000,0.00000,0.00000,1.00000
-608709.33860,-910621.47862,131.89400,517972547.21440,14.33000,201915.00000,15.08000,0.00000,0.00000,1.00000
-607652.73027,-911364.14519,132.71700,517972547.26095,14.04000,195415.00000,14.64000,0.00000,0.00000,1.00000
-607642.33322,-911697.25889,135.60900,517972547.30750,13.30000,120821.00000,12.48000,0.00000,0.00000,1.00000
-608075.25006,-911856.85388,136.73400,517972547.35405,11.83000,149119.00000,12.73000,0.00000,0.00000,1.00000
-608695.04719,-911943.30915,138.64100,517972547.40060,10.14000,183577.00000,8.14000,0.00000,0.00000,1.00000
-608897.43785,-912193.13786,139.98700,517972547.44716,9.37000,630167.00000,7.09000,0.00000,0.00000,1.00000
-609034.35882,-912468.61186,143.03800,517972547.49371,9.02000,269807.00000,4.93000,0.00000,0.00000,1.00000
-609249.02614,-912713.64489,143.46300,517972547.54026,9.08000,451545.00000,5.20000,0.00000,0.00000,1.00000
-609975.91855,-912758.20262,141.74800,517972547.58681,9.49000,199990.00000,8.92000,0.00000,0.00000,1.00000
-610915.61563,-912719.48352,143.97200,517972547.63336,10.41000,143633.00000,10.54000,0.00000,0.00000,1.00000
-610471.42814,-913222.40519,142.68600,517972547.67992,11.30000,69490.00000,9.98000,0.00000,0.00000,1.00000
-609949.46847,-913755.75312,145.22600,517972547.72647,11.30000,420661.00000,6.80000,0.00000,0.00000,1.00000
-610027.03237,-914054.45508,149.22500,517972547.77302,12.15000,158302.00000,6.51000,0.00000,0.00000,1.00000
-609889.75384,-914437.24196,151.36900,517972547.81957,12.53000,628174.00000,8.16000,0.00000,0.00000,1.00000
-609997.32817,-914724.18900,150.07400,517972547.86612,11.67000,148611.00000,7.43000,0.00000,0.00000,1.00000
-610104.23262,-915011.42095,147.56000,517972547.91267,11.51000,339395.00000,8.25000,0.00000,0.00000,1.00000
-609994.22547,-915383.52778,145.43200,517972547.95922,12.18000,193589.00000,9.30000,0.00000,0.00000,1.00000
-609971.51598,-915721.46324,145.70300,517972548.00577,12.29000,165681.00000,11.14000,0.00000,0.00000,1.00000
-609657.55560,-916173.37407,146.22400,517972548.05232,11.27000,187210.00000,8.52000,0.00000,0.00000,1.00000
