-640143.31429,-895710.95065,159.49400,634495470.77361,12.28000,387186.00000,7.05000,0.00000,0.00000,0.00000
-640003.02334,-895411.24741,155.63500,634495470.81990,12.78000,294661.00000,8.44000,0.00000,0.00000,0.00000
-639866.17166,-895107.76467,153.50400,634495470.86620,12.64000,415602.00000,10.80000,0.00000,0.00000,0.00000
-639660.86925,-894880.04373,152.73000,634495470.91249,12.20000,497063.00000,9.37000,0.00000,0.00000,0.00000
-639095.70967,-895050.64575,152.73400,634495470.95878,12.04000,263099.00000,11.02000,0.00000,0.00000,0.00000
-638683.10405,-895052.38761,153.00800,634495471.00507,11.91000,608843.00000,8.47000,0.00000,0.00000,0.00000
-638613.24029,-894674.74917,150.97400,634495471.05136,11.45000,189330.00000,3.67000,0.00000,0.00000,0.00000
-640870.10426,-891721.56169,191.55000,634495471.09766,11.13000,2070140.00000,4.89000,0.00000,0.00000,0.00000
-640071.86384,-891695.30826,190.17700,634495471.19024,10.65000,3487059.00000,5.56000,0.00000,0.00000,0.00000
-640440.06129,-890832.80405,183.47600,634495471.23653,10.54000,1168686.00000,5.42000,0.00000,0.00000,0.00000
-638813.08636,-892178.80073,190.86500,634495471.28282,10.36000,6407127.00000,4.61000,0.00000,0.00000,0.00000
-638429.84404,-892148.05015,191.07200,634495471.32912,10.52000,10447086.00000,4.41000,0.00000,0.00000,0.00000
-638782.40847,-891302.89205,180.20900,634495471.37541,10.55000,1348854.00000,3.98000,0.00000,0.00000,0.00000
-637680.48753,-892067.62721,188.77700,634495471.42170,10.75000,8009870.00000,3.65000,0.00000,0.00000,0.00000
-637125.63139,-892226.82188,181.15700,634495471.46799,10.94000,481555.00000,3.47000,0.00000,0.00000,0.00000
-636722.34353,-892218.25729,178.37200,634495471.51428,11.10000,471863.00000,3.21000,0.00000,0.00000,0.00000
-636402.16230,-892117.69375,173.30500,634495471.56057,11.25000,4705173.00000,3.20000,0.00000,0.00000,0.00000
-635774.93710,-892356.95700,171.67400,634495471.60686,11.30000,2855737.00000,3.32000,0.00000,0.00000,0.00000
-635216.15106,-892520.44290,170.69400,634495471.65316,11.79000,1389589.00000,5.17000,0.00000,0.00000,0.00000
-634651.50648,-892690.42829,170.76000,634495471.69945,12.34000,934935.00000,6.05000,0.00000,0.00000,0.00000
-634366.04920,-892551.42428,169.80200,634495471.74574,12.69000,156530.00000,8.52000,0.00000,0.00000,0.00000
-634187.68315,-892293.91378,169.22300,634495471.79203,12.35000,216417.00000,6.35000,0.00000,0.00000,0.00000
-634028.88434,-892014.76210,169.22800,634495471.83832,12.06000,193281.00000,4.84000,0.00000,0.00000,0.00000
-636553.47543,-888766.11653,176.29800,634495471.88461,11.85000,275664.00000,5.22000,0.00000,0.00000,0.00000
-635998.64914,-888925.26772,175.02600,634495471.93090,12.03000,541621.00000,7.22000,0.00000,0.00000,0.00000
-635353.85518,-889183.97756,174.76800,634495471.97720,13.04000,126420.00000,10.08000,0.00000,0.00000,0.00000
-634995.57858,-889125.60686,175.55400,634495472.02349,13.17000,164725.00000,12.57000,0.00000,0.00000,0.00000
-634576.18367,-889134.85788,176.34100,634495472.06978,12.61000,141179.00000,12.33000,0.00000,0.00000,0.00000
-634520.08259,-888742.10566,177.16500,634495472.11607,11.55000,235249.00000,7.55000,0.00000,0.00000,0.00000
-634269.87407,-888564.15573,178.68600,634495472.16236,10.62000,188165.00000,6.65000,0.00000,0.00000,0.00000
-636614.39577,-885514.90459,202.85500,634495472.20866,9.39000,718694.00000,4.56000,0.00000,0.00000,0.00000
-636032.22363,-885704.34014,202.19100,634495472.25495,9.21000,743083.00000,7.15000,0.00000,0.00000,0.00000
-635202.66324,-886167.53711,202.84300,634495472.30124,8.80000,363559.00000,5.60000,0.00000,0.00000,0.00000
-634346.68055,-886659.91111,205.52100,634495472.34753,8.35000,347528.00000,5.62000,0.00000,0.00000,0.00000
-633986.47735,-886603.69590,209.57600,634495472.39382,8.92000,222941.00000,6.00000,0.00000,0.00000,0.00000
-633821.35537,-886331.61268,215.73100,634495472.44012,9.95000,85920.00000,3.69000,0.00000,0.00000,0.00000
-634559.29426,-885060.30269,209.20000,634495472.48641,10.05000,30576.00000,2.89000,0.00000,0.00000,0.00000
-633561.53111,-885709.55001,219.20300,634495472.53270,9.61000,319208.00000,2.73000,0.00000,0.00000,0.00000
-633606.65425,-885204.84661,220.17500,634495472.57899,9.09000,323085.00000,4.84000,0.00000,0.00000,0.00000
-633539.33251,-884824.58021,222.12900,634495472.62528,7.85000,579972.00000,4.76000,0.00000,0.00000,0.00000
-633428.99311,-884491.92133,222.12000,634495472.67157,7.18000,640590.00000,2.73000,0.00000,0.00000,0.00000
-633412.04200,-884055.93084,220.65900,634495472.71786,7.33000,113129.00000,3.88000,0.00000,0.00000,0.00000
-630279.84176,-887066.51029,143.89400,634495472.76416,7.50000,1954595.00000,2.67000,0.00000,0.00000,0.00000
-629958.23767,-886967.53872,135.29500,634495472.81045,7.49000,3353775.00000,2.58000,0.00000,0.00000,0.00000
-629673.80722,-886827.42992,131.77900,634495472.85674,8.55000,762316.00000,3.96000,0.00000,0.00000,0.00000
-629749.31272,-886289.15308,126.41200,634495472.90303,9.64000,312571.00000,7.02000,0.00000,0.00000,0.00000
-630239.54358,-885292.11523,127.95100,634495472.94932,9.60000,3185256.00000,3.79000,0.00000,0.00000,0.00000
-629872.01444,-885243.96479,136.78800,634495472.99562,9.50000,2289575.00000,3.69000,0.00000,0.00000,0.00000
-629413.03451,-885296.96425,143.99300,634495473.04191,9.69000,4503469.00000,3.45000,0.00000,0.00000,0.00000
-628973.12608,-885328.87362,146.19000,634495473.08820,10.21000,509378.00000,5.77000,0.00000,0.00000,0.00000
-628742.52031,-885129.24949,146.46400,634495473.13449,10.62000,1912347.00000,3.69000,0.00000,0.00000,0.00000
-628213.59048,-885259.59475,145.10300,634495473.18078,11.80000,819588.00000,6.78000,0.00000,0.00000,0.00000
-628171.26712,-884851.70382,144.03900,634495473.22708,12.39000,359415.00000,8.78000,0.00000,0.00000,0.00000
-627113.68339,-885566.77683,149.15500,634495473.27337,11.95000,558296.00000,4.98000,0.00000,0.00000,0.00000
-629153.70409,-882855.61708,153.43100,634495473.31966,12.06000,417955.00000,7.07000,0.00000,0.00000,0.00000
-628929.45815,-882648.95236,154.16800,634495473.36595,12.03000,292972.00000,5.68000,0.00000,0.00000,0.00000
-627493.40587,-883782.68857,154.07600,634495473.41225,11.84000,1908381.00000,4.11000,0.00000,0.00000,0.00000
-626549.77327,-884371.68601,155.06700,634495473.45854,11.71000,519121.00000,3.87000,0.00000,0.00000,0.00000
-625761.15061,-884789.20652,155.68900,634495473.50484,11.31000,2324497.00000,2.58000,0.00000,0.00000,0.00000
-629551.87690,-880141.80907,176.71700,634495473.55113,10.99000,1710294.00000,2.83000,0.00000,0.00000,0.00000
-629629.85081,-879600.91103,180.55000,634495473.59742,11.05000,555283.00000,3.30000,0.00000,0.00000,0.00000
-628855.51434,-880002.75010,174.99800,634495473.64372,10.98000,902388.00000,4.14000,0.00000,0.00000,0.00000
-628303.17523,-880159.03007,171.69200,634495473.69001,10.64000,639457.00000,3.33000,0.00000,0.00000,0.00000
-628098.52234,-879930.73739,169.45400,634495473.73630,10.56000,442393.00000,4.20000,0.00000,0.00000,0.00000
-627685.05935,-879933.39623,166.19700,634495473.78260,10.72000,448312.00000,5.37000,0.00000,0.00000,0.00000
-627662.32790,-879503.91040,165.61900,634495473.82889,11.00000,305343.00000,4.52000,0.00000,0.00000,0.00000
-627087.97833,-879684.51137,163.03800,634495473.87519,11.41000,353417.00000,5.83000,0.00000,0.00000,0.00000
-626736.13163,-879619.01509,162.63200,634495473.92148,11.08000,886407.00000,4.29000,0.00000,0.00000,0.00000
-625026.67791,-881054.88524,158.35000,634495473.96778,10.78000,854629.00000,2.54000,0.00000,0.00000,0.00000
-633136.17982,-910125.74144,160.09600,634668122.89950,6.49000,423546.00000,3.30000,0.00000,0.00000,0.00000
-632737.13095,-910106.87184,157.68000,634668122.94577,6.02000,242924.00000,2.78000,0.00000,0.00000,0.00000
-635692.18982,-906485.53736,194.50100,634668122.99204,5.54000,344433.00000,3.60000,0.00000,0.00000,0.00000
-635578.35176,-906160.39902,194.58600,634668123.03831,5.16000,205907.00000,3.03000,0.00000,0.00000,0.00000
-630904.00202,-910733.30549,155.37900,634668123.08457,4.83000,2400893.00000,2.89000,0.00000,0.00000,0.00000
-630944.67466,-910242.21875,141.42000,634668123.13084,4.52000,3925288.00000,2.67000,0.00000,0.00000,0.00000
-630918.79824,-909822.59944,138.44900,634668123.17711,4.77000,1631190.00000,4.17000,0.00000,0.00000,0.00000
-630041.74222,-910317.02994,143.67600,634668123.22338,5.09000,1904455.00000,4.89000,0.00000,0.00000,0.00000
-630111.77407,-909794.41853,141.32900,634668123.26964,5.21000,622081.00000,6.03000,0.00000,0.00000,0.00000
-629943.79864,-909527.40209,141.12100,634668123.31591,5.66000,342206.00000,10.92000,0.00000,0.00000,0.00000
-630127.13104,-908883.14019,137.94800,634668123.36218,6.18000,275562.00000,11.24000,0.00000,0.00000,0.00000
-630227.48201,-908327.98819,134.69500,634668123.40845,6.11000,669428.00000,5.68000,0.00000,0.00000,0.00000
-630006.84529,-908117.55272,132.56800,634668123.45472,6.11000,496131.00000,3.21000,0.00000,0.00000,0.00000
-632160.84180,-905357.08781,145.64600,634668123.50099,6.46000,807492.00000,3.36000,0.00000,0.00000,0.00000
-632329.27528,-904728.87648,145.62100,634668123.54725,7.43000,1248647.00000,4.91000,0.00000,0.00000,0.00000
-631951.62716,-904687.08434,152.93600,634668123.59352,8.04000,772364.00000,4.40000,0.00000,0.00000,0.00000
-632118.54260,-904060.49012,160.38100,634668123.63979,8.84000,798330.00000,4.52000,0.00000,0.00000,0.00000
-631267.90304,-904526.62945,160.07100,634668123.68606,9.17000,677670.00000,6.05000,0.00000,0.00000,0.00000
-630964.80290,-904404.78261,164.04600,634668123.73233,9.03000,2658143.00000,3.16000,0.00000,0.00000,0.00000
-630537.47437,-904416.30195,169.63000,634668123.77859,9.32000,4482553.00000,2.63000,0.00000,0.00000,0.00000
-630136.99299,-904399.00981,171.05500,634668123.82486,9.31000,3813013.00000,2.90000,0.00000,0.00000,0.00000
-629773.77699,-904341.68990,172.38500,634668123.87113,9.29000,1752870.00000,3.99000,0.00000,0.00000,0.00000
-630550.89461,-903059.94412,168.96800,634668123.91740,9.40000,431859.00000,4.48000,0.00000,0.00000,0.00000
-630675.11215,-902479.25616,171.93200,634668123.96367,9.41000,737289.00000,4.96000,0.00000,0.00000,0.00000
-629962.61596,-902797.00414,168.69600,634668124.00994,9.42000,2134786.00000,3.39000,0.00000,0.00000,0.00000
-629023.04361,-903358.55587,164.18300,634668124.05621,9.64000,1843879.00000,3.38000,0.00000,0.00000,0.00000
-628737.84832,-903217.46124,161.86600,634668124.10248,9.81000,655607.00000,3.73000,0.00000,0.00000,0.00000
-628117.75075,-903435.94314,156.77300,634668124.14875,9.93000,1173975.00000,4.18000,0.00000,0.00000,0.00000
-627830.07809,-903297.51852,153.93800,634668124.19501,10.08000,613297.00000,3.91000,0.00000,0.00000,0.00000
-627261.14255,-903461.03202,149.95200,634668124.24128,10.17000,443408.00000,3.84000,0.00000,0.00000,0.00000
-626798.54978,-903510.38885,146.52700,634668124.28755,10.07000,519488.00000,3.82000,0.00000,0.00000,0.00000
-625871.81107,-904057.99183,143.13000,634668124.33382,10.02000,555314.00000,4.73000,0.00000,0.00000,0.00000
-624980.82168,-904567.16859,141.03700,634668124.38009,10.00000,361666.00000,5.27000,0.00000,0.00000,0.00000
-624172.32096,-904987.78731,140.30100,634668124.42636,9.86000,496204.00000,4.44000,0.00000,0.00000,0.00000
-623387.65081,-905382.77568,140.42800,634668124.47263,10.02000,1180517.00000,4.45000,0.00000,0.00000,0.00000
-623310.14827,-905018.69077,130.23100,634668124.51890,11.17000,1757178.00000,6.10000,0.00000,0.00000,0.00000
-622982.70626,-904922.90111,130.03600,634668124.56517,12.18000,611865.00000,8.91000,0.00000,0.00000,0.00000
-623676.55617,-903730.88874,121.14600,634668124.61144,12.61000,293855.00000,7.45000,0.00000,0.00000,0.00000
-624622.86695,-902267.87715,112.31800,634668124.65770,13.22000,227019.00000,12.20000,0.00000,0.00000,0.00000
-623543.51426,-902979.21937,112.20600,634668124.70397,12.77000,1172561.00000,7.33000,0.00000,0.00000,0.00000
-622677.83702,-903461.14639,113.47000,634668124.75024,12.25000,918865.00000,5.17000,0.00000,0.00000,0.00000
-625869.98728,-899587.51473,121.17000,634668124.79651,11.93000,942655.00000,5.68000,0.00000,0.00000,0.00000
-625287.14717,-899765.93873,119.32200,634668124.84278,12.12000,461841.00000,9.84000,0.00000,0.00000,0.00000
-624800.21715,-899841.39825,118.18500,634668124.88905,11.90000,614829.00000,7.76000,0.00000,0.00000,0.00000
-624776.45294,-899419.70432,120.44500,634668124.93532,11.81000,587297.00000,4.21000,0.00000,0.00000,0.00000
-625400.70529,-898302.44071,129.46000,634668124.98159,11.70000,2904315.00000,5.40000,0.00000,0.00000,0.00000
-624003.86329,-899354.57077,127.30900,634668125.02786,11.32000,1649929.00000,4.22000,0.00000,0.00000,0.00000
-623407.59913,-899547.35206,130.48100,634668125.07413,11.14000,709352.00000,3.63000,0.00000,0.00000,0.00000
-622891.83857,-899653.70204,134.10000,634668125.12040,11.06000,549413.00000,3.89000,0.00000,0.00000,0.00000
-622468.02121,-899661.36688,136.46000,634668125.16667,11.14000,249188.00000,4.86000,0.00000,0.00000,0.00000
-622057.62860,-899654.63505,138.49300,634668125.21295,11.25000,377959.00000,5.16000,0.00000,0.00000,0.00000
-621602.99331,-899695.35267,139.61100,634668125.25922,11.60000,376701.00000,5.48000,0.00000,0.00000,0.00000
-621116.06461,-899770.74482,140.50400,634668125.30549,11.84000,504280.00000,5.02000,0.00000,0.00000,0.00000
-620585.88372,-899892.51525,141.08200,634668125.35176,11.95000,1990067.00000,4.14000,0.00000,0.00000,0.00000
-620624.76261,-899403.64035,133.45200,634668125.39803,12.13000,1161280.00000,6.09000,0.00000,0.00000,0.00000
-619699.47755,-899949.40668,138.23300,634668125.44430,11.96000,2997872.00000,5.40000,0.00000,0.00000,0.00000
-619332.33140,-899896.22787,142.29400,634668125.49057,11.75000,790872.00000,6.15000,0.00000,0.00000,0.00000
-621547.56842,-897071.90265,130.96400,634668125.53684,11.37000,2052836.00000,5.45000,0.00000,0.00000,0.00000
-620752.02849,-897478.49434,133.87000,634668125.58311,11.04000,1388266.00000,5.93000,0.00000,0.00000,0.00000
-620148.32061,-897679.18803,138.81000,634668125.62938,10.60000,1867104.00000,3.36000,0.00000,0.00000,0.00000
-618246.98137,-899272.26292,162.48900,634668125.67565,10.21000,5220403.00000,3.11000,0.00000,0.00000,0.00000
-618276.94752,-898792.98125,162.99500,634668125.72192,9.87000,726774.00000,3.41000,0.00000,0.00000,0.00000
-618434.65027,-898176.64776,164.43500,634668125.76819,9.55000,412187.00000,4.75000,0.00000,0.00000,0.00000
-619119.65170,-896994.53443,161.86900,634668125.81446,9.14000,209566.00000,6.42000,0.00000,0.00000,0.00000
-619343.44897,-896307.30530,163.87100,634668125.86073,8.65000,1274707.00000,2.76000,0.00000,0.00000,0.00000
-619208.92231,-896004.56252,173.13100,634668125.90700,8.19000,1918565.00000,2.12000,0.00000,0.00000,0.00000
-619227.46480,-895537.58666,172.97000,634668125.95327,7.55000,1744807.00000,2.37000,0.00000,0.00000,0.00000
-619521.33512,-894775.20004,174.90200,634668125.99954,6.95000,2736791.00000,2.01000,0.00000,0.00000,0.00000
-619399.23391,-894459.14289,179.62200,634668126.04580,6.66000,516736.00000,2.21000,0.00000,0.00000,0.00000
-619268.69208,-894152.16145,182.76900,634668126.09207,6.56000,1630360.00000,1.96000,0.00000,0.00000,0.00000
-618701.82905,-894313.32900,162.78300,634668126.13834,6.50000,1612525.00000,1.38000,0.00000,0.00000,0.00000
-617361.60399,-895304.22145,156.97800,634668126.18461,6.52000,1638658.00000,2.00000,0.00000,0.00000,0.00000
-616499.45940,-895782.11806,155.73700,634668126.23088,6.66000,1229938.00000,4.36000,0.00000,0.00000,0.00000
-616234.23949,-895619.60740,155.41000,634668126.27715,6.99000,827840.00000,2.92000,0.00000,0.00000,0.00000
-615728.95357,-895714.63553,155.28900,634668126.32342,7.37000,2618174.00000,2.64000,0.00000,0.00000,0.00000
-614984.08668,-896066.65953,155.35900,634668126.36969,7.54000,3566412.00000,2.42000,0.00000,0.00000,0.00000
-625342.19824,-884505.73422,265.98700,634668126.41596,7.62000,1736077.00000,3.23000,0.00000,0.00000,0.00000
-618411.91899,-891495.16673,151.43500,634668126.46223,7.52000,391529.00000,3.96000,0.00000,0.00000,0.00000
-618096.53030,-891386.54872,152.13600,634668126.50849,7.78000,413458.00000,4.30000,0.00000,0.00000,0.00000
-616935.72680,-892184.88797,149.52600,634668126.55476,8.81000,978200.00000,6.08000,0.00000,0.00000,0.00000
-615714.76101,-893047.71899,150.05300,634668126.60103,10.18000,135258.00000,8.56000,0.00000,0.00000,0.00000
-616420.75150,-891843.37218,150.61300,634668126.64730,11.06000,239186.00000,6.65000,0.00000,0.00000,0.00000
-616290.24033,-891536.36924,152.10400,634668126.69357,11.34000,3578910.00000,5.46000,0.00000,0.00000,0.00000
-615970.37753,-891432.51851,153.22700,634668126.73984,11.29000,2399534.00000,3.87000,0.00000,0.00000,0.00000
-615615.72708,-891365.98999,153.72100,634668126.78611,11.34000,356073.00000,4.77000,0.00000,0.00000,0.00000
-615479.26198,-891065.38143,154.23400,634668126.83238,11.39000,157782.00000,6.34000,0.00000,0.00000,0.00000
-615290.61689,-890820.76596,155.52800,634668126.87865,11.13000,343489.00000,4.44000,0.00000,0.00000,0.00000
-614920.56044,-890770.74735,155.06300,634668126.92492,11.12000,435869.00000,4.58000,0.00000,0.00000,0.00000
-614661.33510,-890601.82757,153.74400,634668126.97119,11.27000,216884.00000,6.87000,0.00000,0.00000,0.00000
-614540.79176,-890284.16760,152.93800,634668127.01746,11.22000,258442.00000,5.32000,0.00000,0.00000,0.00000
-614453.55181,-889930.78164,150.87300,634668127.06374,11.53000,283871.00000,5.79000,0.00000,0.00000,0.00000
-614254.97581,-889696.81678,148.27600,634668127.11001,11.59000,400033.00000,4.47000,0.00000,0.00000,0.00000
-614091.69591,-889424.99897,144.84800,634668127.15628,11.74000,639533.00000,5.28000,0.00000,0.00000,0.00000
-613941.35001,-889139.33103,141.07900,634668127.20255,11.71000,508639.00000,4.61000,0.00000,0.00000,0.00000
-613796.47026,-888847.78712,136.36000,634668127.24882,12.14000,870370.00000,5.29000,0.00000,0.00000,0.00000
-613924.96383,-888263.02263,136.15700,634668127.29509,12.32000,732231.00000,5.01000,0.00000,0.00000,0.00000
-613880.99598,-887863.27289,135.37600,634668127.34136,12.47000,582653.00000,5.42000,0.00000,0.00000,0.00000
-613620.79594,-887695.41190,134.81800,634668127.38763,12.53000,548409.00000,4.94000,0.00000,0.00000,0.00000
-613011.16544,-887902.32164,133.00800,634668127.43391,12.34000,205378.00000,4.66000,0.00000,0.00000,0.00000
-612387.61964,-888124.16454,132.09800,634668127.48018,12.21000,426340.00000,5.28000,0.00000,0.00000,0.00000
-616109.72160,-916632.98668,139.35200,634840776.90227,10.90000,253673.00000,9.54000,0.00000,0.00000,0.00000
-616361.38786,-915930.84884,138.03100,634840776.94852,11.07000,518151.00000,7.18000,0.00000,0.00000,0.00000
-615906.81015,-915964.23774,137.36200,634840776.99477,11.47000,162403.00000,9.04000,0.00000,0.00000,0.00000
-614977.66978,-916491.79348,139.42300,634840777.04102,11.71000,239014.00000,14.24000,0.00000,0.00000,0.00000
-614303.97932,-916753.31505,142.24600,634840777.08727,11.57000,411176.00000,10.72000,0.00000,0.00000,0.00000
-614562.23733,-916044.35987,140.59800,634840777.13352,11.62000,221745.00000,11.33000,0.00000,0.00000,0.00000
-616126.49218,-913975.35381,139.90100,634840777.17977,10.95000,532248.00000,10.01000,0.00000,0.00000,0.00000
-614993.43083,-914715.30230,139.10100,634840777.22602,10.02000,2065964.00000,4.34000,0.00000,0.00000,0.00000
-615124.97740,-914138.31682,142.71400,634840777.27227,9.69000,1523682.00000,2.78000,0.00000,0.00000,0.00000
-615914.28539,-912876.36488,159.08300,634840777.31852,9.59000,2109209.00000,2.94000,0.00000,0.00000,0.00000
-615292.63493,-913083.73062,158.69200,634840777.36477,9.57000,277919.00000,4.30000,0.00000,0.00000,0.00000
-614667.45722,-913294.77611,157.84300,634840777.41102,9.67000,295116.00000,4.07000,0.00000,0.00000,0.00000
-614317.90213,-913218.78125,157.63100,634840777.45727,9.92000,352390.00000,4.82000,0.00000,0.00000,0.00000
-613960.77982,-913150.67069,159.90300,634840777.50352,10.08000,7219225.00000,2.60000,0.00000,0.00000,0.00000
-614372.02216,-912282.48796,150.14700,634840777.54977,10.18000,1354093.00000,4.10000,0.00000,0.00000,0.00000
-614372.83583,-911841.69098,151.65400,634840777.59602,10.23000,3366691.00000,3.31000,0.00000,0.00000,0.00000
-613845.58687,-911950.72297,151.32400,634840777.64227,10.30000,3752727.00000,3.68000,0.00000,0.00000,0.00000
-613610.64303,-911755.41150,156.04600,634840777.68852,10.47000,569444.00000,4.60000,0.00000,0.00000,0.00000
-613398.41919,-911536.42668,154.03400,634840777.73477,10.42000,2068054.00000,5.04000,0.00000,0.00000,0.00000
-613395.20963,-911099.84987,157.01500,634840777.78102,10.13000,3806069.00000,4.63000,0.00000,0.00000,0.00000
-613611.09061,-910435.13238,158.48100,634840777.82727,9.86000,3896544.00000,3.99000,0.00000,0.00000,0.00000
-613682.09017,-909921.28049,159.18700,634840777.87352,9.37000,431744.00000,4.52000,0.00000,0.00000,0.00000
-613686.45474,-909476.81573,159.76600,634840777.91977,9.06000,1431569.00000,3.43000,0.00000,0.00000,0.00000
-613720.60592,-909001.34334,160.86400,634840777.96602,8.84000,1033035.00000,3.40000,0.00000,0.00000,0.00000
-613300.93042,-908998.40660,157.50900,634840778.01227,8.91000,931412.00000,3.26000,0.00000,0.00000,0.00000
-613055.91720,-908813.59189,155.37300,634840778.05852,9.06000,934963.00000,3.99000,0.00000,0.00000,0.00000
-612770.01759,-908671.35265,152.10500,634840778.10477,9.06000,765413.00000,4.61000,0.00000,0.00000,0.00000
-612188.28646,-908837.12388,147.23400,634840778.15102,9.26000,1615690.00000,4.87000,0.00000,0.00000,0.00000
-612047.28017,-908544.03896,147.09400,634840778.19727,9.45000,506837.00000,4.90000,0.00000,0.00000,0.00000
-612277.34194,-907864.63921,148.12400,634840778.24352,9.87000,332064.00000,6.17000,0.00000,0.00000,0.00000
-612275.67684,-907426.49332,148.80400,634840778.28977,10.17000,2730696.00000,5.25000,0.00000,0.00000,0.00000
-608964.05323,-910434.06875,131.58700,634840778.33602,10.22000,423352.00000,4.30000,0.00000,0.00000,0.00000
-608379.73167,-910602.40510,129.92500,634840778.38227,10.15000,294679.00000,4.86000,0.00000,0.00000,0.00000
-607811.07070,-910754.46110,128.94200,634840778.42852,10.00000,296021.00000,4.84000,0.00000,0.00000,0.00000
-607245.41855,-910903.32891,127.72600,634840778.47477,9.68000,295567.00000,3.59000,0.00000,0.00000,0.00000
-610128.79940,-907462.13256,152.29400,634840778.52102,9.66000,643213.00000,5.39000,0.00000,0.00000,0.00000
-610096.36161,-907056.06103,153.69600,634840778.56727,9.86000,171804.00000,5.02000,0.00000,0.00000,0.00000
-610543.04112,-906151.25087,156.70700,634840778.61352,10.13000,726919.00000,4.09000,0.00000,0.00000,0.00000
-610191.03540,-906077.84770,154.43900,634840778.65977,10.62000,3167515.00000,3.02000,0.00000,0.00000,0.00000
-608037.59218,-907879.52145,136.08100,634840778.70602,10.87000,597273.00000,2.98000,0.00000,0.00000,0.00000
-609080.57947,-906354.06682,149.51500,634840778.75227,10.41000,4400597.00000,2.81000,0.00000,0.00000,0.00000
-608567.50453,-906448.29193,149.27000,634840778.79852,9.78000,1254372.00000,3.08000,0.00000,0.00000,0.00000
-608248.81040,-906340.18765,150.85100,634840778.84478,9.53000,585099.00000,4.02000,0.00000,0.00000,0.00000
-607936.67349,-906225.24082,154.38500,634840778.89103,9.32000,702635.00000,3.27000,0.00000,0.00000,0.00000
-607720.47090,-906010.44755,157.40500,634840778.93728,9.43000,865419.00000,4.01000,0.00000,0.00000,0.00000
-607748.63861,-905541.32186,160.54600,634840778.98353,9.47000,630529.00000,3.96000,0.00000,0.00000,0.00000
-607647.55490,-905206.71760,163.73300,634840779.02978,9.24000,296390.00000,3.46000,0.00000,0.00000,0.00000
-607538.90440,-904880.00516,165.21500,634840779.07603,8.99000,120114.00000,4.82000,0.00000,0.00000,0.00000
-607391.88479,-904593.22214,165.33000,634840779.12228,8.69000,260467.00000,3.10000,0.00000,0.00000,0.00000
-603642.20244,-908055.66138,132.22900,634840779.16853,8.48000,1331412.00000,2.39000,0.00000,0.00000,0.00000
-606906.51407,-904218.79828,159.11600,634840779.21478,8.28000,271051.00000,2.70000,0.00000,0.00000,0.00000
-606610.05939,-904087.55558,158.65200,634840779.26103,8.33000,606937.00000,2.69000,0.00000,0.00000,0.00000
-606169.20215,-904106.59383,160.52900,634840779.30729,8.31000,3070842.00000,2.03000,0.00000,0.00000,0.00000
-605811.64392,-904038.91270,163.03400,634840779.35354,8.13000,1875149.00000,1.93000,0.00000,0.00000,0.00000
-605512.16640,-903910.82124,164.99300,634840779.39979,7.82000,1456366.00000,1.97000,0.00000,0.00000,0.00000
-604437.12727,-904589.76387,139.59300,634840779.44604,7.43000,2075489.00000,1.73000,0.00000,0.00000,0.00000
-604296.69368,-904296.13610,136.77300,634840779.49229,7.43000,1429688.00000,3.02000,0.00000,0.00000,0.00000
-604212.31591,-903944.18958,137.24700,634840779.53854,7.78000,1618057.00000,3.29000,0.00000,0.00000,0.00000
-604793.94836,-902899.20594,139.39600,634840779.58479,8.17000,1554321.00000,3.78000,0.00000,0.00000,0.00000
-603771.90788,-903522.96911,138.49000,634840779.63104,8.49000,1772113.00000,4.06000,0.00000,0.00000,0.00000
-603371.94505,-903499.40411,137.45900,634840779.67729,9.01000,1481594.00000,4.85000,0.00000,0.00000,0.00000
-635284.17091,-880629.95893,197.60400,635061386.92734,7.89000,2177030.00000,5.14000,0.00000,0.00000,1.00000
-635181.50014,-881006.03718,198.26800,635061386.97357,7.31000,2478165.00000,4.60000,0.00000,0.00000,1.00000
-636030.86619,-881302.91885,209.89000,635061387.06603,9.95000,91359.00000,10.84000,0.00000,0.00000,1.00000
-634835.35621,-882150.73866,210.67600,635061387.11226,9.06000,146977.00000,9.14000,0.00000,0.00000,1.00000
-634468.49204,-882640.83569,213.96800,635061387.15850,7.77000,230953.00000,8.71000,0.00000,0.00000,1.00000
-635457.32510,-882545.79728,217.31600,635061387.20473,6.08000,290582.00000,6.99000,0.00000,0.00000,1.00000
-635376.05118,-882912.64739,220.63400,635061387.25096,6.45000,126350.00000,8.75000,0.00000,0.00000,1.00000
-635412.47817,-883228.67869,220.48200,635061387.29719,7.22000,152182.00000,9.22000,0.00000,0.00000,1.00000
-635306.45191,-883606.20725,219.12500,635061387.34342,8.04000,283149.00000,8.58000,0.00000,0.00000,1.00000
-635263.94690,-883956.29980,214.73400,635061387.38966,8.95000,544466.00000,7.12000,0.00000,0.00000,1.00000
-635408.05331,-884225.86661,212.83100,635061387.43589,8.93000,777539.00000,13.83000,0.00000,0.00000,1.00000
-634750.20758,-884841.52362,214.51600,635061387.48212,8.22000,320833.00000,10.47000,0.00000,0.00000,1.00000
-636057.44367,-884609.13404,213.67100,635061387.52835,7.57000,189102.00000,8.46000,0.00000,0.00000,1.00000
-635288.55045,-885272.70714,211.82100,635061387.57458,8.31000,866498.00000,9.20000,0.00000,0.00000,1.00000
-638271.31871,-884317.25145,212.44500,635061387.62082,9.88000,4770541.00000,6.46000,0.00000,0.00000,1.00000
-636630.21212,-885357.24033,206.59300,635061387.66705,10.29000,504213.00000,5.26000,0.00000,0.00000,1.00000
-635998.40978,-885961.64164,201.76500,635061387.71328,10.47000,962950.00000,4.74000,0.00000,0.00000,1.00000
-636573.94513,-886045.06170,199.93400,635061387.75951,10.43000,1088796.00000,3.96000,0.00000,0.00000,1.00000
-635589.02925,-887797.04285,179.00200,635061387.94444,10.00000,747511.00000,2.10000,0.00000,0.00000,1.00000
-634864.13721,-888441.53314,174.85700,635061387.99067,10.47000,859408.00000,3.02000,0.00000,0.00000,1.00000
-635057.04468,-888690.05056,173.93600,635061388.03690,10.80000,526388.00000,3.56000,0.00000,0.00000,1.00000
-635546.96706,-888810.42447,173.20800,635061388.08313,11.18000,416460.00000,4.30000,0.00000,0.00000,1.00000
-635713.11873,-889070.48333,173.98400,635061388.12936,11.10000,503400.00000,2.99000,0.00000,0.00000,1.00000
-634088.14527,-891761.83591,168.85700,635061388.40675,10.28000,629584.00000,2.30000,0.00000,0.00000,1.00000
-634137.18152,-892072.39823,168.10300,635061388.45299,10.37000,368163.00000,3.09000,0.00000,0.00000,1.00000
-634382.91993,-892298.12873,168.02100,635061388.49922,10.68000,358848.00000,3.59000,0.00000,0.00000,1.00000
-640829.93646,-890180.78770,184.37700,635061388.59168,11.94000,101413.00000,8.51000,0.00000,0.00000,1.00000
-638871.36166,-891357.42090,181.01200,635061388.63792,11.74000,377763.00000,7.25000,0.00000,0.00000,1.00000
-638169.14703,-891992.07607,186.16100,635061388.68415,11.62000,940451.00000,5.16000,0.00000,0.00000,1.00000
-638268.39286,-892281.03323,190.43700,635061388.73038,11.64000,729302.00000,5.56000,0.00000,0.00000,1.00000
-638473.33591,-892524.40553,190.87100,635061388.77661,11.58000,484603.00000,6.27000,0.00000,0.00000,1.00000
-640259.81537,-892085.65323,190.36100,635061388.82284,11.38000,107015.00000,10.50000,0.00000,0.00000,1.00000
-638549.48337,-894482.14015,151.26500,635061389.05401,11.17000,328889.00000,7.63000,0.00000,0.00000,1.00000
-638569.75151,-894805.15986,150.90400,635061389.10024,12.33000,158987.00000,9.22000,0.00000,0.00000,1.00000
-639459.16569,-894753.39525,151.18300,635061389.14647,12.61000,369315.00000,9.05000,0.00000,0.00000,1.00000
-639947.12552,-894874.74233,153.40800,635061389.19271,12.95000,393021.00000,9.87000,0.00000,0.00000,1.00000
-640262.47074,-895070.54277,154.46800,635061389.23894,12.85000,331948.00000,7.88000,0.00000,0.00000,1.00000
-617757.69283,-917035.87662,864.02400,635061390.94948,9.78000,2018628.00000,2.73000,0.00000,0.00000,1.00000
-618657.33972,-883786.12302,152.02100,635234039.21702,11.78000,779263.00000,4.81000,0.00000,0.00000,1.00000
-618958.31136,-883991.27762,146.85000,635234039.26327,11.86000,2834466.00000,4.86000,0.00000,0.00000,1.00000
-619154.26283,-884239.91245,146.85500,635234039.30952,12.12000,778958.00000,8.20000,0.00000,0.00000,1.00000
-619625.54969,-884374.57832,148.22800,635234039.35576,12.64000,66022.00000,11.07000,0.00000,0.00000,1.00000
-620309.57648,-884421.20560,150.37100,635234039.40201,12.33000,97674.00000,9.96000,0.00000,0.00000,1.00000
-620092.83857,-884840.63892,150.14000,635234039.44826,12.25000,75633.00000,10.25000,0.00000,0.00000,1.00000
-619903.69113,-885248.63837,150.99200,635234039.49451,12.27000,149891.00000,8.47000,0.00000,0.00000,1.00000
-619824.94743,-885610.94414,152.52200,635234039.54075,11.81000,246742.00000,7.60000,0.00000,0.00000,1.00000
-619697.06388,-885993.59621,155.08100,635234039.58700,11.62000,247625.00000,4.97000,0.00000,0.00000,1.00000
-619493.76445,-886407.43814,156.86900,635234039.63325,11.43000,501959.00000,5.15000,0.00000,0.00000,1.00000
-619404.23906,-886774.19408,157.71300,635234039.67949,11.29000,577269.00000,5.44000,0.00000,0.00000,1.00000
-619361.16933,-887121.73525,157.52800,635234039.72574,11.26000,566087.00000,5.12000,0.00000,0.00000,1.00000
-619410.99395,-887430.82142,157.48700,635234039.77199,11.31000,340691.00000,4.54000,0.00000,0.00000,1.00000
-619622.40761,-887673.06285,157.29900,635234039.81824,11.55000,433432.00000,5.57000,0.00000,0.00000,1.00000
-619868.82980,-887900.82197,157.69500,635234039.86448,11.64000,318048.00000,5.89000,0.00000,0.00000,1.00000
-620462.64812,-887984.83501,157.71300,635234039.91073,11.94000,102334.00000,10.74000,0.00000,0.00000,1.00000
-621817.93349,-887753.79729,161.79200,635234039.95698,11.09000,423300.00000,6.47000,0.00000,0.00000,1.00000
-622063.66741,-887981.85109,168.86000,635234040.00322,9.92000,1249891.00000,3.77000,0.00000,0.00000,1.00000
-621785.62283,-888426.63560,168.72800,635234040.04947,9.68000,570930.00000,4.63000,0.00000,0.00000,1.00000
-621389.75170,-888920.16264,167.12100,635234040.09572,9.54000,4393387.00000,3.36000,0.00000,0.00000,1.00000
-621213.35928,-889322.86029,161.68800,635234040.14196,9.94000,279480.00000,7.90000,0.00000,0.00000,1.00000
-622477.78023,-889129.46960,164.57600,635234040.18821,9.44000,292847.00000,8.38000,0.00000,0.00000,1.00000
-622137.77927,-889599.88056,161.84700,635234040.23446,8.81000,218203.00000,5.58000,0.00000,0.00000,1.00000
-621262.49293,-890291.71060,158.37900,635234040.28070,8.69000,453766.00000,4.45000,0.00000,0.00000,1.00000
-620583.10795,-890902.46541,156.38400,635234040.32695,8.91000,1243512.00000,3.23000,0.00000,0.00000,1.00000
-619901.69598,-891514.04118,157.73800,635234040.37320,9.15000,438754.00000,2.74000,0.00000,0.00000,1.00000
-619578.47395,-891977.43181,161.20800,635234040.41944,9.03000,806111.00000,2.25000,0.00000,0.00000,1.00000
-623452.11405,-890704.80291,135.46400,635234040.46569,8.75000,2760782.00000,1.83000,0.00000,0.00000,1.00000
-623638.60774,-890957.39084,137.00900,635234040.51194,8.58000,4129556.00000,1.71000,0.00000,0.00000,1.00000
-623527.47979,-891333.09761,138.19400,635234040.55818,8.65000,539111.00000,1.61000,0.00000,0.00000,1.00000
-623396.81830,-891716.88085,139.96900,635234040.60443,8.61000,3387075.00000,1.56000,0.00000,0.00000,1.00000
-623955.02181,-891815.72093,135.80000,635234040.65067,8.71000,4367473.00000,1.40000,0.00000,0.00000,1.00000
-624635.11824,-891864.13907,130.41600,635234040.69692,9.00000,5164856.00000,1.63000,0.00000,0.00000,1.00000
-624604.11548,-892206.71057,130.17300,635234040.74317,9.62000,4575638.00000,1.84000,0.00000,0.00000,1.00000
-624471.41570,-892591.33024,131.88500,635234040.78941,10.22000,2391285.00000,3.18000,0.00000,0.00000,1.00000
-624448.48139,-892930.56868,134.09200,635234040.83566,10.72000,1740426.00000,4.69000,0.00000,0.00000,1.00000
-624408.70395,-893276.75029,135.66500,635234040.88190,11.11000,1400273.00000,6.46000,0.00000,0.00000,1.00000
-623364.23957,-894038.46277,135.03700,635234040.92815,11.76000,667521.00000,8.74000,0.00000,0.00000,1.00000
-622481.37169,-894733.29958,136.33100,635234040.97440,12.21000,440568.00000,12.28000,0.00000,0.00000,1.00000
-622015.99768,-895255.46534,137.83000,635234041.02064,12.16000,300379.00000,8.80000,0.00000,0.00000,1.00000
-621991.01270,-895595.50353,137.95200,635234041.06689,11.50000,589596.00000,7.71000,0.00000,0.00000,1.00000
-621976.79418,-895931.08183,137.21100,635234041.11313,10.73000,749424.00000,6.75000,0.00000,0.00000,1.00000
-625535.06172,-894789.37329,127.79500,635234041.15938,10.82000,647829.00000,4.05000,0.00000,0.00000,1.00000
-625565.99564,-895106.32119,123.80900,635234041.20563,11.32000,612384.00000,3.68000,0.00000,0.00000,1.00000
-622059.38614,-896886.06774,128.78900,635234041.25187,12.16000,409044.00000,7.22000,0.00000,0.00000,1.00000
-622291.63384,-897119.74781,129.19000,635234041.29812,12.51000,186190.00000,9.03000,0.00000,0.00000,1.00000
-622399.97837,-897404.66966,130.31000,635234041.34437,12.65000,303486.00000,7.62000,0.00000,0.00000,1.00000
-622726.51094,-897599.37800,131.02800,635234041.39061,12.28000,662273.00000,4.81000,0.00000,0.00000,1.00000
-622586.35258,-897987.04707,132.88200,635234041.43686,12.20000,1241716.00000,4.08000,0.00000,0.00000,1.00000
-622757.99329,-898245.79907,133.52800,635234041.48311,12.52000,5098916.00000,5.20000,0.00000,0.00000,1.00000
-623066.33699,-898448.03069,134.22600,635234041.52936,12.46000,3447072.00000,6.24000,0.00000,0.00000,1.00000
-614277.33735,-902410.56629,221.03600,635234041.57560,12.37000,3396696.00000,5.99000,0.00000,0.00000,1.00000
-624322.82552,-898588.02116,128.88900,635234041.62185,11.95000,2398027.00000,5.74000,0.00000,0.00000,1.00000
-622774.44124,-899557.86283,133.67900,635234041.66810,11.94000,986461.00000,5.58000,0.00000,0.00000,1.00000
-624102.41347,-899338.59960,127.35500,635234041.71434,11.93000,2317522.00000,6.16000,0.00000,0.00000,1.00000
-623950.77845,-899731.01158,125.73600,635234041.76059,11.92000,1278992.00000,5.86000,0.00000,0.00000,1.00000
-623974.91682,-900050.75843,120.91900,635234041.80684,12.28000,521441.00000,9.01000,0.00000,0.00000,1.00000
-625224.13852,-899864.07817,119.24900,635234041.85309,12.27000,275798.00000,8.26000,0.00000,0.00000,1.00000
-625758.12255,-899973.07826,119.85300,635234041.89933,11.91000,779969.00000,7.56000,0.00000,0.00000,1.00000
-625770.81349,-900297.56484,119.44700,635234041.94558,11.42000,358494.00000,7.01000,0.00000,0.00000,1.00000
-625169.25673,-900875.94617,116.47300,635234041.99182,11.01000,252240.00000,6.54000,0.00000,0.00000,1.00000
-624769.06889,-901371.08099,113.61700,635234042.03807,10.81000,632408.00000,5.65000,0.00000,0.00000,1.00000
-624678.69035,-901738.15634,111.74200,635234042.08431,10.96000,581690.00000,7.79000,0.00000,0.00000,1.00000
-624918.34110,-901968.82649,111.65000,635234042.13056,10.71000,933883.00000,6.47000,0.00000,0.00000,1.00000
-625038.10043,-902249.04070,113.57000,635234042.17681,10.49000,2648980.00000,4.82000,0.00000,0.00000,1.00000
-624882.38438,-902643.12042,116.02200,635234042.22305,10.16000,2028543.00000,4.83000,0.00000,0.00000,1.00000
-624588.59317,-903094.26531,118.00400,635234042.26930,9.98000,531832.00000,4.75000,0.00000,0.00000,1.00000
-624570.26505,-903431.54497,119.22900,635234042.31554,10.07000,299036.00000,5.43000,0.00000,0.00000,1.00000
-624914.29982,-903619.06440,120.91600,635234042.36179,10.29000,449682.00000,3.84000,0.00000,0.00000,1.00000
-630439.62440,-901665.16362,179.09800,635234042.40803,10.17000,1322901.00000,2.62000,0.00000,0.00000,1.00000
-630368.82645,-902024.19096,174.62000,635234042.45428,10.50000,905199.00000,3.60000,0.00000,0.00000,1.00000
-630085.87126,-902470.90810,168.50000,635234042.50052,11.12000,368297.00000,5.04000,0.00000,0.00000,1.00000
-628888.25832,-903295.64431,160.81000,635234042.54677,11.43000,144994.00000,6.34000,0.00000,0.00000,1.00000
-628730.52293,-903690.58331,162.48700,635234042.59301,11.48000,469712.00000,4.21000,0.00000,0.00000,1.00000
-628769.44579,-904004.24194,166.39200,635234042.63926,11.12000,3384008.00000,2.93000,0.00000,0.00000,1.00000
-628910.06940,-904275.86125,168.81000,635234042.68550,10.74000,3103201.00000,2.17000,0.00000,0.00000,1.00000
-629000.18500,-904568.37645,171.62100,635234042.73175,10.20000,6952522.00000,1.86000,0.00000,0.00000,1.00000
-629556.38720,-904668.27644,173.46500,635234042.77799,9.89000,3514362.00000,2.01000,0.00000,0.00000,1.00000
-627187.40898,-905976.90986,146.58000,635234042.82424,9.75000,1387789.00000,2.71000,0.00000,0.00000,1.00000
-627627.09529,-906124.96481,145.65000,635234042.87048,9.69000,1305504.00000,2.87000,0.00000,0.00000,1.00000
-629246.18243,-905785.70503,158.00600,635234042.91673,9.58000,2500480.00000,2.86000,0.00000,0.00000,1.00000
-628614.89761,-906376.27455,154.78000,635234042.96297,10.14000,263290.00000,8.13000,0.00000,0.00000,1.00000
-627523.55119,-907156.92148,153.40300,635234043.00922,9.74000,537977.00000,4.90000,0.00000,0.00000,1.00000
-627766.54848,-907386.25499,145.23800,635234043.05546,8.56000,4610808.00000,3.34000,0.00000,0.00000,1.00000
-627514.45118,-907820.13079,144.51000,635234043.10171,7.12000,4682982.00000,2.85000,0.00000,0.00000,1.00000
-627547.95930,-908136.01650,143.32800,635234043.14795,5.70000,1162269.00000,2.92000,0.00000,0.00000,1.00000
-627573.36809,-908455.22461,143.35400,635234043.19420,5.03000,685573.00000,3.02000,0.00000,0.00000,1.00000
-628634.80597,-908346.47280,142.06900,635234043.24045,4.81000,1634498.00000,3.22000,0.00000,0.00000,1.00000
-635584.02603,-905805.00324,193.78200,635234043.28669,4.85000,6309016.00000,2.77000,0.00000,0.00000,1.00000
-628572.47345,-909031.68745,135.45500,635234043.33294,5.60000,881574.00000,3.78000,0.00000,0.00000,1.00000
-629006.78790,-909182.02490,136.95800,635234043.37918,7.49000,399318.00000,5.70000,0.00000,0.00000,1.00000
-628918.35015,-909548.27920,138.60900,635234043.42543,8.35000,816044.00000,4.60000,0.00000,0.00000,1.00000
-628112.48476,-910210.88305,135.62100,635234043.47167,7.93000,3015729.00000,3.24000,0.00000,0.00000,1.00000
-626278.61762,-911298.04683,140.78100,635234043.51792,7.16000,2109838.00000,3.01000,0.00000,0.00000,1.00000
-634614.60034,-908184.37209,177.26900,635234043.56416,6.55000,2499267.00000,2.74000,0.00000,0.00000,1.00000
-629190.41086,-910754.85070,148.71400,635234043.61041,6.52000,3043923.00000,2.82000,0.00000,0.00000,1.00000
-629702.18251,-910873.19714,145.75700,635234043.65665,7.26000,2004883.00000,2.56000,0.00000,0.00000,1.00000
-632144.64379,-910194.07405,150.94800,635234043.70290,7.67000,1719941.00000,3.06000,0.00000,0.00000,1.00000
-633066.00692,-910143.25457,156.19600,635234043.74915,7.44000,1339176.00000,3.44000,0.00000,0.00000,1.00000
-630152.91706,-911676.24072,160.14600,635234043.79539,6.96000,1120363.00000,2.50000,0.00000,0.00000,1.00000
-630554.87754,-911839.95415,161.26200,635234043.84163,6.51000,417452.00000,3.76000,0.00000,0.00000,1.00000
-606990.00442,-898236.85440,147.14500,635406693.42045,11.64000,205689.00000,11.53000,0.00000,0.00000,1.00000
-607194.36508,-898483.72940,145.14800,635406693.46672,11.43000,242027.00000,9.05000,0.00000,0.00000,1.00000
-608161.08047,-898428.74810,146.39700,635406693.51298,10.42000,243906.00000,6.72000,0.00000,0.00000,1.00000
-608443.37074,-898644.77807,148.13300,635406693.55925,10.02000,546623.00000,4.89000,0.00000,0.00000,1.00000
-608453.92744,-898968.41262,148.16000,635406693.60551,9.94000,490260.00000,4.11000,0.00000,0.00000,1.00000
-608469.21657,-899290.16110,148.11600,635406693.65178,9.95000,1628698.00000,4.42000,0.00000,0.00000,1.00000
-608324.57153,-899675.22227,147.32400,635406693.69804,10.17000,475301.00000,5.13000,0.00000,0.00000,1.00000
-608088.43661,-900096.50786,147.07300,635406693.74430,10.22000,935037.00000,5.52000,0.00000,0.00000,1.00000
-607831.28794,-900526.10667,146.48000,635406693.79057,9.68000,944417.00000,6.11000,0.00000,0.00000,1.00000
-607696.79466,-900907.14218,145.57400,635406693.83683,8.85000,584544.00000,5.42000,0.00000,0.00000,1.00000
-607882.16466,-901161.55214,144.62200,635406693.88310,8.40000,315861.00000,4.33000,0.00000,0.00000,1.00000
-607810.00861,-901517.90151,142.79300,635406693.92936,8.90000,830857.00000,4.66000,0.00000,0.00000,1.00000
-607625.34599,-901918.78377,143.03500,635406693.97562,9.47000,552736.00000,5.71000,0.00000,0.00000,1.00000
-607447.46567,-902316.98839,147.21500,635406694.02189,9.28000,578460.00000,3.96000,0.00000,0.00000,1.00000
-606946.31678,-902843.14311,152.33700,635406694.06815,9.05000,588917.00000,4.63000,0.00000,0.00000,1.00000
-606847.03753,-903210.21321,155.48700,635406694.11442,8.89000,449749.00000,5.12000,0.00000,0.00000,1.00000
-607545.41381,-903261.55950,158.08300,635406694.16068,8.79000,882290.00000,4.39000,0.00000,0.00000,1.00000
-608237.02426,-903315.61108,158.08000,635406694.20694,8.69000,2150043.00000,3.28000,0.00000,0.00000,1.00000
-608393.91789,-903581.30130,164.62000,635406694.25320,8.72000,1997724.00000,2.36000,0.00000,0.00000,1.00000
-608359.69287,-903922.63208,166.17300,635406694.29947,8.61000,407545.00000,3.64000,0.00000,0.00000,1.00000
-608305.12692,-904272.00151,165.98300,635406694.34573,8.47000,185698.00000,3.60000,0.00000,0.00000,1.00000
-608009.29218,-904716.86503,164.65800,635406694.39199,8.51000,501344.00000,3.09000,0.00000,0.00000,1.00000
-610375.61027,-904108.14946,146.84300,635406694.43826,8.85000,1212639.00000,3.17000,0.00000,0.00000,1.00000
-610208.53691,-904502.07038,147.76500,635406694.48452,9.41000,810213.00000,5.05000,0.00000,0.00000,1.00000
-609895.74317,-904953.65578,148.81100,635406694.53078,10.23000,301474.00000,8.69000,0.00000,0.00000,1.00000
-609441.97733,-905461.03319,149.44000,635406694.57704,10.56000,429782.00000,9.92000,0.00000,0.00000,1.00000
-610056.34807,-905545.70175,151.36700,635406694.62331,10.41000,552151.00000,7.80000,0.00000,0.00000,1.00000
-610344.04129,-905759.64521,151.03700,635406694.66957,10.26000,1428090.00000,4.01000,0.00000,0.00000,1.00000
-611559.56724,-905606.42586,162.61600,635406694.71583,10.39000,2396453.00000,4.06000,0.00000,0.00000,1.00000
-611519.91744,-905949.93290,159.70400,635406694.76210,10.48000,763913.00000,4.16000,0.00000,0.00000,1.00000
-611489.74241,-906289.67287,157.24500,635406694.80836,10.55000,788006.00000,5.30000,0.00000,0.00000,1.00000
-611469.05478,-906625.67080,155.91600,635406694.85462,10.90000,122554.00000,9.14000,0.00000,0.00000,1.00000
-610752.27403,-907237.09047,154.43700,635406694.90089,10.64000,96870.00000,7.80000,0.00000,0.00000,1.00000
-611075.21039,-907437.11183,153.27400,635406694.94715,9.93000,962928.00000,4.19000,0.00000,0.00000,1.00000
-611444.92495,-907618.63564,150.12300,635406694.99341,9.86000,498497.00000,4.12000,0.00000,0.00000,1.00000
-611615.36052,-907878.99648,147.66000,635406695.03967,9.66000,287989.00000,5.76000,0.00000,0.00000,1.00000
-612180.95959,-907983.02046,147.31700,635406695.08594,9.61000,574885.00000,7.10000,0.00000,0.00000,1.00000
-612091.79130,-908346.09682,145.00600,635406695.13220,9.35000,547349.00000,5.40000,0.00000,0.00000,1.00000
-613789.97345,-908002.02014,161.50200,635406695.17846,9.36000,6584554.00000,2.69000,0.00000,0.00000,1.00000
-613624.90907,-908395.15165,157.41800,635406695.22473,9.32000,3460221.00000,2.33000,0.00000,0.00000,1.00000
-613252.42104,-908870.34292,154.06100,635406695.27099,9.34000,2713487.00000,2.23000,0.00000,0.00000,1.00000
-615100.36635,-908467.03211,176.95000,635406695.31725,9.54000,8395712.00000,2.40000,0.00000,0.00000,1.00000
-614565.24103,-909006.58119,166.94200,635406695.36351,9.87000,824628.00000,2.87000,0.00000,0.00000,1.00000
-614406.26752,-909397.31150,163.86500,635406695.40978,9.64000,966557.00000,4.03000,0.00000,0.00000,1.00000
-614422.16315,-909718.85214,162.24200,635406695.45604,9.28000,1874532.00000,5.17000,0.00000,0.00000,1.00000
-614717.31831,-909929.91724,163.14000,635406695.50230,9.50000,387979.00000,6.75000,0.00000,0.00000,1.00000
-613357.86031,-910795.51957,157.37900,635406695.54857,10.09000,753629.00000,5.76000,0.00000,0.00000,1.00000
-613269.35656,-911158.34923,152.04200,635406695.59483,10.25000,2477132.00000,4.50000,0.00000,0.00000,1.00000
-613277.09774,-911483.10158,148.82600,635406695.64109,10.23000,784982.00000,4.89000,0.00000,0.00000,1.00000
-613505.13753,-911720.71180,146.74800,635406695.68735,10.02000,1993356.00000,3.93000,0.00000,0.00000,1.00000
-613118.33972,-912201.51198,145.59500,635406695.73362,10.11000,1558899.00000,3.66000,0.00000,0.00000,1.00000
-613020.98753,-912567.82966,148.70300,635406695.77988,9.85000,1231019.00000,3.52000,0.00000,0.00000,1.00000
-613272.06553,-912796.33350,149.05500,635406695.82614,9.95000,1781062.00000,3.67000,0.00000,0.00000,1.00000
-613200.44785,-913152.45565,161.81500,635406695.87240,10.50000,5275625.00000,3.12000,0.00000,0.00000,1.00000
-613233.93590,-913467.02460,151.96200,635406695.91867,10.62000,1982816.00000,4.08000,0.00000,0.00000,1.00000
-613404.33655,-913727.44411,157.02500,635406695.96493,10.61000,475041.00000,4.37000,0.00000,0.00000,1.00000
-613834.36775,-913885.17599,157.29400,635406696.01119,10.43000,635678.00000,4.39000,0.00000,0.00000,1.00000
-613869.19692,-914199.22383,156.45700,635406696.05746,10.04000,2622523.00000,3.30000,0.00000,0.00000,1.00000
-613445.76107,-914694.48246,151.79800,635406696.10372,9.90000,5887697.00000,3.28000,0.00000,0.00000,1.00000
-613263.64622,-915094.30123,147.40000,635406696.14998,10.02000,620280.00000,3.87000,0.00000,0.00000,1.00000
-613193.37435,-915449.87840,144.69100,635406696.19624,10.17000,1019342.00000,4.45000,0.00000,0.00000,1.00000
-613163.77604,-915789.37743,142.30700,635406696.24251,10.33000,938258.00000,4.70000,0.00000,0.00000,1.00000
-613214.84805,-916096.97693,141.68400,635406696.28877,10.41000,5336589.00000,4.89000,0.00000,0.00000,1.00000
-613287.61319,-916396.00917,134.63400,635406696.33503,10.48000,3295326.00000,3.82000,0.00000,0.00000,1.00000
-614069.51474,-916414.65722,134.87100,635406696.38129,10.27000,2922266.00000,3.18000,0.00000,0.00000,1.00000
-615249.39227,-916275.95278,132.75300,635406696.42756,10.15000,4737327.00000,2.68000,0.00000,0.00000,1.00000
-613383.19105,-917341.61663,148.70500,635406696.47382,10.08000,3478189.00000,2.75000,0.00000,0.00000,1.00000
-614620.68481,-917180.16180,137.05500,635406696.52008,10.11000,843225.00000,3.47000,0.00000,0.00000,1.00000
