-640684.59792,-890829.67593,184.56700,497402615.34055,12.12000,169463.00000,5.76000,0.00000,0.00000,0.00000
-640053.32889,-891076.85249,184.14900,497402615.38679,12.32000,293515.00000,6.73000,0.00000,0.00000,0.00000
-639611.40460,-891113.05042,183.63900,497402615.43304,12.17000,381056.00000,4.97000,0.00000,0.00000,0.00000
-638990.83454,-891348.27899,183.62500,497402615.47928,12.12000,294434.00000,6.18000,0.00000,0.00000,0.00000
-638563.50165,-891368.19051,182.24900,497402615.52553,11.71000,471086.00000,3.78000,0.00000,0.00000,0.00000
-636296.42186,-888876.02508,174.33300,497402616.03420,11.38000,1593768.00000,2.03000,0.00000,0.00000,0.00000
-635837.46063,-888931.15070,172.66000,497402616.08045,11.64000,1956128.00000,2.49000,0.00000,0.00000,0.00000
-635436.43732,-888921.73996,172.62000,497402616.12669,11.94000,1522513.00000,2.64000,0.00000,0.00000,0.00000
-635169.77530,-888762.65432,172.97100,497402616.17293,12.22000,974471.00000,3.26000,0.00000,0.00000,0.00000
-634919.17907,-888585.67005,173.45900,497402616.21918,11.96000,1224876.00000,2.91000,0.00000,0.00000,0.00000
-634529.84072,-888563.21562,175.30400,497402616.26542,11.59000,852452.00000,3.25000,0.00000,0.00000,0.00000
-637815.23414,-884447.34555,209.16700,497402616.31167,11.06000,1192353.00000,2.23000,0.00000,0.00000,0.00000
-637361.69763,-884496.51290,207.33600,497402616.35791,10.89000,1098630.00000,2.65000,0.00000,0.00000,0.00000
-637362.76653,-884039.22651,208.61000,497402616.40415,10.91000,795069.00000,3.09000,0.00000,0.00000,0.00000
-635936.20373,-885172.26507,206.17100,497402616.45040,10.85000,846359.00000,3.00000,0.00000,0.00000,0.00000
-637409.69542,-883074.80998,216.73000,497402616.49664,10.85000,1181857.00000,5.99000,0.00000,0.00000,0.00000
-636566.28138,-883558.25656,213.89500,497402616.54289,11.05000,623192.00000,8.48000,0.00000,0.00000,0.00000
-635464.87466,-884329.05936,213.27200,497402616.58913,10.97000,517307.00000,10.02000,0.00000,0.00000,0.00000
-635280.51196,-884078.35319,214.72400,497402616.63537,10.51000,1036604.00000,8.33000,0.00000,0.00000,0.00000
-635222.70959,-883686.68423,217.06300,497402616.68162,10.30000,1497106.00000,8.05000,0.00000,0.00000,0.00000
-634904.00328,-883585.62470,220.33600,497402616.72786,9.88000,375839.00000,8.40000,0.00000,0.00000,0.00000
-634363.81635,-883731.23173,221.19200,497402616.77411,9.12000,171290.00000,10.45000,0.00000,0.00000,0.00000
-633949.21708,-883736.95670,221.73700,497402616.82035,8.91000,421911.00000,6.21000,0.00000,0.00000,0.00000
-633566.25546,-883707.44046,220.74700,497402616.86660,8.45000,1018733.00000,3.11000,0.00000,0.00000,0.00000
-634922.99140,-880372.27287,202.44400,497402617.05158,9.62000,1310495.00000,7.14000,0.00000,0.00000,0.00000
-633499.46884,-879677.72566,201.14600,497402617.28280,11.81000,43048.00000,6.91000,0.00000,0.00000,0.00000
-633253.81197,-879495.33989,200.90800,497402617.32905,11.35000,142047.00000,5.83000,0.00000,0.00000,0.00000
-629722.69242,-882515.53857,149.71900,497402617.42154,11.66000,294336.00000,4.78000,0.00000,0.00000,0.00000
-627538.06932,-880844.25009,168.17500,497402617.83776,10.58000,3384339.00000,1.61000,0.00000,0.00000,0.00000
-627252.49056,-880706.26479,165.66000,497402617.88400,10.65000,2535656.00000,1.80000,0.00000,0.00000,0.00000
-626744.62697,-880359.80026,162.57900,497402617.97649,11.01000,3435025.00000,1.98000,0.00000,0.00000,0.00000
-636467.16700,-905918.49413,194.52900,497575267.56207,7.96000,257331.00000,9.55000,0.00000,0.00000,0.00000
-636367.21106,-905577.97550,196.34700,497575267.60829,8.18000,527417.00000,9.52000,0.00000,0.00000,0.00000
-636236.09602,-905271.14653,196.81700,497575267.65451,7.03000,379282.00000,8.85000,0.00000,0.00000,0.00000
-636982.47268,-904015.56676,201.40200,497575267.70073,4.84000,465146.00000,4.60000,0.00000,0.00000,0.00000
-637485.96697,-903022.59469,207.13900,497575267.74695,4.23000,1464273.00000,3.28000,0.00000,0.00000,0.00000
-637170.36973,-902915.26067,205.37800,497575267.79316,4.27000,543292.00000,3.32000,0.00000,0.00000,0.00000
-636593.12157,-903090.82098,198.64700,497575267.83938,4.30000,534612.00000,2.07000,0.00000,0.00000,0.00000
-636556.49881,-902681.86303,200.09700,497575267.88560,4.24000,299055.00000,1.53000,0.00000,0.00000,0.00000
-636236.94160,-902578.79574,198.74700,497575267.93182,4.28000,357649.00000,1.99000,0.00000,0.00000,0.00000
-636082.11263,-902297.65522,198.03000,497575267.97804,4.46000,2750954.00000,2.32000,0.00000,0.00000,0.00000
-635875.85185,-902072.11301,193.82200,497575268.02425,4.75000,423148.00000,3.12000,0.00000,0.00000,0.00000
-635844.19459,-901657.79868,193.57600,497575268.07047,5.29000,201558.00000,4.26000,0.00000,0.00000,0.00000
-635758.12004,-901302.33432,196.06100,497575268.11669,6.13000,740740.00000,2.42000,0.00000,0.00000,0.00000
-632883.10090,-903961.82159,150.07700,497575268.16291,7.29000,1128311.00000,3.29000,0.00000,0.00000,0.00000
-632383.45974,-904053.38422,153.60500,497575268.20913,8.09000,1735575.00000,3.87000,0.00000,0.00000,0.00000
-632256.83116,-903741.71990,160.04500,497575268.25534,8.47000,1289548.00000,2.54000,0.00000,0.00000,0.00000
-632508.66182,-903020.98402,167.97300,497575268.30156,8.96000,765079.00000,2.90000,0.00000,0.00000,0.00000
-632447.82573,-902638.20369,171.20200,497575268.34778,9.76000,3656280.00000,4.27000,0.00000,0.00000,0.00000
-632932.16028,-901666.16760,176.66100,497575268.39400,10.73000,615057.00000,6.55000,0.00000,0.00000,0.00000
-632578.47663,-901599.96504,175.87100,497575268.44022,10.82000,463531.00000,8.85000,0.00000,0.00000,0.00000
-632103.10265,-901665.30310,174.28700,497575268.48644,10.70000,807763.00000,5.44000,0.00000,0.00000,0.00000
-631021.69555,-902385.65881,170.15500,497575268.53266,10.43000,535448.00000,4.62000,0.00000,0.00000,0.00000
-630260.84441,-902759.49687,167.58000,497575268.57888,10.49000,736620.00000,3.91000,0.00000,0.00000,0.00000
-629559.35476,-903069.17441,164.86800,497575268.62510,10.34000,2059389.00000,2.65000,0.00000,0.00000,0.00000
-629023.58535,-903199.70500,162.01700,497575268.67132,10.25000,1176999.00000,2.33000,0.00000,0.00000,0.00000
-628932.59839,-902849.54045,158.50700,497575268.71754,9.98000,719295.00000,1.62000,0.00000,0.00000,0.00000
-627780.83796,-903645.76456,155.92100,497575268.76375,9.93000,3005238.00000,1.62000,0.00000,0.00000,0.00000
-630854.21956,-899875.78075,199.22700,497575268.80997,9.96000,426414.00000,1.72000,0.00000,0.00000,0.00000
-626796.32151,-903812.70811,147.51300,497575268.85619,9.78000,1251802.00000,1.80000,0.00000,0.00000,0.00000
-626254.09340,-903950.16632,146.31200,497575268.90241,9.68000,1050343.00000,2.25000,0.00000,0.00000,0.00000
-626371.90669,-903374.38698,136.44100,497575268.94863,9.35000,2200258.00000,2.13000,0.00000,0.00000,0.00000
-625628.26182,-903729.47580,131.75400,497575268.99485,9.24000,1872121.00000,2.45000,0.00000,0.00000,0.00000
-625382.37979,-903546.67803,122.52900,497575269.04107,9.79000,777518.00000,4.46000,0.00000,0.00000,0.00000
-626017.81751,-902411.61215,112.28800,497575269.08729,10.87000,93904.00000,7.69000,0.00000,0.00000,0.00000
-625982.30152,-902001.54257,112.61700,497575269.13351,10.82000,346664.00000,5.90000,0.00000,0.00000,0.00000
-625929.95935,-901609.66652,111.44400,497575269.17972,11.00000,238466.00000,7.45000,0.00000,0.00000,0.00000
-625925.12088,-901166.45207,110.66000,497575269.22594,11.19000,290874.00000,4.51000,0.00000,0.00000,0.00000
-625419.53085,-901264.32666,112.68000,497575269.27216,11.07000,2543628.00000,2.38000,0.00000,0.00000,0.00000
-628644.21109,-897331.43886,146.31500,497575269.31838,11.11000,1355617.00000,2.26000,0.00000,0.00000,0.00000
-628605.70848,-896924.63330,149.83000,497575269.36460,11.25000,1575986.00000,2.08000,0.00000,0.00000,0.00000
-625643.55561,-899676.98566,120.33300,497575269.41082,11.48000,1763591.00000,2.05000,0.00000,0.00000,0.00000
-627712.41700,-896993.12466,127.63800,497575269.45704,11.57000,3844011.00000,2.15000,0.00000,0.00000,0.00000
-626720.98619,-897616.02249,126.02100,497575269.50326,11.76000,3368037.00000,1.96000,0.00000,0.00000,0.00000
-625738.92953,-898228.73311,123.32000,497575269.54948,11.87000,4516164.00000,2.15000,0.00000,0.00000,0.00000
-626242.76261,-897235.96742,128.79100,497575269.59570,12.18000,457510.00000,4.63000,0.00000,0.00000,0.00000
-625817.85012,-897246.67276,126.88700,497575269.64192,12.85000,170503.00000,7.45000,0.00000,0.00000,0.00000
-624432.02175,-898295.58434,127.80500,497575269.68815,13.58000,333579.00000,7.53000,0.00000,0.00000,0.00000
-623479.62480,-898876.13755,132.31300,497575269.73437,14.28000,4219841.00000,5.72000,0.00000,0.00000,0.00000
-623049.75284,-898892.14585,134.19700,497575269.78059,14.65000,1616971.00000,5.80000,0.00000,0.00000,0.00000
-623268.60115,-898207.33012,131.75400,497575269.82681,14.89000,587374.00000,7.75000,0.00000,0.00000,0.00000
-623647.77797,-897349.32311,129.60100,497575269.87303,14.57000,755477.00000,6.59000,0.00000,0.00000,0.00000
-623496.98805,-897063.83497,127.59500,497575269.91925,14.51000,1203859.00000,5.78000,0.00000,0.00000,0.00000
-623887.05578,-896194.07486,126.84300,497575269.96548,14.54000,286862.00000,6.25000,0.00000,0.00000,0.00000
-623815.46109,-895823.08220,126.59600,497575270.01170,14.07000,558876.00000,6.90000,0.00000,0.00000,0.00000
-625251.02406,-893823.81167,140.67600,497575270.05792,14.06000,2553006.00000,6.00000,0.00000,0.00000,0.00000
-624324.41243,-894376.53955,138.44700,497575270.10414,14.12000,312245.00000,5.27000,0.00000,0.00000,0.00000
-623592.25331,-894719.17831,137.18200,497575270.15036,13.94000,210890.00000,7.61000,0.00000,0.00000,0.00000
-623128.27452,-894772.07310,137.31500,497575270.19658,13.90000,515314.00000,6.85000,0.00000,0.00000,0.00000
-622261.99916,-895259.52970,137.76800,497575270.24281,14.08000,352087.00000,7.89000,0.00000,0.00000,0.00000
-621120.09628,-896044.70073,141.07800,497575270.28903,14.32000,148868.00000,9.12000,0.00000,0.00000,0.00000
-620390.37301,-896384.57369,145.18300,497575270.33525,13.89000,498189.00000,6.19000,0.00000,0.00000,0.00000
-619918.97789,-896445.42808,151.28200,497575270.38147,13.65000,992032.00000,4.03000,0.00000,0.00000,0.00000
-620195.78271,-895698.15186,150.02200,497575270.42769,13.08000,3124415.00000,2.97000,0.00000,0.00000,0.00000
-620866.46974,-894525.42271,147.59100,497575270.47391,12.42000,3335438.00000,2.47000,0.00000,0.00000,0.00000
-620590.04473,-894375.69614,154.05800,497575270.52013,11.70000,2766581.00000,2.11000,0.00000,0.00000,0.00000
-619774.27700,-894808.52033,169.99500,497575270.56635,11.00000,1268051.00000,2.49000,0.00000,0.00000,0.00000
-619744.28307,-894392.62648,174.20200,497575270.61257,10.66000,1060418.00000,2.17000,0.00000,0.00000,0.00000
-619410.47220,-894304.88642,180.07000,497575270.65879,10.61000,2965106.00000,2.10000,0.00000,0.00000,0.00000
-622900.16963,-890087.37155,146.07300,497575270.70502,10.44000,612806.00000,2.37000,0.00000,0.00000,0.00000
-622759.32488,-889791.28578,154.97400,497575270.75123,10.47000,3795890.00000,2.34000,0.00000,0.00000,0.00000
-622230.55463,-889914.20649,159.71000,497575270.79745,10.66000,436817.00000,3.62000,0.00000,0.00000,0.00000
-621207.98469,-890570.48343,156.84600,497575270.84368,11.01000,201405.00000,5.91000,0.00000,0.00000,0.00000
-620303.15824,-891099.52722,156.44700,497575270.88990,11.40000,158672.00000,6.48000,0.00000,0.00000,0.00000
-620200.94789,-890761.70811,156.73100,497575270.93612,11.62000,132674.00000,8.76000,0.00000,0.00000,0.00000
-620757.83903,-889712.02171,160.22400,497575270.98234,11.31000,218105.00000,9.34000,0.00000,0.00000,0.00000
-619697.64013,-890408.84209,155.87600,497575271.02855,10.89000,3550170.00000,5.15000,0.00000,0.00000,0.00000
-619705.78194,-889951.85615,159.01200,497575271.07478,10.91000,2763870.00000,4.08000,0.00000,0.00000,0.00000
-618209.58936,-891119.44097,152.08100,497575271.12100,11.25000,606000.00000,3.87000,0.00000,0.00000,0.00000
-619096.58851,-889713.34415,159.10200,497575271.16722,11.96000,9707858.00000,3.62000,0.00000,0.00000,0.00000
-618661.35687,-889735.16252,156.16700,497575271.21344,12.37000,450636.00000,5.42000,0.00000,0.00000,0.00000
-618362.70660,-889609.49212,154.46800,497575271.25966,12.96000,121306.00000,7.13000,0.00000,0.00000,0.00000
-618317.42226,-889210.21537,154.87100,497575271.30588,13.55000,396596.00000,7.36000,0.00000,0.00000,0.00000
-617947.01864,-889162.02541,155.64500,497575271.35210,13.40000,283278.00000,5.63000,0.00000,0.00000,0.00000
-617526.14272,-889168.34007,155.62900,497575271.39832,13.40000,282364.00000,6.54000,0.00000,0.00000,0.00000
-617210.66653,-889060.81865,155.59400,497575271.44454,13.36000,99894.00000,7.50000,0.00000,0.00000,0.00000
-616909.05362,-888938.34517,156.44400,497575271.49077,13.17000,208393.00000,6.52000,0.00000,0.00000,0.00000
-616658.40817,-888760.81624,156.55100,497575271.53699,13.16000,186660.00000,5.62000,0.00000,0.00000,0.00000
-616330.07306,-888667.18422,156.53700,497575271.58321,13.17000,350738.00000,5.75000,0.00000,0.00000,0.00000
-615981.45015,-888595.46129,155.42000,497575271.62943,13.11000,715680.00000,4.36000,0.00000,0.00000,0.00000
-615691.71160,-888460.14103,153.54800,497575271.67565,13.19000,1022198.00000,3.52000,0.00000,0.00000,0.00000
-615519.26135,-888198.17795,151.05700,497575271.72187,13.30000,1942862.00000,3.47000,0.00000,0.00000,0.00000
-615353.74409,-887928.73545,148.02300,497575271.76810,13.59000,3744063.00000,3.30000,0.00000,0.00000,0.00000
-615260.98290,-887580.75679,144.69600,497575271.81432,13.82000,696217.00000,4.82000,0.00000,0.00000,0.00000
-615334.99511,-887052.69705,142.22600,497575271.86054,13.75000,281448.00000,6.31000,0.00000,0.00000,0.00000
-615635.67488,-886279.93168,142.82400,497575271.90676,13.75000,194041.00000,6.43000,0.00000,0.00000,0.00000
-615963.56929,-885477.78714,145.20000,497575271.95299,13.76000,362778.00000,4.84000,0.00000,0.00000,0.00000
-615346.73878,-885695.64604,140.39100,497575271.99921,13.86000,3882799.00000,3.42000,0.00000,0.00000,0.00000
-620703.54523,-916185.43659,136.95900,497747921.49071,12.30000,130723.00000,7.43000,0.00000,0.00000,0.00000
-620514.35307,-915942.60037,136.32500,497747921.53691,12.85000,168560.00000,11.65000,0.00000,0.00000,0.00000
-620426.19301,-915593.82420,136.72900,497747921.58311,13.04000,526586.00000,10.88000,0.00000,0.00000,0.00000
-620378.25295,-915202.89296,137.19100,497747921.62931,13.33000,236040.00000,11.70000,0.00000,0.00000,0.00000
-620058.87790,-915096.55105,137.66700,497747921.67551,13.77000,217588.00000,17.56000,0.00000,0.00000,0.00000
-619856.62269,-914867.41362,137.87800,497747921.72171,13.98000,148808.00000,18.18000,0.00000,0.00000,0.00000
-619595.55331,-914699.92301,138.17700,497747921.76791,13.45000,475798.00000,10.40000,0.00000,0.00000,0.00000
-619268.14162,-914602.01178,138.81900,497747921.81411,12.37000,317215.00000,7.05000,0.00000,0.00000,0.00000
-618987.98172,-914454.55287,138.03500,497747921.86031,11.79000,253627.00000,7.54000,0.00000,0.00000,0.00000
-618680.17530,-914336.07526,137.20700,497747921.90651,11.57000,182914.00000,7.47000,0.00000,0.00000,0.00000
-618874.04258,-913691.67112,136.06700,497747921.95271,11.82000,244740.00000,7.59000,0.00000,0.00000,0.00000
-619451.94806,-912644.66467,138.20500,497747921.99891,11.91000,178768.00000,5.58000,0.00000,0.00000,0.00000
-619791.58428,-911847.46157,142.58300,497747922.04511,11.77000,1102673.00000,4.17000,0.00000,0.00000,0.00000
-619569.24362,-911639.41627,145.31800,497747922.09131,11.77000,1079966.00000,3.58000,0.00000,0.00000,0.00000
-619269.49604,-911512.52304,148.32700,497747922.13751,11.77000,1162758.00000,3.22000,0.00000,0.00000,0.00000
-618686.25397,-911682.83539,151.07800,497747922.18371,11.77000,1661481.00000,2.88000,0.00000,0.00000,0.00000
-618108.54389,-911847.33899,154.57300,497747922.22991,11.63000,1565397.00000,2.38000,0.00000,0.00000,0.00000
-617428.29409,-912119.32335,157.46200,497747922.27611,11.56000,992404.00000,2.44000,0.00000,0.00000,0.00000
-616899.84213,-912232.15270,159.28200,497747922.32231,11.83000,536757.00000,3.30000,0.00000,0.00000,0.00000
-616526.72401,-912182.16624,159.85300,497747922.36851,11.98000,1066674.00000,4.37000,0.00000,0.00000,0.00000
-616095.79466,-912192.76781,158.93800,497747922.41471,12.36000,2085236.00000,3.35000,0.00000,0.00000,0.00000
-615836.27741,-912023.68936,156.93200,497747922.46091,13.10000,396590.00000,5.75000,0.00000,0.00000,0.00000
-615929.64816,-911484.72315,155.19700,497747922.50710,13.17000,143334.00000,8.18000,0.00000,0.00000,0.00000
-616233.65305,-910725.00082,154.28200,497747922.55330,13.10000,512912.00000,9.19000,0.00000,0.00000,0.00000
-615672.03455,-910872.58698,154.28700,497747922.59950,12.45000,674869.00000,5.00000,0.00000,0.00000,0.00000
-614433.27361,-911729.87053,154.15000,497747922.64570,12.22000,982311.00000,4.71000,0.00000,0.00000,0.00000
-614407.52497,-911315.78578,152.36500,497747922.69190,12.08000,290264.00000,6.30000,0.00000,0.00000,0.00000
-614230.46725,-911060.28792,152.75200,497747922.73810,11.97000,438563.00000,6.51000,0.00000,0.00000,0.00000
-614012.69225,-910847.46259,154.00100,497747922.78430,11.62000,434149.00000,5.47000,0.00000,0.00000,0.00000
-613953.78355,-910468.16218,155.26100,497747922.83050,11.41000,352848.00000,4.71000,0.00000,0.00000,0.00000
-613671.16318,-910323.30294,155.81400,497747922.87670,10.95000,378940.00000,3.85000,0.00000,0.00000,0.00000
-613537.85440,-910021.97386,155.68100,497747922.92290,10.59000,2094433.00000,2.34000,0.00000,0.00000,0.00000
-613391.46672,-909734.33302,155.12400,497747922.96909,10.28000,2680744.00000,2.47000,0.00000,0.00000,0.00000
-613111.87450,-909586.31853,154.17200,497747923.01529,9.98000,3501017.00000,1.90000,0.00000,0.00000,0.00000
-613978.95544,-908236.59496,162.34300,497747923.06149,9.99000,6222419.00000,1.98000,0.00000,0.00000,0.00000
-613612.91532,-908179.20094,157.56400,497747923.10769,10.15000,2880719.00000,2.12000,0.00000,0.00000,0.00000
-613384.60583,-907977.45035,156.27900,497747923.15389,10.39000,10294376.00000,2.19000,0.00000,0.00000,0.00000
-613176.41474,-907754.62908,152.59100,497747923.20009,10.63000,939842.00000,3.87000,0.00000,0.00000,0.00000
-613670.99992,-906795.30733,154.58400,497747923.24629,10.88000,2272980.00000,2.85000,0.00000,0.00000,0.00000
-613650.82212,-906375.47681,158.15200,497747923.29249,11.12000,7058375.00000,2.50000,0.00000,0.00000,0.00000
-613378.78907,-906219.56900,160.75200,497747923.33869,11.25000,2750018.00000,2.11000,0.00000,0.00000,0.00000
-613059.50058,-906113.16656,160.79000,497747923.38489,11.01000,7038366.00000,2.94000,0.00000,0.00000,0.00000
-612299.84444,-906468.22212,154.66000,497747923.43109,10.89000,940939.00000,4.33000,0.00000,0.00000,0.00000
-611694.00497,-906662.07517,155.04100,497747923.47729,11.30000,1436423.00000,8.03000,0.00000,0.00000,0.00000
-611702.50033,-906212.20786,156.32700,497747923.52349,11.16000,408560.00000,6.96000,0.00000,0.00000,0.00000
-611069.51217,-906434.49098,154.69300,497747923.56969,11.02000,1334875.00000,3.89000,0.00000,0.00000,0.00000
-611599.33536,-905438.37184,162.21300,497747923.61589,11.23000,10388708.00000,2.70000,0.00000,0.00000,0.00000
-611191.07998,-905425.19089,159.53300,497747923.66209,11.28000,4067987.00000,2.61000,0.00000,0.00000,0.00000
-610648.09063,-905553.16986,154.14800,497747923.70829,11.13000,403748.00000,4.28000,0.00000,0.00000,0.00000
-610450.97801,-905318.74208,151.02300,497747923.75449,11.24000,206678.00000,6.61000,0.00000,0.00000,0.00000
-610290.57684,-905045.87102,149.61600,497747923.80069,11.56000,92850.00000,7.56000,0.00000,0.00000,0.00000
-609737.01503,-905184.88946,149.30800,497747923.84689,11.76000,96983.00000,7.61000,0.00000,0.00000,0.00000
-609102.51454,-905408.70549,151.08300,497747923.89309,11.48000,192672.00000,5.80000,0.00000,0.00000,0.00000
-608903.40201,-905176.37622,153.69000,497747923.93929,11.34000,350375.00000,5.63000,0.00000,0.00000,0.00000
-608821.94089,-904820.79691,156.89300,497747923.98549,11.13000,583567.00000,3.65000,0.00000,0.00000,0.00000
-608735.94835,-904469.95228,160.66300,497747924.03169,11.11000,380165.00000,3.43000,0.00000,0.00000,0.00000
-608544.88905,-904229.19553,164.97200,497747924.07789,10.83000,395229.00000,3.12000,0.00000,0.00000,0.00000
-608206.02648,-904143.29181,166.54100,497747924.12409,10.44000,655602.00000,3.84000,0.00000,0.00000,0.00000
-607790.73782,-904137.43566,165.24600,497747924.17029,10.09000,532988.00000,3.20000,0.00000,0.00000,0.00000
-607607.21952,-903888.77552,161.79300,497747924.21649,9.97000,623295.00000,3.71000,0.00000,0.00000,0.00000
-607478.49975,-903582.70485,158.80400,497747924.26269,10.19000,326520.00000,3.85000,0.00000,0.00000,0.00000
-606931.99428,-903714.30055,158.86700,497747924.30889,10.26000,268879.00000,3.75000,0.00000,0.00000,0.00000
-606289.44926,-903946.46749,160.30000,497747924.35510,10.12000,384418.00000,3.42000,0.00000,0.00000,0.00000
-607185.89157,-902566.54172,143.27600,497747924.40130,10.10000,2350942.00000,2.97000,0.00000,0.00000,0.00000
-606546.87987,-902795.04939,145.08200,497747924.44750,10.29000,404332.00000,4.00000,0.00000,0.00000,0.00000
-606481.03523,-902423.14990,145.05900,497747924.49370,10.41000,443286.00000,5.63000,0.00000,0.00000,0.00000
-606402.61775,-902064.41302,144.81700,497747924.53990,10.50000,213829.00000,6.96000,0.00000,0.00000,0.00000
-606082.36057,-901958.98987,145.33700,497747924.58610,10.79000,273767.00000,7.44000,0.00000,0.00000,0.00000
-606219.14748,-901374.86226,144.61700,497747924.63230,10.99000,319823.00000,6.34000,0.00000,0.00000,0.00000
-606210.13032,-900943.46316,143.13000,497747924.67850,11.29000,535792.00000,6.06000,0.00000,0.00000,0.00000
-606277.03012,-900432.52838,141.72200,497747924.72470,11.37000,306845.00000,7.35000,0.00000,0.00000,0.00000
-606181.03663,-900092.23973,141.14300,497747924.77090,11.46000,286368.00000,5.73000,0.00000,0.00000,0.00000
-606004.10007,-899836.74098,140.33200,497747924.81710,12.00000,187408.00000,6.90000,0.00000,0.00000,0.00000
-606084.08427,-899312.14003,142.09700,497747924.86331,12.15000,384015.00000,8.69000,0.00000,0.00000,0.00000
-605995.13002,-898964.48086,144.27300,497747924.90951,12.00000,301974.00000,5.70000,0.00000,0.00000,0.00000
-623388.17629,-880816.45175,165.70700,498141185.04532,12.18000,3569276.00000,3.22000,0.00000,0.00000,1.00000
-623225.39597,-881214.37956,165.59100,498141185.09152,12.55000,840106.00000,3.90000,0.00000,0.00000,1.00000
-623003.48673,-881636.97960,162.79800,498141185.13773,12.94000,1468065.00000,3.84000,0.00000,0.00000,1.00000
-622784.93755,-882058.18198,159.42900,498141185.18393,13.31000,1215891.00000,3.96000,0.00000,0.00000,1.00000
-622876.74203,-882349.73500,158.49000,498141185.23013,13.49000,461723.00000,4.54000,0.00000,0.00000,1.00000
-622972.57841,-882639.61261,159.95600,498141185.27633,13.25000,637632.00000,4.68000,0.00000,0.00000,1.00000
-623052.95030,-882935.93520,161.21200,498141185.32253,13.22000,1602253.00000,4.10000,0.00000,0.00000,1.00000
-623117.20999,-883239.00653,161.97600,498141185.36874,13.12000,1394548.00000,4.59000,0.00000,0.00000,1.00000
-623292.98002,-883495.49148,162.22100,498141185.41494,13.12000,499548.00000,3.97000,0.00000,0.00000,1.00000
-623387.45930,-883785.92470,162.04600,498141185.46114,13.26000,933187.00000,4.61000,0.00000,0.00000,1.00000
-623397.29251,-884111.72150,161.22500,498141185.50734,13.51000,461720.00000,4.39000,0.00000,0.00000,1.00000
-623218.33211,-884516.34683,158.71900,498141185.55354,13.87000,225888.00000,5.94000,0.00000,0.00000,1.00000
-623220.09363,-884845.50872,157.31700,498141185.59974,13.85000,201601.00000,7.11000,0.00000,0.00000,1.00000
-623233.27176,-885169.89967,156.02700,498141185.64594,13.82000,280012.00000,8.15000,0.00000,0.00000,1.00000
-623512.49101,-885383.17884,156.61900,498141185.69214,13.68000,217137.00000,6.24000,0.00000,0.00000,1.00000
-623546.49570,-885698.87932,157.45900,498141185.73835,13.52000,230311.00000,5.80000,0.00000,0.00000,1.00000
-623743.07622,-885946.67574,158.26500,498141185.78455,13.25000,270836.00000,5.87000,0.00000,0.00000,1.00000
-624207.06286,-886082.82458,160.86300,498141185.83075,12.78000,596810.00000,4.22000,0.00000,0.00000,1.00000
-624000.52282,-886498.95947,167.68600,498141185.87695,12.24000,6450445.00000,2.46000,0.00000,0.00000,1.00000
-623671.71547,-886966.15683,171.41200,498141185.92315,11.83000,343442.00000,3.07000,0.00000,0.00000,1.00000
-623553.86594,-887345.26099,172.24900,498141185.96935,11.86000,383696.00000,3.86000,0.00000,0.00000,1.00000
-623510.58148,-887693.21637,170.69800,498141186.01555,11.92000,281798.00000,4.47000,0.00000,0.00000,1.00000
-623971.86713,-887830.49998,169.55000,498141186.06175,11.78000,323907.00000,4.51000,0.00000,0.00000,1.00000
-624054.22503,-888126.00853,171.58600,498141186.10795,11.47000,5350044.00000,2.67000,0.00000,0.00000,1.00000
-624003.54232,-888477.05368,170.24200,498141186.15415,11.22000,2279581.00000,1.91000,0.00000,0.00000,1.00000
-623422.06454,-889049.71419,162.79000,498141186.20036,11.31000,3452199.00000,1.81000,0.00000,0.00000,1.00000
-622565.05562,-889737.38743,149.05100,498141186.24656,11.86000,2033496.00000,2.18000,0.00000,0.00000,1.00000
-622546.58718,-890074.96093,146.46700,498141186.29276,12.76000,649576.00000,3.89000,0.00000,0.00000,1.00000
-622081.29388,-890599.07940,145.31200,498141186.33896,13.55000,3085922.00000,4.65000,0.00000,0.00000,1.00000
-623700.31390,-890253.09039,134.61600,498141186.38516,13.87000,757463.00000,7.35000,0.00000,0.00000,1.00000
-623366.04321,-890722.50818,137.21800,498141186.43136,13.66000,294650.00000,8.25000,0.00000,0.00000,1.00000
-623449.04656,-891017.74103,137.87500,498141186.47756,13.62000,205408.00000,7.47000,0.00000,0.00000,1.00000
-623269.31518,-891422.64169,139.85500,498141186.52376,13.59000,274916.00000,8.72000,0.00000,0.00000,1.00000
-622998.86644,-891865.40320,142.22300,498141186.56996,13.52000,353525.00000,5.41000,0.00000,0.00000,1.00000
-623399.68420,-892027.97836,138.45900,498141186.61616,13.56000,1527991.00000,3.10000,0.00000,0.00000,1.00000
-623564.63893,-892288.99513,135.17000,498141186.66237,13.75000,858593.00000,5.00000,0.00000,0.00000,1.00000
-624067.61492,-892408.95770,132.03000,498141186.70857,14.40000,290751.00000,8.71000,0.00000,0.00000,1.00000
-623875.09188,-892819.19405,132.49800,498141186.75477,14.10000,649702.00000,5.59000,0.00000,0.00000,1.00000
-622626.87667,-893670.02258,137.64200,498141186.80097,13.87000,3321360.00000,3.31000,0.00000,0.00000,1.00000
-627281.34009,-892057.23873,150.14800,498141186.84718,13.79000,1354509.00000,2.96000,0.00000,0.00000,1.00000
-627391.89089,-892341.01092,152.29400,498141186.89338,13.72000,649933.00000,3.66000,0.00000,0.00000,1.00000
-627404.33240,-892665.73920,154.85700,498141186.93958,13.56000,702479.00000,2.82000,0.00000,0.00000,1.00000
-627486.66736,-892961.29516,153.70000,498141186.98578,13.30000,3972060.00000,2.57000,0.00000,0.00000,1.00000
-627734.97907,-893187.56793,148.84200,498141187.03198,13.16000,2231690.00000,2.92000,0.00000,0.00000,1.00000
-627912.74078,-893443.30128,144.91000,498141187.07819,13.07000,2691543.00000,2.56000,0.00000,0.00000,1.00000
-626423.91686,-894394.56429,126.59300,498141187.12439,13.11000,953149.00000,2.74000,0.00000,0.00000,1.00000
-625463.90773,-895125.08963,122.00300,498141187.17059,13.25000,1076602.00000,3.67000,0.00000,0.00000,1.00000
-625528.06548,-895428.21243,120.55600,498141187.21679,13.21000,236249.00000,4.76000,0.00000,0.00000,1.00000
-625231.32080,-895881.91232,121.00600,498141187.26299,13.22000,239763.00000,6.33000,0.00000,0.00000,1.00000
-625064.28840,-896281.49729,122.04000,498141187.30919,13.17000,271923.00000,5.56000,0.00000,0.00000,1.00000
-624910.68804,-896675.46884,122.93200,498141187.35539,12.89000,127658.00000,4.82000,0.00000,0.00000,1.00000
-624644.16881,-897116.53822,123.97800,498141187.40159,12.49000,145022.00000,4.08000,0.00000,0.00000,1.00000
-624637.06601,-897449.38015,123.99800,498141187.44779,12.03000,381391.00000,3.57000,0.00000,0.00000,1.00000
-624618.53011,-897786.97472,125.20000,498141187.49399,11.88000,275693.00000,2.67000,0.00000,0.00000,1.00000
-630977.06528,-895463.67995,158.62500,498141187.54019,11.85000,2280646.00000,2.04000,0.00000,0.00000,1.00000
-633197.71716,-894866.88348,176.59200,498141187.58639,11.61000,932386.00000,2.13000,0.00000,0.00000,1.00000
-630776.77809,-896207.11953,156.60600,498141187.63259,11.45000,1787201.00000,2.00000,0.00000,0.00000,1.00000
-627443.04709,-897928.03689,122.72600,498141187.67879,11.28000,3894303.00000,1.76000,0.00000,0.00000,1.00000
-629187.35444,-897530.15740,144.19100,498141187.72499,11.08000,2011669.00000,2.07000,0.00000,0.00000,1.00000
-629641.96572,-897670.37612,145.22500,498141187.77119,10.84000,1072750.00000,2.51000,0.00000,0.00000,1.00000
-631792.09622,-897103.15235,170.87000,498141187.81739,10.50000,424390.00000,2.04000,0.00000,0.00000,1.00000
-630930.21452,-897792.69865,156.00500,498141187.86359,10.02000,3076173.00000,1.88000,0.00000,0.00000,1.00000
-630845.81589,-898157.82365,160.42400,498141187.90979,9.59000,3112251.00000,1.36000,0.00000,0.00000,1.00000
-625128.57928,-900872.77017,123.87900,498141187.95599,9.28000,2967230.00000,1.36000,0.00000,0.00000,1.00000
-625624.13946,-900995.92324,114.29300,498141188.00219,9.11000,861569.00000,2.44000,0.00000,0.00000,1.00000
-630733.70467,-899194.34242,194.16600,498141188.04838,8.99000,108580.00000,1.84000,0.00000,0.00000,1.00000
-630758.18613,-899514.04821,198.02900,498141188.09458,8.80000,153366.00000,2.72000,0.00000,0.00000,1.00000
-630812.90324,-899821.11218,198.93400,498141188.14078,8.69000,273679.00000,3.03000,0.00000,0.00000,1.00000
-630862.92843,-900130.16338,198.00000,498141188.18698,8.97000,292365.00000,2.29000,0.00000,0.00000,1.00000
-630903.53893,-900443.11853,194.44200,498141188.23318,9.08000,1112053.00000,2.13000,0.00000,0.00000,1.00000
-630898.44866,-900775.13759,189.60200,498141188.27938,9.31000,1791470.00000,2.29000,0.00000,0.00000,1.00000
-631074.81825,-901031.48350,186.63400,498141188.32557,9.66000,1811990.00000,2.63000,0.00000,0.00000,1.00000
-631691.41395,-901104.18024,177.50100,498141188.37177,10.08000,1480882.00000,3.21000,0.00000,0.00000,1.00000
-631735.37184,-901415.75047,176.83700,498141188.41797,10.65000,1563869.00000,5.39000,0.00000,0.00000,1.00000
-631942.64630,-901659.19876,176.24000,498141188.46417,11.39000,304494.00000,5.87000,0.00000,0.00000,1.00000
-632171.43470,-901893.67736,174.68100,498141188.51037,11.52000,331039.00000,8.57000,0.00000,0.00000,1.00000
-632328.97982,-902157.89348,175.25500,498141188.55657,11.13000,246550.00000,7.72000,0.00000,0.00000,1.00000
-631506.57579,-902830.81942,173.81300,498141188.60276,10.92000,298270.00000,7.36000,0.00000,0.00000,1.00000
-631110.94519,-903325.71653,172.98500,498141188.64896,10.97000,253452.00000,6.10000,0.00000,0.00000,1.00000
-630496.19965,-903911.99664,172.44400,498141188.69516,10.38000,418842.00000,5.28000,0.00000,0.00000,1.00000
-630136.17693,-904392.02674,172.49600,498141188.74136,9.70000,839605.00000,3.66000,0.00000,0.00000,1.00000
-630155.91202,-904713.69631,174.23900,498141188.78756,8.98000,1614936.00000,2.87000,0.00000,0.00000,1.00000
-632446.18193,-904088.50465,149.83800,498141188.83376,8.45000,2012963.00000,2.31000,0.00000,0.00000,1.00000
-630032.00582,-905425.14208,161.61400,498141188.87996,8.41000,3156806.00000,2.85000,0.00000,0.00000,1.00000
-629986.51206,-905773.99246,158.60800,498141188.92616,8.26000,2539166.00000,3.17000,0.00000,0.00000,1.00000
-630082.17159,-906063.99760,152.47000,498141188.97236,7.77000,2627584.00000,3.98000,0.00000,0.00000,1.00000
-629318.08659,-906712.47009,145.15500,498141189.01855,6.73000,1590634.00000,4.15000,0.00000,0.00000,1.00000
-629373.40476,-907019.28067,143.50500,498141189.06475,5.84000,1180061.00000,3.91000,0.00000,0.00000,1.00000
-630051.86147,-907066.29151,141.22600,498141189.11095,5.17000,2754337.00000,3.47000,0.00000,0.00000,1.00000
-636931.78046,-904527.39709,194.41000,498141189.15715,4.70000,841883.00000,2.55000,0.00000,0.00000,1.00000
-635933.83270,-905273.51960,195.65100,498141189.20335,5.35000,3027231.00000,30.47000,0.00000,0.00000,1.00000
-635846.02160,-905640.07787,195.72600,498141189.24955,5.98000,891768.00000,4.77000,0.00000,0.00000,1.00000
-635769.63735,-906001.87413,195.20900,498141189.29575,6.50000,367835.00000,5.61000,0.00000,0.00000,1.00000
-635656.28060,-906379.07771,194.24200,498141189.34195,6.96000,232888.00000,3.48000,0.00000,0.00000,1.00000
-630425.44080,-908889.84358,137.58500,498141189.38815,7.29000,495832.00000,3.05000,0.00000,0.00000,1.00000
-630373.86680,-909241.22662,138.40400,498141189.43435,7.41000,338373.00000,2.93000,0.00000,0.00000,1.00000
-629401.98522,-909976.21118,145.45600,498141189.48054,7.46000,1028884.00000,2.25000,0.00000,0.00000,1.00000
-609743.34727,-894215.85382,151.28600,498313839.39009,12.93000,787523.00000,4.27000,0.00000,0.00000,1.00000
-609728.58624,-894549.72634,151.21400,498313839.43631,12.91000,333231.00000,4.52000,0.00000,0.00000,1.00000
-609755.07328,-894867.10425,150.62800,498313839.48253,12.98000,438685.00000,4.28000,0.00000,0.00000,1.00000
-609775.47461,-895186.91961,148.75500,498313839.52875,12.97000,542265.00000,4.16000,0.00000,0.00000,1.00000
-609848.61230,-895485.63668,147.79800,498313839.57497,12.88000,294583.00000,5.27000,0.00000,0.00000,1.00000
-609968.41445,-895765.70226,147.68700,498313839.62120,12.69000,543906.00000,5.27000,0.00000,0.00000,1.00000
-610364.81966,-895935.20133,149.26900,498313839.66742,12.28000,479288.00000,4.62000,0.00000,0.00000,1.00000
-610408.87199,-896245.54397,152.67700,498313839.71364,11.72000,581369.00000,4.12000,0.00000,0.00000,1.00000
-610484.70669,-896543.18955,154.25400,498313839.75986,11.05000,371642.00000,4.63000,0.00000,0.00000,1.00000
-610806.72789,-896742.44369,154.38600,498313839.80608,10.80000,169128.00000,5.36000,0.00000,0.00000,1.00000
-611164.58101,-896927.36331,154.87300,498313839.85230,10.71000,539348.00000,4.47000,0.00000,0.00000,1.00000
-611160.61485,-897256.91607,154.76500,498313839.89852,10.52000,313246.00000,4.17000,0.00000,0.00000,1.00000
-611485.33616,-897455.09036,153.28300,498313839.94474,10.83000,197259.00000,6.42000,0.00000,0.00000,1.00000
-612516.12487,-897371.03776,156.66800,498313839.99096,11.13000,150595.00000,6.42000,0.00000,0.00000,1.00000
-612556.79275,-897682.76381,157.72100,498313840.03718,10.98000,213201.00000,5.77000,0.00000,0.00000,1.00000
-612439.19739,-898057.74255,157.27200,498313840.08341,10.90000,158596.00000,5.92000,0.00000,0.00000,1.00000
-612598.89884,-898321.89677,157.45800,498313840.12963,10.17000,299209.00000,5.24000,0.00000,0.00000,1.00000
-612661.20772,-898624.97150,156.17900,498313840.17585,9.50000,2187130.00000,3.02000,0.00000,0.00000,1.00000
-611614.31152,-899371.34132,144.42000,498313840.22207,9.70000,3112180.00000,3.19000,0.00000,0.00000,1.00000
-611929.56023,-899573.31981,141.78100,498313840.26829,10.67000,361505.00000,5.87000,0.00000,0.00000,1.00000
-612729.76600,-899581.50226,143.86500,498313840.31451,11.28000,618583.00000,5.80000,0.00000,0.00000,1.00000
-612319.27221,-900073.51407,144.82400,498313840.36073,11.70000,1101919.00000,4.69000,0.00000,0.00000,1.00000
-612001.44567,-900528.50711,144.58300,498313840.40695,12.00000,986753.00000,5.91000,0.00000,0.00000,1.00000
-611438.07927,-901081.58858,144.50900,498313840.45317,12.22000,1332933.00000,7.34000,0.00000,0.00000,1.00000
-610589.27009,-901748.70816,147.62500,498313840.49939,12.09000,693177.00000,10.27000,0.00000,0.00000,1.00000
-610140.18645,-902256.08386,148.71500,498313840.54562,12.23000,974406.00000,7.02000,0.00000,0.00000,1.00000
-610940.39094,-902264.31334,146.57200,498313840.59184,12.36000,456445.00000,11.72000,0.00000,0.00000,1.00000
-614969.68825,-900982.24662,149.78300,498313840.63806,11.94000,2357374.00000,10.82000,0.00000,0.00000,1.00000
-616325.23263,-900768.55772,156.23800,498313840.68428,11.94000,1067469.00000,8.84000,0.00000,0.00000,1.00000
-616027.01440,-901215.73731,154.01900,498313840.73050,11.97000,3274912.00000,7.28000,0.00000,0.00000,1.00000
-612766.81618,-902846.41257,145.99900,498313840.77672,12.16000,1211324.00000,7.43000,0.00000,0.00000,1.00000
-613542.68297,-902864.38615,153.59000,498313840.82294,11.78000,3406357.00000,4.17000,0.00000,0.00000,1.00000
-613368.21130,-903262.07465,154.84700,498313840.86916,11.52000,3163102.00000,4.06000,0.00000,0.00000,1.00000
-613025.30339,-903727.04032,153.70600,498313840.91538,11.63000,1065347.00000,4.90000,0.00000,0.00000,1.00000
-612395.58807,-904306.57335,154.60700,498313840.96160,11.63000,3615374.00000,2.83000,0.00000,0.00000,1.00000
-613568.52799,-904165.94763,145.07500,498313841.00782,11.39000,2583205.00000,2.50000,0.00000,0.00000,1.00000
-613711.27829,-904436.89106,147.74700,498313841.05404,11.33000,912641.00000,3.19000,0.00000,0.00000,1.00000
-613254.70792,-904947.25149,151.80500,498313841.10026,11.23000,2024015.00000,2.79000,0.00000,0.00000,1.00000
-612470.74640,-905588.37464,160.26700,498313841.14648,11.01000,996724.00000,3.50000,0.00000,0.00000,1.00000
-613231.73945,-905612.34138,160.11900,498313841.19270,10.82000,542004.00000,4.48000,0.00000,0.00000,1.00000
-613413.71138,-905867.60986,161.22100,498313841.23892,10.61000,587133.00000,4.81000,0.00000,0.00000,1.00000
-613548.33386,-906141.80194,161.08300,498313841.28514,10.59000,1908526.00000,2.90000,0.00000,0.00000,1.00000
-612660.81082,-906824.24975,149.32600,498313841.33136,10.59000,762794.00000,3.78000,0.00000,0.00000,1.00000
-612515.36309,-907210.29568,148.10100,498313841.37758,10.56000,1633858.00000,3.08000,0.00000,0.00000,1.00000
-613180.99650,-907272.39513,143.31300,498313841.42380,10.54000,2104221.00000,2.80000,0.00000,0.00000,1.00000
-614203.14577,-907192.09952,139.42400,498313841.47002,10.25000,750849.00000,2.41000,0.00000,0.00000,1.00000
-613919.70107,-907633.25975,156.55000,498313841.51624,9.86000,5576814.00000,1.96000,0.00000,0.00000,1.00000
-614389.17066,-907773.72742,161.38900,498313841.56246,9.67000,3367397.00000,2.18000,0.00000,0.00000,1.00000
-614880.28026,-907905.54382,166.30900,498313841.60868,9.44000,2226190.00000,1.90000,0.00000,0.00000,1.00000
-615171.15307,-908117.33910,170.98500,498313841.65490,9.38000,7178149.00000,1.57000,0.00000,0.00000,1.00000
-615503.28212,-908312.65480,178.70400,498313841.70112,9.74000,595274.00000,2.08000,0.00000,0.00000,1.00000
-615556.71281,-908619.27871,179.52000,498313841.74734,10.28000,964671.00000,2.49000,0.00000,0.00000,1.00000
-615635.17282,-908915.91393,179.22800,498313841.79356,10.85000,573158.00000,2.62000,0.00000,0.00000,1.00000
-615747.45871,-909199.04458,176.83800,498313841.83977,11.11000,3987648.00000,1.61000,0.00000,0.00000,1.00000
-615294.86547,-909707.73888,153.96300,498313841.88599,11.54000,5042154.00000,2.02000,0.00000,0.00000,1.00000
-615509.29627,-909950.08004,153.73900,498313841.93221,11.89000,2405780.00000,2.67000,0.00000,0.00000,1.00000
-615055.99688,-910459.04240,152.53100,498313841.97843,12.07000,1267372.00000,4.16000,0.00000,0.00000,1.00000
-615628.98177,-910558.21613,151.58600,498313842.02465,12.35000,1271325.00000,5.57000,0.00000,0.00000,1.00000
-616237.82346,-910643.07358,151.65600,498313842.07087,12.58000,1512706.00000,6.10000,0.00000,0.00000,1.00000
-616367.00914,-910919.46248,151.90800,498313842.11709,12.29000,2644929.00000,5.00000,0.00000,0.00000,1.00000
-616055.08849,-911371.97335,154.71700,498313842.16331,12.06000,499275.00000,5.38000,0.00000,0.00000,1.00000
-615791.19726,-911805.30157,155.60100,498313842.20953,12.01000,154665.00000,7.72000,0.00000,0.00000,1.00000
-616112.51039,-912004.97617,156.70000,498313842.25575,12.08000,200536.00000,8.67000,0.00000,0.00000,1.00000
-616347.22438,-912239.22892,159.60000,498313842.30196,12.01000,689137.00000,4.72000,0.00000,0.00000,1.00000
-616354.61814,-912564.24523,159.70200,498313842.34819,11.76000,1313941.00000,4.05000,0.00000,0.00000,1.00000
-615984.49131,-913039.97992,155.98900,498313842.39441,11.37000,387013.00000,3.68000,0.00000,0.00000,1.00000
-615282.15224,-913648.33214,150.79100,498313842.44063,11.08000,1303444.00000,3.37000,0.00000,0.00000,1.00000
-615548.64615,-913869.90190,145.55800,498313842.48685,11.30000,425555.00000,5.37000,0.00000,0.00000,1.00000
-615891.60854,-914060.97016,141.74700,498313842.53306,11.25000,147618.00000,6.92000,0.00000,0.00000,1.00000
-616296.81210,-914227.17351,138.51100,498313842.57928,11.24000,185041.00000,8.94000,0.00000,0.00000,1.00000
-616829.89923,-914342.33639,136.76900,498313842.62550,11.11000,141772.00000,7.25000,0.00000,0.00000,1.00000
-617095.74461,-914564.20358,136.31200,498313842.67173,12.03000,187449.00000,7.49000,0.00000,0.00000,1.00000
-617538.17950,-914715.57573,136.52400,498313842.71795,12.59000,135915.00000,7.30000,0.00000,0.00000,1.00000
-617669.36693,-914991.17823,137.57900,498313842.76417,12.92000,445024.00000,8.35000,0.00000,0.00000,1.00000
-617819.50636,-915259.23073,138.40300,498313842.81038,12.96000,634670.00000,6.89000,0.00000,0.00000,1.00000
-617863.41395,-915569.68749,139.03300,498313842.85660,12.79000,991806.00000,7.69000,0.00000,0.00000,1.00000
-617841.68354,-915906.34009,140.06700,498313842.90282,12.14000,1532559.00000,5.05000,0.00000,0.00000,1.00000
-617595.31092,-916332.65215,141.46100,498313842.94905,11.83000,3243980.00000,4.32000,0.00000,0.00000,1.00000
-617301.56343,-916777.85004,143.70200,498313842.99527,11.75000,3528502.00000,3.69000,0.00000,0.00000,1.00000
-604286.51979,-906447.09072,129.98600,498486494.02476,11.35000,2158485.00000,2.23000,0.00000,0.00000,1.00000
-604711.85040,-906610.80394,131.31800,498486494.07101,12.12000,1508444.00000,3.57000,0.00000,0.00000,1.00000
