-609602.90098,-895658.93339,148.27600,339234476.93773,13.75000,371981.00000,6.33000,0.00000,0.00000,1.00000
-609794.82390,-895914.62418,148.50200,339234476.98470,13.66000,285957.00000,6.33000,0.00000,0.00000,1.00000
-610069.59474,-896137.22157,150.41700,339234477.03167,13.32000,1358542.00000,4.79000,0.00000,0.00000,1.00000
-610059.55124,-896473.64059,153.07500,339234477.07864,12.66000,951110.00000,4.70000,0.00000,0.00000,1.00000
-610211.08572,-896745.49009,154.40600,339234477.12561,12.42000,301122.00000,6.00000,0.00000,0.00000,1.00000
-610502.27560,-896961.51203,154.42500,339234477.17258,11.65000,221653.00000,6.77000,0.00000,0.00000,1.00000
-610792.10063,-897178.09174,154.71300,339234477.21955,11.11000,358646.00000,4.62000,0.00000,0.00000,1.00000
-610825.87352,-897497.01127,154.21700,339234477.26652,10.99000,474896.00000,3.75000,0.00000,0.00000,1.00000
-611017.10979,-897752.99583,152.87400,339234477.31348,11.16000,162202.00000,6.19000,0.00000,0.00000,1.00000
-611856.00720,-897750.13273,155.09400,339234477.36045,11.57000,139223.00000,7.57000,0.00000,0.00000,1.00000
-611901.41588,-898064.41502,156.20000,339234477.40742,11.57000,378682.00000,5.77000,0.00000,0.00000,1.00000
-612073.47836,-898328.07028,156.46600,339234477.45439,11.56000,383507.00000,6.14000,0.00000,0.00000,1.00000
-612227.74524,-898598.84560,156.23200,339234477.50136,10.78000,1037953.00000,4.68000,0.00000,0.00000,1.00000
-611910.98417,-899057.87346,150.11600,339234477.54833,10.16000,926430.00000,3.72000,0.00000,0.00000,1.00000
-611465.48164,-899568.32328,144.86000,339234477.59530,10.23000,549211.00000,6.04000,0.00000,0.00000,1.00000
-611479.37414,-899895.17807,141.87800,339234477.64227,10.92000,433318.00000,6.12000,0.00000,0.00000,1.00000
-612255.31516,-899917.53325,143.76300,339234477.68924,11.22000,504212.00000,5.67000,0.00000,0.00000,1.00000
-611726.94476,-900461.09160,144.22400,339234477.73621,11.31000,180083.00000,6.52000,0.00000,0.00000,1.00000
-610952.07955,-901103.12588,144.79300,339234477.78317,11.86000,160789.00000,8.90000,0.00000,0.00000,1.00000
-610234.03376,-901722.43426,147.35500,339234477.83014,12.03000,384890.00000,8.23000,0.00000,0.00000,1.00000
-609276.33707,-902437.44928,153.34800,339234477.87711,11.55000,6895180.00000,4.57000,0.00000,0.00000,1.00000
-613110.80382,-901237.84113,143.35900,339234477.92408,11.67000,2131313.00000,5.33000,0.00000,0.00000,1.00000
-610707.68806,-902530.39062,148.16900,339234477.97105,11.53000,968066.00000,5.93000,0.00000,0.00000,1.00000
-610449.04547,-902966.12096,150.42300,339234478.01802,11.41000,1294076.00000,7.27000,0.00000,0.00000,1.00000
-610836.07486,-903143.90519,149.55500,339234478.06499,10.97000,1910298.00000,6.10000,0.00000,0.00000,1.00000
-610610.97006,-903566.21969,151.16100,339234478.11196,11.06000,1147511.00000,6.09000,0.00000,0.00000,1.00000
-612964.50255,-902958.41374,150.55700,339234478.15892,11.28000,696916.00000,5.84000,0.00000,0.00000,1.00000
-611784.22263,-903762.34242,146.17400,339234478.20589,11.40000,1249136.00000,4.66000,0.00000,0.00000,1.00000
-612968.95304,-903621.47061,154.60700,339234478.25286,11.40000,2879698.00000,4.29000,0.00000,0.00000,1.00000
-612330.95535,-904208.73914,154.07200,339234478.29983,11.43000,1552495.00000,3.38000,0.00000,0.00000,1.00000
-613454.08698,-904092.50418,142.05100,339234478.34680,11.36000,915251.00000,2.48000,0.00000,0.00000,1.00000
-613265.26117,-904500.35898,145.29100,339234478.39376,11.32000,2107197.00000,2.34000,0.00000,0.00000,1.00000
-613525.61883,-904728.76979,148.29600,339234478.44073,11.14000,2402534.00000,2.43000,0.00000,0.00000,1.00000
-612094.67040,-905632.74425,161.65300,339234478.48770,11.02000,1845518.00000,3.04000,0.00000,0.00000,1.00000
-612744.63495,-905705.53857,159.81200,339234478.53467,10.87000,375975.00000,4.54000,0.00000,0.00000,1.00000
-613265.18584,-905830.02516,161.09000,339234478.58163,10.77000,324472.00000,3.80000,0.00000,0.00000,1.00000
-613394.75284,-906110.68764,161.36900,339234478.62860,10.53000,1625449.00000,3.11000,0.00000,0.00000,1.00000
-612487.58720,-906805.40905,151.65800,339234478.67557,10.62000,956173.00000,3.26000,0.00000,0.00000,1.00000
-612644.52495,-907075.11689,150.38100,339234478.72253,10.69000,1489452.00000,2.93000,0.00000,0.00000,1.00000
-612421.42142,-907496.62673,147.63600,339234478.76950,10.64000,3213331.00000,2.82000,0.00000,0.00000,1.00000
-613552.80243,-907377.18937,152.86100,339234478.81647,10.36000,8447223.00000,2.50000,0.00000,0.00000,1.00000
-614106.23468,-907488.57095,141.83100,339234478.86344,10.13000,2533208.00000,2.11000,0.00000,0.00000,1.00000
-614118.00589,-907816.28239,160.80000,339234478.91040,9.91000,2673515.00000,2.10000,0.00000,0.00000,1.00000
-614587.88573,-907961.03957,164.65700,339234478.95737,9.44000,1954367.00000,1.93000,0.00000,0.00000,1.00000
-615155.00370,-908066.97161,171.59500,339234479.00433,9.48000,3219986.00000,1.58000,0.00000,0.00000,1.00000
-615422.19278,-908292.69528,177.39900,339234479.05130,9.68000,1809788.00000,1.61000,0.00000,0.00000,1.00000
-615490.11007,-908597.98592,179.30500,339234479.09827,10.00000,393411.00000,2.23000,0.00000,0.00000,1.00000
-615593.63949,-908889.05953,178.95600,339234479.14523,10.61000,509266.00000,2.11000,0.00000,0.00000,1.00000
-615634.87962,-909205.01594,159.94200,339234479.19220,10.91000,5234636.00000,1.52000,0.00000,0.00000,1.00000
-615593.21992,-909554.05034,157.08400,339234479.23916,11.21000,2588064.00000,1.70000,0.00000,0.00000,1.00000
-615393.37578,-909966.26637,155.16400,339234479.28613,11.52000,2426413.00000,2.27000,0.00000,0.00000,1.00000
-615405.12665,-910293.98218,153.88200,339234479.33310,11.67000,1626302.00000,3.28000,0.00000,0.00000,1.00000
-615617.53133,-910541.59180,153.21900,339234479.38006,12.02000,1731781.00000,3.87000,0.00000,0.00000,1.00000
-615914.16715,-910755.56717,152.65200,339234479.42703,12.62000,1503565.00000,5.67000,0.00000,0.00000,1.00000
-615981.38856,-911061.15038,153.41400,339234479.47399,12.67000,744892.00000,7.61000,0.00000,0.00000,1.00000
-615680.15112,-911513.81669,154.27900,339234479.52096,12.27000,187302.00000,6.88000,0.00000,0.00000,1.00000
-615314.54607,-911992.19302,155.77400,339234479.56793,12.05000,290677.00000,7.94000,0.00000,0.00000,1.00000
-615702.25641,-912169.81349,157.56000,339234479.61489,12.19000,102610.00000,6.42000,0.00000,0.00000,1.00000
-616074.90428,-912353.45857,159.51700,339234479.66186,12.25000,356012.00000,4.97000,0.00000,0.00000,1.00000
-616164.70796,-912650.01980,159.46900,339234479.70882,11.99000,386025.00000,3.84000,0.00000,0.00000,1.00000
-615744.98229,-913149.98835,156.86100,339234479.75579,11.56000,1281187.00000,3.42000,0.00000,0.00000,1.00000
-615397.82855,-913620.97239,148.15200,339234479.80276,11.76000,616939.00000,2.93000,0.00000,0.00000,1.00000
-615317.76723,-913985.33293,145.27400,339234479.84972,12.00000,484912.00000,5.04000,0.00000,0.00000,1.00000
-615513.01945,-914239.79095,141.82400,339234479.89669,12.06000,127564.00000,7.38000,0.00000,0.00000,1.00000
-615792.52162,-914460.63023,139.22700,339234479.94365,11.96000,123576.00000,7.71000,0.00000,0.00000,1.00000
-616139.83369,-914654.41969,137.33100,339234479.99062,12.58000,199339.00000,8.39000,0.00000,0.00000,1.00000
-616573.43801,-914813.75662,136.27500,339234480.03759,13.76000,142634.00000,9.58000,0.00000,0.00000,1.00000
-617033.76123,-914962.44456,136.64500,339234480.08455,13.96000,266089.00000,8.18000,0.00000,0.00000,1.00000
-617269.43102,-915200.79153,137.55000,339234480.13152,14.62000,1008586.00000,9.95000,0.00000,0.00000,1.00000
-617226.34136,-915550.40367,136.50500,339234480.17848,15.17000,923462.00000,15.30000,0.00000,0.00000,1.00000
-617250.37596,-915873.23150,136.86800,339234480.22545,14.55000,538397.00000,10.65000,0.00000,0.00000,1.00000
-617438.10280,-916130.73036,140.26200,339234480.27242,13.95000,1104064.00000,5.46000,0.00000,0.00000,1.00000
-617249.11718,-916538.56596,142.26000,339234480.31938,13.36000,5603986.00000,4.45000,0.00000,0.00000,1.00000
-616949.85257,-916990.40009,145.03900,339234480.36635,12.96000,6357711.00000,3.22000,0.00000,0.00000,1.00000
-632916.33427,-910513.35231,162.39300,340996404.56295,8.42000,427881.00000,3.47000,0.00000,0.00000,0.00000
-632015.44945,-911030.04268,161.32100,340996404.60941,7.94000,336898.00000,3.19000,0.00000,0.00000,0.00000
-631376.58476,-911266.06568,160.55100,340996404.65586,7.69000,415723.00000,4.13000,0.00000,0.00000,0.00000
-630872.46419,-911357.73413,160.33100,340996404.70232,7.44000,457133.00000,4.54000,0.00000,0.00000,0.00000
-630457.18125,-911354.23697,160.01400,340996404.74877,7.10000,1475173.00000,3.06000,0.00000,0.00000,0.00000
-630161.68549,-911222.44114,158.50900,340996404.79523,6.88000,3332133.00000,3.11000,0.00000,0.00000,0.00000
-630463.08428,-910451.31804,137.36200,340996404.84168,6.93000,616935.00000,3.03000,0.00000,0.00000,0.00000
-630598.83823,-909857.65233,134.10900,340996404.88813,7.19000,2766596.00000,3.11000,0.00000,0.00000,0.00000
-630429.62930,-909590.60436,134.16500,340996404.93459,7.37000,3164773.00000,2.96000,0.00000,0.00000,0.00000
-629448.86744,-910192.76611,143.07200,340996404.98104,7.41000,1799264.00000,3.79000,0.00000,0.00000,0.00000
-629184.82648,-910027.27443,143.56500,340996405.02750,7.84000,408889.00000,5.25000,0.00000,0.00000,0.00000
-629181.32921,-909582.75516,140.49000,340996405.07395,8.43000,120579.00000,8.47000,0.00000,0.00000,0.00000
-629574.64825,-908713.27551,136.37400,340996405.12040,8.54000,458800.00000,5.49000,0.00000,0.00000,0.00000
-628510.00592,-909405.21886,135.40600,340996405.16686,8.94000,1284477.00000,4.15000,0.00000,0.00000,0.00000
-627325.03627,-910225.94952,138.04600,340996405.21331,9.36000,1309634.00000,2.92000,0.00000,0.00000,0.00000
-631037.05692,-905802.30452,148.35600,340996405.25977,9.75000,1492199.00000,2.81000,0.00000,0.00000,0.00000
-631045.04981,-905345.54191,153.47200,340996405.30622,9.98000,1502429.00000,3.91000,0.00000,0.00000,0.00000
-630676.73483,-905291.78857,149.42000,340996405.35267,10.31000,1725227.00000,3.64000,0.00000,0.00000,0.00000
-630334.86936,-905209.71979,150.90700,340996405.39913,10.90000,885679.00000,4.72000,0.00000,0.00000,0.00000
-628918.92767,-906277.92359,150.38300,340996405.44558,11.29000,648362.00000,4.80000,0.00000,0.00000,0.00000
-628537.12676,-906238.58493,152.63900,340996405.49204,11.50000,547580.00000,4.22000,0.00000,0.00000,0.00000
-628426.85683,-905908.48839,153.11500,340996405.53849,11.81000,985019.00000,5.34000,0.00000,0.00000,0.00000
-627550.92054,-906398.27620,151.83500,340996405.58494,11.87000,796358.00000,4.95000,0.00000,0.00000,0.00000
-630591.49132,-902693.96482,169.26400,340996405.63140,12.02000,5300645.00000,4.20000,0.00000,0.00000,0.00000
-630458.26761,-902388.48596,170.80900,340996405.67785,11.92000,1237377.00000,5.26000,0.00000,0.00000,0.00000
-629503.55335,-902962.75617,166.31000,340996405.72431,12.02000,1887033.00000,3.70000,0.00000,0.00000,0.00000
-628402.08438,-903694.13203,161.58500,340996405.77076,12.19000,899835.00000,3.75000,0.00000,0.00000,0.00000
-627879.05747,-903806.03041,158.11300,340996405.81721,12.40000,696575.00000,4.25000,0.00000,0.00000,0.00000
-627418.43194,-903851.13481,154.79800,340996405.86367,12.66000,399436.00000,4.53000,0.00000,0.00000,0.00000
-626707.22963,-904164.51316,151.55200,340996405.91012,12.66000,536107.00000,4.74000,0.00000,0.00000,0.00000
-626077.87935,-904390.23719,148.30200,340996405.95658,12.67000,579559.00000,4.83000,0.00000,0.00000,0.00000
-625387.61422,-904681.14172,146.48800,340996406.00303,12.37000,455676.00000,4.31000,0.00000,0.00000,0.00000
-624548.09743,-905131.83730,144.92600,340996406.04948,12.06000,287530.00000,5.20000,0.00000,0.00000,0.00000
-623709.56410,-905581.45044,145.06200,340996406.09594,12.03000,256684.00000,6.07000,0.00000,0.00000,0.00000
-622906.45392,-905993.09016,146.45400,340996406.14239,12.03000,295427.00000,5.35000,0.00000,0.00000,0.00000
-623948.78924,-904429.04968,124.66900,340996406.18885,12.99000,465631.00000,4.85000,0.00000,0.00000,0.00000
-623920.92895,-904010.75922,123.39800,340996406.23530,14.65000,253801.00000,10.82000,0.00000,0.00000,0.00000
-623684.40279,-903815.84613,123.20000,340996406.28176,15.09000,716253.00000,11.75000,0.00000,0.00000,0.00000
-623004.09478,-904096.02358,122.97600,340996406.32821,15.75000,153341.00000,11.14000,0.00000,0.00000,0.00000
-622684.70822,-903989.82262,122.23700,340996406.37467,16.97000,275055.00000,14.50000,0.00000,0.00000,0.00000
-625690.87684,-900323.39570,122.54200,340996406.42112,16.58000,793604.00000,11.22000,0.00000,0.00000,0.00000
-625236.23979,-900362.05626,122.54400,340996406.46758,15.77000,555879.00000,7.33000,0.00000,0.00000,0.00000
-624550.48479,-900648.13423,122.03100,340996406.51403,15.15000,618908.00000,6.06000,0.00000,0.00000,0.00000
-623658.06323,-901155.42774,120.18400,340996406.56049,15.20000,651961.00000,5.73000,0.00000,0.00000,0.00000
-623251.84096,-901142.21852,121.19300,340996406.60694,14.89000,197047.00000,7.12000,0.00000,0.00000,0.00000
-623371.76404,-900565.77423,121.91000,340996406.65340,14.90000,420391.00000,15.20000,0.00000,0.00000,0.00000
-623510.14397,-899969.55241,125.09500,340996406.69985,14.42000,341654.00000,6.64000,0.00000,0.00000,0.00000
-623096.43672,-899964.35307,129.73800,340996406.74631,13.85000,4721158.00000,3.81000,0.00000,0.00000,0.00000
-622603.86305,-900043.57750,133.79300,340996406.79277,13.64000,2005731.00000,4.01000,0.00000,0.00000,0.00000
-622162.70447,-900067.74631,136.81500,340996406.83922,13.52000,752993.00000,4.48000,0.00000,0.00000,0.00000
-621682.11199,-900134.12048,139.48300,340996406.88568,13.41000,212203.00000,5.16000,0.00000,0.00000,0.00000
-621224.48847,-900175.91163,141.43100,340996406.93213,13.48000,202445.00000,5.38000,0.00000,0.00000,0.00000
-620764.85960,-900219.82582,142.17300,340996406.97859,13.61000,370717.00000,5.99000,0.00000,0.00000,0.00000
-620324.70810,-900242.90829,142.74700,340996407.02504,13.65000,449705.00000,3.86000,0.00000,0.00000,0.00000
-619823.14565,-900331.69110,142.54200,340996407.07150,14.11000,3548564.00000,3.92000,0.00000,0.00000,0.00000
-619317.09408,-900425.27664,143.62600,340996407.11795,14.39000,2293191.00000,3.85000,0.00000,0.00000,0.00000
-618899.90769,-900423.75683,144.99800,340996407.16441,14.14000,715216.00000,5.49000,0.00000,0.00000,0.00000
-618746.30698,-900140.12330,147.28300,340996407.21086,13.43000,614060.00000,3.22000,0.00000,0.00000,0.00000
-620537.62426,-897774.96573,132.84000,340996407.25732,12.91000,679964.00000,2.50000,0.00000,0.00000,0.00000
-618095.67302,-899940.41631,159.02800,340996407.30377,12.46000,4111144.00000,2.23000,0.00000,0.00000,0.00000
-618017.97470,-899575.58058,163.46800,340996407.35023,11.87000,3683595.00000,2.65000,0.00000,0.00000,0.00000
-618037.11766,-899107.11086,164.62000,340996407.39668,11.24000,1640260.00000,2.24000,0.00000,0.00000,0.00000
-617931.95475,-898771.66851,166.13300,340996407.44314,10.86000,442515.00000,3.30000,0.00000,0.00000,0.00000
-618496.22564,-897719.83718,162.76900,340996407.48959,10.68000,98632.00000,5.66000,0.00000,0.00000,0.00000
-619165.31760,-896555.81633,164.17300,340996407.53604,9.89000,743569.00000,3.48000,0.00000,0.00000,0.00000
-619144.01818,-896130.65754,172.92900,340996407.58250,9.55000,773926.00000,1.99000,0.00000,0.00000,0.00000
-618998.94046,-895837.99155,172.39900,340996407.62895,9.15000,2755355.00000,1.87000,0.00000,0.00000,0.00000
-619360.51806,-895003.08377,174.07500,340996407.67541,8.88000,8491431.00000,1.79000,0.00000,0.00000,0.00000
-619354.20214,-894561.91862,178.79300,340996407.72186,8.93000,551948.00000,1.72000,0.00000,0.00000,0.00000
-619164.69251,-894316.80620,181.99000,340996407.76831,8.88000,817792.00000,1.82000,0.00000,0.00000,0.00000
-618014.28413,-895099.98160,162.13600,340996407.81477,8.81000,3051671.00000,1.78000,0.00000,0.00000,0.00000
-617081.96498,-895649.72849,158.18800,340996407.86122,8.79000,1503575.00000,3.91000,0.00000,0.00000,0.00000
-616477.61951,-895848.49886,157.73700,340996407.90768,9.14000,84411.00000,4.91000,0.00000,0.00000,0.00000
-615947.63837,-895967.64649,158.05000,340996407.95413,9.34000,423639.00000,5.64000,0.00000,0.00000,0.00000
-615675.77813,-895810.64400,158.49400,340996408.00058,9.48000,2266659.00000,3.73000,0.00000,0.00000,0.00000
-616023.95581,-894990.20048,160.48800,340996408.04704,9.53000,295572.00000,3.82000,0.00000,0.00000,0.00000
-615494.49365,-895108.81876,159.18100,340996408.09349,9.48000,876646.00000,3.43000,0.00000,0.00000,0.00000
-614995.97383,-895194.30625,157.11500,340996408.13994,9.52000,1840799.00000,2.55000,0.00000,0.00000,0.00000
-610568.20959,-899483.35330,183.81200,340996408.18640,9.68000,768433.00000,2.68000,0.00000,0.00000,0.00000
-616543.05309,-892643.25801,147.04400,340996408.23285,10.14000,713420.00000,2.60000,0.00000,0.00000,0.00000
-615354.61442,-893466.96419,147.53900,340996408.27931,11.00000,974268.00000,4.49000,0.00000,0.00000,0.00000
-614238.03949,-894213.70722,149.24100,340996408.32576,12.42000,326382.00000,8.30000,0.00000,0.00000,0.00000
-614978.65594,-892973.46213,148.97200,340996408.37221,13.20000,249422.00000,8.93000,0.00000,0.00000,0.00000
-615449.67295,-892021.66694,151.98300,340996408.41867,13.35000,3279706.00000,5.84000,0.00000,0.00000,0.00000
-613781.44558,-893358.60091,142.99400,340996408.46512,13.55000,2703971.00000,4.24000,0.00000,0.00000,0.00000
-614785.68316,-891836.38576,153.23400,340996408.51158,13.56000,2745884.00000,4.94000,0.00000,0.00000,0.00000
-614593.22891,-891594.45609,154.23700,340996408.55803,13.57000,491512.00000,5.71000,0.00000,0.00000,0.00000
-614303.91425,-891456.12739,154.35500,340996408.60448,13.55000,403805.00000,4.61000,0.00000,0.00000,0.00000
-613826.39277,-891519.16019,153.48000,340996408.65094,13.71000,335726.00000,5.70000,0.00000,0.00000,0.00000
-613394.30323,-891533.58169,151.73600,340996408.69739,13.49000,329560.00000,6.83000,0.00000,0.00000,0.00000
-612894.80604,-891620.09268,149.34600,340996408.74385,13.68000,104947.00000,6.91000,0.00000,0.00000,0.00000
-612429.26312,-891670.28794,147.28600,340996408.79031,13.95000,148305.00000,7.43000,0.00000,0.00000,0.00000
-611748.02269,-891951.18536,144.61300,340996408.83676,14.11000,225686.00000,7.29000,0.00000,0.00000,0.00000
-611233.53936,-892053.71126,142.27700,340996408.88322,13.99000,292737.00000,6.56000,0.00000,0.00000,0.00000
-610832.38561,-892034.98876,139.14700,340996408.92967,13.91000,308494.00000,6.13000,0.00000,0.00000,0.00000
-610891.58085,-891523.87150,132.70400,340996408.97613,14.69000,487412.00000,9.03000,0.00000,0.00000,0.00000
-611612.33957,-890305.11396,128.85800,340996409.02258,15.84000,164846.00000,13.11000,0.00000,0.00000,0.00000
-612114.90067,-889319.73467,128.61500,340996409.06904,15.71000,170900.00000,10.08000,0.00000,0.00000,0.00000
-612077.74855,-888911.70202,129.85800,340996409.11549,15.52000,212565.00000,7.71000,0.00000,0.00000,0.00000
-615975.82472,-917261.27583,139.35600,341169058.40854,12.76000,1692875.00000,4.55000,0.00000,0.00000,0.00000
-614053.95014,-917054.75691,141.35000,341169058.64048,14.06000,5861125.00000,4.54000,0.00000,0.00000,0.00000
-614306.57927,-916351.85373,138.38300,341169058.68687,13.73000,951045.00000,6.09000,0.00000,0.00000,0.00000
-614005.41030,-916224.13103,140.28300,341169058.73326,13.88000,374480.00000,7.21000,0.00000,0.00000,0.00000
-614829.07254,-914928.17323,141.12600,341169058.77965,14.31000,193626.00000,15.14000,0.00000,0.00000,0.00000
-615398.87662,-913895.88171,145.58100,341169058.82604,13.21000,887934.00000,6.93000,0.00000,0.00000,0.00000
-615252.75261,-913607.15726,149.93400,341169058.87242,12.44000,4053923.00000,2.95000,0.00000,0.00000,0.00000
-614759.05479,-913679.41806,156.74400,341169058.91881,12.16000,2062321.00000,3.06000,0.00000,0.00000,0.00000
-614317.06484,-913698.00402,157.75700,341169058.96520,12.26000,369362.00000,3.86000,0.00000,0.00000,0.00000
-613975.89177,-913611.85711,157.23600,341169059.01159,12.33000,284600.00000,4.54000,0.00000,0.00000,0.00000
-613812.56547,-913341.02188,159.14500,341169059.05797,12.31000,1490742.00000,2.67000,0.00000,0.00000,0.00000
-612942.43409,-913804.20611,143.75100,341169059.10436,12.48000,3081270.00000,3.26000,0.00000,0.00000,0.00000
-612943.78904,-913362.35346,144.95800,341169059.15075,12.64000,1061308.00000,4.38000,0.00000,0.00000,0.00000
-613974.19276,-911851.81785,149.68300,341169059.19713,12.40000,2844721.00000,3.38000,0.00000,0.00000,0.00000
-612392.68544,-913053.75795,154.51200,341169059.24352,12.39000,1085041.00000,4.44000,0.00000,0.00000,0.00000
-613142.40265,-911834.76487,156.04500,341169059.28991,12.37000,430224.00000,4.69000,0.00000,0.00000,0.00000
-612695.36390,-911858.57522,151.25000,341169059.33630,12.39000,696293.00000,6.12000,0.00000,0.00000,0.00000
-611592.14889,-912563.74796,146.86500,341169059.38268,11.94000,3188011.00000,5.38000,0.00000,0.00000,0.00000
-610716.42298,-913032.66593,144.57600,341169059.42907,11.89000,511597.00000,4.70000,0.00000,0.00000,0.00000
-612877.30505,-910348.40652,156.16800,341169059.47546,11.65000,2870563.00000,4.82000,0.00000,0.00000,0.00000
-612624.83634,-910170.17344,154.12500,341169059.52184,11.56000,288179.00000,6.45000,0.00000,0.00000,0.00000
-612240.11695,-910129.24900,151.67500,341169059.56823,11.76000,214811.00000,6.33000,0.00000,0.00000,0.00000
-611693.77781,-910256.17341,147.99100,341169059.61462,12.08000,147740.00000,9.28000,0.00000,0.00000,0.00000
-611285.25391,-910239.97616,145.26500,341169059.66101,12.78000,112213.00000,11.65000,0.00000,0.00000,0.00000
-611079.90807,-910012.80064,143.66400,341169059.70740,12.76000,159439.00000,9.11000,0.00000,0.00000,0.00000
-611019.47864,-909635.15044,142.59800,341169059.75378,13.06000,187517.00000,9.35000,0.00000,0.00000,0.00000
-610807.56140,-909414.82364,140.99600,341169059.80017,13.12000,382020.00000,7.57000,0.00000,0.00000,0.00000
-610839.35929,-908941.42614,140.88500,341169059.84656,13.57000,364157.00000,8.55000,0.00000,0.00000,0.00000
-608769.29881,-910650.28332,133.36700,341169059.89295,13.17000,1141165.00000,5.83000,0.00000,0.00000,0.00000
-607993.87700,-911014.93367,132.61200,341169059.93934,13.03000,318707.00000,5.98000,0.00000,0.00000,0.00000
-607362.87057,-911229.64094,132.48600,341169059.98572,12.57000,376693.00000,4.83000,0.00000,0.00000,0.00000
-606822.06206,-911350.70516,131.28800,341169060.03211,12.36000,1723167.00000,5.05000,0.00000,0.00000,0.00000
-606019.24120,-911743.72848,130.62600,341169060.07850,12.59000,1020035.00000,5.24000,0.00000,0.00000,0.00000
-609396.58311,-907797.26236,148.34900,341169060.12489,12.47000,1141206.00000,4.51000,0.00000,0.00000,0.00000
-609541.89548,-907206.03860,149.76000,341169060.17128,12.55000,240379.00000,5.45000,0.00000,0.00000,0.00000
-609643.64698,-906660.08380,151.32100,341169060.21766,12.90000,1784687.00000,3.79000,0.00000,0.00000,0.00000
-607771.74726,-908163.07429,136.69000,341169060.26405,13.15000,2277640.00000,3.50000,0.00000,0.00000,0.00000
-607618.62798,-907881.70414,136.00700,341169060.31044,13.22000,1168155.00000,3.73000,0.00000,0.00000,0.00000
-608344.66608,-906687.67645,149.24400,341169060.35683,12.92000,5429361.00000,3.21000,0.00000,0.00000,0.00000
-606554.81133,-908105.37445,136.36100,341169060.40322,12.43000,2091961.00000,3.33000,0.00000,0.00000,0.00000
-607669.02888,-906508.43679,153.84700,341169060.44960,11.86000,1431260.00000,3.34000,0.00000,0.00000,0.00000
-607385.68572,-906362.26662,157.22500,341169060.49599,11.70000,777623.00000,3.47000,0.00000,0.00000,0.00000
-607311.62250,-905998.85527,159.79900,341169060.54238,11.68000,1507884.00000,3.42000,0.00000,0.00000,0.00000
-607322.17924,-905547.60402,163.31800,341169060.58877,11.35000,1625312.00000,3.13000,0.00000,0.00000,0.00000
-607123.47227,-905313.58831,164.27300,341169060.63516,11.21000,224855.00000,4.12000,0.00000,0.00000,0.00000
-604119.42271,-907991.40155,137.02100,341169060.68154,10.76000,1511453.00000,3.15000,0.00000,0.00000,0.00000
-603527.43413,-908165.52206,131.25200,341169060.72793,10.67000,2809747.00000,3.52000,0.00000,0.00000,0.00000
-603656.10037,-907591.70192,125.04000,341169060.77432,10.70000,1214478.00000,2.47000,0.00000,0.00000,0.00000
-603629.69151,-907178.82175,119.36400,341169060.82071,11.04000,1819065.00000,2.43000,0.00000,0.00000,0.00000
-602931.78210,-907462.86105,115.06000,341169060.86710,11.22000,1182230.00000,2.53000,0.00000,0.00000,0.00000
-602647.42858,-907317.70004,113.02200,341169060.91348,11.28000,1054893.00000,2.74000,0.00000,0.00000,0.00000
-603081.70788,-905546.23164,140.04700,341169061.05265,9.59000,2777383.00000,1.86000,0.00000,0.00000,0.00000
-602961.57133,-905230.66063,142.36400,341169061.09904,9.71000,3322820.00000,2.74000,0.00000,0.00000,0.00000
-635120.21336,-880766.41683,201.17100,341389668.26597,12.59000,166938.00000,15.75000,0.00000,0.00000,1.00000
-635473.65833,-880945.54261,203.88900,341389668.31213,11.40000,438333.00000,11.95000,0.00000,0.00000,1.00000
-634821.21749,-881557.29971,204.96000,341389668.35829,12.13000,1612441.00000,6.96000,0.00000,0.00000,1.00000
-634970.14334,-881824.39048,206.92100,341389668.40444,12.32000,3113063.00000,4.54000,0.00000,0.00000,1.00000
-633759.60515,-882676.13428,213.04000,341389668.45060,11.48000,1087511.00000,4.01000,0.00000,0.00000,1.00000
-633628.47012,-883063.64197,216.34600,341389668.49676,10.34000,756760.00000,5.06000,0.00000,0.00000,1.00000
-633947.14423,-883257.72261,219.26500,341389668.54291,9.09000,261924.00000,4.67000,0.00000,0.00000,1.00000
-633706.39689,-883692.36663,221.14800,341389668.58907,9.75000,478271.00000,5.50000,0.00000,0.00000,1.00000
-633788.46022,-883988.18178,221.20100,341389668.63523,10.21000,328608.00000,5.80000,0.00000,0.00000,1.00000
-633568.41936,-884413.90591,221.68000,341389668.68138,10.56000,2503462.00000,3.89000,0.00000,0.00000,1.00000
-635391.61168,-883961.02348,213.17900,341389668.72754,11.21000,847303.00000,3.70000,0.00000,0.00000,1.00000
-635298.56253,-884332.15042,211.45800,341389668.77369,11.24000,4858740.00000,3.87000,0.00000,0.00000,1.00000
-635492.25591,-884579.99588,211.01500,341389668.81985,10.56000,1695505.00000,6.26000,0.00000,0.00000,1.00000
-633604.56364,-885722.78546,219.56100,341389668.86601,9.68000,6343897.00000,3.74000,0.00000,0.00000,1.00000
-637046.67445,-884573.85167,208.83600,341389668.91216,10.61000,1754318.00000,3.25000,0.00000,0.00000,1.00000
-636998.40859,-884925.73857,206.83200,341389668.95832,13.01000,592385.00000,8.66000,0.00000,0.00000,1.00000
-634541.82882,-886313.11833,145.99200,341389669.00447,14.52000,0.00000,8.66000,0.00000,0.00000,1.00000
-636639.16732,-885742.46964,203.75400,341389669.05063,14.43000,1117219.00000,6.80000,0.00000,0.00000,1.00000
-636273.38900,-886230.87009,199.45200,341389669.09679,14.17000,716004.00000,7.41000,0.00000,0.00000,1.00000
-636208.39419,-886589.94686,197.38400,341389669.14294,13.81000,1506961.00000,5.27000,0.00000,0.00000,1.00000
-635550.48029,-887203.91370,191.23000,341389669.18910,13.27000,1106350.00000,4.86000,0.00000,0.00000,1.00000
-635412.60936,-887594.31054,185.00500,341389669.23525,12.99000,564424.00000,3.36000,0.00000,0.00000,1.00000
-635016.69346,-888095.62318,179.72400,341389669.28141,13.64000,477284.00000,4.69000,0.00000,0.00000,1.00000
-634721.70762,-888553.54334,175.34800,341389669.32757,14.70000,828631.00000,7.98000,0.00000,0.00000,1.00000
-634407.31780,-889019.77868,176.60500,341389669.37372,15.27000,1002511.00000,7.88000,0.00000,0.00000,1.00000
-634606.99854,-889265.04687,177.76800,341389669.41988,15.06000,978932.00000,6.59000,0.00000,0.00000,1.00000
-634741.15646,-889538.47711,176.07300,341389669.46603,15.15000,143140.00000,9.01000,0.00000,0.00000,1.00000
-635073.20295,-889726.86672,176.17300,341389669.51219,14.86000,445503.00000,9.62000,0.00000,0.00000,1.00000
-635377.83114,-889927.03184,176.44600,341389669.55835,14.59000,246442.00000,7.70000,0.00000,0.00000,1.00000
-636340.93971,-889844.17707,176.65300,341389669.60450,14.25000,391113.00000,4.62000,0.00000,0.00000,1.00000
-634257.18911,-891733.08749,169.13400,341389669.74297,13.76000,492773.00000,3.33000,0.00000,0.00000,1.00000
-634053.72140,-892151.62199,168.85800,341389669.78913,14.23000,1101611.00000,5.43000,0.00000,0.00000,1.00000
-634281.46790,-892384.84527,170.01700,341389669.83529,14.67000,941418.00000,6.42000,0.00000,0.00000,1.00000
-639431.61388,-890502.52856,179.91400,341389669.88144,15.51000,4809097.00000,6.11000,0.00000,0.00000,1.00000
-639523.68863,-890794.09613,174.18200,341389669.92760,15.03000,1598143.00000,5.18000,0.00000,0.00000,1.00000
-638927.80863,-891381.35027,176.07600,341389669.97375,13.91000,1584362.00000,3.16000,0.00000,0.00000,1.00000
-637268.93785,-892425.40285,188.71600,341389670.01991,13.82000,1296180.00000,4.08000,0.00000,0.00000,1.00000
-637445.20804,-892680.77256,191.17300,341389670.06607,13.88000,1058849.00000,4.88000,0.00000,0.00000,1.00000
-637630.83711,-892932.12406,191.55700,341389670.11222,13.96000,3733293.00000,4.07000,0.00000,0.00000,1.00000
-638762.46196,-892776.94747,183.96900,341389670.15838,13.75000,1934687.00000,4.48000,0.00000,0.00000,1.00000
-640262.45754,-892463.47848,189.78500,341389670.20454,13.29000,139723.00000,6.57000,0.00000,0.00000,1.00000
-637929.18918,-894459.54373,152.13100,341389670.34301,13.20000,464997.00000,4.38000,0.00000,0.00000,1.00000
-637315.16474,-895054.48400,154.08900,341389670.38916,13.90000,162346.00000,5.64000,0.00000,0.00000,1.00000
-637464.68460,-895321.36499,154.96700,341389670.43532,14.67000,838154.00000,6.28000,0.00000,0.00000,1.00000
-638093.33470,-895713.50103,157.36100,341389670.52763,15.46000,1036205.00000,7.12000,0.00000,0.00000,1.00000
-638247.53044,-895978.38258,157.68300,341389670.57379,15.97000,754013.00000,7.50000,0.00000,0.00000,1.00000
-639586.51113,-895734.22919,159.14400,341389670.61994,16.21000,171227.00000,9.55000,0.00000,0.00000,1.00000
-639718.37671,-896339.82570,161.90200,341389670.71226,15.22000,425545.00000,8.76000,0.00000,0.00000,1.00000
-640070.73544,-897844.08577,189.12900,341389670.94303,14.94000,412609.00000,6.85000,0.00000,0.00000,1.00000
-639572.34008,-898389.29310,192.56200,341389670.98919,14.11000,595542.00000,4.09000,0.00000,0.00000,1.00000
-617158.73426,-884495.76105,149.76800,341562320.28488,13.30000,206624.00000,7.07000,0.00000,0.00000,1.00000
-617473.58136,-884694.73818,148.43900,341562320.33100,13.14000,176936.00000,6.85000,0.00000,0.00000,1.00000
-617388.44966,-885058.61635,146.32700,341562320.37712,13.55000,331845.00000,7.64000,0.00000,0.00000,1.00000
-617231.39197,-885452.16602,144.95900,341562320.42324,13.77000,251973.00000,7.03000,0.00000,0.00000,1.00000
-617580.51088,-885637.00203,144.99500,341562320.46937,13.95000,228121.00000,8.16000,0.00000,0.00000,1.00000
-617909.46225,-885830.16040,146.56600,341562320.51549,13.84000,153334.00000,6.69000,0.00000,0.00000,1.00000
-617982.29819,-886128.92493,148.33600,341562320.56161,13.64000,207771.00000,6.73000,0.00000,0.00000,1.00000
-618086.72569,-886414.66799,150.44100,341562320.60773,13.70000,145419.00000,7.45000,0.00000,0.00000,1.00000
-618200.55594,-886696.51834,152.57500,341562320.65385,13.30000,287735.00000,6.16000,0.00000,0.00000,1.00000
-618175.23320,-887035.74843,154.97100,341562320.69998,13.01000,313891.00000,5.60000,0.00000,0.00000,1.00000
-617983.86189,-887443.41922,156.42400,341562320.74610,12.97000,280916.00000,6.19000,0.00000,0.00000,1.00000
-617990.13230,-887769.62071,157.02600,341562320.79222,13.14000,250506.00000,6.69000,0.00000,0.00000,1.00000
-617878.07634,-888144.58457,157.16400,341562320.83834,13.28000,229004.00000,6.73000,0.00000,0.00000,1.00000
-618010.04941,-888418.95827,156.53000,341562320.88446,13.22000,354753.00000,6.97000,0.00000,0.00000,1.00000
-618392.77461,-888589.97267,156.20600,341562320.93058,13.45000,143702.00000,7.15000,0.00000,0.00000,1.00000
-618577.18597,-888842.74705,155.97900,341562320.97670,13.59000,207342.00000,8.41000,0.00000,0.00000,1.00000
-619467.47645,-888804.54959,156.60200,341562321.02282,14.18000,133562.00000,10.47000,0.00000,0.00000,1.00000
-620478.10307,-888716.76364,162.44800,341562321.06894,13.67000,383975.00000,5.65000,0.00000,0.00000,1.00000
-620281.33439,-889126.66894,163.75100,341562321.11507,13.00000,265078.00000,5.64000,0.00000,0.00000,1.00000
-620202.88127,-889487.80000,164.21900,341562321.16119,12.77000,2942154.00000,3.75000,0.00000,0.00000,1.00000
-619888.47213,-889946.17680,154.90700,341562321.20731,12.85000,2347167.00000,3.63000,0.00000,0.00000,1.00000
-619928.33209,-890258.53888,157.12800,341562321.25343,12.70000,315109.00000,6.31000,0.00000,0.00000,1.00000
-620274.08540,-890444.81917,157.11000,341562321.29955,12.25000,188059.00000,7.99000,0.00000,0.00000,1.00000
-620092.75393,-890848.33737,156.45300,341562321.34567,11.88000,327142.00000,5.36000,0.00000,0.00000,1.00000
-619327.17600,-891492.60886,155.20500,341562321.39179,11.75000,105727.00000,6.41000,0.00000,0.00000,1.00000
-618802.27439,-892037.68587,157.94900,341562321.43791,11.37000,384812.00000,3.54000,0.00000,0.00000,1.00000
-618939.60567,-892309.86711,162.71400,341562321.48403,10.67000,1021580.00000,1.75000,0.00000,0.00000,1.00000
-623267.65363,-890855.03317,137.40300,341562321.53015,10.46000,8483013.00000,1.19000,0.00000,0.00000,1.00000
-618369.18594,-893202.43790,186.89000,341562321.57627,10.31000,458625.00000,1.42000,0.00000,0.00000,1.00000
-618618.10437,-893428.62872,187.97600,341562321.62239,10.14000,739541.00000,1.21000,0.00000,0.00000,1.00000
-623648.08264,-891684.67294,139.53700,341562321.66851,10.20000,5019821.00000,1.37000,0.00000,0.00000,1.00000
-623453.94115,-892093.50486,142.12000,341562321.71463,10.27000,5412754.00000,1.09000,0.00000,0.00000,1.00000
-618986.99969,-894262.90565,182.79000,341562321.76075,10.75000,4594025.00000,1.18000,0.00000,0.00000,1.00000
-622549.95232,-893123.61187,140.03600,341562321.80687,11.56000,7124680.00000,1.13000,0.00000,0.00000,1.00000
-623357.67766,-893119.58120,133.86500,341562321.85299,12.12000,5801573.00000,1.87000,0.00000,0.00000,1.00000
-624601.77281,-892935.72382,133.77000,341562321.89911,12.58000,2305784.00000,1.99000,0.00000,0.00000,1.00000
-624415.00303,-893341.49397,134.95300,341562321.94522,12.81000,1159941.00000,2.34000,0.00000,0.00000,1.00000
-622040.25914,-894648.77099,136.65400,341562321.99134,13.06000,9545510.00000,2.40000,0.00000,0.00000,1.00000
-625119.99481,-893708.62880,139.42000,341562322.03746,13.55000,1976750.00000,3.14000,0.00000,0.00000,1.00000
-621562.47781,-895503.16808,137.66600,341562322.08358,13.41000,2334032.00000,2.85000,0.00000,0.00000,1.00000
-621670.21029,-895787.57342,136.86100,341562322.12970,12.89000,1335219.00000,2.88000,0.00000,0.00000,1.00000
-621166.71866,-896323.76947,137.69800,341562322.17582,12.51000,1454232.00000,2.34000,0.00000,0.00000,1.00000
-625806.60517,-894741.00108,125.34400,341562322.22194,12.66000,360586.00000,2.05000,0.00000,0.00000,1.00000
-621852.84978,-896698.67658,129.25400,341562322.26806,13.15000,2749677.00000,2.16000,0.00000,0.00000,1.00000
-621563.84029,-897146.51559,127.90700,341562322.31418,13.52000,716430.00000,3.67000,0.00000,0.00000,1.00000
-626341.71857,-895507.01278,118.03500,341562322.36030,13.74000,314189.00000,4.69000,0.00000,0.00000,1.00000
-621541.22941,-897813.39065,129.04500,341562322.40642,13.79000,467703.00000,5.02000,0.00000,0.00000,1.00000
-621478.80620,-898167.86715,129.31300,341562322.45254,13.77000,340953.00000,6.33000,0.00000,0.00000,1.00000
-621087.56335,-898657.79062,131.64100,341562322.49866,13.75000,268520.00000,8.46000,0.00000,0.00000,1.00000
-620861.73393,-899079.56689,134.89800,341562322.54478,13.84000,166807.00000,6.53000,0.00000,0.00000,1.00000
-620878.65690,-899401.36666,137.42500,341562322.59090,13.84000,235138.00000,7.13000,0.00000,0.00000,1.00000
-621225.08051,-899587.47115,139.59700,341562322.63702,13.96000,321119.00000,5.06000,0.00000,0.00000,1.00000
-621172.06402,-899938.08251,140.88200,341562322.68314,14.06000,257687.00000,5.08000,0.00000,0.00000,1.00000
-625620.48767,-898434.72073,134.36900,341562322.72926,13.66000,484080.00000,5.03000,0.00000,0.00000,1.00000
-621090.22088,-900629.33143,139.46300,341562322.77539,13.41000,983005.00000,4.01000,0.00000,0.00000,1.00000
-626467.40687,-898743.53301,131.58900,341562322.82151,13.64000,1665711.00000,4.55000,0.00000,0.00000,1.00000
-624682.77625,-899807.37744,122.13400,341562322.86763,14.16000,834248.00000,5.57000,0.00000,0.00000,1.00000
-621994.95050,-901243.08973,121.24900,341562322.91375,14.77000,794348.00000,6.74000,0.00000,0.00000,1.00000
-621955.35403,-901588.15826,122.67500,341562322.95987,15.06000,289919.00000,8.73000,0.00000,0.00000,1.00000
-622706.62927,-901607.58916,122.07000,341562323.00599,14.94000,296845.00000,10.17000,0.00000,0.00000,1.00000
-622737.64750,-901923.59700,121.38000,341562323.05211,14.34000,165491.00000,7.65000,0.00000,0.00000,1.00000
-622648.28406,-902289.17332,119.34500,341562323.09823,14.16000,72748.00000,9.09000,0.00000,0.00000,1.00000
-622908.62459,-902510.75895,117.93100,341562323.14435,14.77000,164591.00000,12.13000,0.00000,0.00000,1.00000
-623358.61775,-902654.25386,116.96200,341562323.19047,15.12000,114153.00000,14.89000,0.00000,0.00000,1.00000
-624278.03147,-902604.46143,117.29700,341562323.23659,14.54000,388942.00000,9.82000,0.00000,0.00000,1.00000
-624411.94888,-902878.12573,120.04300,341562323.28271,13.99000,465299.00000,5.64000,0.00000,0.00000,1.00000
-624232.45893,-903280.81746,121.67100,341562323.32883,13.56000,410320.00000,5.82000,0.00000,0.00000,1.00000
-623726.11405,-903818.07715,122.93700,341562323.37495,13.56000,271220.00000,6.48000,0.00000,0.00000,1.00000
-623550.64726,-904219.09416,124.00700,341562323.42107,14.34000,155653.00000,10.05000,0.00000,0.00000,1.00000
-623852.67392,-904423.51527,125.06400,341562323.46719,13.98000,424050.00000,6.87000,0.00000,0.00000,1.00000
-629471.60439,-902438.79060,166.05400,341562323.51331,13.53000,305317.00000,4.51000,0.00000,0.00000,1.00000
-626861.03058,-903842.53803,148.29700,341562323.55943,14.62000,156175.00000,8.59000,0.00000,0.00000,1.00000
-626890.00610,-904159.40233,152.17400,341562323.60555,15.02000,554498.00000,6.33000,0.00000,0.00000,1.00000
-627526.94349,-904225.96825,158.15400,341562323.65167,14.79000,240575.00000,5.84000,0.00000,0.00000,1.00000
-627613.77321,-904519.03355,158.94300,341562323.69779,14.75000,448311.00000,5.53000,0.00000,0.00000,1.00000
-626358.24017,-905364.72755,150.80200,341562323.74391,14.24000,1112504.00000,6.16000,0.00000,0.00000,1.00000
-626827.06034,-905500.52657,152.74100,341562323.79002,13.45000,653956.00000,5.20000,0.00000,0.00000,1.00000
-627014.75867,-905752.04871,152.71400,341562323.83614,13.12000,313339.00000,6.13000,0.00000,0.00000,1.00000
-626190.95195,-906419.97598,147.52000,341562323.88226,13.16000,355314.00000,6.35000,0.00000,0.00000,1.00000
-626649.68625,-906559.92863,145.81600,341562323.92838,13.20000,236352.00000,8.82000,0.00000,0.00000,1.00000
-627953.15140,-906352.18098,154.12200,341562323.97450,12.83000,391745.00000,5.90000,0.00000,0.00000,1.00000
-626495.75732,-907280.88334,153.13400,341562324.02062,12.75000,416361.00000,4.24000,0.00000,0.00000,1.00000
-626520.01677,-907599.69439,153.14500,341562324.06674,12.34000,444585.00000,5.32000,0.00000,0.00000,1.00000
-626540.91238,-907919.89498,151.69600,341562324.11286,11.52000,719567.00000,5.48000,0.00000,0.00000,1.00000
-626770.29448,-908154.26483,150.33000,341562324.15898,10.26000,1183338.00000,4.44000,0.00000,0.00000,1.00000
-626801.26620,-908470.28940,147.05700,341562324.20509,8.89000,1622421.00000,3.36000,0.00000,0.00000,1.00000
-626416.58143,-908957.40742,139.69200,341562324.25121,7.96000,2819990.00000,3.30000,0.00000,0.00000,1.00000
-626963.42981,-909061.13005,139.51300,341562324.29733,7.17000,616271.00000,3.21000,0.00000,0.00000,1.00000
-627165.90941,-909306.59304,137.70000,341562324.34345,6.59000,911158.00000,2.63000,0.00000,0.00000,1.00000
-626754.96517,-909804.49840,133.31000,341562324.38957,7.42000,3049456.00000,3.41000,0.00000,0.00000,1.00000
-626842.42327,-910097.29648,134.16200,341562324.43569,9.81000,262606.00000,7.07000,0.00000,0.00000,1.00000
-627013.28398,-910355.77603,136.33900,341562324.48181,11.89000,351122.00000,10.20000,0.00000,0.00000,1.00000
-627651.61964,-910421.88904,139.38100,341562324.52792,11.82000,259138.00000,9.94000,0.00000,0.00000,1.00000
-627848.71290,-910669.57710,140.57700,341562324.57404,10.26000,342942.00000,6.66000,0.00000,0.00000,1.00000
-627590.43105,-911104.64565,140.51000,341562324.62016,9.13000,857539.00000,3.59000,0.00000,0.00000,1.00000
-627174.74913,-911604.48149,138.14500,341562324.66628,8.88000,1371713.00000,3.31000,0.00000,0.00000,1.00000
-627295.14642,-911883.71499,136.42200,341562324.71240,9.60000,2016331.00000,3.14000,0.00000,0.00000,1.00000
-627805.01810,-912002.72128,138.53100,341562324.75852,9.93000,2929099.00000,2.24000,0.00000,0.00000,1.00000
-627903.88721,-912290.81409,141.87600,341562324.80463,9.82000,2802388.00000,2.15000,0.00000,0.00000,1.00000
-629596.24095,-911923.27596,158.72100,341562324.85075,9.78000,2750972.00000,2.94000,0.00000,0.00000,1.00000
-629650.05542,-912229.93228,158.78700,341562324.89687,9.69000,2038701.00000,4.05000,0.00000,0.00000,1.00000
-606447.25367,-899555.86273,142.72200,341734974.55251,13.76000,205623.00000,8.97000,0.00000,0.00000,1.00000
-606735.16741,-899768.89932,142.87800,341734974.59860,13.58000,136772.00000,7.85000,0.00000,0.00000,1.00000
-607078.51598,-899960.08126,144.35800,341734974.64469,13.06000,517053.00000,6.18000,0.00000,0.00000,1.00000
-606949.28731,-900337.62504,144.14900,341734974.69078,12.93000,886566.00000,6.23000,0.00000,0.00000,1.00000
-606750.41345,-900742.62861,144.67800,341734974.73687,12.88000,253849.00000,5.62000,0.00000,0.00000,1.00000
-606729.34686,-901077.51443,145.60200,341734974.78296,12.61000,334427.00000,5.57000,0.00000,0.00000,1.00000
-606754.93121,-901394.00229,145.09600,341734974.82905,12.16000,303049.00000,5.38000,0.00000,0.00000,1.00000
-606599.99333,-901781.67358,143.31800,341734974.87514,11.80000,437851.00000,5.43000,0.00000,0.00000,1.00000
-605689.16619,-902467.37429,143.93500,341734974.92123,11.67000,576046.00000,5.02000,0.00000,0.00000,1.00000
-606066.98502,-902644.97387,143.67300,341734974.96732,11.32000,1192376.00000,4.24000,0.00000,0.00000,1.00000
-606444.80935,-902822.58669,147.99800,341734975.01341,10.93000,827203.00000,2.90000,0.00000,0.00000,1.00000
-606454.14121,-903145.46140,152.58800,341734975.05950,10.85000,917973.00000,3.00000,0.00000,0.00000,1.00000
-606600.73000,-903414.24081,155.53800,341734975.10558,10.82000,1524355.00000,3.33000,0.00000,0.00000,1.00000
-606365.32039,-903833.63046,158.70000,341734975.15167,11.34000,1111473.00000,6.06000,0.00000,0.00000,1.00000
-606951.37142,-903929.14449,160.18800,341734975.19776,11.45000,223549.00000,7.86000,0.00000,0.00000,1.00000
-607930.92660,-903869.53374,162.06300,341734975.24385,11.00000,730618.00000,3.62000,0.00000,0.00000,1.00000
-607728.63467,-904275.87067,166.47100,341734975.28994,10.80000,1164302.00000,2.50000,0.00000,0.00000,1.00000
-607670.34919,-904625.41096,166.91600,341734975.33602,10.78000,397829.00000,3.30000,0.00000,0.00000,1.00000
-607530.93153,-905006.94437,165.11300,341734975.38211,10.94000,432613.00000,3.24000,0.00000,0.00000,1.00000
-607367.16399,-905398.06506,164.34400,341734975.42820,11.22000,263692.00000,3.18000,0.00000,0.00000,1.00000
-610372.51664,-904539.89408,147.81500,341734975.47429,11.74000,3544525.00000,2.28000,0.00000,0.00000,1.00000
-607188.36475,-906121.67737,159.39900,341734975.52038,12.02000,1753073.00000,3.08000,0.00000,0.00000,1.00000
-609325.54221,-905605.81584,147.83700,341734975.56647,12.21000,1132998.00000,3.52000,0.00000,0.00000,1.00000
-607819.57989,-906526.01042,149.31800,341734975.61255,12.81000,516007.00000,6.16000,0.00000,0.00000,1.00000
-608921.56927,-906418.22051,150.69700,341734975.65864,14.02000,115039.00000,13.05000,0.00000,0.00000,1.00000
-610777.48103,-906013.25876,158.33800,341734975.70473,13.56000,494011.00000,6.77000,0.00000,0.00000,1.00000
-610611.68021,-906405.20777,155.52700,341734975.75082,13.26000,278281.00000,5.76000,0.00000,0.00000,1.00000
-610401.24872,-906814.75043,153.11200,341734975.79690,13.24000,1741037.00000,4.38000,0.00000,0.00000,1.00000
-610167.13285,-907233.60689,151.64600,341734975.84299,13.19000,2208998.00000,3.62000,0.00000,0.00000,1.00000
-610405.00084,-907466.45150,149.28900,341734975.88908,12.84000,1743900.00000,2.79000,0.00000,0.00000,1.00000
-610264.19780,-907848.53337,146.61300,341734975.93517,12.64000,1836191.00000,2.49000,0.00000,0.00000,1.00000
-610955.79882,-907902.54747,143.47600,341734975.98126,12.58000,1203589.00000,3.23000,0.00000,0.00000,1.00000
-611013.11849,-908206.54751,140.87500,341734976.02735,12.47000,791300.00000,4.24000,0.00000,0.00000,1.00000
-611361.19892,-908395.96221,142.14300,341734976.07343,12.43000,697202.00000,6.32000,0.00000,0.00000,1.00000
-611753.89973,-908567.79615,146.02100,341734976.11952,13.01000,159884.00000,10.95000,0.00000,0.00000,1.00000
-612968.86868,-908415.56981,154.50300,341734976.16561,13.23000,185578.00000,6.91000,0.00000,0.00000,1.00000
-613523.86674,-908523.45640,158.78100,341734976.21170,13.30000,267695.00000,6.15000,0.00000,0.00000,1.00000
-613944.96347,-908684.10608,163.10100,341734976.25779,13.47000,1106581.00000,4.49000,0.00000,0.00000,1.00000
-614358.63425,-908847.70884,167.57900,341734976.30387,13.33000,956540.00000,4.61000,0.00000,0.00000,1.00000
-614025.78333,-909305.51536,163.84700,341734976.34996,13.48000,719087.00000,7.72000,0.00000,0.00000,1.00000
-613853.17641,-909700.15090,162.28200,341734976.39605,13.19000,307127.00000,7.69000,0.00000,0.00000,1.00000
-612570.88498,-910532.07733,153.84300,341734976.44214,13.15000,448365.00000,6.28000,0.00000,0.00000,1.00000
-612135.87534,-911030.08309,152.21900,341734976.48822,12.86000,585465.00000,5.92000,0.00000,0.00000,1.00000
-612262.81544,-911306.66205,153.24800,341734976.53431,12.98000,2088785.00000,6.26000,0.00000,0.00000,1.00000
-612504.04495,-911538.22153,154.61100,341734976.58040,12.77000,1381694.00000,4.71000,0.00000,0.00000,1.00000
-612196.84607,-911985.85797,149.01200,341734976.62649,12.61000,4889389.00000,3.87000,0.00000,0.00000,1.00000
-612611.18866,-912149.20475,151.24000,341734976.67258,12.81000,3623798.00000,3.08000,0.00000,0.00000,1.00000
-612721.89135,-912432.19812,153.87400,341734976.71867,12.55000,735675.00000,4.10000,0.00000,0.00000,1.00000
-612573.57993,-912817.21381,153.58600,341734976.76475,12.36000,871433.00000,4.99000,0.00000,0.00000,1.00000
-612601.09534,-913132.97794,157.34600,341734976.81084,12.18000,335371.00000,4.25000,0.00000,0.00000,1.00000
-612781.44208,-913388.51301,158.46200,341734976.85693,12.51000,479158.00000,6.34000,0.00000,0.00000,1.00000
-612725.10542,-913737.30468,156.79200,341734976.90301,12.61000,609359.00000,4.36000,0.00000,0.00000,1.00000
-612749.24513,-914054.38786,153.76100,341734976.94910,13.07000,411347.00000,5.43000,0.00000,0.00000,1.00000
-613084.46350,-914248.92560,154.00200,341734976.99519,13.29000,237482.00000,5.80000,0.00000,0.00000,1.00000
-613049.07885,-914589.45522,153.17800,341734977.04127,13.09000,287591.00000,5.68000,0.00000,0.00000,1.00000
-612403.00175,-915170.54602,147.77600,341734977.08736,13.16000,297562.00000,6.72000,0.00000,0.00000,1.00000
-611930.03068,-915683.41870,144.84900,341734977.13345,13.45000,172833.00000,8.65000,0.00000,0.00000,1.00000
-610500.06652,-916573.20564,144.52600,341734977.17954,13.38000,134420.00000,8.41000,0.00000,0.00000,1.00000
-610555.94294,-916877.75721,142.38900,341734977.22562,13.16000,794541.00000,8.98000,0.00000,0.00000,1.00000
-612302.40101,-916843.08933,140.97700,341734977.31780,13.42000,609856.00000,6.50000,0.00000,0.00000,1.00000
-612279.16067,-917178.82357,138.52700,341734977.36388,13.16000,1677290.00000,3.94000,0.00000,0.00000,1.00000
-613111.46864,-917177.61051,147.60000,341734977.40997,12.77000,4712020.00000,2.92000,0.00000,0.00000,1.00000
