-638878.75766,-898578.73782,189.44200,556205987.30756,11.37000,1489409.00000,5.56000,0.00000,0.00000,0.00000
-639815.77042,-896628.48288,168.43300,556205987.40135,11.16000,1464205.00000,4.10000,0.00000,0.00000,0.00000
-639383.52043,-896646.02485,164.29800,556205987.44824,11.28000,672641.00000,5.31000,0.00000,0.00000,0.00000
-638884.45545,-896737.19896,162.53700,556205987.49513,11.68000,986026.00000,7.22000,0.00000,0.00000,0.00000
-638587.33127,-896605.83212,160.44100,556205987.54202,12.00000,293840.00000,9.41000,0.00000,0.00000,0.00000
-638212.49453,-896560.07619,160.48500,556205987.58891,11.88000,252105.00000,9.22000,0.00000,0.00000,0.00000
-638586.52875,-895689.11622,156.94800,556205987.63580,11.36000,1030791.00000,6.15000,0.00000,0.00000,0.00000
-638039.46127,-895833.18615,154.81400,556205987.68269,11.27000,2007593.00000,5.61000,0.00000,0.00000,0.00000
-637889.34539,-895539.81353,155.34500,556205987.72958,11.23000,450609.00000,5.98000,0.00000,0.00000,0.00000
-638094.12192,-894855.39717,152.76400,556205987.77648,11.18000,200077.00000,7.36000,0.00000,0.00000,0.00000
-637756.91863,-894768.19049,153.34500,556205987.82337,10.83000,351800.00000,4.25000,0.00000,0.00000,0.00000
-639462.35198,-892430.17267,188.65400,556205987.87026,10.75000,592257.00000,5.35000,0.00000,0.00000,0.00000
-638924.23902,-892564.40220,190.13500,556205987.91715,10.73000,268978.00000,4.98000,0.00000,0.00000,0.00000
-638785.52106,-892258.51251,192.01000,556205987.96404,10.77000,393846.00000,4.45000,0.00000,0.00000,0.00000
-638963.55196,-891603.59782,193.47900,556205988.01094,10.97000,867428.00000,5.05000,0.00000,0.00000,0.00000
-638593.22220,-891552.93882,192.91400,556205988.05783,11.15000,777011.00000,4.79000,0.00000,0.00000,0.00000
-638039.77284,-891704.04963,190.64700,556205988.10472,11.48000,1364858.00000,4.95000,0.00000,0.00000,0.00000
-638045.09880,-891239.47349,189.12500,556205988.15161,11.88000,1234938.00000,4.08000,0.00000,0.00000,0.00000
-637523.33824,-891355.67882,174.71200,556205988.19850,12.39000,1128502.00000,3.62000,0.00000,0.00000,0.00000
-636734.27774,-891766.36048,172.02600,556205988.24540,12.74000,1420721.00000,3.22000,0.00000,0.00000,0.00000
-636200.10404,-891896.17697,170.58300,556205988.29229,12.88000,1565138.00000,3.29000,0.00000,0.00000,0.00000
-635539.22049,-892165.60169,168.58600,556205988.33918,12.99000,993969.00000,5.45000,0.00000,0.00000,0.00000
-634756.56912,-892569.15836,170.04400,556205988.38607,13.41000,1524744.00000,5.96000,0.00000,0.00000,0.00000
-634221.89591,-892699.48717,173.33600,556205988.43296,13.83000,851368.00000,5.93000,0.00000,0.00000,0.00000
-633984.21084,-892502.63318,172.90700,556205988.47986,14.00000,818485.00000,6.74000,0.00000,0.00000,0.00000
-633271.32837,-892829.26240,174.21400,556205988.52675,13.69000,3418271.00000,5.09000,0.00000,0.00000,0.00000
-636404.95330,-888918.40403,177.80200,556205988.57364,13.31000,4589439.00000,5.27000,0.00000,0.00000,0.00000
-635151.63511,-889840.52916,174.98000,556205988.62053,13.34000,1107730.00000,7.75000,0.00000,0.00000,0.00000
-634270.00748,-890353.10272,177.83100,556205988.66742,13.24000,1231730.00000,7.48000,0.00000,0.00000,0.00000
-635194.54680,-888875.94599,174.14900,556205988.71432,13.15000,3220059.00000,7.04000,0.00000,0.00000,0.00000
-633565.50821,-890211.87654,180.37500,556205988.76121,12.81000,1072092.00000,8.67000,0.00000,0.00000,0.00000
-634141.60482,-889118.62582,179.97100,556205988.80810,12.20000,928876.00000,6.52000,0.00000,0.00000,0.00000
-636524.72951,-886034.63746,199.30100,556205988.85499,11.50000,5536258.00000,6.94000,0.00000,0.00000,0.00000
-635864.91315,-886302.94798,197.57300,556205988.90188,10.89000,317899.00000,7.56000,0.00000,0.00000,0.00000
-634918.00624,-886887.47669,196.40800,556205988.94878,10.60000,151189.00000,7.98000,0.00000,0.00000,0.00000
-634324.48253,-887082.68120,199.57600,556205988.99567,10.20000,608070.00000,5.97000,0.00000,0.00000,0.00000
-633900.24084,-887091.41650,205.79400,556205989.04256,10.01000,376237.00000,4.62000,0.00000,0.00000,0.00000
-630000.36328,-890928.34535,135.53500,556205989.08945,10.94000,108509.00000,7.55000,0.00000,0.00000,0.00000
-629260.22432,-891284.88175,141.50700,556205989.13634,12.20000,176913.00000,8.76000,0.00000,0.00000,0.00000
-629228.52201,-890861.18057,139.96200,556205989.18324,12.68000,218407.00000,10.56000,0.00000,0.00000,0.00000
-629287.91170,-890337.16053,137.44800,556205989.23013,11.99000,260920.00000,10.61000,0.00000,0.00000,0.00000
-629002.74124,-890192.62352,137.75300,556205989.27702,11.00000,175809.00000,7.84000,0.00000,0.00000,0.00000
-633371.31698,-884922.55385,222.25100,556205989.32391,9.76000,596533.00000,3.59000,0.00000,0.00000,0.00000
-628425.43480,-889911.22420,130.04500,556205989.37080,8.86000,1094408.00000,3.34000,0.00000,0.00000,0.00000
-628196.66553,-889704.56655,121.60700,556205989.41770,9.35000,732526.00000,3.78000,0.00000,0.00000,0.00000
-628131.80980,-889317.40245,119.24700,556205989.46459,9.57000,2616602.00000,2.38000,0.00000,0.00000,0.00000
-627994.71004,-889009.81642,124.91200,556205989.51148,9.64000,3073233.00000,2.52000,0.00000,0.00000,0.00000
-627852.14055,-888708.23576,126.55400,556205989.55837,10.80000,3070289.00000,3.42000,0.00000,0.00000,0.00000
-629544.36688,-886386.13169,127.43400,556205989.60527,11.90000,594698.00000,5.60000,0.00000,0.00000,0.00000
-629719.14285,-885735.11667,127.84800,556205989.65216,11.62000,2811177.00000,3.78000,0.00000,0.00000,0.00000
-629442.92160,-885580.76696,140.85500,556205989.69905,11.24000,1976991.00000,2.43000,0.00000,0.00000,0.00000
-628877.58661,-885744.81361,145.89300,556205989.74595,11.49000,184489.00000,5.10000,0.00000,0.00000,0.00000
-628583.53886,-885610.08628,147.87300,556205989.79284,11.58000,146208.00000,5.78000,0.00000,0.00000,0.00000
-628140.97531,-885638.91218,149.15300,556205989.83973,12.04000,469221.00000,5.02000,0.00000,0.00000,0.00000
-627288.48190,-886119.10941,151.48700,556205989.88663,13.39000,840775.00000,5.92000,0.00000,0.00000,0.00000
-627032.54577,-885942.38716,151.53900,556205989.93352,14.34000,747941.00000,9.84000,0.00000,0.00000,0.00000
-627942.02947,-884482.41115,149.66700,556205989.98041,14.66000,1417866.00000,8.51000,0.00000,0.00000,0.00000
-628068.80790,-883884.31745,155.67900,556205990.02731,14.83000,1030048.00000,6.88000,0.00000,0.00000,0.00000
-628231.21445,-883246.97221,155.75000,556205990.07420,15.29000,181433.00000,12.81000,0.00000,0.00000,0.00000
-627092.59651,-884042.22611,156.35000,556205990.12110,14.94000,270044.00000,7.74000,0.00000,0.00000,0.00000
-626004.94404,-884781.30584,157.63500,556205990.16799,14.55000,708468.00000,6.44000,0.00000,0.00000,0.00000
-630249.54400,-879648.98418,182.81400,556205990.21489,14.21000,2192271.00000,4.75000,0.00000,0.00000,0.00000
-630032.25346,-879429.78685,184.43700,556205990.26178,14.03000,502258.00000,6.57000,0.00000,0.00000,0.00000
-629463.51848,-879597.62324,181.43300,556205990.30868,13.78000,388469.00000,5.51000,0.00000,0.00000,0.00000
-628530.92828,-880166.08127,175.02200,556205990.35557,13.61000,358450.00000,6.04000,0.00000,0.00000,0.00000
-627851.76446,-880455.42270,170.94000,556205990.40247,13.43000,211184.00000,6.22000,0.00000,0.00000,0.00000
-626823.58286,-881129.04870,166.04800,556205990.44936,13.47000,171187.00000,6.85000,0.00000,0.00000,0.00000
-626306.28690,-881240.13280,163.66100,556205990.49626,13.66000,177161.00000,7.54000,0.00000,0.00000,0.00000
-626087.52235,-881022.53421,162.32400,556205990.54316,14.22000,190642.00000,9.47000,0.00000,0.00000,0.00000
-626082.13664,-880570.01010,161.89600,556205990.59005,14.52000,295058.00000,8.59000,0.00000,0.00000,0.00000
-626433.70362,-879724.49835,163.28900,556205990.63695,14.40000,803792.00000,9.83000,0.00000,0.00000,0.00000
-623839.08046,-881664.09502,158.82500,556205990.73074,13.14000,881768.00000,4.31000,0.00000,0.00000,0.00000
-632782.90675,-910606.76591,162.27700,556378638.94500,7.67000,463871.00000,2.65000,0.00000,0.00000,0.00000
-631936.75543,-911059.75517,161.62800,556378638.99193,6.99000,258846.00000,2.39000,0.00000,0.00000,0.00000
-631449.57517,-911128.91008,160.13900,556378639.03886,6.42000,326433.00000,2.46000,0.00000,0.00000,0.00000
-630790.19652,-911382.16358,159.65500,556378639.08580,6.07000,1146439.00000,2.38000,0.00000,0.00000,0.00000
-630342.28342,-911409.31115,159.48600,556378639.13273,5.63000,2643606.00000,2.21000,0.00000,0.00000,0.00000
-629820.35028,-911515.58007,159.97600,556378639.17966,5.37000,3033817.00000,2.95000,0.00000,0.00000,0.00000
-629652.87413,-911242.89438,155.54000,556378639.22659,5.51000,2857867.00000,2.68000,0.00000,0.00000,0.00000
-630515.55552,-909868.87010,134.26200,556378639.27353,6.02000,1282924.00000,3.43000,0.00000,0.00000,0.00000
-630383.85438,-909557.95440,136.35700,556378639.32046,6.18000,760244.00000,2.95000,0.00000,0.00000,0.00000
-629459.63079,-910094.31646,143.20400,556378639.36740,6.09000,2053818.00000,4.05000,0.00000,0.00000,0.00000
-629235.27290,-909882.43866,142.56700,556378639.41433,6.35000,225999.00000,5.93000,0.00000,0.00000,0.00000
-629381.51237,-909274.39261,138.99400,556378639.46126,6.67000,153530.00000,6.76000,0.00000,0.00000,0.00000
-629219.60450,-908995.78242,136.76000,556378639.50820,6.87000,542883.00000,4.56000,0.00000,0.00000,0.00000
-628340.66916,-909483.68054,135.41000,556378639.55513,7.49000,538162.00000,4.70000,0.00000,0.00000,0.00000
-627265.82454,-910180.94786,135.69900,556378639.60206,7.62000,1826444.00000,3.47000,0.00000,0.00000,0.00000
-631015.79847,-905720.49209,148.72400,556378639.64900,7.47000,614686.00000,3.26000,0.00000,0.00000,0.00000
-630691.28201,-905615.75544,147.67700,556378639.69593,7.33000,3405337.00000,3.48000,0.00000,0.00000,0.00000
-630690.00771,-905165.46444,150.21200,556378639.74287,7.43000,732519.00000,3.91000,0.00000,0.00000,0.00000
-629504.00871,-905981.69241,149.10200,556378639.78980,7.92000,1365253.00000,3.65000,0.00000,0.00000,0.00000
-628909.60637,-906165.43961,151.30800,556378639.83674,8.55000,1040709.00000,3.49000,0.00000,0.00000,0.00000
-628302.62052,-906362.63752,152.69700,556378639.88367,9.24000,1173168.00000,4.72000,0.00000,0.00000,0.00000
-628499.74543,-905700.26914,152.37200,556378639.93060,9.79000,342370.00000,4.98000,0.00000,0.00000,0.00000
-626903.32725,-906955.05191,152.38800,556378639.97754,9.83000,527146.00000,4.16000,0.00000,0.00000,0.00000
-630453.29786,-902708.70490,169.26500,556378640.02447,9.82000,2060530.00000,4.50000,0.00000,0.00000,0.00000
-630319.62809,-902399.99500,170.39900,556378640.07141,10.06000,1216594.00000,5.02000,0.00000,0.00000,0.00000
-629552.56767,-902768.34706,168.27600,556378640.11834,10.11000,2098874.00000,4.05000,0.00000,0.00000,0.00000
-629346.90246,-902536.58327,168.00800,556378640.16528,10.34000,734395.00000,2.95000,0.00000,0.00000,0.00000
-628019.44669,-903503.90825,157.81300,556378640.21221,10.64000,797561.00000,3.77000,0.00000,0.00000,0.00000
-627359.61016,-903757.57802,153.35900,556378640.25915,10.85000,912211.00000,4.09000,0.00000,0.00000,0.00000
-626707.81481,-904002.62139,149.97100,556378640.30608,10.61000,512309.00000,3.83000,0.00000,0.00000,0.00000
-626120.97549,-904178.24497,147.07700,556378640.35302,10.74000,368003.00000,5.40000,0.00000,0.00000,0.00000
-625195.72903,-904715.49443,144.61200,556378640.39995,10.60000,262763.00000,5.27000,0.00000,0.00000,0.00000
-624340.97004,-905177.39566,143.75000,556378640.44689,10.42000,289099.00000,6.43000,0.00000,0.00000,0.00000
-623543.59510,-905577.91877,144.20900,556378640.49382,10.62000,410463.00000,6.31000,0.00000,0.00000,0.00000
-624098.31631,-904533.53716,128.46800,556378640.54076,11.36000,1362612.00000,4.29000,0.00000,0.00000,0.00000
-624233.58656,-903937.39692,126.54300,556378640.58769,12.79000,598204.00000,10.32000,0.00000,0.00000,0.00000
-622201.40321,-905657.41736,139.47200,556378640.63463,12.79000,838811.00000,10.18000,0.00000,0.00000,0.00000
-624093.20046,-903184.25036,127.88600,556378640.68157,13.09000,781730.00000,6.55000,0.00000,0.00000,0.00000
-624363.94334,-902443.36971,124.81200,556378640.72850,14.03000,495791.00000,8.41000,0.00000,0.00000,0.00000
-625142.28267,-901160.02715,126.11100,556378640.77544,14.22000,511424.00000,9.72000,0.00000,0.00000,0.00000
-625081.16702,-900773.79530,128.23100,556378640.82237,13.81000,260093.00000,9.46000,0.00000,0.00000,0.00000
-625175.65224,-900221.27638,130.82700,556378640.86931,13.43000,653846.00000,6.95000,0.00000,0.00000,0.00000
-624310.34975,-900694.45076,128.63200,556378640.91624,13.43000,1122009.00000,7.58000,0.00000,0.00000,0.00000
-623104.08944,-901531.89550,128.26000,556378640.96318,13.47000,1669602.00000,6.68000,0.00000,0.00000,0.00000
-622605.35482,-901613.26478,126.38000,556378641.01012,13.69000,404603.00000,10.81000,0.00000,0.00000,0.00000
-622958.20808,-900784.68992,127.27800,556378641.05706,13.06000,93528.00000,12.58000,0.00000,0.00000,0.00000
-623171.06419,-900105.72752,130.73800,556378641.10399,12.52000,352174.00000,5.40000,0.00000,0.00000,0.00000
-622775.58408,-900076.78936,134.41100,556378641.15093,12.20000,2666007.00000,3.59000,0.00000,0.00000,0.00000
-622276.36548,-900158.68735,137.43400,556378641.19787,11.93000,589925.00000,4.27000,0.00000,0.00000,0.00000
-621807.36420,-900208.29479,139.44500,556378641.24480,11.68000,363796.00000,5.34000,0.00000,0.00000,0.00000
-621390.22885,-900202.46879,141.13400,556378641.29174,11.75000,547170.00000,5.51000,0.00000,0.00000,0.00000
-620917.70158,-900255.82521,141.96700,556378641.33868,11.98000,347566.00000,6.00000,0.00000,0.00000,0.00000
-620478.91015,-900273.12181,142.40400,556378641.38561,12.04000,502433.00000,5.85000,0.00000,0.00000,0.00000
-619954.51587,-900381.89477,142.94000,556378641.43255,12.25000,3179235.00000,4.65000,0.00000,0.00000,0.00000
-620235.38383,-899630.33800,132.55400,556378641.47949,12.33000,1873652.00000,3.53000,0.00000,0.00000,0.00000
-618989.80818,-900509.53829,144.86300,556378641.52643,12.62000,2676836.00000,6.04000,0.00000,0.00000,0.00000
-618746.43508,-900318.06219,146.25900,556378641.57336,12.32000,489145.00000,4.45000,0.00000,0.00000,0.00000
-618507.10266,-900122.27436,151.64200,556378641.62030,11.79000,1131528.00000,2.87000,0.00000,0.00000,0.00000
-620458.49060,-897586.11776,135.67400,556378641.66723,11.42000,3095433.00000,2.44000,0.00000,0.00000,0.00000
-617971.03253,-899792.00322,164.03700,556378641.71417,11.12000,4645777.00000,2.52000,0.00000,0.00000,0.00000
-618054.01504,-899251.90001,164.88800,556378641.76110,10.92000,3411265.00000,2.77000,0.00000,0.00000,0.00000
-617935.55639,-898926.99924,167.37700,556378641.80804,10.65000,921181.00000,3.13000,0.00000,0.00000,0.00000
-618025.08430,-898379.92113,165.29200,556378641.85498,10.27000,271620.00000,5.31000,0.00000,0.00000,0.00000
-619003.49812,-896883.33013,163.47300,556378641.90191,9.78000,274629.00000,5.40000,0.00000,0.00000,0.00000
-618276.17525,-897208.86218,157.50900,556378641.94885,9.30000,2823497.00000,2.34000,0.00000,0.00000,0.00000
-618955.44306,-896031.84356,173.40200,556378641.99578,8.71000,949794.00000,2.53000,0.00000,0.00000,0.00000
-619201.59950,-895317.48883,172.92800,556378642.04272,8.38000,1404434.00000,3.04000,0.00000,0.00000,0.00000
-619328.39206,-894730.63399,177.99800,556378642.08966,8.32000,2379550.00000,1.62000,0.00000,0.00000,0.00000
-619155.55748,-894463.87337,180.78000,556378642.13659,8.33000,315934.00000,3.17000,0.00000,0.00000,0.00000
-619041.65327,-894134.18088,183.30200,556378642.18353,8.16000,753487.00000,1.69000,0.00000,0.00000,0.00000
-617331.83556,-895509.17395,157.99700,556378642.23046,8.21000,1002418.00000,3.45000,0.00000,0.00000,0.00000
-616644.30423,-895792.17040,157.25000,556378642.27740,8.52000,225797.00000,5.71000,0.00000,0.00000,0.00000
-615941.64871,-896091.28244,157.02400,556378642.32434,9.14000,630896.00000,8.19000,0.00000,0.00000,0.00000
-615626.29324,-895976.71803,158.05800,556378642.37127,9.04000,897193.00000,3.46000,0.00000,0.00000,0.00000
-615815.09721,-895323.69911,159.13100,556378642.41821,9.05000,1083960.00000,2.70000,0.00000,0.00000,0.00000
-615190.50790,-895539.41892,158.09800,556378642.46514,9.16000,3093314.00000,2.78000,0.00000,0.00000,0.00000
-615092.73708,-895192.47958,157.16700,556378642.51208,9.27000,4202200.00000,2.33000,0.00000,0.00000,0.00000
-610464.82987,-899683.22030,186.50200,556378642.55902,9.46000,1059988.00000,3.57000,0.00000,0.00000,0.00000
-615027.08485,-893908.52396,149.38700,556378642.65289,10.60000,1241926.00000,3.19000,0.00000,0.00000,0.00000
-614601.44209,-893911.75322,148.58600,556378642.69983,11.90000,896318.00000,9.19000,0.00000,0.00000,0.00000
-615043.61775,-892988.20272,148.42700,556378642.74677,12.98000,174441.00000,9.03000,0.00000,0.00000,0.00000
-614981.62961,-892603.08130,146.45100,556378642.79370,13.10000,1089587.00000,6.29000,0.00000,0.00000,0.00000
-613222.76285,-894030.07105,143.69800,556378642.84064,13.25000,1411990.00000,4.91000,0.00000,0.00000,0.00000
-614877.80547,-891811.34561,153.48900,556378642.88758,12.98000,725208.00000,4.99000,0.00000,0.00000,0.00000
-614649.61170,-891603.72099,154.15400,556378642.93451,12.78000,365749.00000,5.92000,0.00000,0.00000,0.00000
-614392.71461,-891426.76221,154.43300,556378642.98145,12.89000,313594.00000,6.44000,0.00000,0.00000,0.00000
-613967.59212,-891429.43363,153.42100,556378643.02839,13.10000,202174.00000,5.42000,0.00000,0.00000,0.00000
-613513.25598,-891463.29948,151.79900,556378643.07533,13.27000,168873.00000,7.11000,0.00000,0.00000,0.00000
-613193.40932,-891353.56398,149.39300,556378643.12227,13.58000,133590.00000,9.51000,0.00000,0.00000,0.00000
-612615.67100,-891519.18953,147.31700,556378643.16920,13.35000,149720.00000,8.41000,0.00000,0.00000,0.00000
-611996.61892,-891728.90779,144.55500,556378643.21614,13.04000,67061.00000,7.36000,0.00000,0.00000,0.00000
-611440.51696,-891871.38567,141.69000,556378643.26308,13.46000,211264.00000,7.31000,0.00000,0.00000,0.00000
-611077.83541,-891807.33777,138.00900,556378643.31002,14.00000,298993.00000,7.78000,0.00000,0.00000,0.00000
-610946.35845,-891496.43049,133.45300,556378643.35696,14.53000,249750.00000,9.65000,0.00000,0.00000,0.00000
-611417.33732,-890542.29640,129.06900,556378643.40390,15.08000,257685.00000,12.56000,0.00000,0.00000,0.00000
-612247.96014,-889204.15301,129.06100,556378643.45084,14.84000,633448.00000,12.73000,0.00000,0.00000,0.00000
-612258.54579,-888741.58878,130.56000,556378643.49778,14.04000,314070.00000,7.06000,0.00000,0.00000,0.00000
-614290.66191,-917293.23491,142.36700,556551292.48540,11.70000,199680.00000,7.60000,0.00000,0.00000,0.00000
-614002.86974,-917146.81853,139.72300,556551292.53237,11.20000,1743480.00000,5.37000,0.00000,0.00000,0.00000
-613923.99426,-916783.83088,140.68100,556551292.57935,11.03000,1013043.00000,5.39000,0.00000,0.00000,0.00000
-613834.87366,-916431.45556,140.66600,556551292.62632,11.16000,1252321.00000,5.95000,0.00000,0.00000,0.00000
-614528.59894,-915267.46895,140.77400,556551292.67329,11.70000,188030.00000,12.28000,0.00000,0.00000,0.00000
-615584.28096,-913728.21452,146.86500,556551292.72027,10.78000,547828.00000,5.35000,0.00000,0.00000,0.00000
-615097.36465,-913788.31848,148.73400,556551292.76724,10.34000,3971976.00000,2.88000,0.00000,0.00000,0.00000
-614761.97921,-913691.29097,156.76200,556551292.81421,10.04000,938553.00000,3.44000,0.00000,0.00000,0.00000
-614258.67828,-913768.34668,157.60700,556551292.86118,10.01000,539494.00000,3.75000,0.00000,0.00000,0.00000
-613920.24545,-913674.49343,157.34600,556551292.90816,10.23000,319677.00000,4.13000,0.00000,0.00000,0.00000
-613839.32911,-913313.64390,159.32900,556551292.95513,10.34000,1600022.00000,2.44000,0.00000,0.00000,0.00000
-613526.00204,-913193.76400,143.40400,556551293.00210,10.53000,3447631.00000,3.31000,0.00000,0.00000,0.00000
-613565.41462,-912708.18101,145.76800,556551293.04908,10.78000,1500101.00000,4.56000,0.00000,0.00000,0.00000
-614096.85909,-911712.55224,150.47600,556551293.09605,10.90000,1243842.00000,3.95000,0.00000,0.00000,0.00000
-612349.92246,-913078.81339,155.46200,556551293.14302,11.01000,1047830.00000,4.23000,0.00000,0.00000,0.00000
-613104.61626,-911851.79619,156.16700,556551293.18999,11.24000,485433.00000,5.91000,0.00000,0.00000,0.00000
-612225.01738,-912318.92083,150.12800,556551293.23697,11.15000,1269374.00000,6.08000,0.00000,0.00000,0.00000
-611356.13105,-912774.87079,147.27000,556551293.28394,10.98000,2535137.00000,4.86000,0.00000,0.00000,0.00000
-610481.09245,-913237.18315,144.62000,556551293.33092,10.48000,847409.00000,5.06000,0.00000,0.00000,0.00000
-613320.71722,-909849.06759,158.91900,556551293.37789,10.26000,1247115.00000,4.70000,0.00000,0.00000,0.00000
-613067.82038,-909666.56866,157.05000,556551293.42486,10.07000,225671.00000,6.82000,0.00000,0.00000,0.00000
-612481.09927,-909830.09047,152.78500,556551293.47184,9.82000,202830.00000,5.75000,0.00000,0.00000,0.00000
-611811.93915,-910079.04978,147.91200,556551293.51881,10.12000,142045.00000,9.21000,0.00000,0.00000,0.00000
-611504.24790,-909953.31521,145.57100,556551293.56579,10.29000,144935.00000,10.44000,0.00000,0.00000,0.00000
-611294.87739,-909725.69605,143.93400,556551293.61276,10.68000,152365.00000,10.56000,0.00000,0.00000,0.00000
-611008.69219,-909577.66429,142.12700,556551293.65973,10.95000,205160.00000,8.94000,0.00000,0.00000,0.00000
-610701.01130,-909451.92693,139.41900,556551293.70671,11.90000,360940.00000,8.34000,0.00000,0.00000,0.00000
-610948.88498,-908750.39969,142.23000,556551293.75368,11.78000,411127.00000,7.61000,0.00000,0.00000,0.00000
-608646.28314,-910692.20773,133.19800,556551293.80066,11.41000,585489.00000,6.29000,0.00000,0.00000,0.00000
-607767.63351,-911158.14698,132.89000,556551293.84763,11.04000,206830.00000,5.32000,0.00000,0.00000,0.00000
-607194.16539,-911307.78891,132.48000,556551293.89460,10.72000,316972.00000,4.58000,0.00000,0.00000,0.00000
-606619.66897,-911458.49473,131.42100,556551293.94158,10.55000,456346.00000,4.20000,0.00000,0.00000,0.00000
-606124.02780,-911527.46840,130.27700,556551293.98855,10.56000,313372.00000,4.10000,0.00000,0.00000,0.00000
-609508.34291,-907575.68184,148.60700,556551294.03553,10.72000,588675.00000,5.91000,0.00000,0.00000,0.00000
-609683.53366,-906949.54850,150.53100,556551294.08250,10.93000,158215.00000,5.46000,0.00000,0.00000,0.00000
-609594.50498,-906597.21042,150.91500,556551294.12948,11.24000,2219888.00000,4.01000,0.00000,0.00000,0.00000
-607774.77599,-908038.42669,136.11700,556551294.17645,11.52000,1190864.00000,3.76000,0.00000,0.00000,0.00000
-608675.54699,-906660.38557,148.60300,556551294.22343,11.55000,8418351.00000,3.80000,0.00000,0.00000,0.00000
-608178.42534,-906730.96422,148.72000,556551294.27040,11.23000,2280534.00000,3.92000,0.00000,0.00000,0.00000
-607818.01864,-906659.86212,151.10600,556551294.31738,10.83000,1186339.00000,3.72000,0.00000,0.00000,0.00000
-607496.01653,-906548.96005,154.00200,556551294.36435,10.62000,532887.00000,3.57000,0.00000,0.00000,0.00000
-607234.43933,-906375.44031,157.14200,556551294.41133,10.95000,573048.00000,6.16000,0.00000,0.00000,0.00000
-607275.49835,-905888.34964,159.76400,556551294.45830,11.05000,283258.00000,6.24000,0.00000,0.00000,0.00000
-607217.72385,-905503.65954,162.85500,556551294.50528,10.74000,239809.00000,4.82000,0.00000,0.00000,0.00000
-607101.58317,-905179.45383,163.80300,556551294.55225,10.34000,153210.00000,4.98000,0.00000,0.00000,0.00000
-607018.73013,-904820.75961,163.79200,556551294.59923,10.05000,246258.00000,2.71000,0.00000,0.00000,0.00000
-603807.57574,-907703.32282,129.27200,556551294.64620,9.89000,1073553.00000,2.37000,0.00000,0.00000,0.00000
-606612.39068,-904352.73812,157.95900,556551294.69318,9.96000,481623.00000,2.54000,0.00000,0.00000,0.00000
-603139.99251,-907505.86606,116.78600,556551294.74015,10.07000,465735.00000,1.99000,0.00000,0.00000,0.00000
-604228.78322,-904599.76112,149.59800,556551294.92805,8.89000,3989082.00000,1.46000,0.00000,0.00000,0.00000
-605676.62743,-902655.24447,137.64400,556551294.97503,8.96000,1731585.00000,2.26000,0.00000,0.00000,0.00000
-602858.67436,-905130.16150,141.51600,556551295.02200,9.26000,2520274.00000,2.92000,0.00000,0.00000,0.00000
-632807.72317,-879415.57777,199.94600,556771902.22932,13.61000,326887.00000,5.18000,0.00000,0.00000,1.00000
-632903.88251,-879710.88254,199.50800,556771902.27640,13.41000,298147.00000,5.12000,0.00000,0.00000,1.00000
-632965.40999,-880021.01829,199.56400,556771902.32348,13.17000,462312.00000,5.07000,0.00000,0.00000,1.00000
-633560.43670,-880102.29320,198.19300,556771902.37056,12.90000,4670564.00000,5.26000,0.00000,0.00000,1.00000
-633449.57359,-880486.40566,196.94300,556771902.41764,12.57000,2337406.00000,5.49000,0.00000,0.00000,1.00000
-633681.47648,-880723.47356,195.66100,556771902.46472,12.64000,4632954.00000,5.61000,0.00000,0.00000,1.00000
-633150.45195,-881287.81742,194.78900,556771902.51180,12.63000,892261.00000,6.00000,0.00000,0.00000,1.00000
-633188.88881,-881607.86151,195.26700,556771902.55887,11.80000,987841.00000,7.99000,0.00000,0.00000,1.00000
-633506.28602,-881808.24147,197.64700,556771902.60595,10.91000,556983.00000,5.47000,0.00000,0.00000,1.00000
-634978.25258,-881513.36516,203.51500,556771902.65303,11.21000,487715.00000,3.40000,0.00000,0.00000,1.00000
-633533.56917,-882469.61254,208.61700,556771902.70011,11.85000,411070.00000,3.60000,0.00000,0.00000,1.00000
-633483.07155,-882827.80845,213.15400,556771902.74719,11.96000,80781.00000,3.44000,0.00000,0.00000,1.00000
-633425.11318,-883189.21153,216.51800,556771902.79427,11.22000,232880.00000,5.19000,0.00000,0.00000,1.00000
-633431.63383,-883522.95395,218.95700,556771902.84134,10.68000,138232.00000,4.91000,0.00000,0.00000,1.00000
-633408.95996,-883869.20412,221.49900,556771902.88842,9.90000,593828.00000,3.75000,0.00000,0.00000,1.00000
-633458.91909,-884184.30361,220.86200,556771902.93550,9.48000,580012.00000,3.87000,0.00000,0.00000,1.00000
-633619.51713,-884451.95578,219.70700,556771902.98258,9.74000,3661320.00000,2.32000,0.00000,0.00000,1.00000
-633402.02934,-884881.75418,222.20100,556771903.02965,9.75000,631509.00000,3.24000,0.00000,0.00000,1.00000
-633442.48076,-885200.94070,221.68100,556771903.07673,9.18000,3247960.00000,3.02000,0.00000,0.00000,1.00000
-633479.52862,-885521.56803,220.08900,556771903.12381,8.57000,1642108.00000,4.13000,0.00000,0.00000,1.00000
-633518.60738,-885841.32217,219.62400,556771903.17089,8.35000,2233695.00000,3.64000,0.00000,0.00000,1.00000
-633537.32652,-886169.82104,219.86600,556771903.21796,9.35000,1305650.00000,2.60000,0.00000,0.00000,1.00000
-637001.74112,-885020.65330,204.96800,556771903.26504,11.52000,1086851.00000,3.18000,0.00000,0.00000,1.00000
-637580.50302,-885109.00763,206.87800,556771903.31212,13.03000,961378.00000,6.67000,0.00000,0.00000,1.00000
-637056.17602,-885670.43024,203.73800,556771903.35919,14.01000,345039.00000,7.70000,0.00000,0.00000,1.00000
-638037.46337,-885586.16555,210.79900,556771903.40627,14.65000,605951.00000,10.94000,0.00000,0.00000,1.00000
-637790.77659,-886028.52442,208.18200,556771903.45335,14.55000,292202.00000,8.57000,0.00000,0.00000,1.00000
-634149.20447,-887926.58131,190.34200,556771903.50043,13.91000,6228876.00000,5.92000,0.00000,0.00000,1.00000
-636756.40327,-887145.19695,187.21600,556771903.54751,13.59000,1014392.00000,4.58000,0.00000,0.00000,1.00000
-636168.90012,-887733.66385,181.19600,556771903.59458,14.01000,960491.00000,5.01000,0.00000,0.00000,1.00000
-635856.32972,-888204.23629,175.95200,556771903.64166,14.71000,1306188.00000,6.76000,0.00000,0.00000,1.00000
-635869.59415,-888535.08923,175.23800,556771903.68874,15.00000,1604735.00000,5.42000,0.00000,0.00000,1.00000
-639881.31306,-887151.50932,212.34500,556771903.73582,14.95000,11072794.00000,4.40000,0.00000,0.00000,1.00000
-639384.12817,-887701.28727,204.75900,556771903.78289,15.30000,4731544.00000,6.00000,0.00000,0.00000,1.00000
-635690.07683,-889621.67198,177.82000,556771903.82997,15.50000,2201518.00000,6.44000,0.00000,0.00000,1.00000
-636033.27053,-889811.07509,177.85200,556771903.87705,15.50000,1677664.00000,8.00000,0.00000,0.00000,1.00000
-640271.85843,-888330.38466,211.62000,556771903.92413,15.43000,5672751.00000,7.91000,0.00000,0.00000,1.00000
-640756.96092,-888458.97951,214.73000,556771903.97121,15.17000,6002059.00000,6.34000,0.00000,0.00000,1.00000
-635986.46635,-891177.29050,167.51100,556771904.06536,15.63000,1357776.00000,7.11000,0.00000,0.00000,1.00000
-638359.64246,-890496.51853,179.23300,556771904.11244,16.19000,1715082.00000,9.19000,0.00000,0.00000,1.00000
-636799.14171,-891502.01370,169.49100,556771904.15952,15.81000,211312.00000,13.07000,0.00000,0.00000,1.00000
-635688.72693,-892314.52659,169.52900,556771904.20660,14.08000,1157014.00000,6.02000,0.00000,0.00000,1.00000
-634739.21556,-893058.03295,176.75300,556771904.25368,12.55000,543167.00000,7.67000,0.00000,0.00000,1.00000
-636283.43709,-892732.69548,186.81400,556771904.30076,12.66000,509681.00000,4.56000,0.00000,0.00000,1.00000
-636598.79144,-892934.08177,189.86700,556771904.34784,13.55000,137402.00000,8.12000,0.00000,0.00000,1.00000
-636742.37028,-893209.08266,190.56800,556771904.39491,13.43000,183719.00000,8.08000,0.00000,0.00000,1.00000
-637051.61284,-893413.08127,189.15100,556771904.44199,12.92000,450790.00000,4.91000,0.00000,0.00000,1.00000
-640073.32323,-892454.50426,187.09600,556771904.48907,12.87000,504569.00000,6.95000,0.00000,0.00000,1.00000
-639707.03009,-892948.08260,183.69400,556771904.53615,12.88000,232700.00000,8.30000,0.00000,0.00000,1.00000
-634998.92485,-895638.88653,154.48200,556771904.63031,13.53000,301622.00000,9.16000,0.00000,0.00000,1.00000
-635184.58759,-895895.85111,155.90800,556771904.67739,13.55000,530270.00000,7.43000,0.00000,0.00000,1.00000
-635252.10295,-896203.44433,159.13000,556771904.72447,13.58000,402634.00000,8.41000,0.00000,0.00000,1.00000
-635336.57891,-896503.76552,158.65100,556771904.77155,13.82000,124582.00000,11.27000,0.00000,0.00000,1.00000
-636213.07985,-896801.24141,160.55800,556771904.86570,13.96000,403277.00000,6.98000,0.00000,0.00000,1.00000
-636306.38540,-897097.78531,161.44200,556771904.91278,13.59000,333799.00000,5.94000,0.00000,0.00000,1.00000
-636159.30674,-897497.30748,163.80700,556771904.95986,13.46000,748377.00000,7.25000,0.00000,0.00000,1.00000
-636414.22376,-897724.62114,164.88800,556771905.00694,13.27000,308655.00000,9.15000,0.00000,0.00000,1.00000
-637769.16975,-897480.61351,163.12100,556771905.05402,13.21000,1378909.00000,7.75000,0.00000,0.00000,1.00000
-638354.77470,-897566.24920,168.08600,556771905.10109,12.19000,3502721.00000,5.72000,0.00000,0.00000,1.00000
-637946.25733,-898077.79839,175.77700,556771905.14817,11.08000,1260107.00000,4.63000,0.00000,0.00000,1.00000
-638874.76402,-898016.52155,181.52200,556771905.19525,11.14000,1642280.00000,3.99000,0.00000,0.00000,1.00000
-637038.93718,-899139.56127,191.83400,556771905.24232,11.29000,4350990.00000,4.68000,0.00000,0.00000,1.00000
-638137.87330,-899005.29578,193.50000,556771905.28940,10.99000,1340126.00000,4.36000,0.00000,0.00000,1.00000
-638436.23072,-899214.00276,196.07200,556771905.33648,10.47000,3332532.00000,2.90000,0.00000,0.00000,1.00000
-638206.97681,-899648.73574,195.60300,556771905.38356,9.93000,4687209.00000,2.18000,0.00000,0.00000,1.00000
-639252.95119,-899537.18352,204.78200,556771905.43063,9.79000,6491760.00000,2.12000,0.00000,0.00000,1.00000
-639489.51832,-899772.36749,203.45100,556771905.47771,9.94000,730140.00000,4.23000,0.00000,0.00000,1.00000
-639534.84824,-900426.00902,206.34300,556771905.57186,9.47000,335383.00000,4.04000,0.00000,0.00000,1.00000
-639171.38216,-901254.75998,211.87300,556771905.66601,8.66000,719850.00000,1.83000,0.00000,0.00000,1.00000
-635932.17626,-906006.93037,202.73000,556771906.13677,8.26000,808841.00000,1.55000,0.00000,0.00000,1.00000
-616074.73664,-884945.71852,148.87300,556944555.11641,13.54000,586194.00000,3.61000,0.00000,0.00000,1.00000
-616040.00240,-885294.43942,146.31400,556944555.16350,13.60000,293360.00000,3.90000,0.00000,0.00000,1.00000
-616088.61964,-885608.90526,144.84900,556944555.21059,13.75000,302149.00000,5.14000,0.00000,0.00000,1.00000
-616165.23738,-885911.84760,144.66300,556944555.25768,13.81000,1020132.00000,3.93000,0.00000,0.00000,1.00000
-616176.26315,-886241.75076,144.23800,556944555.30477,13.78000,1000725.00000,4.03000,0.00000,0.00000,1.00000
-616355.35537,-886502.56956,144.89500,556944555.35187,13.76000,439815.00000,4.33000,0.00000,0.00000,1.00000
-616414.20796,-886812.83059,146.17200,556944555.39896,13.69000,292281.00000,5.31000,0.00000,0.00000,1.00000
-616445.72612,-887134.32601,148.83200,556944555.44605,13.34000,287773.00000,5.17000,0.00000,0.00000,1.00000
-616471.08626,-887458.34016,150.71700,556944555.49314,13.37000,249566.00000,7.34000,0.00000,0.00000,1.00000
-616677.50383,-887707.93736,153.30700,556944555.54024,13.23000,288101.00000,6.39000,0.00000,0.00000,1.00000
-616676.89297,-888042.62280,155.66100,556944555.58733,13.16000,339962.00000,5.51000,0.00000,0.00000,1.00000
-616574.49093,-888419.15842,156.36400,556944555.63442,13.27000,200490.00000,5.79000,0.00000,0.00000,1.00000
-616504.87914,-888782.21358,156.56400,556944555.68151,13.44000,176980.00000,6.26000,0.00000,0.00000,1.00000
-616468.05846,-889131.79206,156.76800,556944555.72860,13.68000,341983.00000,6.50000,0.00000,0.00000,1.00000
-616388.18942,-889499.05458,155.69100,556944555.77569,13.88000,196843.00000,7.15000,0.00000,0.00000,1.00000
-616420.36729,-889820.26737,156.01700,556944555.82279,13.90000,179164.00000,6.21000,0.00000,0.00000,1.00000
-616399.24417,-890163.37521,155.34600,556944555.86988,14.17000,379714.00000,5.93000,0.00000,0.00000,1.00000
-616805.15527,-890330.99731,153.51500,556944555.91697,14.32000,80771.00000,11.37000,0.00000,0.00000,1.00000
-618720.39356,-889878.34510,157.29000,556944555.96406,14.42000,407674.00000,11.91000,0.00000,0.00000,1.00000
-619029.97684,-890085.57098,158.31300,556944556.01115,14.07000,293614.00000,9.56000,0.00000,0.00000,1.00000
-618705.48961,-890553.37262,156.55900,556944556.05824,13.07000,298717.00000,6.23000,0.00000,0.00000,1.00000
-618164.39963,-891110.17730,152.60400,556944556.10533,13.26000,172887.00000,7.43000,0.00000,0.00000,1.00000
-618480.81376,-891314.60265,152.08900,556944556.15242,13.39000,105689.00000,11.34000,0.00000,0.00000,1.00000
-618163.13262,-891779.58289,152.34400,556944556.19952,12.50000,290760.00000,7.83000,0.00000,0.00000,1.00000
-618235.60460,-892084.24502,154.00700,556944556.24661,11.31000,318170.00000,5.00000,0.00000,0.00000,1.00000
-618459.07978,-892326.86213,157.25900,556944556.29370,10.03000,1481670.00000,2.44000,0.00000,0.00000,1.00000
-619031.71227,-892426.00862,163.00900,556944556.34079,9.11000,5397658.00000,1.29000,0.00000,0.00000,1.00000
-618013.63441,-893178.74688,186.56500,556944556.38788,8.83000,5044077.00000,1.14000,0.00000,0.00000,1.00000
-618259.65097,-893412.10598,187.50400,556944556.43497,8.62000,985567.00000,1.42000,0.00000,0.00000,1.00000
-619747.25661,-893135.34845,160.68500,556944556.48206,8.59000,2276525.00000,1.32000,0.00000,0.00000,1.00000
-619839.52719,-893431.86711,161.63700,556944556.52915,8.72000,3241853.00000,1.39000,0.00000,0.00000,1.00000
-618861.72000,-894168.04543,182.89900,556944556.57624,8.92000,4803863.00000,1.56000,0.00000,0.00000,1.00000
-619040.08880,-894429.20260,181.32300,556944556.62333,9.54000,290004.00000,3.12000,0.00000,0.00000,1.00000
-619139.19145,-894722.92263,179.10700,556944556.67042,10.02000,1459542.00000,2.14000,0.00000,0.00000,1.00000
-617814.91163,-895601.36450,154.20200,556944556.71751,10.21000,1546905.00000,1.51000,0.00000,0.00000,1.00000
-619174.76532,-895377.17921,172.55400,556944556.76460,10.29000,402964.00000,2.54000,0.00000,0.00000,1.00000
-619161.79271,-895716.94121,172.69300,556944556.81169,10.41000,322108.00000,1.98000,0.00000,0.00000,1.00000
-622220.58567,-894794.81706,136.76500,556944556.85878,10.70000,2475872.00000,2.13000,0.00000,0.00000,1.00000
-622077.77881,-895187.95957,137.48800,556944556.90587,10.87000,4091408.00000,1.85000,0.00000,0.00000,1.00000
-621715.59602,-895671.20404,137.87900,556944556.95296,10.86000,4708123.00000,1.70000,0.00000,0.00000,1.00000
-618819.44319,-897195.28675,162.80100,556944557.00005,10.85000,983088.00000,2.28000,0.00000,0.00000,1.00000
-618535.15681,-897646.47873,162.86200,556944557.04714,10.75000,413244.00000,2.73000,0.00000,0.00000,1.00000
-618200.29126,-898118.42816,164.67300,556944557.09423,10.91000,392867.00000,2.07000,0.00000,0.00000,1.00000
-621520.86688,-897089.01774,130.31400,556944557.14132,11.30000,1951617.00000,2.14000,0.00000,0.00000,1.00000
-621144.29951,-897578.13487,131.21500,556944557.18841,11.48000,2338053.00000,2.55000,0.00000,0.00000,1.00000
-621595.35097,-897727.34141,130.64300,556944557.23550,11.61000,1821826.00000,3.32000,0.00000,0.00000,1.00000
-621619.93976,-898051.69131,130.64700,556944557.28259,11.71000,986206.00000,3.86000,0.00000,0.00000,1.00000
-621431.98631,-898463.34520,131.09200,556944557.32968,11.74000,1485707.00000,5.86000,0.00000,0.00000,1.00000
-620874.97173,-899026.55543,133.08100,556944557.37677,11.62000,635422.00000,4.32000,0.00000,0.00000,1.00000
-620173.07083,-899649.25954,137.34500,556944557.42386,11.72000,2028808.00000,3.36000,0.00000,0.00000,1.00000
-618375.62854,-900721.78363,147.02300,556944557.47095,12.13000,352648.00000,4.80000,0.00000,0.00000,1.00000
-619069.94936,-900771.10504,145.38100,556944557.51804,12.27000,99666.00000,7.03000,0.00000,0.00000,1.00000
-619823.73838,-900796.01763,144.09000,556944557.56514,12.31000,134799.00000,6.19000,0.00000,0.00000,1.00000
-620057.42958,-901034.49167,142.93500,556944557.61223,12.12000,433869.00000,5.83000,0.00000,0.00000,1.00000
-626264.59408,-898819.92603,133.60700,556944557.65932,11.95000,1000542.00000,3.83000,0.00000,0.00000,1.00000
-626111.50125,-899217.29380,129.89700,556944557.70641,12.16000,807247.00000,4.36000,0.00000,0.00000,1.00000
-620103.06254,-902019.06142,132.68200,556944557.75350,12.45000,241553.00000,4.46000,0.00000,0.00000,1.00000
-620596.46826,-902150.90886,129.87500,556944557.80059,12.66000,382412.00000,6.70000,0.00000,0.00000,1.00000
-621115.85638,-902272.09979,129.67000,556944557.84768,12.76000,605579.00000,7.42000,0.00000,0.00000,1.00000
-621148.61087,-902593.09471,130.92900,556944557.89477,12.17000,2392037.00000,5.59000,0.00000,0.00000,1.00000
-621098.65666,-902948.04263,131.01600,556944557.94186,11.78000,3033904.00000,5.45000,0.00000,0.00000,1.00000
-620773.25820,-903416.08799,130.13100,556944557.98896,11.61000,1189024.00000,6.13000,0.00000,0.00000,1.00000
-620853.15960,-903717.72570,129.86900,556944558.03605,11.95000,5600772.00000,5.22000,0.00000,0.00000,1.00000
-621175.69348,-903919.75043,124.87600,556944558.08314,12.44000,1005459.00000,8.47000,0.00000,0.00000,1.00000
-621589.14667,-904084.45942,125.38600,556944558.13023,12.68000,90507.00000,10.85000,0.00000,0.00000,1.00000
-621492.02350,-904458.78811,127.45700,556944558.17732,12.16000,295157.00000,9.73000,0.00000,0.00000,1.00000
-618901.43296,-905856.59272,141.00800,556944558.22441,12.05000,660261.00000,5.82000,0.00000,0.00000,1.00000
-620267.67920,-905630.21863,133.31000,556944558.27150,12.51000,973244.00000,5.73000,0.00000,0.00000,1.00000
-622049.54030,-905233.24419,129.41900,556944558.31859,12.98000,365772.00000,8.84000,0.00000,0.00000,1.00000
-622166.34739,-905519.73886,136.17200,556944558.36569,12.12000,397872.00000,5.84000,0.00000,0.00000,1.00000
-622521.02033,-905708.60258,140.72600,556944558.41278,11.75000,682288.00000,5.86000,0.00000,0.00000,1.00000
-622204.46891,-906172.98206,145.41200,556944558.45987,11.51000,723535.00000,5.39000,0.00000,0.00000,1.00000
-622443.61929,-906409.26798,147.49200,556944558.50696,11.76000,3471298.00000,5.48000,0.00000,0.00000,1.00000
-623318.45141,-906384.64731,146.79400,556944558.55405,11.94000,1731534.00000,6.50000,0.00000,0.00000,1.00000
-622558.27099,-907031.09591,148.48600,556944558.60114,12.29000,2156641.00000,8.22000,0.00000,0.00000,1.00000
-622956.68094,-907202.02281,149.65300,556944558.64823,11.54000,378498.00000,8.53000,0.00000,0.00000,1.00000
-623386.53110,-907360.04530,149.92800,556944558.69532,10.87000,720479.00000,6.80000,0.00000,0.00000,1.00000
-623325.59763,-907719.49760,147.48200,556944558.74241,10.75000,1380377.00000,4.07000,0.00000,0.00000,1.00000
-623581.82952,-907948.78670,144.79700,556944558.78950,10.86000,414412.00000,7.81000,0.00000,0.00000,1.00000
-624954.30944,-907719.95704,147.03300,556944558.83659,10.49000,565155.00000,5.84000,0.00000,0.00000,1.00000
-624814.76148,-908111.68800,150.08800,556944558.88368,10.02000,219561.00000,7.04000,0.00000,0.00000,1.00000
-624874.12933,-908421.77798,149.74100,556944558.93077,9.86000,124858.00000,9.79000,0.00000,0.00000,1.00000
-624891.80620,-908748.98926,147.16900,556944558.97786,9.13000,134748.00000,7.25000,0.00000,0.00000,1.00000
-625119.32561,-908990.06568,144.78500,556944559.02495,7.91000,225125.00000,7.46000,0.00000,0.00000,1.00000
-624999.58815,-909373.65478,141.89700,556944559.07204,6.55000,291523.00000,5.31000,0.00000,0.00000,1.00000
-624736.29602,-909816.16151,138.82000,556944559.11913,5.59000,312531.00000,5.18000,0.00000,0.00000,1.00000
-624472.98049,-910258.64400,136.39200,556944559.16622,4.65000,214012.00000,4.63000,0.00000,0.00000,1.00000
-624485.16079,-910588.09936,135.39100,556944559.21331,4.30000,758221.00000,3.30000,0.00000,0.00000,1.00000
-624644.31313,-910857.24483,135.15700,556944559.26040,5.81000,1218306.00000,3.48000,0.00000,0.00000,1.00000
-624661.27232,-911184.72913,137.02300,556944559.30749,8.15000,344481.00000,6.24000,0.00000,0.00000,1.00000
-624899.72228,-911421.34290,139.58100,556944559.35458,9.16000,396836.00000,5.53000,0.00000,0.00000,1.00000
-625063.66643,-911688.54544,140.88100,556944559.40167,9.14000,577054.00000,6.88000,0.00000,0.00000,1.00000
-625321.25934,-911917.31605,140.47400,556944559.44876,7.85000,226982.00000,6.02000,0.00000,0.00000,1.00000
-626589.93407,-911731.24697,140.48400,556944559.49585,7.01000,285454.00000,5.17000,0.00000,0.00000,1.00000
-627490.15570,-911696.37533,140.44600,556944559.54294,7.89000,366499.00000,6.18000,0.00000,0.00000,1.00000
-627060.01013,-912207.31624,138.80400,556944559.59003,8.71000,1151034.00000,8.24000,0.00000,0.00000,1.00000
-627277.27288,-912452.65902,141.61800,556944559.63712,8.31000,760395.00000,5.00000,0.00000,0.00000,1.00000
-628874.77879,-912131.71900,154.59600,556944559.68421,7.95000,774670.00000,3.88000,0.00000,0.00000,1.00000
-628610.76049,-912574.51510,153.91500,556944559.73130,7.93000,296994.00000,5.22000,0.00000,0.00000,1.00000
-628332.37740,-913023.19618,153.51700,556944559.77839,7.13000,396556.00000,5.19000,0.00000,0.00000,1.00000
-628157.90541,-913429.24120,152.47400,556944559.82548,6.32000,525743.00000,5.07000,0.00000,0.00000,1.00000
-605572.45557,-900940.15769,140.47000,557117209.98449,13.61000,338853.00000,7.44000,0.00000,0.00000,1.00000
-605863.72142,-901158.09378,142.83000,557117210.03159,13.08000,3757164.00000,5.65000,0.00000,0.00000,1.00000
-605879.94695,-901484.12730,143.28500,557117210.07868,13.09000,3727833.00000,6.07000,0.00000,0.00000,1.00000
-605680.96455,-901894.76529,142.28500,557117210.12578,12.89000,883768.00000,8.31000,0.00000,0.00000,1.00000
-605193.87536,-902418.63843,141.54900,557117210.17287,12.03000,995250.00000,5.49000,0.00000,0.00000,1.00000
-606022.84077,-902425.22718,138.07300,557117210.21997,11.44000,3060054.00000,4.19000,0.00000,0.00000,1.00000
-606268.02965,-902661.28645,141.18000,557117210.26706,10.80000,867984.00000,2.69000,0.00000,0.00000,1.00000
-606579.89846,-902871.12501,146.73600,557117210.31416,10.37000,1924375.00000,2.25000,0.00000,0.00000,1.00000
-606431.77602,-903261.77736,150.66100,557117210.36125,10.30000,1215698.00000,2.39000,0.00000,0.00000,1.00000
-606632.26383,-903515.40779,153.46400,557117210.40835,10.43000,734555.00000,2.76000,0.00000,0.00000,1.00000
-606400.93246,-903938.74285,156.00200,557117210.45544,10.80000,1337729.00000,3.86000,0.00000,0.00000,1.00000
-606507.21452,-904229.39392,157.68500,557117210.50254,10.90000,308356.00000,5.88000,0.00000,0.00000,1.00000
-607489.50269,-904175.78038,162.52600,557117210.54963,10.65000,342943.00000,4.18000,0.00000,0.00000,1.00000
-607394.30500,-904545.61247,165.10100,557117210.59673,10.51000,449775.00000,4.03000,0.00000,0.00000,1.00000
-607347.25833,-904896.53743,165.29800,557117210.64382,10.54000,406170.00000,3.80000,0.00000,0.00000,1.00000
-607197.06573,-905287.99268,163.73400,557117210.69092,10.66000,349640.00000,4.27000,0.00000,0.00000,1.00000
-607111.49729,-905654.03967,162.59700,557117210.73801,10.75000,413335.00000,3.48000,0.00000,0.00000,1.00000
-606946.17043,-906051.43598,159.70600,557117210.78511,10.99000,467215.00000,3.23000,0.00000,0.00000,1.00000
-606835.83897,-906427.20673,157.91000,557117210.83220,10.96000,501760.00000,3.51000,0.00000,0.00000,1.00000
-606811.46189,-906769.21340,156.15900,557117210.87930,10.98000,506778.00000,2.84000,0.00000,0.00000,1.00000
-606679.80234,-907153.35281,152.00400,557117210.92639,11.79000,5754382.00000,3.77000,0.00000,0.00000,1.00000
-607680.03662,-907092.77315,144.37700,557117210.97349,12.79000,2734450.00000,5.01000,0.00000,0.00000,1.00000
-607020.93371,-907684.16551,142.42600,557117211.02058,13.84000,285945.00000,11.54000,0.00000,0.00000,1.00000
-607990.90915,-907635.47999,142.79600,557117211.06768,13.54000,164998.00000,11.43000,0.00000,0.00000,1.00000
-608786.92338,-907655.16674,142.50700,557117211.11477,12.91000,764263.00000,8.53000,0.00000,0.00000,1.00000
-607253.06535,-908590.22127,135.69000,557117211.16187,12.59000,1366388.00000,7.86000,0.00000,0.00000,1.00000
-607956.23997,-908646.39464,137.27200,557117211.20896,11.82000,1221738.00000,4.14000,0.00000,0.00000,1.00000
-608097.56061,-908923.29192,138.60800,557117211.25606,11.52000,572607.00000,3.02000,0.00000,0.00000,1.00000
-608375.05357,-909146.70568,138.54800,557117211.30315,11.42000,1458297.00000,2.86000,0.00000,0.00000,1.00000
-607717.97007,-909737.27513,130.40600,557117211.35025,11.63000,2500663.00000,4.17000,0.00000,0.00000,1.00000
-609485.06101,-909375.52700,131.25900,557117211.39734,12.15000,743382.00000,4.56000,0.00000,0.00000,1.00000
-607804.61045,-910368.07946,123.71200,557117211.44444,13.01000,2669041.00000,5.72000,0.00000,0.00000,1.00000
-610486.37208,-909647.05157,138.96600,557117211.49153,13.29000,584187.00000,8.12000,0.00000,0.00000,1.00000
-609061.75558,-910539.12281,133.10900,557117211.53863,14.21000,142380.00000,14.24000,0.00000,0.00000,1.00000
-608419.05598,-911124.00210,134.15100,557117211.58572,13.76000,227126.00000,12.77000,0.00000,0.00000,1.00000
-608353.35815,-911482.22942,136.33700,557117211.63282,12.96000,291343.00000,11.90000,0.00000,0.00000,1.00000
-608910.75374,-911595.72860,138.09600,557117211.67991,12.24000,363204.00000,12.42000,0.00000,0.00000,1.00000
-609199.23779,-911814.84418,139.53800,557117211.72701,11.18000,479589.00000,8.79000,0.00000,0.00000,1.00000
-609248.38809,-912127.97207,141.66600,557117211.77410,10.46000,208091.00000,6.04000,0.00000,0.00000,1.00000
-609243.20274,-912462.43745,143.59300,557117211.82120,10.53000,394288.00000,5.96000,0.00000,0.00000,1.00000
-609691.93784,-912618.62872,142.97500,557117211.86829,11.05000,159848.00000,8.49000,0.00000,0.00000,1.00000
-610789.92095,-912519.84773,144.90900,557117211.91539,11.15000,474366.00000,10.62000,0.00000,0.00000,1.00000
-611593.54334,-912536.66926,147.29900,557117211.96248,11.19000,148714.00000,10.02000,0.00000,0.00000,1.00000
-610520.26637,-913290.63022,143.79200,557117212.00958,10.83000,141304.00000,8.22000,0.00000,0.00000,1.00000
-610162.24863,-913763.67378,146.71600,557117212.05667,10.82000,270643.00000,6.65000,0.00000,0.00000,1.00000
-610174.91935,-914091.10669,150.19800,557117212.10377,11.62000,298294.00000,7.11000,0.00000,0.00000,1.00000
-610107.82757,-914449.89778,151.92300,557117212.15086,11.78000,222080.00000,6.99000,0.00000,0.00000,1.00000
-610196.84747,-914747.35435,149.44500,557117212.19795,11.77000,236999.00000,8.49000,0.00000,0.00000,1.00000
-610347.77791,-915020.52317,147.24500,557117212.24505,11.97000,278989.00000,8.26000,0.00000,0.00000,1.00000
-610339.12818,-915356.33946,146.13900,557117212.29214,12.20000,172985.00000,9.09000,0.00000,0.00000,1.00000
-610048.48652,-915802.89208,146.03800,557117212.33924,11.59000,150555.00000,9.01000,0.00000,0.00000,1.00000
-609687.67895,-916276.98043,146.26100,557117212.38633,10.95000,236821.00000,6.49000,0.00000,0.00000,1.00000
-611135.00118,-916706.01083,138.65100,557117212.52761,10.90000,2605112.00000,3.06000,0.00000,0.00000,1.00000
