-628975.35760,-911683.99400,152.31700,541720986.28451,7.95000,1470445.00000,2.51000,0.00000,0.00000,0.00000
-628542.84990,-911696.09995,148.20600,541720986.33113,8.20000,1176976.00000,3.53000,0.00000,0.00000,0.00000
-628044.53370,-911778.18938,143.97800,541720986.37775,8.65000,615723.00000,4.34000,0.00000,0.00000,0.00000
-627427.16327,-911986.90104,139.42900,541720986.42437,9.36000,318551.00000,6.03000,0.00000,0.00000,0.00000
-626749.00360,-912260.24786,136.83900,541720986.47099,9.86000,920454.00000,7.54000,0.00000,0.00000,0.00000
-625996.48519,-912612.64438,136.99900,541720986.51761,10.03000,745345.00000,5.54000,0.00000,0.00000,0.00000
-627517.52164,-910546.94996,139.98200,541720986.56423,10.47000,334150.00000,6.10000,0.00000,0.00000,0.00000
-626969.48123,-910681.91151,138.45300,541720986.61085,10.92000,178145.00000,7.65000,0.00000,0.00000,0.00000
-626468.65273,-910766.63620,137.95100,541720986.65747,10.91000,194206.00000,8.63000,0.00000,0.00000,0.00000
-625867.35657,-910958.20587,138.07900,541720986.70409,11.12000,483281.00000,9.08000,0.00000,0.00000,0.00000
-625682.49350,-910706.88488,136.56400,541720986.75071,10.58000,432888.00000,7.65000,0.00000,0.00000,0.00000
-624712.47209,-911290.56046,138.47500,541720986.79733,9.99000,629365.00000,5.19000,0.00000,0.00000,0.00000
-628511.99038,-906801.71981,154.76300,541720986.84395,9.73000,686084.00000,3.31000,0.00000,0.00000,0.00000
-628880.14477,-905962.25738,161.80800,541720986.89057,9.63000,617751.00000,4.26000,0.00000,0.00000,0.00000
-628231.19433,-906204.59626,159.70000,541720986.93719,9.97000,596702.00000,5.27000,0.00000,0.00000,0.00000
-626896.11308,-907176.66450,153.98300,541720986.98381,10.21000,437943.00000,6.19000,0.00000,0.00000,0.00000
-626435.50697,-907218.64161,152.98600,541720987.03043,10.42000,2186551.00000,5.43000,0.00000,0.00000,0.00000
-625825.21536,-907419.80465,151.50500,541720987.07705,10.87000,1252281.00000,6.28000,0.00000,0.00000,0.00000
-626340.09738,-906424.35830,152.28700,541720987.12367,11.42000,1197870.00000,5.03000,0.00000,0.00000,0.00000
-626664.10862,-905631.93085,153.48400,541720987.17029,12.23000,303511.00000,6.44000,0.00000,0.00000,0.00000
-626064.37670,-905821.86966,150.94000,541720987.21691,12.49000,757513.00000,7.50000,0.00000,0.00000,0.00000
-624984.42185,-906522.47527,148.57700,541720987.26353,12.84000,625606.00000,7.34000,0.00000,0.00000,0.00000
-624281.20009,-906822.43605,148.42800,541720987.31015,12.80000,542387.00000,8.07000,0.00000,0.00000,0.00000
-623724.64846,-906966.39968,148.66800,541720987.35677,12.88000,350784.00000,7.89000,0.00000,0.00000,0.00000
-623416.24868,-906846.47757,148.46700,541720987.40339,12.53000,110371.00000,12.93000,0.00000,0.00000,0.00000
-623143.52471,-906688.63840,149.29700,541720987.45000,11.92000,137727.00000,10.46000,0.00000,0.00000,0.00000
-622699.50605,-906712.93806,150.72300,541720987.49662,11.44000,349888.00000,5.11000,0.00000,0.00000,0.00000
-622087.70012,-906915.62776,152.43700,541720987.54324,11.32000,366045.00000,3.92000,0.00000,0.00000,0.00000
-621606.50763,-906979.44156,154.02100,541720987.58986,11.42000,296377.00000,4.08000,0.00000,0.00000,0.00000
-621231.30249,-906930.53805,154.52800,541720987.63648,11.78000,241815.00000,3.70000,0.00000,0.00000,0.00000
-622286.30473,-905361.03762,127.59100,541720987.68310,12.01000,480742.00000,4.06000,0.00000,0.00000,0.00000
-620368.85775,-906951.82330,154.31300,541720987.72972,12.03000,922180.00000,3.03000,0.00000,0.00000,0.00000
-619874.54995,-907029.52560,142.98200,541720987.77634,12.09000,2735916.00000,2.97000,0.00000,0.00000,0.00000
-619067.79739,-907439.36817,149.58400,541720987.82296,12.21000,2896621.00000,4.07000,0.00000,0.00000,0.00000
-618291.68301,-907816.61117,155.39600,541720987.86958,12.60000,4066621.00000,4.76000,0.00000,0.00000,0.00000
-620933.79592,-904560.01874,126.84900,541720987.91620,13.23000,578679.00000,8.89000,0.00000,0.00000,0.00000
-620793.72214,-904261.16505,127.86400,541720987.96282,13.55000,223986.00000,9.22000,0.00000,0.00000,0.00000
-620691.82144,-903921.70574,129.43200,541720988.00944,13.28000,652084.00000,7.91000,0.00000,0.00000,0.00000
-620751.19220,-903410.81056,129.78500,541720988.05606,13.24000,650167.00000,8.49000,0.00000,0.00000,0.00000
-620455.39282,-903277.52979,131.30300,541720988.10268,13.31000,685484.00000,6.90000,0.00000,0.00000,0.00000
-619821.98648,-903503.13226,131.90300,541720988.14930,13.39000,998152.00000,8.90000,0.00000,0.00000,0.00000
-619491.01304,-903407.21394,131.48000,541720988.19592,13.52000,367728.00000,9.65000,0.00000,0.00000,0.00000
-620393.40893,-902000.19206,131.66300,541720988.24254,13.25000,302938.00000,14.44000,0.00000,0.00000,0.00000
-619723.84227,-902264.23952,131.49700,541720988.28916,13.13000,1292007.00000,10.71000,0.00000,0.00000,0.00000
-619225.08243,-902346.69356,132.95100,541720988.33578,12.78000,503442.00000,7.02000,0.00000,0.00000,0.00000
-618483.16414,-902687.61520,135.55800,541720988.38240,12.67000,931635.00000,6.97000,0.00000,0.00000,0.00000
-618416.46949,-902310.78785,138.08500,541720988.42902,12.48000,1841506.00000,6.69000,0.00000,0.00000,0.00000
-618934.05467,-901312.90438,144.22200,541720988.47564,12.31000,1140084.00000,7.44000,0.00000,0.00000,0.00000
-618227.31255,-901616.41393,142.34200,541720988.52226,12.49000,1452567.00000,9.44000,0.00000,0.00000,0.00000
-617567.29768,-901870.26464,142.67100,541720988.56888,12.60000,1153228.00000,7.63000,0.00000,0.00000,0.00000
-617109.73796,-901908.89221,142.73600,541720988.61550,11.94000,1823920.00000,3.43000,0.00000,0.00000,0.00000
-615366.47957,-903313.99263,144.26400,541720988.66212,11.22000,4227944.00000,2.53000,0.00000,0.00000,0.00000
-614000.49548,-904318.02377,149.95000,541720988.70874,10.86000,3603596.00000,2.36000,0.00000,0.00000,0.00000
-613577.57994,-904319.75296,151.40700,541720988.75536,10.55000,794563.00000,2.44000,0.00000,0.00000,0.00000
-617646.86102,-899547.29402,165.97900,541720988.80198,10.29000,889576.00000,2.97000,0.00000,0.00000,0.00000
-615445.48269,-901439.29187,149.27900,541720988.84860,9.77000,1054426.00000,2.92000,0.00000,0.00000,0.00000
-614958.78747,-901508.85840,148.95400,541720988.89522,9.25000,527828.00000,2.73000,0.00000,0.00000,0.00000
-617290.10935,-898583.48851,158.61800,541720988.94184,9.03000,1221536.00000,4.48000,0.00000,0.00000,0.00000
-617854.44082,-897536.05207,159.56300,541720988.98846,8.86000,876501.00000,4.22000,0.00000,0.00000,0.00000
-617885.25278,-897055.68745,159.38900,541720989.03508,8.89000,2766283.00000,3.50000,0.00000,0.00000,0.00000
-614122.39157,-900607.09224,142.71800,541720989.08169,9.19000,2384138.00000,3.35000,0.00000,0.00000,0.00000
-615034.47827,-899190.17839,143.47000,541720989.12831,9.52000,3419385.00000,2.81000,0.00000,0.00000,0.00000
-614358.89236,-899460.49571,143.36400,541720989.17493,9.59000,3493606.00000,2.47000,0.00000,0.00000,0.00000
-617637.22639,-895528.83288,164.55800,541720989.22155,9.60000,1586924.00000,2.31000,0.00000,0.00000,0.00000
-614116.57682,-898822.72977,146.41500,541720989.26817,9.71000,4805019.00000,3.13000,0.00000,0.00000,0.00000
-616179.16015,-896183.22214,155.71500,541720989.31479,9.90000,1952248.00000,2.86000,0.00000,0.00000,0.00000
-615555.84565,-896398.02410,162.70800,541720989.36141,9.87000,4543620.00000,2.36000,0.00000,0.00000,0.00000
-614423.11089,-897154.16565,160.17500,541720989.40803,9.75000,682028.00000,3.85000,0.00000,0.00000,0.00000
-614356.47497,-896777.37589,160.09700,541720989.45465,9.73000,148050.00000,6.42000,0.00000,0.00000,0.00000
-614373.24298,-896311.96503,161.36700,541720989.50127,9.57000,815291.00000,4.29000,0.00000,0.00000,0.00000
-613908.20039,-896358.53909,159.23400,541720989.54789,9.61000,292395.00000,4.42000,0.00000,0.00000,0.00000
-614213.36615,-895586.69359,158.89600,541720989.59451,9.36000,435446.00000,4.68000,0.00000,0.00000,0.00000
-613916.13297,-895454.95140,157.94300,541720989.64113,9.36000,1018555.00000,3.01000,0.00000,0.00000,0.00000
-613420.95576,-895533.56302,158.19500,541720989.68775,9.43000,781042.00000,3.18000,0.00000,0.00000,0.00000
-612757.46264,-895791.00044,155.97100,541720989.73437,9.89000,252101.00000,4.95000,0.00000,0.00000,0.00000
-612145.20212,-895993.96196,154.90700,541720989.78099,10.31000,1454700.00000,4.24000,0.00000,0.00000,0.00000
-611676.63771,-896044.24074,154.56700,541720989.82761,10.98000,827309.00000,4.96000,0.00000,0.00000,0.00000
-612288.34489,-894946.78966,142.38100,541720989.87423,11.73000,558385.00000,4.61000,0.00000,0.00000,0.00000
-611489.17316,-895348.33379,144.63900,541720989.92085,12.37000,410104.00000,6.06000,0.00000,0.00000,0.00000
-610978.90832,-895442.91403,146.13500,541720989.96747,13.00000,1085821.00000,11.20000,0.00000,0.00000,0.00000
-611282.62501,-894672.70063,147.24600,541720990.01409,13.57000,147388.00000,15.20000,0.00000,0.00000,0.00000
-611486.35155,-894008.72775,149.10000,541720990.06071,13.24000,126816.00000,9.18000,0.00000,0.00000,0.00000
-611013.78684,-894063.27419,150.90000,541720990.10733,12.45000,359085.00000,4.72000,0.00000,0.00000,0.00000
-610669.34231,-893981.68202,151.44300,541720990.15395,12.22000,318595.00000,6.53000,0.00000,0.00000,0.00000
-610365.09900,-893857.39109,151.70900,541720990.20057,11.98000,257841.00000,5.36000,0.00000,0.00000,0.00000
-610043.27491,-893751.78297,151.56400,541720990.24719,11.98000,626862.00000,4.50000,0.00000,0.00000,0.00000
-612544.04811,-917066.27339,143.01300,541893640.34455,12.43000,6554105.00000,4.07000,0.00000,0.00000,0.00000
-612348.45518,-916827.65410,140.54300,541893640.39112,12.72000,344315.00000,5.83000,0.00000,0.00000,0.00000
-612637.87148,-916088.81044,141.08800,541893640.43769,13.31000,144006.00000,13.67000,0.00000,0.00000,0.00000
-613156.76664,-915113.27741,146.46100,541893640.48425,13.09000,441063.00000,8.71000,0.00000,0.00000,0.00000
-612313.00629,-915543.23612,143.97100,541893640.53082,13.32000,589579.00000,10.33000,0.00000,0.00000,0.00000
-612270.93049,-915146.31435,146.86800,541893640.57739,13.66000,707266.00000,12.89000,0.00000,0.00000,0.00000
-612024.86210,-914959.79071,149.43200,541893640.62396,14.09000,68651.00000,13.06000,0.00000,0.00000,0.00000
-611382.55069,-915181.95923,148.25900,541893640.67052,14.20000,78819.00000,14.78000,0.00000,0.00000,0.00000
-611438.39904,-914684.03927,149.69600,541893640.71709,14.33000,135932.00000,15.83000,0.00000,0.00000,0.00000
-610743.55445,-914960.35933,147.39900,541893640.76366,14.45000,485921.00000,14.96000,0.00000,0.00000,0.00000
-610253.72174,-915025.22932,146.26000,541893640.81023,13.42000,1708514.00000,7.66000,0.00000,0.00000,0.00000
-609564.97945,-915295.20636,144.19200,541893640.85679,12.79000,1320952.00000,4.72000,0.00000,0.00000,0.00000
-608933.86165,-915505.74011,142.57600,541893640.90336,12.31000,2124460.00000,3.71000,0.00000,0.00000,0.00000
-608481.24456,-915532.18811,138.94300,541893640.94993,11.93000,1741025.00000,3.17000,0.00000,0.00000,0.00000
-609523.51718,-914017.12581,138.64600,541893640.99649,11.72000,688609.00000,5.19000,0.00000,0.00000,0.00000
-608914.84896,-914204.51605,138.49200,541893641.04306,11.55000,1330353.00000,5.04000,0.00000,0.00000,0.00000
-607886.93919,-914824.20908,139.16800,541893641.08963,11.48000,1362270.00000,4.70000,0.00000,0.00000,0.00000
-607263.98124,-915026.28764,142.43500,541893641.13619,11.13000,521561.00000,4.90000,0.00000,0.00000,0.00000
-607015.88595,-914841.82495,137.33500,541893641.18276,10.71000,2016868.00000,4.16000,0.00000,0.00000,0.00000
-607444.62506,-913959.48465,134.07300,541893641.22933,10.92000,844277.00000,4.26000,0.00000,0.00000,0.00000
-608400.23572,-912533.88043,129.66900,541893641.27590,11.10000,1784771.00000,3.37000,0.00000,0.00000,0.00000
-607189.53193,-912901.77033,137.78800,541893641.36903,11.19000,291077.00000,3.78000,0.00000,0.00000,0.00000
-606963.90537,-912694.16763,136.69400,541893641.41560,11.46000,118986.00000,6.22000,0.00000,0.00000,0.00000
-606853.54939,-912367.71738,136.44000,541893641.46217,11.59000,293369.00000,6.52000,0.00000,0.00000,0.00000
-606492.76139,-912299.46784,136.77200,541893641.50873,11.53000,398834.00000,5.45000,0.00000,0.00000,0.00000
-606229.39980,-912130.78385,136.91100,541893641.55530,11.33000,125467.00000,7.23000,0.00000,0.00000,0.00000
-605765.07872,-912169.28397,137.06600,541893641.60187,11.05000,206642.00000,7.86000,0.00000,0.00000,0.00000
-606570.28029,-910898.89334,122.98200,541893641.64844,11.15000,1016075.00000,4.18000,0.00000,0.00000,0.00000
-606182.98646,-910858.00214,123.50100,541893641.69501,11.66000,2009752.00000,4.48000,0.00000,0.00000,0.00000
-606451.09760,-910141.39188,133.04800,541893641.74158,12.00000,1419476.00000,5.57000,0.00000,0.00000,0.00000
-606048.49960,-910116.25779,132.74300,541893641.78814,12.59000,1369475.00000,5.63000,0.00000,0.00000,0.00000
-605657.64189,-910079.03044,132.65900,541893641.83471,13.15000,206484.00000,7.55000,0.00000,0.00000,0.00000
-604930.65634,-910388.32399,132.54600,541893641.88128,13.67000,714369.00000,8.41000,0.00000,0.00000,0.00000
-605296.71710,-909570.75493,134.95100,541893641.92785,13.71000,711775.00000,6.84000,0.00000,0.00000,0.00000
-605660.73733,-908755.31236,139.25800,541893641.97441,12.99000,1644316.00000,8.25000,0.00000,0.00000,0.00000
-605918.15338,-908049.78868,145.22300,541893642.02098,12.24000,289553.00000,5.82000,0.00000,0.00000,0.00000
-605736.41995,-907796.98685,148.40800,541893642.06755,11.95000,101068.00000,7.22000,0.00000,0.00000,0.00000
-605404.22906,-907699.27877,148.57100,541893642.11412,11.88000,126615.00000,7.11000,0.00000,0.00000,0.00000
-604676.76674,-908009.06536,145.67200,541893642.16069,11.45000,251468.00000,5.32000,0.00000,0.00000,0.00000
-603837.08367,-908434.50921,141.76000,541893642.20726,11.17000,221295.00000,4.52000,0.00000,0.00000,0.00000
-603461.54781,-908381.47392,138.71900,541893642.25382,10.96000,624694.00000,3.48000,0.00000,0.00000,0.00000
-602867.19154,-908553.99046,124.75700,541893642.30039,11.08000,524320.00000,3.11000,0.00000,0.00000,0.00000
-602895.94948,-905443.54897,144.73000,541893642.62637,9.42000,280496.00000,7.55000,0.00000,0.00000,0.00000
-626699.52096,-879519.01609,164.88700,542114249.55386,12.04000,1137874.00000,4.99000,0.00000,0.00000,1.00000
-626636.50241,-879877.74716,162.86900,542114249.60023,12.41000,1270953.00000,3.89000,0.00000,0.00000,1.00000
-631733.53348,-879033.63902,195.25100,542114249.78572,13.71000,312044.00000,4.64000,0.00000,0.00000,1.00000
-630899.52750,-879720.95011,183.09100,542114249.83209,13.90000,1712048.00000,6.31000,0.00000,0.00000,1.00000
-630378.45538,-880274.88452,177.65800,542114249.87846,14.41000,536688.00000,7.82000,0.00000,0.00000,1.00000
-630945.48623,-880365.22402,178.30400,542114249.92483,13.99000,493061.00000,6.53000,0.00000,0.00000,1.00000
-629613.00632,-881264.84144,169.84100,542114249.97120,13.84000,638504.00000,5.33000,0.00000,0.00000,1.00000
-628594.83241,-882030.50180,164.48700,542114250.01757,13.76000,277491.00000,5.79000,0.00000,0.00000,1.00000
-627739.18918,-882726.90433,163.45000,542114250.06394,13.30000,375900.00000,5.26000,0.00000,0.00000,1.00000
-627855.47835,-883009.24138,159.61100,542114250.11031,13.15000,666129.00000,3.85000,0.00000,0.00000,1.00000
-627784.36845,-883371.43217,156.37000,542114250.15668,13.50000,309136.00000,7.00000,0.00000,0.00000,1.00000
-627971.19859,-883623.74346,155.18000,542114250.20306,13.24000,352439.00000,6.63000,0.00000,0.00000,1.00000
-627985.39854,-883949.59483,155.73500,542114250.24943,12.29000,208444.00000,5.56000,0.00000,0.00000,1.00000
-627355.38773,-884549.81415,156.81200,542114250.29580,11.29000,271254.00000,4.80000,0.00000,0.00000,1.00000
-626231.62897,-885360.28492,160.99500,542114250.34217,11.10000,377163.00000,4.23000,0.00000,0.00000,1.00000
-625688.24568,-885923.55329,164.23800,542114250.38854,11.50000,4471887.00000,2.87000,0.00000,0.00000,1.00000
-627172.85035,-885623.17869,148.61700,542114250.43491,11.94000,383607.00000,8.34000,0.00000,0.00000,1.00000
-627225.31853,-885932.69837,151.93500,542114250.48128,12.25000,237639.00000,10.34000,0.00000,0.00000,1.00000
-627674.79773,-886073.16531,150.78700,542114250.52765,11.96000,98891.00000,12.61000,0.00000,0.00000,1.00000
-626549.63353,-886884.17017,156.44500,542114250.57402,10.83000,257455.00000,5.75000,0.00000,0.00000,1.00000
-626356.19051,-887298.40828,153.79200,542114250.62039,10.09000,721975.00000,3.58000,0.00000,0.00000,1.00000
-627400.82602,-887185.44768,140.56700,542114250.66676,10.28000,1564693.00000,4.11000,0.00000,0.00000,1.00000
-628479.76338,-887057.87531,130.53100,542114250.71313,10.79000,386244.00000,2.81000,0.00000,0.00000,1.00000
-629626.59161,-886901.39457,129.85300,542114250.75950,10.18000,3368003.00000,2.86000,0.00000,0.00000,1.00000
-633456.24690,-885602.35818,219.28200,542114250.80587,9.92000,428046.00000,2.31000,0.00000,0.00000,1.00000
-630439.58889,-887218.95497,149.42500,542114250.85223,9.72000,93671.00000,1.99000,0.00000,0.00000,1.00000
-633479.26187,-886256.41298,219.20000,542114250.89860,9.89000,147670.00000,1.71000,0.00000,0.00000,1.00000
-635068.80211,-885911.38965,203.64100,542114250.94497,10.62000,289804.00000,1.51000,0.00000,0.00000,1.00000
-637564.58262,-885180.36685,205.60900,542114250.99134,11.10000,510531.00000,1.79000,0.00000,0.00000,1.00000
-636079.37682,-886144.88169,197.46900,542114251.03771,11.48000,1423886.00000,1.97000,0.00000,0.00000,1.00000
-636485.91221,-886303.70110,196.04700,542114251.08408,11.52000,1453486.00000,2.43000,0.00000,0.00000,1.00000
-630159.67751,-889329.46502,130.83500,542114251.13045,11.52000,348852.00000,2.83000,0.00000,0.00000,1.00000
-637547.55020,-886515.48032,195.53700,542114251.17682,12.27000,729768.00000,4.87000,0.00000,0.00000,1.00000
-637928.54956,-886685.19019,197.07100,542114251.22319,13.21000,976864.00000,8.16000,0.00000,0.00000,1.00000
-637395.90370,-887243.97773,190.94800,542114251.26955,13.82000,1285086.00000,6.33000,0.00000,0.00000,1.00000
-636719.50323,-887863.97941,182.23200,542114251.31592,14.06000,122719.00000,6.19000,0.00000,0.00000,1.00000
-637517.00516,-887856.33155,187.62200,542114251.36229,14.42000,610645.00000,7.79000,0.00000,0.00000,1.00000
-636987.69732,-888413.69002,182.19900,542114251.40866,14.64000,924986.00000,6.69000,0.00000,0.00000,1.00000
-636842.64720,-888807.40896,181.16200,542114251.45503,14.33000,525670.00000,6.34000,0.00000,0.00000,1.00000
-637136.96134,-889014.04296,183.04200,542114251.50140,14.36000,288040.00000,10.52000,0.00000,0.00000,1.00000
-636717.13688,-889524.75663,178.62100,542114251.54777,14.16000,279466.00000,8.76000,0.00000,0.00000,1.00000
-636594.92256,-889908.73582,175.72800,542114251.59414,14.35000,461653.00000,8.80000,0.00000,0.00000,1.00000
-636196.58314,-890410.28449,171.30500,542114251.64051,15.19000,232785.00000,9.53000,0.00000,0.00000,1.00000
-635888.92128,-890873.20915,168.08700,542114251.68688,15.99000,295877.00000,12.40000,0.00000,0.00000,1.00000
-636052.23588,-891135.63567,167.09400,542114251.73325,15.88000,510538.00000,15.45000,0.00000,0.00000,1.00000
-635663.25695,-891633.15690,164.82500,542114251.77962,14.78000,195173.00000,7.21000,0.00000,0.00000,1.00000
-632316.02216,-893389.88429,182.11800,542114251.82599,14.23000,168847.00000,4.91000,0.00000,0.00000,1.00000
-632271.01945,-893740.94464,183.22100,542114251.87236,13.12000,364863.00000,5.11000,0.00000,0.00000,1.00000
-632506.17518,-893972.74964,183.60200,542114251.91873,11.88000,613968.00000,4.97000,0.00000,0.00000,1.00000
-633246.57843,-893989.52408,184.82300,542114251.96510,12.73000,294557.00000,5.87000,0.00000,0.00000,1.00000
-633158.56906,-894358.88913,186.81500,542114252.01147,14.58000,153887.00000,11.15000,0.00000,0.00000,1.00000
-633744.44013,-894441.43730,185.75400,542114252.05784,15.23000,55428.00000,11.14000,0.00000,0.00000,1.00000
-634372.65107,-894505.98041,184.20500,542114252.10421,14.54000,278746.00000,9.97000,0.00000,0.00000,1.00000
-634121.36834,-894944.83584,180.36700,542114252.15058,13.10000,491488.00000,8.57000,0.00000,0.00000,1.00000
-633646.99964,-895478.61594,176.45400,542114252.19695,11.53000,335588.00000,5.59000,0.00000,0.00000,1.00000
-632921.32566,-896119.32962,173.42800,542114252.24332,10.85000,637978.00000,3.48000,0.00000,0.00000,1.00000
-637245.14260,-894611.12392,153.24800,542114252.28969,11.87000,1686439.00000,2.95000,0.00000,0.00000,1.00000
-632694.81547,-896879.49693,163.64600,542114252.33605,12.45000,1963898.00000,3.06000,0.00000,0.00000,1.00000
-632856.72264,-897142.48352,165.44800,542114252.38242,12.94000,1048171.00000,5.18000,0.00000,0.00000,1.00000
-633269.25176,-897298.82617,164.73400,542114252.42879,13.18000,700155.00000,5.60000,0.00000,0.00000,1.00000
-633609.21762,-897486.06132,162.86500,542114252.47516,13.36000,385226.00000,6.28000,0.00000,0.00000,1.00000
-633626.65706,-897810.54342,163.92900,542114252.52153,13.48000,472415.00000,6.87000,0.00000,0.00000,1.00000
-633838.95955,-898052.10972,164.30800,542114252.56790,13.59000,383429.00000,7.12000,0.00000,0.00000,1.00000
-633716.63077,-898436.05091,167.16500,542114252.61427,13.25000,400801.00000,6.38000,0.00000,0.00000,1.00000
-633629.23096,-898805.11262,169.96800,542114252.66064,12.80000,598314.00000,6.52000,0.00000,0.00000,1.00000
-633120.52483,-899353.42088,175.38800,542114252.70701,12.32000,668333.00000,4.74000,0.00000,0.00000,1.00000
-632990.79714,-899740.48656,180.53100,542114252.75337,11.98000,229078.00000,5.76000,0.00000,0.00000,1.00000
-634448.21461,-899452.33168,176.89500,542114252.79974,11.64000,1436777.00000,6.15000,0.00000,0.00000,1.00000
-635220.25010,-899455.77430,175.28400,542114252.84611,11.46000,2937740.00000,3.07000,0.00000,0.00000,1.00000
-635695.28721,-899585.57769,191.68500,542114252.89248,11.90000,1495160.00000,2.84000,0.00000,0.00000,1.00000
-635875.98949,-899840.59013,195.06600,542114252.93885,11.92000,286363.00000,4.57000,0.00000,0.00000,1.00000
-636591.57455,-899868.05948,195.36800,542114252.98521,11.89000,91778.00000,7.97000,0.00000,0.00000,1.00000
-637292.37321,-899901.82146,197.31400,542114253.03158,11.24000,91631.00000,9.23000,0.00000,0.00000,1.00000
-637685.41790,-900066.51706,199.70000,542114253.07795,10.54000,181160.00000,7.61000,0.00000,0.00000,1.00000
-637422.63291,-900510.21777,198.48900,542114253.12431,10.49000,216210.00000,7.29000,0.00000,0.00000,1.00000
-637954.78184,-900615.74909,198.53900,542114253.17068,11.05000,78732.00000,7.45000,0.00000,0.00000,1.00000
-638286.00943,-900806.75395,199.53300,542114253.21705,10.72000,160826.00000,6.36000,0.00000,0.00000,1.00000
-638377.33919,-901099.80996,200.89800,542114253.26341,9.33000,715216.00000,4.10000,0.00000,0.00000,1.00000
-639031.10837,-901153.62363,205.91900,542114253.30978,8.35000,520868.00000,2.09000,0.00000,0.00000,1.00000
-614151.22556,-886568.04735,133.94500,542286902.54300,12.99000,1365961.00000,6.12000,0.00000,0.00000,1.00000
-613976.07284,-886969.13759,133.42600,542286902.58933,13.07000,4035549.00000,5.44000,0.00000,0.00000,1.00000
-615224.24915,-886789.21979,141.60700,542286902.63567,13.28000,1254131.00000,7.02000,0.00000,0.00000,1.00000
-615344.29698,-887069.80567,142.65800,542286902.68201,13.32000,1172683.00000,6.10000,0.00000,0.00000,1.00000
-615512.98143,-887330.54416,145.04700,542286902.72834,13.02000,2615157.00000,5.87000,0.00000,0.00000,1.00000
-615564.79621,-887638.99230,147.98100,542286902.77468,13.00000,591464.00000,5.11000,0.00000,0.00000,1.00000
-615695.64820,-887915.17963,150.38200,542286902.82101,12.95000,256721.00000,4.83000,0.00000,0.00000,1.00000
-615738.67273,-888227.20649,152.51300,542286902.86735,13.02000,350701.00000,5.97000,0.00000,0.00000,1.00000
-615660.78553,-888588.60487,154.09700,542286902.91368,13.08000,296581.00000,6.35000,0.00000,0.00000,1.00000
-615625.45004,-888932.62182,155.44000,542286902.96002,13.06000,116937.00000,6.88000,0.00000,0.00000,1.00000
-615576.59976,-889282.14488,155.70400,542286903.00635,13.18000,208452.00000,6.98000,0.00000,0.00000,1.00000
-615450.05644,-889663.37101,155.76800,542286903.05269,13.21000,304874.00000,7.18000,0.00000,0.00000,1.00000
-615355.26942,-890031.65435,155.46600,542286903.09902,13.22000,289914.00000,6.08000,0.00000,0.00000,1.00000
-615265.20153,-890397.99509,155.30100,542286903.14535,13.40000,186357.00000,7.57000,0.00000,0.00000,1.00000
-615161.61599,-890769.84529,155.79800,542286903.19169,13.37000,422797.00000,5.76000,0.00000,0.00000,1.00000
-615022.21758,-891156.30150,155.41600,542286903.23802,13.90000,1403388.00000,5.85000,0.00000,0.00000,1.00000
-615008.47419,-891491.48445,153.96800,542286903.28436,14.14000,868973.00000,6.74000,0.00000,0.00000,1.00000
-615169.02587,-891755.54689,153.23300,542286903.33069,14.10000,756715.00000,8.40000,0.00000,0.00000,1.00000
-615320.11596,-892023.46480,151.57000,542286903.37702,13.77000,778407.00000,8.46000,0.00000,0.00000,1.00000
-615607.00852,-892235.99058,150.63900,542286903.42336,13.59000,295451.00000,6.32000,0.00000,0.00000,1.00000
-616039.82093,-892388.95748,149.36200,542286903.46969,13.52000,394454.00000,8.19000,0.00000,0.00000,1.00000
-616610.45834,-892485.70440,151.56700,542286903.51602,13.01000,1180717.00000,6.29000,0.00000,0.00000,1.00000
-616730.46206,-892766.30957,154.59000,542286903.56236,11.62000,3915180.00000,2.64000,0.00000,0.00000,1.00000
-616045.15283,-893375.50216,154.12500,542286903.60869,9.99000,4643358.00000,2.07000,0.00000,0.00000,1.00000
-615901.67370,-893763.62176,157.79000,542286903.65502,8.88000,1806662.00000,1.96000,0.00000,0.00000,1.00000
-615157.56963,-894396.76256,158.80400,542286903.70136,8.17000,2709455.00000,1.67000,0.00000,0.00000,1.00000
-616399.75340,-894219.54505,164.25500,542286903.74769,7.63000,7104971.00000,1.55000,0.00000,0.00000,1.00000
-616360.31273,-894565.21437,161.63400,542286903.79402,7.59000,1407725.00000,1.97000,0.00000,0.00000,1.00000
-616481.66188,-894845.28477,158.88900,542286903.84036,7.92000,3413697.00000,2.21000,0.00000,0.00000,1.00000
-617107.02119,-894919.73569,161.24100,542286903.88669,8.52000,1401111.00000,3.76000,0.00000,0.00000,1.00000
-616749.35662,-895395.23144,158.96100,542286903.93302,10.23000,1642557.00000,5.18000,0.00000,0.00000,1.00000
-616492.34608,-895829.64894,157.15000,542286903.97935,10.82000,244467.00000,7.63000,0.00000,0.00000,1.00000
-616885.28922,-895998.92157,157.99600,542286904.02569,9.44000,443088.00000,5.22000,0.00000,0.00000,1.00000
-617327.56116,-896148.08738,158.77000,542286904.07202,8.71000,1137231.00000,2.69000,0.00000,0.00000,1.00000
-617614.43627,-896360.64596,157.94300,542286904.11835,8.49000,897723.00000,2.21000,0.00000,0.00000,1.00000
-618922.18246,-896156.77725,173.05500,542286904.16469,8.52000,2086237.00000,1.66000,0.00000,0.00000,1.00000
-618472.63429,-896669.75352,162.21300,542286904.21102,8.92000,4563289.00000,1.69000,0.00000,0.00000,1.00000
-618707.47978,-896903.54128,164.05800,542286904.25735,9.49000,1186942.00000,1.87000,0.00000,0.00000,1.00000
-618596.39576,-897278.44325,162.29200,542286904.30368,9.90000,2272278.00000,3.11000,0.00000,0.00000,1.00000
-618290.03879,-897732.98804,162.33100,542286904.35002,9.88000,439707.00000,3.18000,0.00000,0.00000,1.00000
-617993.80444,-898183.38779,163.72000,542286904.39635,9.80000,1349412.00000,2.29000,0.00000,0.00000,1.00000
-617852.30221,-898570.68742,165.91200,542286904.44268,9.93000,1210453.00000,2.40000,0.00000,0.00000,1.00000
-617689.16615,-898966.79129,167.86200,542286904.48902,10.09000,604871.00000,2.00000,0.00000,0.00000,1.00000
-617607.11131,-899329.83325,167.36700,542286904.53535,10.39000,756190.00000,1.86000,0.00000,0.00000,1.00000
-617581.80195,-899669.72028,165.94700,542286904.58168,10.58000,502648.00000,2.39000,0.00000,0.00000,1.00000
-617601.09342,-899991.43097,165.31000,542286904.62802,10.78000,615191.00000,2.60000,0.00000,0.00000,1.00000
-620861.79740,-898991.23805,133.29200,542286904.67435,10.99000,1859379.00000,2.10000,0.00000,0.00000,1.00000
-620729.04986,-899374.98563,135.57400,542286904.72068,11.25000,626528.00000,2.53000,0.00000,0.00000,1.00000
-617364.97921,-901076.42424,150.39100,542286904.76701,11.74000,8036650.00000,2.25000,0.00000,0.00000,1.00000
-617400.46868,-901391.52220,149.06200,542286904.81335,12.41000,1253822.00000,4.88000,0.00000,0.00000,1.00000
-617862.33490,-901532.76436,146.55700,542286904.85968,12.98000,225440.00000,6.09000,0.00000,0.00000,1.00000
-618701.26675,-901520.25586,144.34000,542286904.90601,12.88000,121766.00000,6.91000,0.00000,0.00000,1.00000
-618771.22109,-901821.31748,142.84100,542286904.95235,12.70000,160707.00000,7.00000,0.00000,0.00000,1.00000
-618074.86697,-902434.81001,141.83300,542286904.99868,12.67000,261655.00000,9.05000,0.00000,0.00000,1.00000
-617114.95653,-903155.73086,144.56400,542286905.04501,12.62000,390425.00000,4.67000,0.00000,0.00000,1.00000
-618604.65406,-902877.96037,133.12500,542286905.09135,12.90000,1648837.00000,4.31000,0.00000,0.00000,1.00000
-618301.56208,-903331.09558,133.27600,542286905.13768,13.37000,611930.00000,5.60000,0.00000,0.00000,1.00000
-618226.88133,-903691.11449,133.36200,542286905.18401,13.48000,270487.00000,9.06000,0.00000,0.00000,1.00000
-617790.66046,-904198.51951,135.66700,542286905.23035,13.40000,257507.00000,14.13000,0.00000,0.00000,1.00000
-618726.26442,-904146.67598,133.28100,542286905.27668,12.93000,225171.00000,10.76000,0.00000,0.00000,1.00000
-619040.14617,-904348.28112,131.09000,542286905.32301,13.10000,144293.00000,12.63000,0.00000,0.00000,1.00000
-619346.60607,-904552.93022,130.66400,542286905.36934,12.98000,140209.00000,10.10000,0.00000,0.00000,1.00000
-618938.73920,-905048.76758,130.86300,542286905.41568,12.99000,294910.00000,7.48000,0.00000,0.00000,1.00000
-618670.07920,-905487.84905,130.15500,542286905.46201,13.17000,718421.00000,11.41000,0.00000,0.00000,1.00000
-618963.69522,-905697.73822,131.43500,542286905.50834,12.83000,334652.00000,10.09000,0.00000,0.00000,1.00000
-619114.04783,-905966.03160,135.52100,542286905.55468,12.13000,609834.00000,4.92000,0.00000,0.00000,1.00000
-618685.22904,-906470.38343,142.61700,542286905.60101,12.06000,333289.00000,4.21000,0.00000,0.00000,1.00000
-618920.03861,-906704.23299,144.66200,542286905.64734,11.96000,436133.00000,5.47000,0.00000,0.00000,1.00000
-619230.55735,-906907.25264,148.51900,542286905.69368,11.85000,1677636.00000,3.10000,0.00000,0.00000,1.00000
-618736.17530,-907438.29422,157.25400,542286905.74001,12.31000,836010.00000,3.95000,0.00000,0.00000,1.00000
-619807.63424,-907331.17203,156.24400,542286905.78634,13.22000,661647.00000,6.12000,0.00000,0.00000,1.00000
-620531.05340,-907365.90378,155.74800,542286905.83267,13.63000,459940.00000,5.25000,0.00000,0.00000,1.00000
-620879.39740,-907553.50287,154.98200,542286905.87900,13.76000,622424.00000,5.05000,0.00000,0.00000,1.00000
-620932.41274,-907861.48306,152.01000,542286905.92533,13.73000,558839.00000,5.11000,0.00000,0.00000,1.00000
-621427.41129,-907989.32244,149.99900,542286905.97167,13.36000,326291.00000,7.22000,0.00000,0.00000,1.00000
-621916.33632,-908119.64675,149.42400,542286906.01800,12.98000,487750.00000,4.96000,0.00000,0.00000,1.00000
-621863.24101,-908470.87348,147.46100,542286906.06433,12.98000,400975.00000,4.00000,0.00000,0.00000,1.00000
-621785.12851,-908832.28230,144.74000,542286906.11066,12.98000,480141.00000,5.77000,0.00000,0.00000,1.00000
-622415.31192,-908905.05666,145.43300,542286906.15700,13.29000,282677.00000,6.85000,0.00000,0.00000,1.00000
-622391.94470,-909244.16819,148.27200,542286906.20333,13.49000,529042.00000,5.60000,0.00000,0.00000,1.00000
-622267.87246,-909624.31650,148.92200,542286906.24966,13.20000,544331.00000,6.23000,0.00000,0.00000,1.00000
-621794.37113,-910146.84857,146.94400,542286906.29599,12.52000,574818.00000,6.28000,0.00000,0.00000,1.00000
-621939.27384,-910417.37490,144.29600,542286906.34232,11.09000,163974.00000,6.95000,0.00000,0.00000,1.00000
-622261.26863,-910615.76545,141.84800,542286906.38865,9.85000,872490.00000,6.52000,0.00000,0.00000,1.00000
-622214.89395,-910964.23338,139.70700,542286906.43499,8.76000,1267794.00000,5.31000,0.00000,0.00000,1.00000
-622359.80523,-911234.78084,137.15700,542286906.48132,7.63000,422387.00000,5.13000,0.00000,0.00000,1.00000
-622663.54579,-911440.60210,137.13400,542286906.52765,6.86000,1069944.00000,3.78000,0.00000,0.00000,1.00000
-623113.95835,-911586.67157,134.64200,542286906.57398,8.88000,3600053.00000,3.57000,0.00000,0.00000,1.00000
-623662.38002,-911692.81599,137.90400,542286906.62031,11.38000,722236.00000,6.18000,0.00000,0.00000,1.00000
-623691.02662,-912010.72840,140.13600,542286906.66664,12.60000,292772.00000,8.57000,0.00000,0.00000,1.00000
-623807.54293,-912292.84590,140.79400,542286906.71298,12.98000,616451.00000,10.06000,0.00000,0.00000,1.00000
-623829.43069,-912613.52698,140.53200,542286906.75931,11.91000,332435.00000,8.04000,0.00000,0.00000,1.00000
-623654.61618,-913014.32832,139.10800,542286906.80564,10.93000,1310496.00000,7.06000,0.00000,0.00000,1.00000
-623729.89512,-913313.25056,137.28100,542286906.85197,12.05000,930337.00000,7.44000,0.00000,0.00000,1.00000
-624285.08428,-913416.66587,136.93500,542286906.89830,13.91000,514629.00000,11.15000,0.00000,0.00000,1.00000
-624969.37684,-913467.49734,138.80000,542286906.94464,14.16000,391235.00000,9.01000,0.00000,0.00000,1.00000
-624888.51895,-913830.04244,137.97500,542286906.99097,13.00000,4211004.00000,6.05000,0.00000,0.00000,1.00000
-625480.19787,-913918.60186,145.46100,542286907.03730,12.17000,742927.00000,5.01000,0.00000,0.00000,1.00000
-625697.41879,-914159.71170,146.41500,542286907.08363,11.11000,1446509.00000,4.56000,0.00000,0.00000,1.00000
-625839.61129,-914431.38589,145.68500,542286907.12996,9.51000,906854.00000,4.43000,0.00000,0.00000,1.00000
-604345.88265,-902144.35462,135.54800,542459556.92074,13.54000,159735.00000,13.68000,0.00000,0.00000,1.00000
-604176.18790,-902537.97551,134.26700,542459556.96704,13.62000,786343.00000,9.73000,0.00000,0.00000,1.00000
-603857.02865,-902989.94476,134.83100,542459557.01334,12.71000,777806.00000,6.39000,0.00000,0.00000,1.00000
-603207.67171,-903570.75389,137.50800,542459557.05964,11.24000,1818367.00000,4.34000,0.00000,0.00000,1.00000
-603199.65313,-903901.26957,141.74200,542459557.10594,10.35000,1401837.00000,3.48000,0.00000,0.00000,1.00000
-603017.03223,-904299.91692,142.70100,542459557.15224,9.76000,1979038.00000,3.23000,0.00000,0.00000,1.00000
-603432.94794,-904464.98922,143.80100,542459557.19854,9.46000,3086082.00000,2.36000,0.00000,0.00000,1.00000
-604242.91478,-904476.29689,146.32000,542459557.24484,9.51000,3107282.00000,1.99000,0.00000,0.00000,1.00000
-604295.35914,-904783.21535,145.76100,542459557.29114,10.51000,2705135.00000,2.88000,0.00000,0.00000,1.00000
-605520.42386,-904632.53761,153.50500,542459557.33744,11.07000,781590.00000,4.32000,0.00000,0.00000,1.00000
-606682.32350,-904506.52281,158.42200,542459557.38374,10.95000,1328630.00000,4.71000,0.00000,0.00000,1.00000
-607090.07885,-904674.79745,162.92700,542459557.43004,10.54000,3639542.00000,3.47000,0.00000,0.00000,1.00000
-607005.96631,-905035.03981,163.35100,542459557.47634,10.55000,1691800.00000,2.71000,0.00000,0.00000,1.00000
-606565.56049,-906516.51539,157.33500,542459557.66154,11.11000,1321449.00000,2.09000,0.00000,0.00000,1.00000
-606470.56633,-906880.98376,155.06700,542459557.70784,10.80000,588323.00000,3.35000,0.00000,0.00000,1.00000
-606280.44518,-907282.55753,151.95900,542459557.75414,11.37000,3417891.00000,3.81000,0.00000,0.00000,1.00000
-605844.36147,-907780.08975,148.43800,542459557.80043,12.15000,437582.00000,4.03000,0.00000,0.00000,1.00000
-605212.57910,-908353.94976,145.15100,542459557.84673,12.47000,1204172.00000,4.66000,0.00000,0.00000,1.00000
-604618.15836,-908913.22952,142.93300,542459557.89303,12.66000,1766732.00000,4.27000,0.00000,0.00000,1.00000
-607008.61661,-908308.04832,135.33900,542459557.93933,13.23000,851688.00000,5.44000,0.00000,0.00000,1.00000
-606847.67855,-908698.23333,134.88000,542459557.98563,13.60000,1219879.00000,8.87000,0.00000,0.00000,1.00000
-605800.69252,-909434.05671,135.85300,542459558.03193,13.73000,380905.00000,8.01000,0.00000,0.00000,1.00000
-606889.31092,-909336.79310,136.60400,542459558.07823,13.78000,168193.00000,15.09000,0.00000,0.00000,1.00000
-607269.91061,-909515.71725,136.83200,542459558.12453,13.81000,255056.00000,13.97000,0.00000,0.00000,1.00000
-606927.54459,-909976.67016,133.39500,542459558.17083,13.08000,186167.00000,8.54000,0.00000,0.00000,1.00000
-605024.35033,-911046.40133,128.10400,542459558.21712,12.76000,287102.00000,6.67000,0.00000,0.00000,1.00000
-606919.57521,-910634.56465,121.82200,542459558.26342,13.90000,627474.00000,8.23000,0.00000,0.00000,1.00000
-608241.98232,-910446.14758,126.40200,542459558.30972,13.45000,868131.00000,9.66000,0.00000,0.00000,1.00000
-608568.21703,-910646.29778,129.48200,542459558.35602,12.76000,1614807.00000,5.12000,0.00000,0.00000,1.00000
-608543.82539,-910983.22735,132.07200,542459558.40232,12.45000,976179.00000,2.88000,0.00000,0.00000,1.00000
-605454.17414,-912843.02208,136.65200,542459558.49492,12.08000,296303.00000,8.46000,0.00000,0.00000,1.00000
-606464.67684,-912776.32384,135.81000,542459558.54122,11.52000,126348.00000,8.66000,0.00000,0.00000,1.00000
-607166.00502,-912830.20633,137.34100,542459558.58752,10.55000,248188.00000,6.30000,0.00000,0.00000,1.00000
-607477.27857,-913036.19901,139.75900,542459558.63382,9.84000,611844.00000,4.39000,0.00000,0.00000,1.00000
-607751.18852,-913256.78018,140.58700,542459558.68011,9.98000,653289.00000,4.80000,0.00000,0.00000,1.00000
-608120.24202,-913440.26260,138.07500,542459558.72641,10.67000,1058479.00000,4.01000,0.00000,0.00000,1.00000
-608414.54134,-913652.88920,135.63000,542459558.77271,11.37000,1373537.00000,5.69000,0.00000,0.00000,1.00000
-608541.67530,-913930.72995,136.53400,542459558.81901,10.88000,1154326.00000,5.28000,0.00000,0.00000,1.00000
-608282.80033,-914359.06539,140.72400,542459558.86531,10.46000,2001482.00000,3.85000,0.00000,0.00000,1.00000
-608269.24775,-914691.74923,145.06600,542459558.91161,11.36000,354416.00000,4.39000,0.00000,0.00000,1.00000
-608098.03510,-915085.89654,147.58100,542459558.95791,12.12000,375489.00000,5.30000,0.00000,0.00000,1.00000
-607945.85326,-915472.62608,148.00200,542459559.00420,12.04000,1325438.00000,4.90000,0.00000,0.00000,1.00000
-610738.53601,-902834.80361,530.65700,542632210.06382,10.97000,1974241.00000,4.14000,0.00000,0.00000,1.00000
-637564.22014,-884935.64515,207.91800,543876178.82050,9.47000,3621947.00000,2.21000,0.00000,0.00000,0.00000
-637243.50218,-882096.13820,219.24500,543876179.14388,9.89000,1469403.00000,4.80000,0.00000,0.00000,0.00000
-635498.74452,-881307.64847,208.89200,543876179.42106,12.39000,471177.00000,10.21000,0.00000,0.00000,0.00000
-635483.72452,-880867.59285,206.37900,543876179.46726,11.89000,459643.00000,7.05000,0.00000,0.00000,0.00000
-634156.06919,-881439.71829,198.71300,543876179.55965,11.82000,2843690.00000,3.90000,0.00000,0.00000,0.00000
-637046.46277,-904908.78359,194.79600,544048829.55873,9.17000,1289290.00000,6.57000,0.00000,0.00000,0.00000
-636932.39906,-904583.08936,194.93400,544048829.60493,7.77000,704097.00000,5.74000,0.00000,0.00000,0.00000
-636721.67629,-904362.41748,194.87500,544048829.65112,5.14000,637050.00000,2.76000,0.00000,0.00000,0.00000
-638115.23342,-902398.72484,197.84100,544048829.69732,3.77000,2575157.00000,1.63000,0.00000,0.00000,0.00000
-637758.04600,-902337.19937,198.19700,544048829.74352,3.43000,2002291.00000,1.81000,0.00000,0.00000,0.00000
-637896.99145,-901736.64661,196.26700,544048829.78972,3.15000,598332.00000,2.19000,0.00000,0.00000,0.00000
-637948.14762,-901231.47728,198.94400,544048829.83591,3.51000,421932.00000,3.20000,0.00000,0.00000,0.00000
-637470.65123,-901300.69985,196.98400,544048829.88211,5.46000,969074.00000,7.07000,0.00000,0.00000,0.00000
-637068.11025,-901288.47022,195.76300,544048829.92831,7.62000,330757.00000,15.56000,0.00000,0.00000,0.00000
-636865.29850,-901059.23701,196.45400,544048829.97450,7.90000,46632.00000,14.69000,0.00000,0.00000,0.00000
-636623.53172,-900872.33318,197.11400,544048830.02070,7.50000,123489.00000,7.38000,0.00000,0.00000,0.00000
-636261.43098,-900816.16142,197.94300,544048830.06690,7.29000,1210306.00000,3.77000,0.00000,0.00000,0.00000
-635883.55008,-900777.12386,196.20100,544048830.11310,7.80000,199147.00000,3.96000,0.00000,0.00000,0.00000
-635661.02530,-900569.31646,194.49900,544048830.15929,8.43000,284236.00000,4.23000,0.00000,0.00000,0.00000
-635595.82789,-900190.60371,194.27000,544048830.20549,8.74000,197920.00000,3.90000,0.00000,0.00000,0.00000
-635373.78865,-899982.24941,195.11000,544048830.25169,9.13000,1243528.00000,2.62000,0.00000,0.00000,0.00000
-633454.14069,-901617.97617,175.46700,544048830.29789,10.00000,4768032.00000,1.73000,0.00000,0.00000,0.00000
-633361.32921,-901269.24078,175.22000,544048830.34408,10.67000,1535199.00000,2.55000,0.00000,0.00000,0.00000
-632646.06500,-901596.63121,173.39900,544048830.39028,11.13000,2296919.00000,2.43000,0.00000,0.00000,0.00000
-632244.99056,-901582.74417,172.25000,544048830.43648,11.24000,3085897.00000,2.32000,0.00000,0.00000,0.00000
-632945.80499,-900371.97675,183.21100,544048830.48268,11.05000,244416.00000,4.19000,0.00000,0.00000,0.00000
-632366.19430,-900552.01247,184.57000,544048830.52888,11.11000,280514.00000,3.95000,0.00000,0.00000,0.00000
-631910.37728,-900597.56323,186.83900,544048830.57508,11.14000,279713.00000,3.34000,0.00000,0.00000,0.00000
-631676.02755,-900402.57971,188.96000,544048830.62128,10.77000,554710.00000,2.72000,0.00000,0.00000,0.00000
-631433.29530,-900216.69271,193.84300,544048830.66748,10.38000,970168.00000,1.74000,0.00000,0.00000,0.00000
-631235.44911,-899982.05600,197.00100,544048830.71368,9.83000,1206943.00000,1.94000,0.00000,0.00000,0.00000
-631055.35516,-899728.13686,198.89200,544048830.75987,9.25000,409237.00000,2.01000,0.00000,0.00000,0.00000
-634988.28325,-895006.92219,174.00200,544048830.80607,8.95000,518476.00000,2.88000,0.00000,0.00000,0.00000
-634104.88173,-895517.00536,171.96400,544048830.85227,8.98000,434494.00000,3.65000,0.00000,0.00000,0.00000
-633124.30667,-896132.59855,171.36600,544048830.89847,9.68000,279813.00000,5.51000,0.00000,0.00000,0.00000
-632218.19430,-896667.27164,172.83100,544048830.94467,10.58000,247223.00000,11.20000,0.00000,0.00000,0.00000
-632722.71620,-895669.85638,180.06900,544048830.99087,9.79000,214750.00000,7.12000,0.00000,0.00000,0.00000
-632520.93500,-895439.54434,183.79300,544048831.03707,9.01000,139014.00000,5.48000,0.00000,0.00000,0.00000
-632387.23085,-895135.31773,186.89000,544048831.08327,8.57000,366384.00000,3.86000,0.00000,0.00000,0.00000
-632221.46999,-894865.90641,188.43700,544048831.12947,9.11000,154800.00000,2.82000,0.00000,0.00000,0.00000
-629383.76623,-897498.17682,126.34000,544048831.17567,9.57000,1065530.00000,2.99000,0.00000,0.00000,0.00000
-628214.65778,-898318.24546,146.53000,544048831.22187,10.00000,392532.00000,5.10000,0.00000,0.00000,0.00000
-628269.40818,-897809.34922,145.32700,544048831.26807,10.64000,1011297.00000,4.45000,0.00000,0.00000,0.00000
-628282.72774,-897345.44079,148.65200,544048831.31427,10.63000,2249425.00000,3.32000,0.00000,0.00000,0.00000
-628073.07374,-897123.64653,152.09900,544048831.36047,10.71000,869934.00000,3.53000,0.00000,0.00000,0.00000
-628019.29917,-896732.58931,152.48000,544048831.40667,10.89000,854444.00000,5.29000,0.00000,0.00000,0.00000
-628543.66918,-895713.78653,139.47600,544048831.45287,11.34000,850404.00000,4.91000,0.00000,0.00000,0.00000
-628381.37500,-895440.58320,139.05000,544048831.49907,11.60000,1418281.00000,6.07000,0.00000,0.00000,0.00000
-628305.90386,-895073.10375,137.36200,544048831.54527,11.75000,608259.00000,11.38000,0.00000,0.00000,0.00000
-628409.99684,-894510.65523,137.87700,544048831.59147,11.99000,254737.00000,7.41000,0.00000,0.00000,0.00000
-628189.01183,-894301.19763,137.39700,544048831.63767,12.37000,380983.00000,4.66000,0.00000,0.00000,0.00000
-625658.75192,-896599.02856,122.40300,544048831.68387,13.26000,1827007.00000,4.41000,0.00000,0.00000,0.00000
-625886.21485,-895902.66147,121.43600,544048831.73007,13.66000,808579.00000,4.53000,0.00000,0.00000,0.00000
-625511.79122,-895859.75230,122.26600,544048831.77627,13.47000,294414.00000,7.26000,0.00000,0.00000,0.00000
-625089.02244,-895869.32251,123.82000,544048831.82248,13.19000,259935.00000,9.09000,0.00000,0.00000,0.00000
-624728.91004,-895810.87060,124.57500,544048831.86868,12.55000,434523.00000,8.72000,0.00000,0.00000,0.00000
-624633.73448,-895464.80510,124.45200,544048831.91488,11.83000,802583.00000,3.42000,0.00000,0.00000,0.00000
-626918.89408,-892534.49278,150.63600,544048831.96108,11.34000,548397.00000,3.18000,0.00000,0.00000,0.00000
-626591.86820,-892440.17637,147.31900,544048832.00728,11.27000,324794.00000,3.55000,0.00000,0.00000,0.00000
-626280.62635,-892328.71497,143.75100,544048832.05349,11.41000,379550.00000,4.75000,0.00000,0.00000,0.00000
-625737.52575,-892468.97374,139.50900,544048832.09969,11.55000,191703.00000,5.70000,0.00000,0.00000,0.00000
-625106.60382,-892704.55504,136.32600,544048832.14589,11.51000,254371.00000,5.74000,0.00000,0.00000,0.00000
-624454.45834,-892963.15780,134.49300,544048832.19209,11.91000,1517830.00000,5.31000,0.00000,0.00000,0.00000
-623939.45787,-893072.86676,132.88400,544048832.23829,12.58000,510967.00000,6.93000,0.00000,0.00000,0.00000
-624853.68495,-891631.07265,130.94700,544048832.28450,12.90000,173067.00000,10.49000,0.00000,0.00000,0.00000
-624886.30453,-891146.31764,134.09800,544048832.33070,12.86000,299610.00000,7.37000,0.00000,0.00000,0.00000
-624129.09468,-891518.98332,134.54500,544048832.37690,13.02000,2646981.00000,7.37000,0.00000,0.00000,0.00000
-623240.14461,-892034.60388,138.08900,544048832.42310,12.74000,438036.00000,6.43000,0.00000,0.00000,0.00000
-622261.40223,-892647.66259,144.34500,544048832.46930,11.97000,642056.00000,4.75000,0.00000,0.00000,0.00000
-624396.20482,-889881.06099,134.21900,544048832.51551,11.68000,1086357.00000,4.26000,0.00000,0.00000,0.00000
-624154.04342,-889694.61605,139.26500,544048832.56171,11.89000,623617.00000,4.54000,0.00000,0.00000,0.00000
-620092.36223,-893653.90886,172.79400,544048832.60791,11.59000,955716.00000,4.28000,0.00000,0.00000,0.00000
-622564.64147,-890521.25575,143.04500,544048832.65411,11.40000,678592.00000,5.98000,0.00000,0.00000,0.00000
-622100.97478,-890575.22572,146.03000,544048832.70031,10.83000,420432.00000,4.46000,0.00000,0.00000,0.00000
-623774.94867,-888308.96759,170.95000,544048832.74652,10.82000,908754.00000,3.81000,0.00000,0.00000,0.00000
-622931.45318,-888775.26204,166.92000,544048832.79272,11.45000,295921.00000,5.14000,0.00000,0.00000,0.00000
-623447.07320,-887766.33349,168.80700,544048832.83892,11.94000,1898236.00000,5.42000,0.00000,0.00000,0.00000
-622797.94722,-888021.63671,165.37200,544048832.88512,11.29000,4912471.00000,3.13000,0.00000,0.00000,0.00000
-622506.47084,-887888.73677,171.57000,544048832.93132,10.59000,529576.00000,4.06000,0.00000,0.00000,0.00000
-621891.37926,-888107.07634,169.03300,544048832.97753,10.69000,424672.00000,2.91000,0.00000,0.00000,0.00000
-621174.15688,-888436.23927,165.56800,544048833.02373,11.01000,634730.00000,4.06000,0.00000,0.00000,0.00000
-620501.32606,-888717.20777,161.41100,544048833.06993,11.32000,629944.00000,3.04000,0.00000,0.00000,0.00000
-620169.40093,-888628.18010,158.82800,544048833.11613,11.79000,249747.00000,6.22000,0.00000,0.00000,0.00000
-620239.57941,-888102.78757,157.56500,544048833.16233,12.26000,289818.00000,6.81000,0.00000,0.00000,0.00000
-620102.05357,-887802.80855,157.90500,544048833.20854,12.33000,2755771.00000,4.21000,0.00000,0.00000,0.00000
-619857.46009,-887619.00392,157.47800,544048833.25474,12.13000,1665420.00000,4.79000,0.00000,0.00000,0.00000
-619678.50202,-887364.01107,157.35600,544048833.30094,12.25000,1150961.00000,5.21000,0.00000,0.00000,0.00000
-619433.91706,-887180.20638,158.01400,544048833.34714,12.25000,3780085.00000,3.89000,0.00000,0.00000,0.00000
-619165.65874,-887022.11383,157.59600,544048833.39334,12.36000,2270502.00000,5.22000,0.00000,0.00000,0.00000
-618814.01726,-886954.49338,156.89700,544048833.43955,12.23000,2043097.00000,4.10000,0.00000,0.00000,0.00000
-618288.19831,-887075.84689,155.66200,544048833.48575,12.40000,1412773.00000,5.35000,0.00000,0.00000,0.00000
-617713.53782,-887250.20768,154.71900,544048833.53195,12.53000,1434696.00000,5.21000,0.00000,0.00000,0.00000
-617364.85048,-887179.36219,152.37900,544048833.57815,12.52000,349586.00000,7.16000,0.00000,0.00000,0.00000
-617133.58815,-886981.08938,150.12700,544048833.62436,12.34000,198264.00000,6.12000,0.00000,0.00000,0.00000
-617731.25391,-885883.39945,146.23500,544048833.67056,12.15000,133716.00000,12.57000,0.00000,0.00000,0.00000
-618677.25389,-884407.73698,147.05000,544048833.71676,11.37000,341530.00000,8.10000,0.00000,0.00000,0.00000
-618540.74314,-884106.69206,148.21000,544048833.76297,11.01000,1572380.00000,3.84000,0.00000,0.00000,0.00000
-618355.87929,-883858.12048,151.87600,544048833.80917,10.87000,823853.00000,3.07000,0.00000,0.00000,0.00000
-625987.80617,-913954.49215,147.27100,544221482.55283,10.20000,6640787.00000,3.48000,0.00000,0.00000,0.00000
-625631.52553,-913887.53621,146.28700,544221482.59903,10.01000,2761419.00000,3.51000,0.00000,0.00000,0.00000
-625107.78106,-913997.03981,144.18300,544221482.64524,9.92000,884421.00000,4.54000,0.00000,0.00000,0.00000
-624680.80140,-914004.56222,142.41200,544221482.69145,9.93000,1089686.00000,5.10000,0.00000,0.00000,0.00000
-624128.47648,-914144.17702,138.95800,544221482.73765,10.33000,241008.00000,6.64000,0.00000,0.00000,0.00000
-624085.55099,-913746.96947,136.98700,544221482.78386,10.93000,224543.00000,10.85000,0.00000,0.00000,0.00000
-624531.48984,-912834.63521,138.01500,544221482.83007,11.04000,324604.00000,6.49000,0.00000,0.00000,0.00000
-624414.36973,-912515.63156,138.20200,544221482.87628,11.01000,471388.00000,4.49000,0.00000,0.00000,0.00000
-624010.45565,-912498.84337,140.49700,544221482.92249,10.90000,1703090.00000,5.09000,0.00000,0.00000,0.00000
-623655.17868,-912430.79839,140.98900,544221482.96869,10.84000,502873.00000,4.79000,0.00000,0.00000,0.00000
-623175.56177,-912493.77675,139.73100,544221483.01490,10.76000,185509.00000,6.42000,0.00000,0.00000,0.00000
-622557.04962,-912703.08787,139.42700,544221483.06111,10.75000,242331.00000,7.18000,0.00000,0.00000,0.00000
-622180.71682,-912657.22097,138.78700,544221483.10732,10.57000,635027.00000,5.27000,0.00000,0.00000,0.00000
-621798.86693,-912617.15779,137.64400,544221483.15353,10.40000,731812.00000,5.21000,0.00000,0.00000,0.00000
-622166.63301,-911787.28493,135.39500,544221483.19973,10.25000,360717.00000,5.49000,0.00000,0.00000,0.00000
-623152.61988,-910306.02368,139.82300,544221483.24594,10.12000,465837.00000,4.37000,0.00000,0.00000,0.00000
-623104.71876,-909914.13914,143.26300,544221483.29215,9.75000,1610638.00000,4.86000,0.00000,0.00000,0.00000
-622772.02231,-909822.31866,145.42000,544221483.33836,9.68000,349827.00000,4.98000,0.00000,0.00000,0.00000
-622359.60774,-909814.49369,147.52500,544221483.38457,9.92000,328858.00000,4.72000,0.00000,0.00000,0.00000
-621764.18591,-909999.47948,148.54200,544221483.43077,10.06000,1128906.00000,3.66000,0.00000,0.00000,0.00000
-621028.87058,-910331.83715,149.31700,544221483.47698,10.22000,5241889.00000,3.25000,0.00000,0.00000,0.00000
-620399.84125,-910552.17888,150.41100,544221483.52319,10.51000,7227014.00000,3.67000,0.00000,0.00000,0.00000
-619763.79761,-910779.91096,151.70700,544221483.56940,10.74000,2274079.00000,5.02000,0.00000,0.00000,0.00000
-619456.17970,-910661.64989,147.13600,544221483.61560,11.12000,1461586.00000,6.83000,0.00000,0.00000,0.00000
-619156.58495,-910534.91715,147.84600,544221483.66181,12.25000,1075454.00000,10.36000,0.00000,0.00000,0.00000
-618490.43943,-910794.31122,150.32200,544221483.70802,13.46000,586207.00000,13.37000,0.00000,0.00000,0.00000
-619395.29592,-909398.79299,148.48300,544221483.75423,13.91000,63324.00000,16.57000,0.00000,0.00000,0.00000
-619734.02919,-908599.64798,149.28500,544221483.80044,13.50000,1168171.00000,12.09000,0.00000,0.00000,0.00000
-619767.39384,-908122.19140,151.78700,544221483.84664,13.07000,2543599.00000,7.96000,0.00000,0.00000,0.00000
-619047.13397,-908438.65304,154.78700,544221483.89285,12.47000,445941.00000,8.96000,0.00000,0.00000,0.00000
-618200.49919,-908888.18326,157.48200,544221483.93906,11.71000,223015.00000,6.60000,0.00000,0.00000,0.00000
-617507.30114,-909176.06417,161.56900,544221483.98527,11.04000,255896.00000,4.79000,0.00000,0.00000,0.00000
-617054.29287,-909210.93504,165.99700,544221484.03147,10.79000,203673.00000,4.95000,0.00000,0.00000,0.00000
-616756.73797,-909082.07335,169.90400,544221484.07768,10.48000,223889.00000,3.98000,0.00000,0.00000,0.00000
-616440.12819,-908973.27112,173.98000,544221484.12389,10.24000,266953.00000,3.01000,0.00000,0.00000,0.00000
-616124.52354,-908863.41364,177.43800,544221484.17009,10.06000,417782.00000,2.68000,0.00000,0.00000,0.00000
-615912.21050,-908644.75082,179.14800,544221484.21630,10.04000,113618.00000,3.20000,0.00000,0.00000,0.00000
-615710.94043,-908414.48918,179.70000,544221484.26251,9.87000,120482.00000,3.17000,0.00000,0.00000,0.00000
-616763.25534,-906863.90766,133.14900,544221484.30871,9.73000,2980992.00000,1.81000,0.00000,0.00000,0.00000
-617868.29410,-905257.77947,133.64800,544221484.35492,9.52000,1690294.00000,1.88000,0.00000,0.00000,0.00000
-616742.34548,-906001.46928,134.70200,544221484.40113,9.41000,1682373.00000,1.62000,0.00000,0.00000,0.00000
-615206.16500,-907177.12661,140.17200,544221484.44734,9.82000,781096.00000,2.38000,0.00000,0.00000,0.00000
-615566.55617,-906355.34490,139.19300,544221484.49354,10.45000,1148514.00000,4.96000,0.00000,0.00000,0.00000
-614962.61281,-906549.16357,143.02100,544221484.53975,10.73000,1330396.00000,4.18000,0.00000,0.00000,0.00000
-613990.08597,-907131.11677,152.10500,544221484.58596,10.83000,371117.00000,4.96000,0.00000,0.00000,0.00000
-614851.45738,-905781.77226,151.32200,544221484.63217,10.34000,311623.00000,4.03000,0.00000,0.00000,0.00000
-614517.31508,-905691.43882,156.85500,544221484.67838,10.15000,347380.00000,3.03000,0.00000,0.00000,0.00000
-614033.23922,-905759.01273,160.26300,544221484.72458,10.29000,799624.00000,3.82000,0.00000,0.00000,0.00000
-613729.68857,-905636.46708,161.20100,544221484.77079,10.34000,1153247.00000,3.52000,0.00000,0.00000,0.00000
-613323.33215,-905622.17608,160.11300,544221484.81700,10.96000,756271.00000,3.92000,0.00000,0.00000,0.00000
-614759.41210,-903667.71585,145.33600,544221484.86321,11.58000,535946.00000,5.70000,0.00000,0.00000,0.00000
-614154.48290,-903862.56693,147.86400,544221484.90942,11.88000,1166114.00000,6.58000,0.00000,0.00000,0.00000
-613154.38470,-904473.51967,152.15600,544221484.95562,11.23000,860186.00000,5.07000,0.00000,0.00000,0.00000
-612411.02648,-904814.05834,156.32900,544221485.00183,10.81000,1718435.00000,6.41000,0.00000,0.00000,0.00000
-611998.15765,-904806.60503,158.37400,544221485.04804,10.59000,629690.00000,7.89000,0.00000,0.00000,0.00000
-612460.89535,-903877.18655,154.16500,544221485.09425,10.31000,544883.00000,7.44000,0.00000,0.00000,0.00000
-612231.57896,-903676.48537,152.84200,544221485.14046,9.89000,669966.00000,6.11000,0.00000,0.00000,0.00000
-612084.00646,-903389.70219,150.27100,544221485.18667,9.89000,570170.00000,4.90000,0.00000,0.00000,0.00000
-612284.47501,-902736.45919,148.20300,544221485.23288,10.28000,279223.00000,8.08000,0.00000,0.00000,0.00000
-612236.21090,-902345.13207,148.03200,544221485.27909,10.72000,586743.00000,4.44000,0.00000,0.00000,0.00000
-611536.49215,-902639.70919,147.68900,544221485.32529,11.14000,393412.00000,5.57000,0.00000,0.00000,0.00000
-610492.72731,-903296.49161,150.89900,544221485.37150,11.44000,374443.00000,5.31000,0.00000,0.00000,0.00000
-610068.33203,-903301.17862,149.65600,544221485.41771,11.37000,2567117.00000,5.88000,0.00000,0.00000,0.00000
-609593.78155,-903358.62900,152.94900,544221485.46392,11.30000,990404.00000,5.63000,0.00000,0.00000,0.00000
-609354.95227,-903167.92677,154.04000,544221485.51013,11.23000,1531366.00000,3.66000,0.00000,0.00000,0.00000
-609737.51423,-902323.06360,148.18000,544221485.55634,11.13000,2591164.00000,4.59000,0.00000,0.00000,0.00000
-608912.39618,-902749.56829,151.96000,544221485.60255,11.14000,1340752.00000,6.29000,0.00000,0.00000,0.00000
-608856.12462,-902366.67966,150.62100,544221485.64876,11.32000,2241667.00000,5.30000,0.00000,0.00000,0.00000
-610914.79909,-899757.30882,147.87900,544221485.69497,11.54000,1040834.00000,5.93000,0.00000,0.00000,0.00000
-608412.58084,-901949.38443,147.03000,544221485.74118,11.86000,633331.00000,9.05000,0.00000,0.00000,0.00000
-608037.33953,-901902.29507,145.43200,544221485.78738,11.22000,1818226.00000,8.51000,0.00000,0.00000,0.00000
-610716.94421,-898639.36074,151.83800,544221485.83359,10.79000,6713074.00000,5.27000,0.00000,0.00000,0.00000
-610238.91567,-898700.51449,150.80300,544221485.87980,10.23000,419738.00000,5.05000,0.00000,0.00000,0.00000
-609882.75666,-898633.37431,150.21300,544221485.92601,9.57000,204894.00000,5.67000,0.00000,0.00000,0.00000
-609850.58354,-898225.17295,151.42400,544221485.97222,9.58000,296174.00000,5.38000,0.00000,0.00000,0.00000
-609708.57792,-897932.59553,151.26700,544221486.01843,9.98000,535977.00000,4.75000,0.00000,0.00000,0.00000
-609436.68517,-897776.75377,150.75000,544221486.06464,10.18000,481634.00000,6.30000,0.00000,0.00000,0.00000
-609505.82452,-897261.90966,151.64100,544221486.11085,10.33000,972730.00000,4.96000,0.00000,0.00000,0.00000
-609152.68437,-897191.59355,151.81800,544221486.15706,10.44000,939606.00000,3.94000,0.00000,0.00000,0.00000
-608630.04320,-897299.72758,151.10800,544221486.20327,10.76000,3646436.00000,3.67000,0.00000,0.00000,0.00000
-608131.95664,-897381.96188,149.81900,544221486.24948,11.03000,7008044.00000,3.04000,0.00000,0.00000,0.00000
-607462.34641,-897644.74402,147.75400,544221486.29569,11.26000,489290.00000,3.75000,0.00000,0.00000,0.00000
