-639948.45989,-898715.59559,194.42400,389797829.55500,10.97000,1563087.00000,2.93000,0.00000,0.00000,0.00000
-639777.85285,-898450.01317,190.74700,389797829.60128,11.12000,1964416.00000,3.02000,0.00000,0.00000,0.00000
-639141.61911,-898696.29604,190.32500,389797829.64755,11.21000,5735739.00000,2.34000,0.00000,0.00000,0.00000
-638412.63452,-899044.49866,191.19600,389797829.69383,11.42000,4199082.00000,2.81000,0.00000,0.00000,0.00000
-637854.89402,-899204.44419,194.12700,389797829.74010,11.82000,976595.00000,3.46000,0.00000,0.00000,0.00000
-637492.42686,-899149.72808,192.67500,389797829.78638,12.05000,306618.00000,3.64000,0.00000,0.00000,0.00000
-636999.93040,-899237.93583,192.21300,389797829.83266,12.49000,297911.00000,3.75000,0.00000,0.00000,0.00000
-636219.39810,-899642.72365,195.04300,389797829.87894,12.99000,736067.00000,3.66000,0.00000,0.00000,0.00000
-637972.27325,-897262.95271,162.11700,389797829.92521,13.29000,2722373.00000,4.39000,0.00000,0.00000,0.00000
-637362.03019,-897480.62111,163.90700,389797829.97149,13.68000,965695.00000,6.45000,0.00000,0.00000,0.00000
-636806.72874,-897637.86522,164.78800,389797830.01777,14.04000,254018.00000,7.17000,0.00000,0.00000,0.00000
-636503.15741,-897518.41986,163.95300,389797830.06404,14.68000,287836.00000,13.10000,0.00000,0.00000,0.00000
-636826.22955,-896710.24096,160.46600,389797830.11032,14.71000,189787.00000,9.52000,0.00000,0.00000,0.00000
-636753.29948,-896337.30800,158.63800,389797830.15660,15.02000,375114.00000,7.53000,0.00000,0.00000,0.00000
-636700.00508,-895942.80865,157.16200,389797830.20288,14.85000,624077.00000,8.83000,0.00000,0.00000,0.00000
-636456.31521,-895757.55905,156.91500,389797830.24916,14.29000,487368.00000,5.58000,0.00000,0.00000,0.00000
-635702.76900,-896132.66768,158.95400,389797830.29544,14.07000,1274176.00000,4.77000,0.00000,0.00000,0.00000
-633183.50370,-898448.18603,169.63000,389797830.34171,14.34000,1479028.00000,7.47000,0.00000,0.00000,0.00000
-633887.44396,-897221.52879,161.22300,389797830.38799,14.40000,1543475.00000,6.69000,0.00000,0.00000,0.00000
-633422.43884,-897279.46562,166.10800,389797830.43427,14.19000,704202.00000,5.87000,0.00000,0.00000,0.00000
-632598.18920,-897732.14807,172.35500,389797830.48055,13.75000,352312.00000,7.28000,0.00000,0.00000,0.00000
-632147.90012,-897773.88267,176.74100,389797830.52683,13.17000,618676.00000,4.50000,0.00000,0.00000,0.00000
-632080.37483,-897395.01696,172.03300,389797830.57311,12.41000,648590.00000,3.77000,0.00000,0.00000,0.00000
-637419.74184,-891074.35474,174.11500,389797830.61939,12.47000,1730345.00000,3.77000,0.00000,0.00000,0.00000
-637010.72174,-891070.86660,173.44900,389797830.66566,12.72000,745086.00000,4.00000,0.00000,0.00000,0.00000
-636518.28642,-891159.04751,170.83000,389797830.71194,13.04000,1231962.00000,4.15000,0.00000,0.00000,0.00000
-635925.75387,-891357.24357,167.87400,389797830.75822,13.38000,1733426.00000,4.39000,0.00000,0.00000,0.00000
-635359.21266,-891526.83996,165.02500,389797830.80450,13.59000,2726070.00000,5.29000,0.00000,0.00000,0.00000
-635213.70856,-891233.75276,165.98200,389797830.85078,13.75000,1578630.00000,5.92000,0.00000,0.00000,0.00000
-632497.75558,-893765.19453,182.08400,389797830.89706,13.94000,4380060.00000,7.48000,0.00000,0.00000,0.00000
-632529.89129,-893276.87464,180.88900,389797830.94334,13.58000,6505427.00000,6.98000,0.00000,0.00000,0.00000
-632837.82301,-892485.52741,175.62700,389797830.98962,13.31000,2190043.00000,6.44000,0.00000,0.00000,0.00000
-633428.91740,-891383.04498,176.05700,389797831.03589,12.55000,1561445.00000,6.16000,0.00000,0.00000,0.00000
-633139.63652,-891247.93301,180.85900,389797831.08217,11.93000,3096859.00000,3.10000,0.00000,0.00000,0.00000
-632866.55519,-891095.03348,182.16600,389797831.12845,11.56000,1348768.00000,3.64000,0.00000,0.00000,0.00000
-633035.12884,-890456.83230,180.45600,389797831.17473,11.40000,789931.00000,5.72000,0.00000,0.00000,0.00000
-633287.62421,-889726.44292,181.22800,389797831.22101,11.43000,2228497.00000,5.82000,0.00000,0.00000,0.00000
-633748.67527,-888766.89565,183.00200,389797831.26729,11.17000,597660.00000,6.38000,0.00000,0.00000,0.00000
-629712.81984,-892748.16562,128.42300,389797831.31357,10.65000,320933.00000,3.80000,0.00000,0.00000,0.00000
-629520.72618,-892506.24528,131.75700,389797831.35985,10.74000,481246.00000,3.44000,0.00000,0.00000,0.00000
-630574.80304,-890895.27006,135.80400,389797831.40613,10.71000,4160008.00000,2.99000,0.00000,0.00000,0.00000
-629354.47973,-891782.98636,142.47100,389797831.45241,11.49000,227443.00000,4.55000,0.00000,0.00000,0.00000
-628697.59786,-892051.67105,149.54800,389797831.49869,12.03000,1426783.00000,4.34000,0.00000,0.00000,0.00000
-628320.95310,-892012.48070,151.40200,389797831.54496,12.58000,2869797.00000,5.16000,0.00000,0.00000,0.00000
-628271.68324,-891613.68728,149.01600,389797831.59124,12.85000,829312.00000,6.48000,0.00000,0.00000,0.00000
-628343.15668,-891082.25393,145.68000,389797831.63752,12.40000,368517.00000,8.42000,0.00000,0.00000,0.00000
-628318.91625,-890655.95270,142.93300,389797831.68380,11.03000,870481.00000,4.04000,0.00000,0.00000,0.00000
-628035.99394,-890513.83306,131.74200,389797831.73008,10.32000,2067621.00000,3.56000,0.00000,0.00000,0.00000
-628019.12458,-890079.47562,123.91300,389797831.77636,11.22000,1171967.00000,5.39000,0.00000,0.00000,0.00000
-627916.85708,-889738.90508,120.45400,389797831.82264,12.92000,281110.00000,14.25000,0.00000,0.00000,0.00000
-627575.08410,-889661.44621,122.65000,389797831.86892,11.99000,467795.00000,3.66000,0.00000,0.00000,0.00000
-628421.13701,-888279.20599,127.37300,389797831.91520,12.39000,305812.00000,7.78000,0.00000,0.00000,0.00000
-628313.49862,-887944.58847,126.88200,389797831.96148,14.22000,1290066.00000,11.75000,0.00000,0.00000,0.00000
-628587.22559,-887191.04049,127.71100,389797832.00775,14.91000,823676.00000,8.35000,0.00000,0.00000,0.00000
-627681.99654,-887732.52489,127.57800,389797832.05403,14.42000,631620.00000,8.99000,0.00000,0.00000,0.00000
-626925.95775,-888110.08277,129.02400,389797832.10031,13.71000,1153767.00000,6.04000,0.00000,0.00000,0.00000
-628409.58683,-886027.59656,147.55500,389797832.14659,13.20000,987059.00000,3.69000,0.00000,0.00000,0.00000
-627873.97107,-886163.09650,149.63500,389797832.19287,13.12000,150087.00000,6.87000,0.00000,0.00000,0.00000
-627041.40211,-886624.73002,152.55800,389797832.23915,12.94000,216937.00000,4.91000,0.00000,0.00000,0.00000
-626155.81990,-887144.55713,157.93200,389797832.28543,13.28000,1834084.00000,4.69000,0.00000,0.00000,0.00000
-626758.40554,-886029.88053,150.82100,389797832.33171,13.78000,1118314.00000,4.75000,0.00000,0.00000,0.00000
-625528.25697,-886928.11113,160.58200,389797832.37799,14.19000,1216784.00000,4.67000,0.00000,0.00000,0.00000
-625199.76339,-886836.04997,165.45600,389797832.42428,14.31000,320747.00000,6.96000,0.00000,0.00000,0.00000
-625096.06832,-886497.10044,168.14000,389797832.47056,14.17000,3473584.00000,5.27000,0.00000,0.00000,0.00000
-626867.79981,-884098.40614,156.20700,389797832.51684,14.43000,1394549.00000,9.67000,0.00000,0.00000,0.00000
-626444.08886,-884110.94919,158.00000,389797832.56312,15.00000,180048.00000,12.67000,0.00000,0.00000,0.00000
-626406.16933,-883699.79008,158.79600,389797832.60940,15.20000,326938.00000,12.84000,0.00000,0.00000,0.00000
-627149.12653,-882430.99262,163.32200,389797832.65569,14.30000,641054.00000,6.55000,0.00000,0.00000,0.00000
-626057.43531,-883177.18135,159.22200,389797832.70197,13.72000,5339878.00000,4.46000,0.00000,0.00000,0.00000
-626585.43418,-882144.53127,167.37500,389797832.74825,13.44000,3948291.00000,4.00000,0.00000,0.00000,0.00000
-625986.51434,-882349.48949,166.15000,389797832.79453,13.14000,4220272.00000,3.53000,0.00000,0.00000,0.00000
-625314.46523,-882634.76315,165.00300,389797832.84081,13.00000,1443241.00000,4.33000,0.00000,0.00000,0.00000
-624662.53686,-882897.93288,163.91000,389797832.88710,13.15000,528044.00000,4.70000,0.00000,0.00000,0.00000
-624190.24201,-882963.79745,163.11800,389797832.93338,13.36000,256411.00000,5.80000,0.00000,0.00000,0.00000
-623946.67725,-882778.48103,162.24900,389797832.97966,13.39000,312364.00000,6.28000,0.00000,0.00000,0.00000
-623597.09540,-882709.59086,161.29500,389797833.02594,13.54000,223343.00000,7.42000,0.00000,0.00000,0.00000
-623813.95135,-882018.69179,160.17000,389797833.07223,13.22000,212289.00000,8.64000,0.00000,0.00000,0.00000
-624030.80810,-881327.79447,160.38700,389797833.11851,12.63000,585728.00000,7.46000,0.00000,0.00000,0.00000
-623513.36947,-881443.24206,159.48700,389797833.16479,11.99000,1320882.00000,4.35000,0.00000,0.00000,0.00000
-623777.35018,-880700.62643,167.51600,389797833.21108,11.56000,4400685.00000,2.27000,0.00000,0.00000,0.00000
-623183.34090,-880900.13833,165.11100,389797833.25736,11.39000,6203172.00000,2.19000,0.00000,0.00000,0.00000
-630642.14816,-911622.15906,160.75400,389970481.56595,8.95000,145826.00000,2.45000,0.00000,0.00000,0.00000
-630245.22987,-911599.18395,160.58600,389970481.61228,8.41000,678059.00000,2.27000,0.00000,0.00000,0.00000
-629922.20992,-911497.42443,159.35100,389970481.65862,7.98000,1510523.00000,2.35000,0.00000,0.00000,0.00000
-629586.19845,-911409.48978,158.18100,389970481.70495,7.69000,4930786.00000,2.17000,0.00000,0.00000,0.00000
-629268.66350,-911301.86378,154.13600,389970481.75128,7.57000,7396613.00000,2.52000,0.00000,0.00000,0.00000
-628271.60410,-911918.88523,143.44500,389970481.79761,7.75000,732664.00000,2.52000,0.00000,0.00000,0.00000
-628348.49235,-911390.63071,139.06100,389970481.84395,7.96000,1563999.00000,3.47000,0.00000,0.00000,0.00000
-627554.62867,-911790.92206,137.36000,389970481.89028,8.30000,1582519.00000,3.52000,0.00000,0.00000,0.00000
-628512.78704,-910322.93411,143.97100,389970481.93661,8.52000,2789519.00000,2.64000,0.00000,0.00000,0.00000
-628233.70176,-910174.29920,140.56600,389970481.98295,9.06000,509677.00000,4.02000,0.00000,0.00000,0.00000
-628068.45510,-909904.27233,138.05400,389970482.02928,9.69000,374332.00000,7.08000,0.00000,0.00000,0.00000
-627739.93973,-909808.33503,135.44100,389970482.07561,9.83000,287866.00000,8.66000,0.00000,0.00000,0.00000
-626668.97468,-910504.07722,136.21200,389970482.12195,10.33000,193755.00000,9.58000,0.00000,0.00000,0.00000
-626131.75080,-910630.66762,136.69000,389970482.16828,9.86000,321221.00000,6.41000,0.00000,0.00000,0.00000
-625477.67922,-910881.82670,137.46300,389970482.21462,9.65000,614272.00000,4.15000,0.00000,0.00000,0.00000
-629808.48051,-905817.66007,157.89700,389970482.26095,9.53000,1993547.00000,3.53000,0.00000,0.00000,0.00000
-628970.27034,-906265.31792,155.40600,389970482.30729,9.99000,347730.00000,4.42000,0.00000,0.00000,0.00000
-628290.31145,-906544.19212,155.27100,389970482.35362,10.59000,355282.00000,5.22000,0.00000,0.00000,0.00000
-627943.85303,-906467.42640,155.91100,389970482.39995,11.36000,342975.00000,7.35000,0.00000,0.00000,0.00000
-627724.21877,-906255.44292,155.82600,389970482.44629,11.21000,369079.00000,5.27000,0.00000,0.00000,0.00000
-627088.69455,-906486.90922,153.39000,389970482.49262,11.38000,1073937.00000,4.00000,0.00000,0.00000,0.00000
-625863.98823,-907346.51789,147.04800,389970482.53895,11.97000,3238322.00000,4.75000,0.00000,0.00000,0.00000
-625386.71450,-907409.20333,146.21700,389970482.58529,12.65000,525986.00000,7.49000,0.00000,0.00000,0.00000
-625542.05295,-906797.40831,144.97600,389970482.63162,12.74000,314476.00000,6.72000,0.00000,0.00000,0.00000
-626908.16725,-904894.72090,154.83700,389970482.67796,12.37000,3716755.00000,4.51000,0.00000,0.00000,0.00000
-626263.66713,-905135.75163,151.65000,389970482.72429,12.45000,1578994.00000,6.93000,0.00000,0.00000,0.00000
-625580.20009,-905418.27827,149.19000,389970482.77062,12.52000,437154.00000,8.67000,0.00000,0.00000,0.00000
-625098.94786,-905485.21463,148.77200,389970482.81696,12.30000,119333.00000,6.74000,0.00000,0.00000,0.00000
-624463.90205,-905716.08489,148.82300,389970482.86329,12.52000,206661.00000,6.35000,0.00000,0.00000,0.00000
-623752.95012,-906027.85276,149.14900,389970482.90963,12.15000,306920.00000,5.88000,0.00000,0.00000,0.00000
-623029.01756,-906353.45536,150.11200,389970482.95596,11.92000,275182.00000,5.53000,0.00000,0.00000,0.00000
-622434.40368,-906541.17373,151.70100,389970483.00230,11.56000,459349.00000,4.33000,0.00000,0.00000,0.00000
-621824.79688,-906744.84834,153.01400,389970483.04863,12.05000,318574.00000,3.48000,0.00000,0.00000,0.00000
-623385.29913,-904635.27985,125.91600,389970483.09497,13.01000,274638.00000,5.25000,0.00000,0.00000,0.00000
-622833.62920,-904777.23978,126.84000,389970483.14130,13.96000,298066.00000,9.68000,0.00000,0.00000,0.00000
-621773.11179,-905461.56469,131.16100,389970483.18764,14.17000,491078.00000,8.86000,0.00000,0.00000,0.00000
-620817.94552,-906033.54297,137.55500,389970483.23397,14.25000,3725363.00000,5.91000,0.00000,0.00000,0.00000
-622847.91709,-903423.64941,121.20000,389970483.28031,14.70000,1696980.00000,5.24000,0.00000,0.00000,0.00000
-621469.31619,-904447.03146,124.85900,389970483.32664,15.80000,1075697.00000,8.11000,0.00000,0.00000,0.00000
-620734.36644,-904784.28621,127.83800,389970483.37298,16.84000,397442.00000,17.74000,0.00000,0.00000,0.00000
-639494.88946,-884334.92308,635.48000,389970483.41932,16.73000,301657.00000,11.84000,0.00000,0.00000,0.00000
-621266.92750,-903324.44598,126.95000,389970483.46565,16.13000,370922.00000,13.54000,0.00000,0.00000,0.00000
-621334.47455,-902806.38468,127.81300,389970483.51199,15.89000,1166057.00000,8.65000,0.00000,0.00000,0.00000
-620805.78060,-902923.81523,129.42900,389970483.55832,16.08000,875529.00000,8.69000,0.00000,0.00000,0.00000
-620421.39556,-902887.41561,128.98700,389970483.60466,16.41000,363712.00000,11.52000,0.00000,0.00000,0.00000
-621160.09487,-901654.04072,128.35200,389970483.65100,16.26000,205986.00000,16.32000,0.00000,0.00000,0.00000
-620612.42366,-901791.67523,128.52100,389970483.69733,15.02000,745789.00000,8.66000,0.00000,0.00000,0.00000
-619786.61428,-902225.76901,129.41500,389970483.74367,14.37000,892610.00000,4.39000,0.00000,0.00000,0.00000
-620622.69682,-900888.64315,141.00600,389970483.79000,14.17000,1035003.00000,6.77000,0.00000,0.00000,0.00000
-620174.91777,-900919.83720,143.00800,389970483.83634,14.11000,142557.00000,6.25000,0.00000,0.00000,0.00000
-619754.60087,-900921.74579,143.98700,389970483.88268,14.08000,335852.00000,5.81000,0.00000,0.00000,0.00000
-619334.28669,-900923.65234,144.84300,389970483.92901,14.18000,896700.00000,6.56000,0.00000,0.00000,0.00000
-618927.95583,-900910.65364,145.67500,389970483.97535,14.25000,1715714.00000,5.24000,0.00000,0.00000,0.00000
-618504.15130,-900916.27795,147.15000,389970484.02168,14.06000,3068807.00000,5.73000,0.00000,0.00000,0.00000
-618256.12588,-900734.56833,149.67500,389970484.06802,13.32000,796627.00000,4.64000,0.00000,0.00000,0.00000
-618016.09111,-900544.33822,154.33600,389970484.11435,12.43000,1177242.00000,2.30000,0.00000,0.00000,0.00000
-617861.96284,-900262.58575,162.64200,389970484.16069,11.92000,2002576.00000,1.89000,0.00000,0.00000,0.00000
-617790.72506,-899892.49715,165.77900,389970484.20703,11.44000,616530.00000,2.45000,0.00000,0.00000,0.00000
-617803.37933,-899433.02002,166.83200,389970484.25336,10.96000,335447.00000,2.81000,0.00000,0.00000,0.00000
-617729.64554,-899065.60236,168.81900,389970484.29970,10.53000,1292082.00000,2.96000,0.00000,0.00000,0.00000
-617537.56379,-898824.29481,166.57000,389970484.34603,10.17000,1331704.00000,2.98000,0.00000,0.00000,0.00000
-618178.43622,-897695.42249,163.18400,389970484.39237,9.82000,283408.00000,4.90000,0.00000,0.00000,0.00000
-618346.91755,-897069.94120,161.56900,389970484.43871,9.38000,697886.00000,3.10000,0.00000,0.00000,0.00000
-617857.72346,-897145.24402,157.77400,389970484.48504,9.29000,1577038.00000,2.45000,0.00000,0.00000,0.00000
-618720.30856,-895780.14849,166.72500,389970484.53138,9.26000,2282276.00000,2.63000,0.00000,0.00000,0.00000
-617889.57503,-896219.42387,161.47300,389970484.57771,9.26000,1415001.00000,3.06000,0.00000,0.00000,0.00000
-617313.49478,-896387.30536,158.35800,389970484.62405,9.27000,1414801.00000,1.91000,0.00000,0.00000,0.00000
-618023.79020,-895184.52357,166.83300,389970484.67039,9.17000,2735931.00000,1.70000,0.00000,0.00000,0.00000
-617075.19867,-895749.35285,161.98400,389970484.71672,9.19000,474183.00000,2.70000,0.00000,0.00000,0.00000
-616205.48293,-896230.08717,160.35000,389970484.76306,9.36000,571842.00000,3.09000,0.00000,0.00000,0.00000
-615753.24651,-896265.99583,161.48000,389970484.80939,9.74000,500885.00000,4.34000,0.00000,0.00000,0.00000
-615281.04033,-896323.18118,160.37800,389970484.85573,10.36000,89285.00000,8.38000,0.00000,0.00000,0.00000
-615154.91490,-896011.64473,160.83800,389970484.90207,10.09000,97377.00000,7.13000,0.00000,0.00000,0.00000
-614775.58829,-895969.85274,161.40600,389970484.94840,9.60000,512143.00000,5.00000,0.00000,0.00000,0.00000
-614669.94523,-895636.50175,159.57900,389970484.99474,9.35000,391239.00000,4.58000,0.00000,0.00000,0.00000
-614599.26297,-895265.90633,158.78900,389970485.04107,9.33000,2597564.00000,2.91000,0.00000,0.00000,0.00000
-614793.26781,-894613.34015,162.88500,389970485.08741,9.53000,4453776.00000,2.49000,0.00000,0.00000,0.00000
-614026.91294,-894983.86467,159.09600,389970485.13375,9.81000,2517748.00000,2.91000,0.00000,0.00000,0.00000
-613401.88399,-895203.82041,156.65400,389970485.18008,10.28000,1032381.00000,2.91000,0.00000,0.00000,0.00000
-612772.85131,-895428.02204,154.61400,389970485.22642,11.00000,4354388.00000,3.94000,0.00000,0.00000,0.00000
-613494.77345,-894213.09811,144.26100,389970485.27276,11.97000,1337886.00000,8.25000,0.00000,0.00000,0.00000
-612644.48778,-894672.98256,145.49600,389970485.31909,13.10000,628277.00000,10.06000,0.00000,0.00000,0.00000
-612038.42171,-894872.69270,147.27700,389970485.36543,13.90000,195901.00000,10.77000,0.00000,0.00000,0.00000
-613315.24823,-893066.74075,147.69200,389970485.41177,14.20000,238629.00000,10.91000,0.00000,0.00000,0.00000
-613034.82868,-892919.60187,150.69000,389970485.45811,13.77000,729140.00000,6.07000,0.00000,0.00000,0.00000
-612468.73115,-893076.75025,150.82500,389970485.50444,13.49000,289149.00000,8.95000,0.00000,0.00000,0.00000
-611991.53660,-893139.19916,151.08700,389970485.55078,13.30000,130857.00000,8.52000,0.00000,0.00000,0.00000
-611463.88863,-893255.35958,151.37800,389970485.59712,13.18000,201348.00000,6.53000,0.00000,0.00000,0.00000
-610994.68412,-893309.28661,151.83700,389970485.64346,12.86000,480260.00000,5.24000,0.00000,0.00000,0.00000
-610488.00679,-893403.08831,151.19000,389970485.68980,12.84000,600317.00000,4.44000,0.00000,0.00000,0.00000
-609917.90068,-893564.45438,149.92800,389970485.73613,12.98000,546206.00000,3.88000,0.00000,0.00000,0.00000
-613007.45791,-917087.08378,138.62400,390143135.20229,11.43000,3397327.00000,2.97000,0.00000,0.00000,0.00000
-612793.37514,-916868.90489,142.21800,390143135.24869,11.58000,2053286.00000,3.81000,0.00000,0.00000,0.00000
-613141.47804,-916069.32808,141.84700,390143135.29508,11.87000,260024.00000,7.14000,0.00000,0.00000,0.00000
-614018.22368,-914723.02658,147.37700,390143135.34147,11.70000,356675.00000,5.41000,0.00000,0.00000,0.00000
-613530.44155,-914787.95161,146.26300,390143135.38787,11.46000,1222417.00000,2.98000,0.00000,0.00000,0.00000
-611979.23165,-915952.59346,139.91600,390143135.43426,11.53000,1939208.00000,3.63000,0.00000,0.00000,0.00000
-613341.47962,-914104.27078,155.76700,390143135.48066,11.57000,9392302.00000,4.08000,0.00000,0.00000,0.00000
-611088.94769,-915994.13101,143.76000,390143135.52705,11.79000,578653.00000,5.00000,0.00000,0.00000,0.00000
-610825.61900,-915826.88045,144.53600,390143135.57344,12.03000,1061534.00000,6.11000,0.00000,0.00000,0.00000
-610638.97810,-915580.32885,144.69900,390143135.61984,11.98000,2906102.00000,5.23000,0.00000,0.00000,0.00000
-611232.40933,-914527.14297,146.69200,390143135.66623,12.10000,1473494.00000,4.30000,0.00000,0.00000,0.00000
-611270.75587,-914047.95833,147.57500,390143135.71263,11.87000,1903566.00000,3.30000,0.00000,0.00000,0.00000
-610830.20291,-914063.99416,146.93900,390143135.75902,11.68000,3672386.00000,3.46000,0.00000,0.00000,0.00000
-610614.63090,-913847.38659,146.01100,390143135.80541,11.56000,2080223.00000,4.42000,0.00000,0.00000,0.00000
-609941.47113,-914103.91907,144.84900,390143135.85181,11.46000,2191980.00000,4.24000,0.00000,0.00000,0.00000
-608974.75515,-914663.95932,146.77900,390143135.89820,11.29000,656089.00000,4.28000,0.00000,0.00000,0.00000
-608650.49497,-914559.70976,145.77400,390143135.94460,11.53000,422077.00000,5.50000,0.00000,0.00000,0.00000
-609921.47853,-912806.07446,144.04600,390143135.99099,11.62000,573744.00000,5.88000,0.00000,0.00000,0.00000
-609348.88199,-912958.61316,138.38800,390143136.03739,11.52000,453454.00000,6.09000,0.00000,0.00000,0.00000
-609883.46051,-911966.40627,137.26600,390143136.08378,11.38000,639166.00000,4.14000,0.00000,0.00000,0.00000
-609148.33819,-912286.98024,139.16100,390143136.13018,11.04000,5565289.00000,3.51000,0.00000,0.00000,0.00000
-608468.57055,-912550.29708,139.08500,390143136.17657,10.92000,2785043.00000,3.95000,0.00000,0.00000,0.00000
-608031.06151,-912563.13400,139.27400,390143136.22297,11.08000,981192.00000,5.63000,0.00000,0.00000,0.00000
-607728.14770,-912436.82127,137.75100,390143136.26936,11.25000,931616.00000,5.54000,0.00000,0.00000,0.00000
-607591.31803,-912138.80611,136.91100,390143136.31576,11.55000,1847678.00000,5.68000,0.00000,0.00000,0.00000
-607169.56287,-912135.36706,131.15600,390143136.36215,11.65000,3780872.00000,4.75000,0.00000,0.00000,0.00000
-607477.15681,-911377.90877,136.57100,390143136.40855,11.39000,1021117.00000,4.14000,0.00000,0.00000,0.00000
-606574.40954,-911871.68821,136.04000,390143136.45494,11.40000,3332937.00000,4.79000,0.00000,0.00000,0.00000
-606036.84102,-911987.93540,135.89700,390143136.50134,11.38000,3817950.00000,4.80000,0.00000,0.00000,0.00000
-606802.59148,-910756.89894,134.41500,390143136.54773,11.66000,2947187.00000,4.13000,0.00000,0.00000,0.00000
-605926.74771,-911222.83220,124.33800,390143136.59413,12.14000,1478400.00000,4.32000,0.00000,0.00000,0.00000
-607983.08109,-908657.64611,140.61500,390143136.64053,12.42000,430689.00000,6.03000,0.00000,0.00000,0.00000
-606228.10528,-910032.44553,135.01500,390143136.68692,12.81000,834027.00000,7.62000,0.00000,0.00000,0.00000
-606255.85834,-909564.31301,134.81200,390143136.73332,13.12000,540998.00000,7.80000,0.00000,0.00000,0.00000
-606997.23127,-908358.52062,138.15500,390143136.77971,13.00000,864836.00000,8.92000,0.00000,0.00000,0.00000
-607056.99472,-907857.33633,140.61800,390143136.82611,12.64000,2679000.00000,8.14000,0.00000,0.00000,0.00000
-606947.10894,-907531.52007,144.18400,390143136.87251,11.92000,854825.00000,4.70000,0.00000,0.00000,0.00000
-606605.62745,-907445.10857,146.38500,390143136.91890,11.45000,2375076.00000,3.37000,0.00000,0.00000,0.00000
-606488.64217,-907126.65036,150.58500,390143136.96530,11.14000,484180.00000,2.74000,0.00000,0.00000,0.00000
-605919.12411,-907275.95669,148.57200,390143137.01169,11.21000,1005666.00000,4.51000,0.00000,0.00000,0.00000
-604803.08421,-907990.13729,144.10700,390143137.05809,11.24000,342572.00000,5.66000,0.00000,0.00000,0.00000
-604016.15063,-908364.10492,141.65200,390143137.10448,10.79000,369475.00000,4.46000,0.00000,0.00000,0.00000
-603720.38376,-908230.40579,138.69100,390143137.15088,10.65000,473718.00000,3.02000,0.00000,0.00000,0.00000
-603194.51916,-908334.52761,130.73900,390143137.19728,10.82000,1379759.00000,2.82000,0.00000,0.00000,0.00000
-603244.66658,-907843.31337,121.75300,390143137.24367,11.07000,1193548.00000,3.53000,0.00000,0.00000,0.00000
-603145.49094,-907506.45658,118.36800,390143137.29007,11.70000,1027682.00000,4.26000,0.00000,0.00000,0.00000
-602783.69940,-907441.00496,113.84600,390143137.33647,12.00000,454654.00000,4.73000,0.00000,0.00000,0.00000
-603482.62328,-904961.25866,147.45200,390143137.52205,9.71000,641115.00000,3.21000,0.00000,0.00000,0.00000
-602952.73143,-905069.55966,145.07400,390143137.56845,9.65000,556529.00000,5.24000,0.00000,0.00000,0.00000
-632686.02087,-879452.51460,200.16500,390363744.26291,12.25000,426632.00000,3.75000,0.00000,0.00000,1.00000
-632804.06734,-879735.98606,199.86200,390363744.30958,12.08000,534636.00000,3.48000,0.00000,0.00000,1.00000
-632866.78201,-880043.09676,199.12700,390363744.35626,12.02000,386985.00000,3.89000,0.00000,0.00000,1.00000
-629055.18318,-882006.98944,162.81400,390363744.40293,12.11000,321705.00000,4.49000,0.00000,0.00000,1.00000
-628881.06907,-882415.35753,160.07600,390363744.44960,12.09000,578955.00000,3.68000,0.00000,0.00000,1.00000
-628692.08934,-882830.05245,155.72900,390363744.49628,12.55000,379627.00000,4.91000,0.00000,0.00000,1.00000
-628811.42406,-883112.91333,153.73100,390363744.54295,12.94000,305654.00000,6.72000,0.00000,0.00000,1.00000
-628652.13208,-883514.91767,154.29900,390363744.58962,12.16000,288120.00000,7.03000,0.00000,0.00000,1.00000
-628437.49585,-883940.55936,154.14100,390363744.63629,11.22000,340749.00000,4.29000,0.00000,0.00000,1.00000
-627735.04465,-884574.74520,153.85500,390363744.68296,11.53000,794793.00000,4.04000,0.00000,0.00000,1.00000
-627168.19863,-885150.94875,154.47900,390363744.72963,12.67000,9674617.00000,4.34000,0.00000,0.00000,1.00000
-627569.51901,-885313.26630,147.62600,390363744.77631,13.47000,310209.00000,3.37000,0.00000,0.00000,1.00000
-628751.51956,-885141.85298,146.07700,390363744.82298,12.99000,1732839.00000,9.54000,0.00000,0.00000,1.00000
-628733.88216,-885483.27659,147.75800,390363744.86965,12.49000,1132535.00000,12.79000,0.00000,0.00000,1.00000
-628642.69131,-885856.14310,147.45300,390363744.91632,11.25000,1634766.00000,7.39000,0.00000,0.00000,1.00000
-633509.11813,-884109.64029,220.76700,390363744.96299,9.59000,621581.00000,3.21000,0.00000,0.00000,1.00000
-634104.11305,-884189.18849,218.01100,390363745.00967,9.48000,1375466.00000,2.27000,0.00000,0.00000,1.00000
-633440.85417,-884806.68877,222.09500,390363745.05634,10.20000,213313.00000,2.36000,0.00000,0.00000,1.00000
-633433.36751,-885143.81589,221.86000,390363745.10301,9.56000,3385696.00000,2.67000,0.00000,0.00000,1.00000
-633472.42927,-885461.04199,220.68200,390363745.14968,8.84000,3471708.00000,2.62000,0.00000,0.00000,1.00000
-633461.56761,-885799.61593,219.96400,390363745.19635,8.38000,1831526.00000,3.23000,0.00000,0.00000,1.00000
-633462.83188,-886132.98651,220.44700,390363745.24302,8.61000,670320.00000,1.86000,0.00000,0.00000,1.00000
-635579.98746,-885561.87166,203.74800,390363745.28969,9.38000,2115176.00000,1.74000,0.00000,0.00000,1.00000
-637477.21562,-885084.74594,205.73100,390363745.33637,10.22000,3529647.00000,2.41000,0.00000,0.00000,1.00000
-636810.55117,-885703.71810,200.64700,390363745.38304,10.72000,1202563.00000,3.49000,0.00000,0.00000,1.00000
-636534.52651,-886155.66873,197.84300,390363745.42971,11.41000,488108.00000,7.61000,0.00000,0.00000,1.00000
-635834.77413,-886788.74888,192.77500,390363745.47638,11.66000,337046.00000,7.25000,0.00000,0.00000,1.00000
-635223.39129,-887384.02195,188.22000,390363745.52305,11.46000,344782.00000,4.90000,0.00000,0.00000,1.00000
-637196.23820,-886874.68888,193.89700,390363745.56972,11.87000,627841.00000,4.41000,0.00000,0.00000,1.00000
-635989.75767,-887724.34197,179.25200,390363745.61640,12.69000,1384916.00000,5.68000,0.00000,0.00000,1.00000
-633248.11371,-889230.05410,181.32900,390363745.66307,13.33000,5867485.00000,6.09000,0.00000,0.00000,1.00000
-633289.14955,-889546.42353,181.12100,390363745.70974,13.59000,4980252.00000,4.65000,0.00000,0.00000,1.00000
-633421.96111,-889823.58915,180.38400,390363745.75641,13.62000,5677132.00000,5.33000,0.00000,0.00000,1.00000
-633398.22392,-890167.65521,179.71000,390363745.80309,14.01000,682112.00000,6.40000,0.00000,0.00000,1.00000
-633336.68897,-890527.85962,179.99900,390363745.84976,14.37000,1628775.00000,6.32000,0.00000,0.00000,1.00000
-635504.64224,-889935.33903,178.63800,390363745.89643,14.35000,1345546.00000,6.64000,0.00000,0.00000,1.00000
-637756.93492,-889306.72345,188.28400,390363745.94310,14.09000,866843.00000,8.08000,0.00000,0.00000,1.00000
-638020.02451,-889528.26335,185.17200,390363745.98977,13.91000,2468510.00000,6.95000,0.00000,0.00000,1.00000
-637115.04597,-890248.97757,175.48600,390363746.03645,14.30000,1295252.00000,6.86000,0.00000,0.00000,1.00000
-636872.67786,-890686.49932,172.04600,390363746.08312,14.86000,1674671.00000,7.58000,0.00000,0.00000,1.00000
-636742.99408,-891075.86328,169.97000,390363746.12979,15.41000,907810.00000,10.04000,0.00000,0.00000,1.00000
-636056.57665,-891703.12173,166.93800,390363746.17647,15.11000,722327.00000,13.09000,0.00000,0.00000,1.00000
-635669.09293,-892202.63711,167.33000,390363746.22314,14.39000,531927.00000,7.22000,0.00000,0.00000,1.00000
-633539.18598,-893446.56843,178.69700,390363746.26981,13.33000,380347.00000,5.97000,0.00000,0.00000,1.00000
-635426.53287,-892974.15147,181.25400,390363746.31648,12.63000,785174.00000,4.84000,0.00000,0.00000,1.00000
-636043.16446,-893044.61704,187.75100,390363746.36316,13.13000,388712.00000,6.63000,0.00000,0.00000,1.00000
-636350.06890,-893247.44603,189.79800,390363746.40983,13.19000,508011.00000,5.96000,0.00000,0.00000,1.00000
-636555.74709,-893493.51164,189.49600,390363746.45650,12.84000,472445.00000,4.75000,0.00000,0.00000,1.00000
-636374.07703,-893905.07138,183.57300,390363746.50318,12.38000,1748142.00000,3.80000,0.00000,0.00000,1.00000
-635434.53213,-894640.39308,167.11400,390363746.54985,12.45000,2689045.00000,4.73000,0.00000,0.00000,1.00000
-635005.14476,-895157.74455,167.18500,390363746.59652,12.21000,295696.00000,6.48000,0.00000,0.00000,1.00000
-634866.60646,-895550.85119,155.35700,390363746.64320,12.99000,1039495.00000,4.69000,0.00000,0.00000,1.00000
-633167.04040,-896610.70875,161.81600,390363746.68987,15.02000,341411.00000,7.46000,0.00000,0.00000,1.00000
-634344.55195,-896441.67982,160.30400,390363746.73654,14.67000,265790.00000,9.06000,0.00000,0.00000,1.00000
-633381.95204,-897186.71709,165.68600,390363746.78322,14.75000,187427.00000,8.74000,0.00000,0.00000,1.00000
-634446.08007,-897066.14029,160.86500,390363746.82989,15.25000,224631.00000,10.63000,0.00000,0.00000,1.00000
-635332.04058,-897021.64697,160.16700,390363746.87656,15.32000,350567.00000,7.65000,0.00000,0.00000,1.00000
-635529.60053,-897271.18627,160.95400,390363746.92324,15.36000,334946.00000,7.69000,0.00000,0.00000,1.00000
-635670.46487,-897544.94684,162.46700,390363746.96991,15.31000,445699.00000,7.62000,0.00000,0.00000,1.00000
-635334.83192,-898022.20577,165.91700,390363747.01658,15.04000,472209.00000,7.15000,0.00000,0.00000,1.00000
-635564.77997,-898257.90969,167.07400,390363747.06325,14.82000,517263.00000,6.76000,0.00000,0.00000,1.00000
-636738.95072,-898090.36801,164.52900,390363747.10993,14.54000,1407253.00000,5.50000,0.00000,0.00000,1.00000
-636839.99516,-898381.14409,171.25200,390363747.15660,13.56000,4726900.00000,3.76000,0.00000,0.00000,1.00000
-636685.90893,-898780.86076,181.78300,390363747.20327,12.50000,3528807.00000,3.30000,0.00000,0.00000,1.00000
-636275.36467,-899290.10692,192.14200,390363747.24994,12.55000,12011863.00000,2.93000,0.00000,0.00000,1.00000
-636923.75591,-899347.13147,193.41800,390363747.29661,12.69000,224551.00000,7.65000,0.00000,0.00000,1.00000
-638222.10129,-899126.60552,196.12600,390363747.34329,12.42000,468813.00000,4.83000,0.00000,0.00000,1.00000
-638750.35434,-899234.94189,201.30300,390363747.38996,11.78000,386113.00000,3.54000,0.00000,0.00000,1.00000
-639030.92020,-899449.07164,204.44600,390363747.43663,11.38000,1125012.00000,3.77000,0.00000,0.00000,1.00000
-639005.74803,-899793.75846,203.03600,390363747.48330,11.53000,430144.00000,3.49000,0.00000,0.00000,1.00000
-639247.16107,-900024.59651,203.56200,390363747.52997,11.81000,922677.00000,5.76000,0.00000,0.00000,1.00000
-639441.33769,-900275.62354,204.59400,390363747.57664,11.32000,460883.00000,4.70000,0.00000,0.00000,1.00000
-639374.97697,-900637.89411,207.16000,390363747.62331,10.48000,1651177.00000,2.73000,0.00000,0.00000,1.00000
-639290.39151,-901007.94579,209.88200,390363747.66998,9.92000,2881903.00000,1.95000,0.00000,0.00000,1.00000
-636771.58861,-905422.40710,196.33200,390363748.13669,8.42000,2366035.00000,1.88000,0.00000,0.00000,1.00000
-615858.21419,-885349.29875,146.74900,390536397.22323,15.14000,852359.00000,5.05000,0.00000,0.00000,1.00000
-615834.10346,-885691.42204,144.92600,390536397.26998,15.54000,466175.00000,7.00000,0.00000,0.00000,1.00000
-615845.99776,-886018.77115,143.83800,390536397.31672,15.74000,1329902.00000,5.07000,0.00000,0.00000,1.00000
-615737.58222,-886395.42379,143.39800,390536397.36347,15.87000,679110.00000,5.97000,0.00000,0.00000,1.00000
-615814.04294,-886696.32059,143.43400,390536397.41021,15.90000,404182.00000,6.91000,0.00000,0.00000,1.00000
-616103.92407,-886909.76767,145.81200,390536397.45696,15.13000,301235.00000,5.36000,0.00000,0.00000,1.00000
-616196.69087,-887203.98021,147.98800,390536397.50371,14.71000,178863.00000,5.19000,0.00000,0.00000,1.00000
-616207.21045,-887531.89762,150.54700,390536397.55045,14.37000,353155.00000,5.32000,0.00000,0.00000,1.00000
-616255.79157,-887844.21991,152.54700,390536397.59720,14.04000,168252.00000,5.53000,0.00000,0.00000,1.00000
-616326.11926,-888147.62553,154.84700,390536397.64394,13.98000,220342.00000,6.89000,0.00000,0.00000,1.00000
-616271.38100,-888502.27950,156.39600,390536397.69069,14.02000,148494.00000,8.79000,0.00000,0.00000,1.00000
-616186.72551,-888869.17651,156.81600,390536397.73743,13.94000,267184.00000,6.32000,0.00000,0.00000,1.00000
-616127.22253,-889225.77632,157.10700,390536397.78418,13.94000,372245.00000,5.20000,0.00000,0.00000,1.00000
-616025.56767,-889599.63522,156.37800,390536397.83092,14.08000,303405.00000,5.90000,0.00000,0.00000,1.00000
-616007.52012,-889939.24716,156.03300,390536397.87767,14.65000,294675.00000,7.05000,0.00000,0.00000,1.00000
-615958.88078,-890291.39376,156.19100,390536397.92441,14.75000,790457.00000,6.23000,0.00000,0.00000,1.00000
-616417.32339,-890435.79864,152.01400,390536397.97116,14.91000,1631038.00000,7.30000,0.00000,0.00000,1.00000
-616404.69890,-890773.18307,153.10500,390536398.01790,15.32000,108887.00000,13.69000,0.00000,0.00000,1.00000
-617357.33352,-890715.16619,154.32100,390536398.06464,15.30000,55960.00000,15.93000,0.00000,0.00000,1.00000
-617599.62460,-890948.13796,154.30100,390536398.11139,14.31000,67583.00000,11.51000,0.00000,0.00000,1.00000
-617298.10331,-891403.87081,152.48200,390536398.15813,14.37000,151835.00000,8.38000,0.00000,0.00000,1.00000
-617149.51217,-891796.94026,150.59600,390536398.20488,14.71000,183284.00000,9.38000,0.00000,0.00000,1.00000
-617472.01588,-891997.06796,151.66800,390536398.25162,13.92000,527790.00000,7.72000,0.00000,0.00000,1.00000
-618256.08751,-892008.12923,152.52900,390536398.29836,12.86000,1297063.00000,5.23000,0.00000,0.00000,1.00000
-618424.27377,-892271.47420,155.70200,390536398.34511,10.90000,703273.00000,3.12000,0.00000,0.00000,1.00000
-617986.07123,-892783.16382,164.35200,390536398.39185,9.29000,5417310.00000,1.41000,0.00000,0.00000,1.00000
-618822.48224,-892772.82097,169.07400,390536398.43860,8.88000,5168257.00000,1.15000,0.00000,0.00000,1.00000
-618129.35541,-893388.92222,187.52800,390536398.48534,8.70000,291823.00000,1.86000,0.00000,0.00000,1.00000
-618576.23602,-893538.11266,188.25400,390536398.53209,8.67000,1135520.00000,1.52000,0.00000,0.00000,1.00000
-618942.96195,-893720.15179,163.23700,390536398.57883,8.82000,3428370.00000,1.53000,0.00000,0.00000,1.00000
-618552.34085,-894212.35049,161.95900,390536398.62557,8.97000,2154952.00000,1.80000,0.00000,0.00000,1.00000
-619032.51808,-894347.92296,182.72000,390536398.67232,9.56000,312073.00000,2.79000,0.00000,0.00000,1.00000
-616773.06763,-895605.36719,156.49400,390536398.71906,9.98000,786113.00000,2.97000,0.00000,0.00000,1.00000
-617057.48228,-895821.11082,155.90300,390536398.76580,10.18000,1022437.00000,2.19000,0.00000,0.00000,1.00000
-619193.06270,-895278.82583,174.52400,390536398.81255,10.34000,1163531.00000,2.08000,0.00000,0.00000,1.00000
-619119.89500,-895641.00317,173.47700,390536398.85929,10.57000,1205603.00000,1.78000,0.00000,0.00000,1.00000
-622818.02731,-894458.83057,136.45800,390536398.90603,10.92000,3306260.00000,1.92000,0.00000,0.00000,1.00000
-621891.59363,-895170.49104,139.05000,390536398.95278,11.28000,4743442.00000,2.00000,0.00000,0.00000,1.00000
-621819.77464,-895532.13689,139.09700,390536398.99952,11.37000,2637039.00000,2.22000,0.00000,0.00000,1.00000
-618831.26680,-897088.05957,163.81100,390536399.04627,11.37000,738191.00000,2.87000,0.00000,0.00000,1.00000
-618559.56011,-897531.52421,163.29700,390536399.09301,11.28000,149026.00000,3.68000,0.00000,0.00000,1.00000
-618281.03967,-897977.75495,164.68400,390536399.13975,11.29000,533325.00000,3.63000,0.00000,0.00000,1.00000
-618032.43597,-898411.74298,166.83600,390536399.18650,11.60000,892230.00000,1.79000,0.00000,0.00000,1.00000
-621679.62598,-897250.75797,129.30400,390536399.23324,12.20000,1232452.00000,2.33000,0.00000,0.00000,1.00000
-621956.58677,-897469.59986,129.40900,390536399.27999,12.56000,605652.00000,2.39000,0.00000,0.00000,1.00000
-621395.20310,-898031.69134,130.19200,390536399.32673,12.69000,1982724.00000,2.39000,0.00000,0.00000,1.00000
-621088.10386,-898489.65911,130.88600,390536399.37347,12.96000,847931.00000,3.38000,0.00000,0.00000,1.00000
-620644.32889,-899003.57026,133.42100,390536399.42022,13.05000,503153.00000,3.57000,0.00000,0.00000,1.00000
-619997.93951,-899600.42369,137.36000,390536399.46696,13.26000,509321.00000,3.38000,0.00000,0.00000,1.00000
-619114.24056,-900294.37225,142.65900,390536399.51371,13.85000,1175302.00000,4.38000,0.00000,0.00000,1.00000
-618250.25880,-900980.23201,147.75100,390536399.56045,14.27000,351418.00000,6.95000,0.00000,0.00000,1.00000
-619074.52778,-900975.06195,145.31600,390536399.60720,14.47000,171359.00000,10.56000,0.00000,0.00000,1.00000
-619602.35964,-901091.24047,144.09400,390536399.65394,13.88000,301270.00000,7.63000,0.00000,0.00000,1.00000
-619694.34335,-901385.80912,142.10600,390536399.70069,13.46000,275494.00000,5.98000,0.00000,0.00000,1.00000
-619599.33322,-901756.90858,138.75700,390536399.74743,13.14000,337749.00000,4.93000,0.00000,0.00000,1.00000
-618958.98533,-902351.19791,136.18400,390536399.79418,13.80000,216490.00000,5.39000,0.00000,0.00000,1.00000
-618537.57334,-902855.87848,133.99800,390536399.84092,15.11000,307705.00000,7.76000,0.00000,0.00000,1.00000
-618696.84913,-903122.90033,131.77800,390536399.88767,16.01000,396786.00000,12.18000,0.00000,0.00000,1.00000
-619902.64024,-902961.66645,128.30300,390536399.93442,16.42000,64817.00000,14.87000,0.00000,0.00000,1.00000
-620205.41446,-903169.98364,128.90700,390536399.98116,15.85000,131872.00000,11.04000,0.00000,0.00000,1.00000
-620074.35165,-903555.84705,128.76500,390536400.02791,15.35000,316701.00000,6.65000,0.00000,0.00000,1.00000
-620058.19604,-903894.67455,128.15000,390536400.07465,15.38000,280406.00000,9.97000,0.00000,0.00000,1.00000
-620293.64788,-904130.55463,127.61300,390536400.12140,15.40000,1386660.00000,6.77000,0.00000,0.00000,1.00000
-620217.64337,-904493.86893,126.51200,390536400.16815,16.08000,825500.00000,7.83000,0.00000,0.00000,1.00000
-620535.38268,-904696.09326,125.98100,390536400.21489,16.59000,498969.00000,12.10000,0.00000,0.00000,1.00000
-621157.76254,-904773.63921,126.93000,390536400.26164,15.83000,473497.00000,7.93000,0.00000,0.00000,1.00000
-621274.21168,-905058.22958,126.90800,390536400.30838,14.77000,2520527.00000,5.50000,0.00000,0.00000,1.00000
-622546.70775,-904869.77337,125.61200,390536400.35513,14.40000,2279860.00000,5.27000,0.00000,0.00000,1.00000
-619827.44264,-906314.62249,141.99400,390536400.40188,13.74000,2763885.00000,5.35000,0.00000,0.00000,1.00000
-620861.91694,-906223.60649,140.01600,390536400.44862,13.33000,854309.00000,6.86000,0.00000,0.00000,1.00000
-621975.28781,-906100.30807,142.43900,390536400.49537,13.46000,640174.00000,4.95000,0.00000,0.00000,1.00000
-622284.17591,-906306.15805,145.96500,390536400.54211,13.93000,1808229.00000,5.59000,0.00000,0.00000,1.00000
-621374.45848,-907010.59077,154.52800,390536400.58886,14.43000,1691727.00000,4.66000,0.00000,0.00000,1.00000
-624986.95509,-905864.78757,146.84200,390536400.63561,14.87000,1329673.00000,7.20000,0.00000,0.00000,1.00000
-622171.73826,-907348.85380,151.13700,390536400.68235,14.93000,638826.00000,7.03000,0.00000,0.00000,1.00000
-622619.35312,-907497.96631,150.43400,390536400.72910,14.01000,265654.00000,7.73000,0.00000,0.00000,1.00000
-622867.02658,-907728.86445,149.84900,390536400.77584,13.38000,292828.00000,7.01000,0.00000,0.00000,1.00000
-622888.24676,-908052.41791,147.43600,390536400.82259,13.54000,1329832.00000,4.81000,0.00000,0.00000,1.00000
-623342.66559,-908198.75788,144.70600,390536400.86933,13.96000,468674.00000,8.60000,0.00000,0.00000,1.00000
-624430.91284,-908085.81296,147.93300,390536400.91608,13.87000,180589.00000,8.15000,0.00000,0.00000,1.00000
-623985.60084,-908600.21954,149.59500,390536400.96282,13.81000,180656.00000,9.63000,0.00000,0.00000,1.00000
-623929.96339,-908955.21412,148.86300,390536401.00957,13.54000,259210.00000,8.01000,0.00000,0.00000,1.00000
-623792.72024,-909343.59891,146.04300,390536401.05631,12.76000,168867.00000,8.94000,0.00000,0.00000,1.00000
-624105.68979,-909547.82248,142.87400,390536401.10306,11.60000,98560.00000,9.79000,0.00000,0.00000,1.00000
-624029.64510,-909911.17582,140.65800,390536401.14980,10.30000,289977.00000,8.08000,0.00000,0.00000,1.00000
-623843.40957,-910319.58169,138.20900,390536401.19655,8.81000,281479.00000,7.60000,0.00000,0.00000,1.00000
-623925.13526,-910618.38686,136.92500,390536401.24329,7.25000,294393.00000,5.17000,0.00000,0.00000,1.00000
-624083.03480,-910886.04261,136.75100,390536401.29004,6.65000,1870704.00000,3.32000,0.00000,0.00000,1.00000
-624310.98636,-911125.05091,135.93200,390536401.33678,8.83000,903103.00000,4.36000,0.00000,0.00000,1.00000
-624462.07963,-911395.48974,138.50500,390536401.38353,11.61000,1213150.00000,7.26000,0.00000,0.00000,1.00000
-624561.48497,-911687.07511,140.52100,390536401.43027,12.59000,215817.00000,7.49000,0.00000,0.00000,1.00000
-624703.73729,-911961.14142,141.44200,390536401.47702,12.28000,180400.00000,10.23000,0.00000,0.00000,1.00000
-624822.85615,-912244.65708,141.23000,390536401.52376,10.58000,531198.00000,8.63000,0.00000,0.00000,1.00000
-624903.21587,-912544.04510,139.65700,390536401.57051,9.87000,623939.00000,5.97000,0.00000,0.00000,1.00000
-626252.73156,-912324.39353,138.20400,390536401.61725,11.14000,151392.00000,8.78000,0.00000,0.00000,1.00000
-626422.19109,-912587.35056,138.73300,390536401.66400,12.13000,259387.00000,9.59000,0.00000,0.00000,1.00000
-627207.86767,-912598.30027,143.28500,390536401.71074,11.44000,833332.00000,5.49000,0.00000,0.00000,1.00000
-627760.92181,-912704.39026,149.83200,390536401.75749,11.04000,303586.00000,6.78000,0.00000,0.00000,1.00000
-627189.68464,-913270.25346,149.42900,390536401.80423,10.59000,156537.00000,6.63000,0.00000,0.00000,1.00000
-627251.00011,-913577.45124,150.29900,390536401.85098,9.39000,233280.00000,5.36000,0.00000,0.00000,1.00000
-627612.93515,-913761.69773,151.32100,390536401.89772,8.14000,453844.00000,3.30000,0.00000,0.00000,1.00000
-604187.58450,-901493.00662,136.59800,390709052.10649,13.34000,162344.00000,9.82000,0.00000,0.00000,1.00000
-605533.07794,-901296.41936,141.36300,390709052.15330,13.40000,741383.00000,5.97000,0.00000,0.00000,1.00000
-605528.96784,-901628.63516,142.34800,390709052.20011,13.18000,1217269.00000,7.94000,0.00000,0.00000,1.00000
-605355.72228,-902027.11097,141.69500,390709052.24692,12.51000,3614131.00000,6.08000,0.00000,0.00000,1.00000
-604736.70829,-902600.24115,141.59100,390709052.29373,12.04000,4779183.00000,4.06000,0.00000,0.00000,1.00000
-604568.25184,-902996.83051,133.76600,390709052.34055,11.23000,2786600.00000,3.40000,0.00000,0.00000,1.00000
-604663.41256,-903290.14767,137.02000,390709052.38736,10.58000,2555992.00000,2.82000,0.00000,0.00000,1.00000
-605457.01292,-903309.82852,143.68100,390709052.43417,10.14000,731760.00000,2.51000,0.00000,0.00000,1.00000
-606169.81240,-903361.17940,150.75000,390709052.48098,9.95000,2071201.00000,2.21000,0.00000,0.00000,1.00000
-605285.74960,-904038.12458,164.43000,390709052.52779,9.90000,3255696.00000,2.22000,0.00000,0.00000,1.00000
-606190.99554,-904014.10170,155.15500,390709052.57461,10.30000,1078174.00000,3.35000,0.00000,0.00000,1.00000
-606177.27052,-904350.08148,157.63300,390709052.62142,10.43000,769539.00000,3.65000,0.00000,0.00000,1.00000
-607286.55662,-904246.14041,162.26600,390709052.66823,10.35000,3155938.00000,3.89000,0.00000,0.00000,1.00000
-607338.56694,-904556.38102,165.32800,390709052.71504,10.27000,547871.00000,2.81000,0.00000,0.00000,1.00000
-607253.63488,-904920.27341,165.83100,390709052.76185,10.19000,774416.00000,3.28000,0.00000,0.00000,1.00000
-607066.66670,-905324.12550,164.42300,390709052.80867,10.57000,300985.00000,2.81000,0.00000,0.00000,1.00000
-606961.86262,-905695.77782,163.34700,390709052.85548,10.93000,301159.00000,2.50000,0.00000,0.00000,1.00000
-606872.81068,-906061.26426,160.85400,390709052.90229,11.03000,683072.00000,2.04000,0.00000,0.00000,1.00000
-606813.19631,-906415.21854,158.80500,390709052.94910,10.81000,754666.00000,2.75000,0.00000,0.00000,1.00000
-606808.36742,-906747.72291,156.97900,390709052.99591,10.62000,728734.00000,2.37000,0.00000,0.00000,1.00000
-606554.26728,-907177.84831,151.69000,390709053.04273,11.29000,7264595.00000,2.73000,0.00000,0.00000,1.00000
-606466.56381,-907542.79310,145.04700,390709053.08954,12.20000,4349429.00000,3.71000,0.00000,0.00000,1.00000
-606580.19165,-907828.89303,140.84500,390709053.13635,13.44000,867051.00000,7.24000,0.00000,0.00000,1.00000
-606147.31432,-908329.01268,139.13300,390709053.18316,14.05000,325376.00000,9.97000,0.00000,0.00000,1.00000
-606849.21175,-908384.74117,138.71100,390709053.22997,13.79000,292006.00000,10.69000,0.00000,0.00000,1.00000
-607438.80746,-908484.46110,137.91800,390709053.27679,13.37000,438583.00000,9.07000,0.00000,0.00000,1.00000
-607559.96000,-908767.62423,137.46200,390709053.32360,12.86000,908209.00000,7.66000,0.00000,0.00000,1.00000
-607903.00535,-908963.89743,139.13400,390709053.37041,12.08000,546031.00000,4.84000,0.00000,0.00000,1.00000
-607895.40212,-909297.47755,137.80700,390709053.41722,11.85000,1072101.00000,3.86000,0.00000,0.00000,1.00000
-608072.71815,-909558.65819,135.56500,390709053.46403,11.83000,1833513.00000,3.66000,0.00000,0.00000,1.00000
-607565.16004,-910088.00683,126.89800,390709053.51085,13.01000,669842.00000,6.86000,0.00000,0.00000,1.00000
-609364.96817,-909713.88321,130.42500,390709053.55766,14.47000,445107.00000,11.20000,0.00000,0.00000,1.00000
-609305.29944,-910067.87663,133.55300,390709053.60447,13.94000,297278.00000,8.72000,0.00000,0.00000,1.00000
-606900.55979,-911340.04254,129.28400,390709053.65128,13.66000,408235.00000,10.82000,0.00000,0.00000,1.00000
-605934.75111,-912048.73760,135.76000,390709053.69810,13.38000,430632.00000,7.55000,0.00000,0.00000,1.00000
-606828.45337,-912029.47311,136.28200,390709053.74491,13.24000,578770.00000,7.72000,0.00000,0.00000,1.00000
-607469.42304,-912109.13870,136.49400,390709053.79172,13.05000,268988.00000,8.89000,0.00000,0.00000,1.00000
-608367.24197,-912088.26332,138.47000,390709053.83854,12.51000,345553.00000,8.59000,0.00000,0.00000,1.00000
-608782.19284,-912256.42100,141.23900,390709053.88535,11.42000,541983.00000,5.24000,0.00000,0.00000,1.00000
-608859.48570,-912556.77957,143.83700,390709053.93216,11.05000,1094437.00000,5.19000,0.00000,0.00000,1.00000
-608949.80037,-912852.04687,143.81800,390709053.97897,11.23000,1305446.00000,5.06000,0.00000,0.00000,1.00000
-609283.94838,-913051.85141,139.81000,390709054.02579,11.68000,447196.00000,7.63000,0.00000,0.00000,1.00000
-609820.14415,-913172.56034,139.56300,390709054.07260,12.58000,109498.00000,9.99000,0.00000,0.00000,1.00000
-609760.44724,-913526.55040,140.50600,390709054.11941,12.11000,446175.00000,7.54000,0.00000,0.00000,1.00000
-609413.75376,-913992.87750,144.33300,390709054.16622,11.67000,424758.00000,5.83000,0.00000,0.00000,1.00000
-609520.48354,-914281.71502,147.95700,390709054.21303,11.80000,320379.00000,5.68000,0.00000,0.00000,1.00000
-609280.63681,-914706.20899,150.81300,390709054.25985,11.81000,864721.00000,6.12000,0.00000,0.00000,1.00000
-609346.27340,-915011.13158,149.32300,390709054.30666,12.13000,296177.00000,7.00000,0.00000,0.00000,1.00000
-609261.90681,-915374.76296,146.70200,390709054.35347,12.35000,179248.00000,7.43000,0.00000,0.00000,1.00000
-609243.28317,-915712.65575,144.62800,390709054.40028,12.51000,167661.00000,7.94000,0.00000,0.00000,1.00000
-609334.93935,-916007.39230,145.26700,390709054.44709,12.33000,525196.00000,6.60000,0.00000,0.00000,1.00000
-609094.38472,-916432.14957,146.16600,390709054.49391,11.92000,275471.00000,5.36000,0.00000,0.00000,1.00000
