-640905.03359,-890715.85568,185.26800,362810278.22544,12.99000,215941.00000,7.27000,0.00000,0.00000,0.00000
-640285.94779,-890947.29996,184.46200,362810278.27185,12.91000,208344.00000,6.81000,0.00000,0.00000,0.00000
-639516.87654,-891345.55371,184.88900,362810278.31826,12.87000,228616.00000,6.36000,0.00000,0.00000,0.00000
-639060.96134,-891395.50319,184.84100,362810278.36467,12.68000,280338.00000,5.05000,0.00000,0.00000,0.00000
-638560.08741,-891495.42798,184.13300,362810278.41107,12.40000,403025.00000,4.55000,0.00000,0.00000,0.00000
-638037.22817,-891619.80816,182.93700,362810278.45748,12.10000,403574.00000,3.62000,0.00000,0.00000,0.00000
-636376.41131,-888896.03008,174.15500,362810278.92156,10.94000,1157743.00000,1.85000,0.00000,0.00000,0.00000
-635875.06085,-888996.46639,172.49400,362810278.96797,11.23000,618210.00000,3.02000,0.00000,0.00000,0.00000
-635689.84402,-888745.38487,171.82100,362810279.01438,11.69000,1445443.00000,2.82000,0.00000,0.00000,0.00000
-635289.15364,-888733.88949,172.13600,362810279.06079,11.94000,1320066.00000,3.11000,0.00000,0.00000,0.00000
-635139.61383,-888443.13758,172.86700,362810279.10719,11.94000,319302.00000,3.88000,0.00000,0.00000,0.00000
-634608.46459,-888576.68404,174.77900,362810279.15360,11.82000,488202.00000,4.63000,0.00000,0.00000,0.00000
-634213.14885,-888559.17865,177.55600,362810279.20001,11.20000,1065309.00000,3.42000,0.00000,0.00000,0.00000
-637446.67170,-884506.94243,207.74900,362810279.24642,10.62000,2841778.00000,2.32000,0.00000,0.00000,0.00000
-637082.66687,-884454.70878,206.96000,362810279.29283,10.65000,1568079.00000,2.63000,0.00000,0.00000,0.00000
-637200.85763,-883866.31271,214.75100,362810279.33924,10.55000,2921994.00000,3.45000,0.00000,0.00000,0.00000
-636863.73629,-883784.21285,214.50800,362810279.38565,10.43000,2547073.00000,5.99000,0.00000,0.00000,0.00000
-636615.02864,-883603.76453,215.00600,362810279.43206,10.35000,266385.00000,8.29000,0.00000,0.00000,0.00000
-635530.88358,-884352.22218,214.15200,362810279.47847,10.95000,219301.00000,10.16000,0.00000,0.00000,0.00000
-635105.80318,-884367.86450,215.62500,362810279.52488,10.31000,264442.00000,9.77000,0.00000,0.00000,0.00000
-635473.68428,-883501.89367,218.90200,362810279.57129,9.55000,441500.00000,8.39000,0.00000,0.00000,0.00000
-634797.47873,-883796.72919,220.07400,362810279.61770,9.21000,188185.00000,7.68000,0.00000,0.00000,0.00000
-634285.92674,-883908.50304,221.03700,362810279.66411,8.44000,121365.00000,9.13000,0.00000,0.00000,0.00000
-634014.26864,-883753.57140,221.28500,362810279.71052,7.80000,566580.00000,6.02000,0.00000,0.00000,0.00000
-633723.07188,-883620.36621,221.46000,362810279.75693,7.88000,2868483.00000,3.21000,0.00000,0.00000,0.00000
-635184.51975,-880167.98420,204.39200,362810279.94257,9.27000,468824.00000,7.93000,0.00000,0.00000,0.00000
-634703.28733,-880246.09110,202.54600,362810279.98898,9.93000,847107.00000,9.76000,0.00000,0.00000,0.00000
-634276.80081,-879806.43967,202.55400,362810280.08180,10.80000,122315.00000,8.79000,0.00000,0.00000,0.00000
-633793.11716,-879887.24216,201.15300,362810280.12821,11.29000,104117.00000,6.80000,0.00000,0.00000,0.00000
-629139.12644,-884603.42798,139.77100,362810280.17462,11.78000,541051.00000,6.88000,0.00000,0.00000,0.00000
-633217.60770,-879613.22858,200.77600,362810280.22103,11.37000,97546.00000,4.78000,0.00000,0.00000,0.00000
-633076.93662,-879312.74404,201.34300,362810280.26744,11.23000,207214.00000,4.52000,0.00000,0.00000,0.00000
-629906.14192,-882380.25184,149.33700,362810280.31385,11.45000,375546.00000,3.96000,0.00000,0.00000,0.00000
-629226.43371,-879937.62799,177.96800,362810280.63873,10.28000,2752009.00000,1.56000,0.00000,0.00000,0.00000
-636383.27560,-906177.25742,193.33000,362982929.70408,8.21000,172142.00000,7.76000,0.00000,0.00000,0.00000
-636135.42246,-905994.48965,195.10100,362982929.75056,8.64000,410395.00000,7.77000,0.00000,0.00000,0.00000
-636239.60355,-905431.79100,196.72400,362982929.79703,7.15000,477714.00000,6.77000,0.00000,0.00000,0.00000
-636958.83313,-904205.30874,201.44900,362982929.84351,5.74000,276961.00000,3.70000,0.00000,0.00000,0.00000
-631446.91576,-909703.31460,141.27500,362982929.88998,4.96000,314056.00000,2.81000,0.00000,0.00000,0.00000
-631613.80307,-909072.97122,134.38600,362982929.93646,4.95000,777499.00000,4.66000,0.00000,0.00000,0.00000
-632056.22993,-908145.32947,130.02300,362982929.98293,4.99000,480807.00000,3.96000,0.00000,0.00000,0.00000
-632176.89179,-907564.88512,128.73100,362982930.02940,4.99000,508334.00000,4.71000,0.00000,0.00000,0.00000
-631644.57981,-907689.03220,129.85000,362982930.07588,5.21000,873426.00000,4.36000,0.00000,0.00000,0.00000
-631089.39030,-907837.85295,131.80700,362982930.12235,5.62000,1214165.00000,2.38000,0.00000,0.00000,0.00000
-632454.85744,-905914.25047,134.55800,362982930.16883,6.10000,410237.00000,4.25000,0.00000,0.00000,0.00000
-635939.40422,-901703.82024,194.20000,362982930.21531,6.90000,389440.00000,4.44000,0.00000,0.00000,0.00000
-635901.91155,-901294.08474,196.12300,362982930.26178,8.00000,278553.00000,4.41000,0.00000,0.00000,0.00000
-633169.44116,-903792.55837,149.82800,362982930.30826,9.31000,608141.00000,3.99000,0.00000,0.00000,0.00000
-632572.52159,-903986.45674,152.90700,362982930.35473,10.18000,417616.00000,4.75000,0.00000,0.00000,0.00000
-632350.06341,-903776.30644,158.68400,362982930.40121,10.37000,612007.00000,3.38000,0.00000,0.00000,0.00000
-634817.73022,-900663.36603,190.40600,362982930.44768,10.84000,4065122.00000,3.11000,0.00000,0.00000,0.00000
-634219.88790,-900858.32632,184.44500,362982930.49416,11.41000,1101389.00000,4.70000,0.00000,0.00000,0.00000
-633385.83903,-901308.15760,179.43700,362982930.54063,12.81000,278291.00000,7.94000,0.00000,0.00000,0.00000
-632702.43461,-901595.38938,176.83800,362982930.58711,13.16000,264496.00000,10.66000,0.00000,0.00000,0.00000
-632699.77868,-901148.08564,178.31300,362982930.63359,12.51000,341506.00000,6.95000,0.00000,0.00000,0.00000
-631463.40879,-902031.93171,172.19400,362982930.68006,12.06000,894834.00000,5.31000,0.00000,0.00000,0.00000
-630308.54936,-902827.76367,168.66300,362982930.72654,11.54000,752161.00000,3.83000,0.00000,0.00000,0.00000
-629891.15781,-902827.90897,165.65400,362982930.77302,11.44000,1953368.00000,2.95000,0.00000,0.00000,0.00000
-629165.93231,-903160.16096,162.34300,362982930.81949,11.39000,1206479.00000,2.88000,0.00000,0.00000,0.00000
-628697.80525,-903215.01820,159.54000,362982930.86597,11.26000,810254.00000,2.39000,0.00000,0.00000,0.00000
-628266.47838,-903230.18145,155.00900,362982930.91244,10.96000,775392.00000,1.82000,0.00000,0.00000,0.00000
-627296.02576,-903826.91038,153.05200,362982930.95892,10.76000,1583179.00000,1.94000,0.00000,0.00000,0.00000
-627262.06245,-903413.39103,147.87800,362982931.00540,10.41000,1116475.00000,1.70000,0.00000,0.00000,0.00000
-626757.10872,-903507.94870,143.48100,362982931.05187,10.25000,1790515.00000,2.23000,0.00000,0.00000,0.00000
-626182.50588,-903677.60619,138.94300,362982931.09835,10.10000,1689950.00000,2.51000,0.00000,0.00000,0.00000
-625788.43763,-903652.52299,131.86700,362982931.14483,10.08000,2211254.00000,2.65000,0.00000,0.00000,0.00000
-625303.84257,-903725.08327,125.81900,362982931.19130,10.40000,1512846.00000,4.05000,0.00000,0.00000,0.00000
-625629.51814,-902923.68394,117.14800,362982931.23778,11.14000,179134.00000,7.73000,0.00000,0.00000,0.00000
-625891.55332,-902190.93539,114.90500,362982931.28426,11.19000,689972.00000,4.62000,0.00000,0.00000,0.00000
-625706.44775,-901940.49744,117.23400,362982931.33073,11.58000,847664.00000,4.42000,0.00000,0.00000,0.00000
-625777.98496,-901413.24200,114.88200,362982931.37721,11.94000,278473.00000,5.21000,0.00000,0.00000,0.00000
-625561.03793,-901197.13394,115.24200,362982931.42369,11.98000,2114545.00000,3.20000,0.00000,0.00000,0.00000
-626836.75812,-899371.06739,118.35600,362982931.47016,12.09000,3362204.00000,2.41000,0.00000,0.00000,0.00000
-626187.10396,-899621.70635,120.50700,362982931.51664,12.18000,2197129.00000,2.54000,0.00000,0.00000,0.00000
-625906.00394,-899474.81694,120.37800,362982931.56312,12.23000,706167.00000,3.40000,0.00000,0.00000,0.00000
-626412.76211,-898478.17541,120.41000,362982931.60960,12.18000,577746.00000,2.70000,0.00000,0.00000,0.00000
-624838.95148,-899725.52106,120.84300,362982931.65608,12.12000,1815634.00000,2.17000,0.00000,0.00000,0.00000
-625331.80024,-898743.90496,120.91800,362982931.70255,12.14000,3270722.00000,2.07000,0.00000,0.00000,0.00000
-626452.32454,-897085.32440,131.87300,362982931.74903,12.31000,1597537.00000,2.72000,0.00000,0.00000,0.00000
-625494.81027,-897667.98158,127.84100,362982931.79551,12.68000,558266.00000,5.16000,0.00000,0.00000,0.00000
-624169.20354,-898647.57155,129.84700,362982931.84199,13.35000,5607305.00000,5.36000,0.00000,0.00000,0.00000
-623511.57728,-898906.71280,132.08000,362982931.88847,14.19000,4661851.00000,5.73000,0.00000,0.00000,0.00000
-623118.56974,-898880.48301,134.11500,362982931.93495,14.50000,6622622.00000,4.74000,0.00000,0.00000,0.00000
-622896.16774,-898670.25926,133.91600,362982931.98143,14.65000,997247.00000,7.14000,0.00000,0.00000,0.00000
-622971.72177,-898138.74452,132.41800,362982932.02791,15.05000,1080609.00000,7.36000,0.00000,0.00000,0.00000
-623217.88383,-897423.24729,129.62100,362982932.07439,15.01000,789775.00000,7.40000,0.00000,0.00000,0.00000
-623441.16969,-896732.42807,127.24400,362982932.12087,15.30000,379186.00000,7.29000,0.00000,0.00000,0.00000
-623726.63449,-895974.56660,126.63400,362982932.16735,14.76000,423798.00000,8.24000,0.00000,0.00000,0.00000
-623179.45010,-896114.61994,126.54300,362982932.21383,14.48000,592056.00000,6.32000,0.00000,0.00000,0.00000
-622234.31960,-896683.75264,126.93700,362982932.26031,13.99000,1064121.00000,4.72000,0.00000,0.00000,0.00000
-623541.97653,-894823.66945,137.09100,362982932.30679,13.82000,8536928.00000,5.50000,0.00000,0.00000,0.00000
-622965.45807,-894995.35281,137.16500,362982932.35327,14.03000,2420678.00000,7.10000,0.00000,0.00000,0.00000
-622126.79981,-895449.68681,137.83700,362982932.39975,13.89000,538420.00000,7.56000,0.00000,0.00000,0.00000
-620780.26686,-896451.59651,142.71400,362982932.44623,13.71000,302436.00000,6.61000,0.00000,0.00000,0.00000
-620228.59385,-896596.40436,145.19100,362982932.49271,13.16000,1565415.00000,5.11000,0.00000,0.00000,0.00000
-619837.60072,-896567.96301,150.28700,362982932.53919,12.81000,504732.00000,3.36000,0.00000,0.00000,0.00000
-619911.71882,-896038.09255,151.15700,362982932.58567,12.14000,2284296.00000,2.72000,0.00000,0.00000,0.00000
-620533.98659,-894917.20795,149.13700,362982932.63215,11.45000,1131585.00000,2.93000,0.00000,0.00000,0.00000
-619444.66868,-895641.70902,171.81400,362982932.67863,10.63000,1536104.00000,3.06000,0.00000,0.00000,0.00000
-619774.94528,-894835.67049,170.72200,362982932.72511,9.97000,3228863.00000,2.72000,0.00000,0.00000,0.00000
-619809.76198,-894348.18330,173.62500,362982932.77159,9.90000,1496313.00000,1.98000,0.00000,0.00000,0.00000
-619455.11270,-894280.59648,180.19400,362982932.81807,10.05000,1280465.00000,2.14000,0.00000,0.00000,0.00000
-619301.91074,-893995.82658,181.60500,362982932.86455,9.93000,2095323.00000,2.20000,0.00000,0.00000,0.00000
-623252.29448,-889286.72436,162.60500,362982932.91103,9.88000,1966826.00000,2.22000,0.00000,0.00000,0.00000
-622317.21247,-889845.06128,159.39400,362982932.95750,10.23000,464663.00000,3.59000,0.00000,0.00000,0.00000
-621090.13630,-890718.16191,155.55900,362982933.00398,10.61000,595249.00000,4.96000,0.00000,0.00000,0.00000
-620202.77028,-891224.96262,155.87500,362982933.05046,10.90000,427157.00000,5.47000,0.00000,0.00000,0.00000
-619826.23990,-891180.98633,155.96600,362982933.09694,11.58000,279416.00000,9.25000,0.00000,0.00000,0.00000
-620024.73476,-890517.09753,156.94800,362982933.14342,11.30000,242008.00000,11.26000,0.00000,0.00000,0.00000
-620163.04100,-889918.10765,159.60600,362982933.18990,10.40000,1195033.00000,5.33000,0.00000,0.00000,0.00000
-618459.38818,-891304.83883,153.51500,362982933.23638,11.03000,1707400.00000,5.25000,0.00000,0.00000,0.00000
-617937.59826,-891417.41876,151.99600,362982933.28286,11.68000,1715560.00000,6.05000,0.00000,0.00000,0.00000
-619077.76920,-889738.46534,158.63400,362982933.32934,12.11000,2218879.00000,3.95000,0.00000,0.00000,0.00000
-618554.01643,-889853.20180,156.07400,362982933.37582,12.42000,656428.00000,4.57000,0.00000,0.00000,0.00000
-618042.19566,-889955.05974,154.16700,362982933.42230,12.70000,287781.00000,7.39000,0.00000,0.00000,0.00000
-617996.97715,-889553.94304,153.97900,362982933.46878,13.00000,110060.00000,6.87000,0.00000,0.00000,0.00000
-617661.24787,-889465.97026,154.43700,362982933.51526,13.46000,190724.00000,6.58000,0.00000,0.00000,0.00000
-617133.50941,-889584.97858,155.28200,362982933.56174,13.86000,370836.00000,5.65000,0.00000,0.00000,0.00000
-616901.25115,-889385.46800,156.13500,362982933.60823,14.31000,580990.00000,8.23000,0.00000,0.00000,0.00000
-616716.74800,-889134.47764,156.20500,362982933.65471,14.55000,157338.00000,7.41000,0.00000,0.00000,0.00000
-616478.53579,-888941.40899,156.77200,362982933.70119,14.20000,261430.00000,5.55000,0.00000,0.00000,0.00000
-616221.40319,-888768.69673,156.89000,362982933.74767,14.11000,325860.00000,4.54000,0.00000,0.00000,0.00000
-615953.83622,-888607.25243,155.64600,362982933.79415,14.20000,1767385.00000,4.30000,0.00000,0.00000,0.00000
-615668.85643,-888464.56832,153.83200,362982933.84063,14.00000,1741661.00000,3.37000,0.00000,0.00000,0.00000
-615478.39263,-888220.00105,151.06700,362982933.88712,14.15000,3507694.00000,3.16000,0.00000,0.00000,0.00000
-615340.67642,-887918.61812,148.44900,362982933.93360,14.41000,4423060.00000,3.31000,0.00000,0.00000,0.00000
-615193.01055,-887627.95050,144.55500,362982933.98008,14.60000,1502289.00000,3.66000,0.00000,0.00000,0.00000
-615166.73763,-887206.46586,142.56300,362982934.02656,14.72000,484170.00000,5.41000,0.00000,0.00000,0.00000
-615405.11904,-886499.73473,142.61200,362982934.07304,14.80000,206925.00000,7.21000,0.00000,0.00000,0.00000
-615761.39939,-885665.94474,145.01300,362982934.11953,14.51000,126942.00000,5.30000,0.00000,0.00000,0.00000
-615813.73159,-885159.76124,146.22100,362982934.16601,14.37000,997937.00000,3.34000,0.00000,0.00000,0.00000
-620015.11547,-916380.51846,137.11600,363155583.02039,14.22000,179328.00000,12.19000,0.00000,0.00000,0.00000
-619771.28385,-916192.11920,137.54600,363155583.06694,14.23000,83655.00000,11.98000,0.00000,0.00000,0.00000
-619382.75049,-916155.20052,138.59700,363155583.11348,14.27000,88660.00000,14.64000,0.00000,0.00000,0.00000
-618566.13175,-916566.27689,141.63000,363155583.16003,14.58000,86332.00000,18.48000,0.00000,0.00000,0.00000
-618142.68190,-916565.87499,143.16100,363155583.20658,14.37000,144029.00000,14.43000,0.00000,0.00000,0.00000
-618930.10192,-915298.24038,139.16000,363155583.25313,14.20000,195088.00000,12.85000,0.00000,0.00000,0.00000
-619030.37198,-914749.75305,138.30700,363155583.29967,13.66000,270572.00000,10.64000,0.00000,0.00000,0.00000
-618758.22110,-914591.01458,137.89600,363155583.34622,13.38000,197169.00000,8.95000,0.00000,0.00000,0.00000
-618404.09927,-914518.06229,137.29400,363155583.39277,13.01000,252858.00000,9.07000,0.00000,0.00000,0.00000
-618370.79295,-914109.37829,136.59600,363155583.43931,12.72000,170886.00000,7.87000,0.00000,0.00000,0.00000
-619020.08493,-912986.33886,137.15800,363155583.48586,12.70000,252611.00000,6.04000,0.00000,0.00000,0.00000
-619595.49473,-911940.64039,142.47200,363155583.53241,12.45000,2192613.00000,4.23000,0.00000,0.00000,0.00000
-619418.48511,-911682.36771,145.72000,363155583.57896,12.64000,1059724.00000,3.73000,0.00000,0.00000,0.00000
-614866.91171,-916001.81022,138.44700,363155583.62550,12.67000,793022.00000,3.25000,0.00000,0.00000,0.00000
-618538.76903,-911716.02195,151.97500,363155583.67205,12.48000,1677980.00000,2.70000,0.00000,0.00000,0.00000
-617914.97462,-911925.29955,155.43700,363155583.71860,12.28000,1185323.00000,2.42000,0.00000,0.00000,0.00000
-617268.41262,-912158.38771,157.74200,363155583.76515,12.05000,2675563.00000,2.81000,0.00000,0.00000,0.00000
-616767.07685,-912239.50678,159.42100,363155583.81169,12.08000,640787.00000,3.81000,0.00000,0.00000,0.00000
-616396.28911,-912184.01327,159.66600,363155583.85824,12.22000,1252636.00000,3.71000,0.00000,0.00000,0.00000
-616006.78208,-912148.10674,158.50000,363155583.90479,12.38000,857092.00000,3.76000,0.00000,0.00000,0.00000
-615766.03633,-911956.52081,156.77100,363155583.95133,12.69000,627567.00000,5.52000,0.00000,0.00000,0.00000
-615896.20733,-911376.84197,154.91400,363155583.99788,13.30000,120087.00000,11.44000,0.00000,0.00000,0.00000
-616348.72632,-910459.91196,155.67700,363155584.04443,12.70000,288040.00000,7.75000,0.00000,0.00000,0.00000
-615810.45708,-910579.65796,155.08800,363155584.09097,12.33000,263760.00000,4.36000,0.00000,0.00000,0.00000
-614193.31625,-911828.17240,154.05900,363155584.13752,12.24000,499306.00000,5.99000,0.00000,0.00000,0.00000
-614250.63845,-911324.73822,152.52900,363155584.18407,11.90000,347893.00000,5.84000,0.00000,0.00000,0.00000
-614165.77651,-910970.08753,153.33600,363155584.23062,11.45000,425384.00000,5.08000,0.00000,0.00000,0.00000
-614094.07546,-910601.67360,154.58200,363155584.27716,11.09000,265235.00000,5.15000,0.00000,0.00000,0.00000
-613850.82673,-910412.73012,155.58800,363155584.32371,10.62000,319971.00000,4.11000,0.00000,0.00000,0.00000
-613778.11505,-910045.37617,156.21000,363155584.37026,10.16000,1016726.00000,2.39000,0.00000,0.00000,0.00000
-613815.21089,-909563.13206,156.66900,363155584.41680,9.89000,1207840.00000,1.73000,0.00000,0.00000,0.00000
-613668.12144,-909273.60744,156.39100,363155584.46335,9.76000,3206034.00000,1.56000,0.00000,0.00000,0.00000
-610628.79604,-912009.63352,147.35800,363155584.50990,9.90000,3124492.00000,1.63000,0.00000,0.00000,0.00000
-613563.70373,-908496.02496,155.69500,363155584.55645,10.37000,3360970.00000,1.79000,0.00000,0.00000,0.00000
-610717.70971,-911029.78129,141.31900,363155584.60299,10.84000,1994470.00000,2.01000,0.00000,0.00000,0.00000
-613284.71608,-907901.08995,154.00800,363155584.64954,11.20000,5738084.00000,2.35000,0.00000,0.00000,0.00000
-613380.54153,-907357.45519,152.47100,363155584.69609,11.27000,383871.00000,3.81000,0.00000,0.00000,0.00000
-613689.40572,-906590.95966,156.00200,363155584.74264,11.35000,2495720.00000,2.69000,0.00000,0.00000,0.00000
-612465.45933,-907427.94944,143.87100,363155584.78918,11.19000,1708938.00000,2.15000,0.00000,0.00000,0.00000
-613271.77511,-906141.09767,160.95400,363155584.83573,11.07000,3759011.00000,2.08000,0.00000,0.00000,0.00000
-612930.38596,-906054.85683,159.82900,363155584.88228,11.02000,851583.00000,2.61000,0.00000,0.00000,0.00000
-612327.86974,-906241.75429,157.11400,363155584.92883,11.05000,500518.00000,5.21000,0.00000,0.00000,0.00000
-612079.59108,-906058.10372,158.42900,363155584.97538,10.98000,229221.00000,5.06000,0.00000,0.00000,0.00000
-611489.21568,-906232.28601,156.52400,363155585.02193,10.78000,1334749.00000,4.08000,0.00000,0.00000,0.00000
-611015.73854,-906284.17719,154.29000,363155585.06848,10.76000,1558257.00000,3.26000,0.00000,0.00000,0.00000
-610491.13864,-906389.52391,149.80900,363155585.11503,10.90000,1775887.00000,2.80000,0.00000,0.00000,0.00000
-610916.45450,-905501.31877,157.30100,363155585.16158,10.99000,3050495.00000,2.53000,0.00000,0.00000,0.00000
-610400.97689,-905597.13577,152.17600,363155585.20812,11.13000,313353.00000,5.36000,0.00000,0.00000,0.00000
-610246.33480,-905315.54158,150.30900,363155585.25467,11.31000,264293.00000,7.95000,0.00000,0.00000,0.00000
-609859.40022,-905276.90009,149.32900,363155585.30122,11.60000,289456.00000,8.49000,0.00000,0.00000,0.00000
-609384.40756,-905330.36061,150.10500,363155585.34777,11.48000,214391.00000,6.26000,0.00000,0.00000,0.00000
-608824.88853,-905472.19947,152.90300,363155585.39432,11.08000,274287.00000,4.57000,0.00000,0.00000,0.00000
-608729.96862,-905128.13104,155.36200,363155585.44087,10.80000,416467.00000,4.36000,0.00000,0.00000,0.00000
-608704.89919,-904711.03125,159.57400,363155585.48742,10.47000,312563.00000,3.06000,0.00000,0.00000,0.00000
-608675.28322,-904298.71206,163.41200,363155585.53397,10.27000,345880.00000,4.00000,0.00000,0.00000,0.00000
-608337.45276,-904208.71465,166.35200,363155585.58052,9.97000,226457.00000,3.19000,0.00000,0.00000,0.00000
-607954.07854,-904166.35227,166.00800,363155585.62707,9.75000,491329.00000,3.11000,0.00000,0.00000,0.00000
-607659.25464,-904031.34760,163.66800,363155585.67362,9.44000,346700.00000,2.53000,0.00000,0.00000,0.00000
-607603.82763,-903646.01129,160.03300,363155585.72017,9.63000,861634.00000,3.05000,0.00000,0.00000,0.00000
-607153.64676,-903673.50018,158.81300,363155585.76672,10.19000,375299.00000,4.33000,0.00000,0.00000,0.00000
-606505.06072,-903908.43528,160.08800,363155585.81327,10.43000,469448.00000,3.24000,0.00000,0.00000,0.00000
-606079.16901,-903910.50073,161.87600,363155585.85982,10.65000,390655.00000,3.31000,0.00000,0.00000,0.00000
-607113.93749,-902385.18556,143.28600,363155585.90637,10.95000,746748.00000,4.09000,0.00000,0.00000,0.00000
-606834.32363,-902234.31723,143.54800,363155585.95292,11.14000,254968.00000,5.73000,0.00000,0.00000,0.00000
-606674.65762,-901958.00824,144.38000,363155585.99947,11.10000,199836.00000,7.80000,0.00000,0.00000,0.00000
-606412.25642,-901789.13764,145.01700,363155586.04602,11.55000,257140.00000,8.06000,0.00000,0.00000,0.00000
-606134.67146,-901636.14313,144.40100,363155586.09257,11.84000,683824.00000,7.01000,0.00000,0.00000,0.00000
-605767.50323,-901576.81782,143.68400,363155586.13912,12.22000,377709.00000,7.14000,0.00000,0.00000,0.00000
-605887.23950,-901008.37706,141.94500,363155586.18567,12.55000,276936.00000,5.61000,0.00000,0.00000,0.00000
-606060.12056,-900384.37232,141.18200,363155586.23222,12.86000,365082.00000,6.60000,0.00000,0.00000,0.00000
-606035.10689,-899967.29657,141.45600,363155586.27877,13.02000,334790.00000,6.00000,0.00000,0.00000,0.00000
-605915.44751,-899649.18438,141.42200,363155586.32532,13.03000,388287.00000,5.74000,0.00000,0.00000,0.00000
-606061.50852,-899053.24048,143.60400,363155586.37187,13.10000,254834.00000,5.96000,0.00000,0.00000,0.00000
-638021.46402,-882584.43801,218.10000,363376194.19616,11.49000,637486.00000,6.42000,0.00000,0.00000,1.00000
-638615.78417,-882997.85128,216.71600,363376194.28984,9.64000,3566057.00000,4.84000,0.00000,0.00000,1.00000
-621575.51106,-882145.99045,156.14200,363548845.88678,14.42000,630905.00000,7.94000,0.00000,0.00000,1.00000
-621552.01374,-882489.84302,155.70500,363548845.93370,14.54000,162484.00000,9.62000,0.00000,0.00000,1.00000
-621599.89641,-882803.93144,154.38500,363548845.98061,14.87000,213126.00000,10.31000,0.00000,0.00000,1.00000
-621529.47301,-883167.31490,151.84400,363548846.02752,14.65000,1840313.00000,7.32000,0.00000,0.00000,1.00000
-621434.57027,-883540.90609,150.78700,363548846.07444,14.06000,4230089.00000,4.50000,0.00000,0.00000,1.00000
-622013.45401,-883633.75435,152.44900,363548846.12135,13.75000,3537632.00000,3.73000,0.00000,0.00000,1.00000
-622621.57120,-883714.45803,160.79000,363548846.16827,13.62000,2522450.00000,4.53000,0.00000,0.00000,1.00000
-622416.52895,-884133.93580,154.89300,363548846.21518,13.60000,4457880.00000,4.10000,0.00000,0.00000,1.00000
-622504.49970,-884431.32897,160.06900,363548846.26209,13.43000,606206.00000,4.31000,0.00000,0.00000,1.00000
-622057.37511,-884951.64354,157.93000,363548846.30901,13.42000,248568.00000,5.80000,0.00000,0.00000,1.00000
-621424.60749,-885549.26415,156.43500,363548846.35592,13.42000,131034.00000,6.17000,0.00000,0.00000,1.00000
-621099.16520,-886018.85559,156.73800,363548846.40283,13.77000,223708.00000,5.52000,0.00000,0.00000,1.00000
-620964.10878,-886409.14482,156.56300,363548846.44975,13.92000,190556.00000,6.44000,0.00000,0.00000,1.00000
-621340.36229,-886586.43087,156.05100,363548846.49666,13.66000,145120.00000,6.97000,0.00000,0.00000,1.00000
-621867.58359,-886700.86390,156.78800,363548846.54357,13.53000,264491.00000,8.32000,0.00000,0.00000,1.00000
-622804.14828,-886644.79927,158.49700,363548846.59048,13.32000,441756.00000,8.22000,0.00000,0.00000,1.00000
-623289.89158,-886776.51473,160.66700,363548846.63740,12.44000,623896.00000,4.54000,0.00000,0.00000,1.00000
-623287.40185,-887111.59185,170.59200,363548846.68431,11.72000,4906006.00000,2.88000,0.00000,0.00000,1.00000
-623009.53549,-887561.36073,172.03900,363548846.73122,11.33000,795395.00000,2.86000,0.00000,0.00000,1.00000
-622915.26301,-887934.66870,171.36700,363548846.77814,11.19000,394194.00000,3.02000,0.00000,0.00000,1.00000
-623063.74258,-888206.86877,167.77600,363548846.82505,11.03000,100600.00000,4.81000,0.00000,0.00000,1.00000
-623520.25555,-888350.78754,166.40200,363548846.87196,10.70000,4042369.00000,3.39000,0.00000,0.00000,1.00000
-623716.31535,-888603.16437,169.87900,363548846.91888,10.39000,1411256.00000,2.59000,0.00000,0.00000,1.00000
-623128.35623,-889182.06636,164.15500,363548846.96579,10.36000,1452507.00000,2.44000,0.00000,0.00000,1.00000
-622099.71523,-889944.45041,155.83500,363548847.01270,10.75000,3147163.00000,2.36000,0.00000,0.00000,1.00000
-621685.09615,-890451.13386,145.78300,363548847.05962,11.77000,358086.00000,3.03000,0.00000,0.00000,1.00000
-621391.51957,-890907.39696,145.87400,363548847.10653,12.43000,1029885.00000,3.57000,0.00000,0.00000,1.00000
-623629.75804,-890309.43866,133.11600,363548847.15345,12.43000,699261.00000,3.82000,0.00000,0.00000,1.00000
-623179.76373,-890830.84675,135.69700,363548847.20036,12.23000,960490.00000,3.47000,0.00000,0.00000,1.00000
-623368.35040,-891086.36738,136.85600,363548847.24727,12.07000,2110538.00000,3.28000,0.00000,0.00000,1.00000
-623420.23647,-891398.80042,137.62900,363548847.29419,11.85000,790019.00000,4.61000,0.00000,0.00000,1.00000
-622979.75045,-891916.23077,140.59900,363548847.34110,11.65000,712453.00000,3.28000,0.00000,0.00000,1.00000
-623538.28735,-892017.72641,135.88100,363548847.38802,11.73000,6730909.00000,1.96000,0.00000,0.00000,1.00000
-623603.76187,-892324.49256,132.34800,363548847.43493,12.16000,8021644.00000,2.69000,0.00000,0.00000,1.00000
-625004.94801,-892075.16715,130.53000,363548847.48184,12.88000,1566963.00000,4.69000,0.00000,0.00000,1.00000
-625337.70050,-892270.67292,135.81000,363548847.52876,13.67000,713280.00000,7.01000,0.00000,0.00000,1.00000
-624302.11075,-893035.87612,134.41500,363548847.57567,14.33000,827356.00000,11.20000,0.00000,0.00000,1.00000
-624539.65050,-893271.02384,135.38600,363548847.62259,14.08000,658293.00000,6.75000,0.00000,0.00000,1.00000
-625372.28243,-893258.43511,138.53100,363548847.66950,13.58000,1704324.00000,4.10000,0.00000,0.00000,1.00000
-625997.47918,-893332.20470,142.25100,363548847.71641,13.56000,967660.00000,3.91000,0.00000,0.00000,1.00000
-626187.41991,-893587.18868,142.11200,363548847.76333,13.29000,1145453.00000,4.18000,0.00000,0.00000,1.00000
-625883.60509,-894047.73399,137.63300,363548847.81024,13.42000,1475747.00000,5.34000,0.00000,0.00000,1.00000
-626514.94756,-894118.97240,136.23100,363548847.85716,13.73000,1281211.00000,5.51000,0.00000,0.00000,1.00000
-625367.06653,-894930.85521,126.45600,363548847.90407,14.41000,648645.00000,7.36000,0.00000,0.00000,1.00000
-626830.91698,-894655.57147,126.08100,363548847.95099,15.48000,330698.00000,7.60000,0.00000,0.00000,1.00000
-627508.52114,-894707.56786,127.66400,363548847.99790,15.56000,599499.00000,7.93000,0.00000,0.00000,1.00000
-628041.25094,-894819.87382,130.53800,363548848.04482,14.87000,593012.00000,7.07000,0.00000,0.00000,1.00000
-627821.05349,-895245.59820,129.26800,363548848.09173,14.32000,1241630.00000,5.39000,0.00000,0.00000,1.00000
-628238.16393,-895406.04645,131.13500,363548848.13864,13.81000,1568951.00000,4.90000,0.00000,0.00000,1.00000
-627771.74366,-895934.25907,128.48700,363548848.18556,13.57000,757497.00000,5.39000,0.00000,0.00000,1.00000
-624088.75553,-897801.16985,127.77100,363548848.23247,13.56000,520039.00000,6.02000,0.00000,0.00000,1.00000
-624218.80541,-898081.07307,128.39900,363548848.27939,13.10000,341797.00000,6.28000,0.00000,0.00000,1.00000
-624423.67671,-898329.84550,129.01200,363548848.32630,12.89000,612286.00000,7.04000,0.00000,0.00000,1.00000
-624755.06074,-898525.96553,128.89900,363548848.37321,12.57000,430189.00000,4.64000,0.00000,0.00000,1.00000
-624559.96865,-898941.17405,128.40400,363548848.42013,12.20000,1075276.00000,3.66000,0.00000,0.00000,1.00000
-624571.64344,-899270.33418,126.21800,363548848.46704,11.97000,1743489.00000,2.71000,0.00000,0.00000,1.00000
-624710.51575,-899546.57065,122.35900,363548848.51395,11.84000,500076.00000,2.59000,0.00000,0.00000,1.00000
-626213.23394,-899255.29529,119.69500,363548848.56086,11.50000,1229208.00000,2.58000,0.00000,0.00000,1.00000
-624591.69186,-900264.04398,121.52000,363548848.60778,11.29000,805247.00000,2.13000,0.00000,0.00000,1.00000
-625274.08067,-900314.13434,122.85400,363548848.65469,10.92000,1473058.00000,2.22000,0.00000,0.00000,1.00000
-625669.39863,-900483.66502,121.83800,363548848.70160,10.75000,334216.00000,3.74000,0.00000,0.00000,1.00000
-625296.72403,-900972.74026,119.68300,363548848.74851,10.61000,409441.00000,3.84000,0.00000,0.00000,1.00000
-624896.82603,-901473.12904,118.95900,363548848.79543,10.54000,279688.00000,4.09000,0.00000,0.00000,1.00000
-625000.98775,-901763.79694,117.55500,363548848.84234,10.37000,296233.00000,4.79000,0.00000,0.00000,1.00000
-624933.06003,-902126.07106,119.52300,363548848.88925,10.13000,703107.00000,3.48000,0.00000,0.00000,1.00000
-624758.32941,-902532.77395,122.54600,363548848.93616,10.06000,597031.00000,2.96000,0.00000,0.00000,1.00000
-624859.76172,-902824.57907,121.36100,363548848.98307,10.22000,488913.00000,3.25000,0.00000,0.00000,1.00000
-625188.40355,-903021.86767,118.90500,363548849.02999,10.36000,252207.00000,4.65000,0.00000,0.00000,1.00000
-630714.79600,-901056.72367,186.96000,363548849.07690,10.55000,293268.00000,2.61000,0.00000,0.00000,1.00000
-630882.26738,-901321.11495,184.33200,363548849.12381,10.81000,459706.00000,3.05000,0.00000,0.00000,1.00000
-631030.69004,-901593.42872,181.68900,363548849.17072,11.19000,3659834.00000,2.56000,0.00000,0.00000,1.00000
-631484.58466,-901738.65282,168.96100,363548849.21763,11.76000,966048.00000,3.15000,0.00000,0.00000,1.00000
-630924.84251,-902305.59520,171.57900,363548849.26455,12.59000,5045855.00000,4.30000,0.00000,0.00000,1.00000
-630735.85847,-902718.29615,169.96200,363548849.31146,12.98000,818301.00000,5.21000,0.00000,0.00000,1.00000
-630017.60911,-903351.14014,169.55600,363548849.35837,12.54000,2692690.00000,4.34000,0.00000,0.00000,1.00000
-629438.80620,-903925.96507,171.59400,363548849.40528,11.90000,196524.00000,4.87000,0.00000,0.00000,1.00000
-629517.81403,-904227.15924,172.02300,363548849.45219,11.29000,486800.00000,4.86000,0.00000,0.00000,1.00000
-629812.45472,-904438.64200,172.76300,363548849.49911,11.08000,489681.00000,3.04000,0.00000,0.00000,1.00000
-629820.70713,-904769.26379,174.59800,363548849.54602,10.64000,612488.00000,2.54000,0.00000,0.00000,1.00000
-627083.25992,-906241.87456,145.28000,363548849.59293,10.37000,393038.00000,2.25000,0.00000,0.00000,1.00000
-629883.46814,-905411.26491,162.54300,363548849.63984,10.26000,3367286.00000,2.12000,0.00000,0.00000,1.00000
-629552.91402,-905882.78775,153.43000,363548849.68676,10.25000,363353.00000,2.91000,0.00000,0.00000,1.00000
-629104.65933,-906403.26839,150.16800,363548849.73367,10.34000,422206.00000,6.60000,0.00000,0.00000,1.00000
-629069.34627,-906752.00093,148.68200,363548849.78058,9.51000,265461.00000,8.26000,0.00000,0.00000,1.00000
-628508.81409,-907319.15540,147.41400,363548849.82750,8.00000,163314.00000,8.85000,0.00000,0.00000,1.00000
-628561.24893,-907631.38762,145.92700,363548849.87441,6.57000,147786.00000,7.67000,0.00000,0.00000,1.00000
-629634.86923,-907518.95222,142.61500,363548849.92132,5.88000,310724.00000,4.73000,0.00000,0.00000,1.00000
-629419.93061,-907942.37704,142.45400,363548849.96824,5.53000,395221.00000,2.87000,0.00000,0.00000,1.00000
-635678.19738,-905673.66145,193.99700,363548850.01515,5.49000,569849.00000,2.85000,0.00000,0.00000,1.00000
-635595.96661,-906041.97269,194.22400,363548850.06206,6.16000,393337.00000,2.71000,0.00000,0.00000,1.00000
-630142.60030,-908643.99745,136.40200,363548850.10897,7.40000,474947.00000,4.03000,0.00000,0.00000,1.00000
-629946.69496,-909059.50229,138.53100,363548850.15589,8.30000,473370.00000,3.88000,0.00000,0.00000,1.00000
-629326.91286,-909651.24961,141.41300,363548850.20280,8.34000,429350.00000,3.62000,0.00000,0.00000,1.00000
-628867.69290,-910176.21173,145.89800,363548850.24971,7.55000,1694255.00000,2.53000,0.00000,0.00000,1.00000
-629261.65446,-910346.45402,143.42500,363548850.29663,7.23000,4979327.00000,1.96000,0.00000,0.00000,1.00000
-631947.20195,-909897.96112,148.29100,363548850.39045,8.26000,1890318.00000,2.92000,0.00000,0.00000,1.00000
-633070.54591,-909764.94604,154.55800,363548850.43736,8.83000,3092833.00000,3.89000,0.00000,0.00000,1.00000
-632652.17986,-910607.03922,160.30900,363548850.53119,8.78000,164309.00000,8.19000,0.00000,0.00000,1.00000
-609462.77974,-896519.64216,150.72900,363721499.96764,13.60000,444786.00000,5.43000,0.00000,0.00000,1.00000
-609438.06098,-896861.83974,153.00900,363721500.01461,12.95000,567687.00000,5.15000,0.00000,0.00000,1.00000
-609509.92350,-897165.54264,153.00900,363721500.06159,12.09000,354725.00000,5.71000,0.00000,0.00000,1.00000
-609838.63520,-897366.83981,152.71700,363721500.10857,11.32000,396532.00000,6.62000,0.00000,0.00000,1.00000
-610092.69069,-897597.90949,153.26700,363721500.15554,10.73000,297971.00000,5.86000,0.00000,0.00000,1.00000
-610035.77344,-897952.94365,152.61600,363721500.20252,10.36000,389096.00000,4.52000,0.00000,0.00000,1.00000
-609660.35256,-898434.95728,151.04100,363721500.24950,10.32000,417970.00000,4.76000,0.00000,0.00000,1.00000
-610051.39533,-898611.42086,151.34500,363721500.29647,10.67000,132611.00000,8.11000,0.00000,0.00000,1.00000
-610655.45721,-898702.96432,152.43100,363721500.34345,11.37000,111960.00000,9.64000,0.00000,0.00000,1.00000
-610842.38659,-898960.80794,151.60700,363721500.39043,11.54000,295688.00000,9.71000,0.00000,0.00000,1.00000
-610993.00944,-899233.12075,150.21700,363721500.43741,11.00000,214605.00000,8.72000,0.00000,0.00000,1.00000
-610251.78376,-899860.93523,146.34100,363721500.48438,9.89000,274256.00000,8.55000,0.00000,0.00000,1.00000
-609436.54887,-900518.20512,143.99200,363721500.53136,9.76000,314824.00000,4.98000,0.00000,0.00000,1.00000
-609072.71406,-900995.55514,141.03300,363721500.57834,10.63000,490686.00000,7.38000,0.00000,0.00000,1.00000
-609372.64207,-901208.34691,141.64400,363721500.62531,11.07000,173381.00000,8.49000,0.00000,0.00000,1.00000
-609223.21228,-901600.23962,145.05100,363721500.67229,10.92000,540741.00000,5.91000,0.00000,0.00000,1.00000
-608799.08420,-902101.58907,149.85800,363721500.71927,10.82000,448447.00000,4.53000,0.00000,0.00000,1.00000
-609336.70956,-902219.67320,147.07900,363721500.76624,10.76000,2354216.00000,4.60000,0.00000,0.00000,1.00000
-609340.01876,-902550.68164,147.66400,363721500.81322,10.44000,1888714.00000,3.91000,0.00000,0.00000,1.00000
-609372.10464,-902870.23481,148.70800,363721500.86020,10.32000,1094133.00000,3.31000,0.00000,0.00000,1.00000
-610135.10705,-902898.50781,148.90800,363721500.90718,10.14000,378105.00000,3.26000,0.00000,0.00000,1.00000
-610378.18066,-903133.99167,149.52100,363721500.95415,10.00000,409938.00000,3.03000,0.00000,0.00000,1.00000
-610478.76102,-903426.24845,148.33700,363721501.00113,9.67000,643918.00000,4.14000,0.00000,0.00000,1.00000
-610499.87717,-903750.17745,148.93600,363721501.04811,9.96000,473544.00000,6.62000,0.00000,0.00000,1.00000
-610372.33597,-904133.33851,150.38900,363721501.09508,10.76000,257929.00000,8.51000,0.00000,0.00000,1.00000
-611862.88623,-903871.75883,151.32700,363721501.14206,10.91000,1403755.00000,7.26000,0.00000,0.00000,1.00000
-611929.90079,-904177.40249,149.40300,363721501.18904,11.11000,2293650.00000,5.65000,0.00000,0.00000,1.00000
-611242.65412,-904783.58365,147.08300,363721501.23601,10.77000,1744638.00000,3.38000,0.00000,0.00000,1.00000
-611131.53916,-905160.20259,145.59900,363721501.28299,10.58000,2839302.00000,2.56000,0.00000,0.00000,1.00000
-611563.00321,-905320.64222,145.01300,363721501.32997,10.58000,2005759.00000,2.14000,0.00000,0.00000,1.00000
-611784.14034,-905564.87192,162.99100,363721501.37694,10.51000,5367845.00000,2.15000,0.00000,0.00000,1.00000
-611960.74884,-905826.84733,160.46200,363721501.42392,10.43000,1089330.00000,3.09000,0.00000,0.00000,1.00000
-612616.23712,-905898.06243,159.68800,363721501.47090,10.37000,295581.00000,4.16000,0.00000,0.00000,1.00000
-613012.07458,-906072.71305,161.06600,363721501.51787,10.17000,1336125.00000,3.95000,0.00000,0.00000,1.00000
-613115.38332,-906363.90436,158.90200,363721501.56485,10.01000,767937.00000,3.70000,0.00000,0.00000,1.00000
-612922.04258,-906773.27164,155.73700,363721501.61183,10.20000,363336.00000,5.52000,0.00000,0.00000,1.00000
-612334.76092,-907339.57408,153.97900,363721501.65880,10.27000,560428.00000,4.25000,0.00000,0.00000,1.00000
-612934.07656,-907433.17758,151.71500,363721501.70578,10.18000,642732.00000,3.48000,0.00000,0.00000,1.00000
-612592.05030,-907901.77411,143.82500,363721501.75275,9.66000,1407117.00000,3.16000,0.00000,0.00000,1.00000
-613751.10711,-907772.41788,157.63700,363721501.79973,9.43000,3411170.00000,2.29000,0.00000,0.00000,1.00000
-614135.98100,-907951.45938,161.45900,363721501.84671,9.39000,5505914.00000,2.21000,0.00000,0.00000,1.00000
-614620.18739,-908090.92976,167.37100,363721501.89368,9.22000,2270617.00000,1.89000,0.00000,0.00000,1.00000
-615183.87094,-908198.76030,173.89400,363721501.94066,9.38000,4371768.00000,1.65000,0.00000,0.00000,1.00000
-615343.33768,-908467.60895,178.11300,363721501.98763,9.71000,2379589.00000,1.84000,0.00000,0.00000,1.00000
-615456.22559,-908755.01003,178.88100,363721502.03461,9.88000,6523485.00000,1.90000,0.00000,0.00000,1.00000
-614903.89089,-909307.37767,163.29900,363721502.08159,10.00000,1204622.00000,1.66000,0.00000,0.00000,1.00000
-615000.33739,-909601.32963,160.55300,363721502.12856,10.24000,814499.00000,2.29000,0.00000,0.00000,1.00000
-614740.49664,-910037.17878,157.60000,363721502.17554,10.79000,966080.00000,4.36000,0.00000,0.00000,1.00000
-614929.42746,-910294.29235,157.22100,363721502.22251,11.33000,362206.00000,6.21000,0.00000,0.00000,1.00000
-615347.19373,-910460.26201,157.86200,363721502.26949,11.47000,460359.00000,5.52000,0.00000,0.00000,1.00000
-614470.68835,-911141.69708,154.62300,363721502.31647,11.77000,590877.00000,6.62000,0.00000,0.00000,1.00000
-614181.35392,-911589.26872,152.42800,363721502.36344,12.10000,298773.00000,7.72000,0.00000,0.00000,1.00000
-613984.50843,-911999.99635,152.80600,363721502.41042,11.98000,252683.00000,6.94000,0.00000,0.00000,1.00000
-614128.89065,-912274.85896,154.42900,363721502.45739,11.43000,915027.00000,6.43000,0.00000,0.00000,1.00000
-614240.37615,-912562.81307,155.83100,363721502.50437,11.49000,1582816.00000,7.47000,0.00000,0.00000,1.00000
-614003.09174,-912989.63141,158.13500,363721502.55135,11.64000,481641.00000,6.94000,0.00000,0.00000,1.00000
-615013.55734,-912919.63636,158.08900,363721502.59832,12.12000,141566.00000,9.57000,0.00000,0.00000,1.00000
-615312.10499,-913133.12701,158.10800,363721502.64530,11.84000,251741.00000,7.11000,0.00000,0.00000,1.00000
-614847.32702,-913650.53858,157.05600,363721502.69228,11.12000,1366306.00000,3.34000,0.00000,0.00000,1.00000
-614287.28453,-914205.87102,149.49700,363721502.73925,11.15000,3230880.00000,2.94000,0.00000,0.00000,1.00000
-614315.83993,-914526.84414,146.58600,363721502.78623,11.22000,680529.00000,3.83000,0.00000,0.00000,1.00000
-614293.68504,-914868.01162,143.92200,363721502.83320,11.42000,275858.00000,4.67000,0.00000,0.00000,1.00000
-614389.38600,-915162.25688,140.71600,363721502.88018,11.43000,402746.00000,5.73000,0.00000,0.00000,1.00000
-614587.19655,-915415.86169,138.77500,363721502.92716,11.87000,121033.00000,6.23000,0.00000,0.00000,1.00000
-614497.18886,-915784.03436,138.79600,363721502.97414,12.47000,387184.00000,6.79000,0.00000,0.00000,1.00000
-614270.13315,-916206.77154,139.81200,363721503.02111,12.84000,235729.00000,6.91000,0.00000,0.00000,1.00000
-614480.26992,-916455.46760,139.65400,363721503.06809,12.97000,711726.00000,8.33000,0.00000,0.00000,1.00000
-614595.84409,-916741.81223,140.38400,363721503.11507,12.95000,472748.00000,8.56000,0.00000,0.00000,1.00000
-614704.55576,-917030.88263,140.73800,363721503.16204,12.87000,238033.00000,8.19000,0.00000,0.00000,1.00000
-615949.47279,-916867.69583,139.83800,363721503.20902,12.51000,159427.00000,8.02000,0.00000,0.00000,1.00000
-616224.71135,-917090.48934,138.52700,363721503.25600,12.51000,1373215.00000,8.80000,0.00000,0.00000,1.00000
-639262.71422,-897325.67223,171.34600,365310771.89761,12.08000,2270131.00000,3.97000,0.00000,0.00000,0.00000
-640046.96866,-895999.35940,160.98300,365310771.94484,12.22000,1774222.00000,4.47000,0.00000,0.00000,0.00000
-638697.69149,-897025.16370,163.63600,365310771.99207,12.40000,2843709.00000,4.14000,0.00000,0.00000,0.00000
-638273.88109,-897030.69275,162.18000,365310772.03930,12.79000,1344057.00000,6.19000,0.00000,0.00000,0.00000
-637500.27242,-897421.81348,164.95200,365310772.08653,13.08000,223352.00000,8.16000,0.00000,0.00000,0.00000
-637697.44343,-896742.78175,160.50300,365310772.13377,13.17000,226494.00000,9.38000,0.00000,0.00000,0.00000
-637913.52681,-896042.90568,157.44400,365310772.18100,13.20000,612607.00000,5.79000,0.00000,0.00000,0.00000
-637533.50033,-896000.14541,155.18800,365310772.22823,13.06000,1937846.00000,5.56000,0.00000,0.00000,0.00000
-637585.88666,-895480.72392,154.72200,365310772.27546,12.70000,148884.00000,6.43000,0.00000,0.00000,0.00000
-637531.79321,-895078.68986,153.87400,365310772.32269,12.40000,227413.00000,5.70000,0.00000,0.00000,0.00000
-637139.83793,-895049.08636,153.90900,365310772.36993,12.06000,213739.00000,4.68000,0.00000,0.00000,0.00000
-636551.32916,-895236.13461,153.90000,365310772.41716,11.92000,238389.00000,4.11000,0.00000,0.00000,0.00000
-635966.30033,-895419.33223,154.07800,365310772.46439,11.87000,370071.00000,2.99000,0.00000,0.00000,0.00000
-635269.30556,-895725.94078,154.75400,365310772.51162,11.74000,1160350.00000,3.38000,0.00000,0.00000,0.00000
-637834.57707,-892436.73817,191.88600,365310772.55885,11.73000,369526.00000,4.07000,0.00000,0.00000,0.00000
-638345.70528,-891411.69269,193.40100,365310772.60609,11.66000,2429865.00000,3.53000,0.00000,0.00000,0.00000
-640402.63041,-888682.64203,209.78000,365310772.65332,11.58000,900993.00000,3.97000,0.00000,0.00000,0.00000
-636362.25614,-892674.76544,188.03300,365310772.70055,11.72000,2511083.00000,3.16000,0.00000,0.00000,0.00000
-638623.32753,-889720.89054,192.31300,365310772.74778,12.02000,4192137.00000,3.06000,0.00000,0.00000,0.00000
-636160.07122,-891974.41017,169.48400,365310772.79501,12.45000,1588299.00000,3.83000,0.00000,0.00000,0.00000
-635466.11251,-892277.69173,168.66400,365310772.84225,12.80000,1338161.00000,4.84000,0.00000,0.00000,0.00000
-634894.05591,-892446.59697,168.36600,365310772.88948,13.13000,1896039.00000,4.79000,0.00000,0.00000,0.00000
-633693.02147,-893308.65105,177.65100,365310772.93671,13.48000,2480913.00000,4.60000,0.00000,0.00000,0.00000
-633867.37526,-892654.92839,174.62700,365310772.98394,13.40000,2520435.00000,5.75000,0.00000,0.00000,0.00000
-636495.86514,-889296.45028,175.88100,365310773.03117,13.21000,1614151.00000,5.56000,0.00000,0.00000,0.00000
-635465.56512,-889970.43833,172.59300,365310773.07841,13.61000,683318.00000,8.65000,0.00000,0.00000,0.00000
-634614.37781,-890446.98026,175.42100,365310773.12564,13.28000,243302.00000,7.26000,0.00000,0.00000,0.00000
-633473.57622,-891242.65704,179.48900,365310773.17287,12.52000,908901.00000,5.78000,0.00000,0.00000,0.00000
-635356.20228,-888706.34214,173.98200,365310773.22010,12.15000,1687207.00000,5.27000,0.00000,0.00000,0.00000
-633325.19864,-890483.05777,181.75200,365310773.26733,11.93000,1214869.00000,5.61000,0.00000,0.00000,0.00000
-636444.28532,-886584.10638,193.27700,365310773.31457,11.92000,580240.00000,6.82000,0.00000,0.00000,0.00000
-635929.02256,-886690.49494,191.14900,365310773.36180,11.49000,856915.00000,6.73000,0.00000,0.00000,0.00000
-635191.31732,-887041.99222,192.45500,365310773.40903,10.71000,297277.00000,6.11000,0.00000,0.00000,0.00000
-634443.16796,-887404.99083,193.55200,365310773.45626,10.15000,211062.00000,5.68000,0.00000,0.00000,0.00000
-634036.84558,-887391.25448,198.59600,365310773.50349,9.59000,558643.00000,3.90000,0.00000,0.00000,0.00000
-630648.65947,-890663.25673,132.96500,365310773.55073,9.67000,642437.00000,3.36000,0.00000,0.00000,0.00000
-629733.67463,-891209.89414,137.86000,365310773.59796,10.46000,380279.00000,5.96000,0.00000,0.00000,0.00000
-629025.72217,-891528.37370,144.05400,365310773.64519,11.08000,281054.00000,5.62000,0.00000,0.00000,0.00000
-629112.08309,-890971.72352,141.42200,365310773.69242,11.35000,219056.00000,6.46000,0.00000,0.00000,0.00000
-628990.90455,-890643.72959,140.30000,365310773.73965,11.35000,385420.00000,7.49000,0.00000,0.00000,0.00000
-628943.88995,-890234.04363,138.28600,365310773.78689,10.38000,350942.00000,4.91000,0.00000,0.00000,0.00000
-628438.48705,-890329.38014,136.19200,365310773.83412,9.57000,1340988.00000,3.19000,0.00000,0.00000,0.00000
-628251.59862,-890073.79893,129.04900,365310773.88135,9.17000,1064828.00000,3.04000,0.00000,0.00000,0.00000
-628054.25331,-889829.72626,120.50200,365310773.92858,9.45000,1658565.00000,4.32000,0.00000,0.00000,0.00000
-627862.41516,-889579.59759,118.84900,365310773.97581,9.31000,970555.00000,3.21000,0.00000,0.00000,0.00000
-628119.56050,-888834.85905,123.79000,365310774.02305,9.30000,2277769.00000,2.80000,0.00000,0.00000,0.00000
-628688.24030,-887746.90900,121.99000,365310774.07028,10.19000,1148062.00000,3.46000,0.00000,0.00000,0.00000
-629433.60297,-886464.32012,127.71400,365310774.11751,10.92000,2529059.00000,4.29000,0.00000,0.00000,0.00000
-627834.76640,-887764.25385,125.40900,365310774.16474,10.94000,1617820.00000,3.08000,0.00000,0.00000,0.00000
-629273.93991,-885717.36323,139.08300,365310774.21198,10.68000,4429295.00000,2.39000,0.00000,0.00000,0.00000
-628825.82402,-885749.61783,145.99400,365310774.25921,10.81000,1371634.00000,2.88000,0.00000,0.00000,0.00000
-628464.80148,-885685.90993,148.19900,365310774.30644,11.01000,315602.00000,3.44000,0.00000,0.00000,0.00000
-627687.70772,-886080.54416,150.29200,365310774.35368,11.29000,768763.00000,4.46000,0.00000,0.00000,0.00000
-626960.37974,-886420.33605,153.00800,365310774.40091,12.08000,707746.00000,4.53000,0.00000,0.00000,0.00000
-626794.96353,-886141.16232,153.91400,365310774.44814,12.96000,324997.00000,8.31000,0.00000,0.00000,0.00000
-627810.06976,-884561.54703,153.47700,365310774.49537,13.81000,375498.00000,8.57000,0.00000,0.00000,0.00000
-627152.43129,-884824.57357,156.93800,365310774.54261,14.20000,243851.00000,7.94000,0.00000,0.00000,0.00000
-626115.54477,-885505.32720,161.68400,365310774.58984,14.47000,248770.00000,9.84000,0.00000,0.00000,0.00000
-629307.99125,-881527.29424,166.47600,365310774.63708,14.30000,314400.00000,8.62000,0.00000,0.00000,0.00000
-626522.29562,-884134.50997,157.81900,365310774.68431,13.76000,465497.00000,5.86000,0.00000,0.00000,0.00000
-625548.10359,-884746.17094,156.90900,365310774.73154,13.23000,1407472.00000,5.72000,0.00000,0.00000,0.00000
-629127.25814,-880342.31492,178.10700,365310774.77878,12.66000,2283488.00000,5.57000,0.00000,0.00000,0.00000
-628498.04294,-880574.09596,175.52500,365310774.82601,12.12000,1828396.00000,5.17000,0.00000,0.00000,0.00000
-627624.95968,-881074.47096,171.43500,365310774.87325,11.73000,1131217.00000,4.58000,0.00000,0.00000,0.00000
-626726.47221,-881602.77974,167.58800,365310774.92048,11.75000,525563.00000,4.17000,0.00000,0.00000,0.00000
-626024.56599,-881914.55520,164.83100,365310774.96772,11.83000,442437.00000,5.53000,0.00000,0.00000,0.00000
-625623.24741,-881895.20314,163.74900,365310775.01496,11.97000,321992.00000,7.42000,0.00000,0.00000,0.00000
-625278.17417,-881813.91154,162.73200,365310775.06219,12.36000,341941.00000,7.69000,0.00000,0.00000,0.00000
-625360.14116,-881262.29566,162.19000,365310775.10943,12.52000,275381.00000,7.10000,0.00000,0.00000,0.00000
-625703.40763,-880422.90995,162.65100,365310775.15666,12.29000,108526.00000,8.72000,0.00000,0.00000,0.00000
-623769.98739,-881629.59587,158.89300,365310775.25114,11.01000,1988285.00000,3.62000,0.00000,0.00000,0.00000
-624692.61022,-880152.17378,166.54900,365310775.29837,10.54000,2881389.00000,3.02000,0.00000,0.00000,0.00000
-623994.67649,-880459.50144,165.11400,365310775.34561,10.32000,2888453.00000,2.67000,0.00000,0.00000,0.00000
