-615667.37758,-885686.13871,144.44500,549615734.29514,13.31000,3502562.00000,3.99000,0.00000,0.00000,1.00000
-615736.50348,-885990.66682,143.28700,549615734.34199,13.40000,2836050.00000,5.64000,0.00000,0.00000,1.00000
-615668.76709,-886351.27066,143.24800,549615734.38884,13.38000,5452938.00000,4.14000,0.00000,0.00000,1.00000
-615685.45786,-886677.28066,143.17100,549615734.43569,13.21000,1201336.00000,5.24000,0.00000,0.00000,1.00000
-615806.31415,-886960.61409,144.42300,549615734.48254,12.92000,2244683.00000,4.37000,0.00000,0.00000,1.00000
-615849.54290,-887275.74179,146.73000,549615734.52939,12.72000,1261989.00000,3.64000,0.00000,0.00000,1.00000
-615885.96356,-887593.66661,149.04000,549615734.57624,12.51000,549552.00000,4.60000,0.00000,0.00000,1.00000
-616000.68457,-887879.51752,151.93000,549615734.62309,12.26000,300006.00000,3.89000,0.00000,0.00000,1.00000
-616067.05774,-888185.16961,153.85400,549615734.66994,12.07000,422815.00000,5.38000,0.00000,0.00000,1.00000
-615991.80931,-888548.83683,155.48200,549615734.71679,12.09000,374647.00000,5.73000,0.00000,0.00000,1.00000
-615928.81712,-888907.48628,156.40100,549615734.76363,12.46000,267894.00000,6.38000,0.00000,0.00000,1.00000
-615806.58829,-889290.40526,156.48000,549615734.81048,12.67000,499083.00000,8.18000,0.00000,0.00000,1.00000
-615749.70653,-889646.52562,156.03100,549615734.85733,12.64000,359943.00000,7.07000,0.00000,0.00000,1.00000
-615678.53115,-890008.51281,155.66900,549615734.90418,12.59000,271741.00000,6.84000,0.00000,0.00000,1.00000
-615681.57571,-890340.11193,156.04900,549615734.95103,12.69000,452037.00000,5.98000,0.00000,0.00000,1.00000
-615484.42230,-890753.69289,155.82500,549615734.99788,13.13000,2327047.00000,5.22000,0.00000,0.00000,1.00000
-615396.21462,-891122.65863,153.96100,549615735.04473,13.91000,589257.00000,7.59000,0.00000,0.00000,1.00000
-615530.64691,-891400.40534,153.60100,549615735.09158,13.84000,430457.00000,8.19000,0.00000,0.00000,1.00000
-615910.89679,-891577.49134,152.36000,549615735.13842,13.61000,324771.00000,9.10000,0.00000,0.00000,1.00000
-616339.48552,-891734.77003,151.55800,549615735.18527,13.57000,96410.00000,8.22000,0.00000,0.00000,1.00000
-616535.20899,-891987.43852,150.42600,549615735.23212,13.47000,271279.00000,7.26000,0.00000,0.00000,1.00000
-616984.23172,-892136.36208,150.88700,549615735.27897,13.07000,645996.00000,5.68000,0.00000,0.00000,1.00000
-617177.22692,-892390.14340,149.93900,549615735.32582,11.63000,2341626.00000,3.53000,0.00000,0.00000,1.00000
-617487.33988,-892595.97142,153.44500,549615735.37266,9.96000,1381057.00000,2.29000,0.00000,0.00000,1.00000
-617505.99844,-892921.15468,162.10300,549615735.41951,8.51000,5600079.00000,1.52000,0.00000,0.00000,1.00000
-617543.74337,-893238.52712,157.27300,549615735.46636,7.92000,5557170.00000,1.28000,0.00000,0.00000,1.00000
-618025.39570,-893374.10006,187.14600,549615735.51320,7.59000,2013092.00000,1.39000,0.00000,0.00000,1.00000
-618483.26400,-893519.43599,187.63300,549615735.56005,7.45000,340901.00000,2.08000,0.00000,0.00000,1.00000
-618149.24970,-893989.04319,165.37700,549615735.60690,7.53000,5747468.00000,1.44000,0.00000,0.00000,1.00000
-618053.52527,-894361.08395,161.22300,549615735.65375,7.52000,3809997.00000,1.65000,0.00000,0.00000,1.00000
-617406.20251,-894958.96741,159.08500,549615735.70059,8.29000,474868.00000,2.40000,0.00000,0.00000,1.00000
-616704.39720,-895579.15527,156.37600,549615735.74744,9.35000,730829.00000,4.57000,0.00000,0.00000,1.00000
-616892.60017,-895834.90433,156.26500,549615735.79429,9.29000,287816.00000,3.68000,0.00000,0.00000,1.00000
-617765.87038,-895810.17531,157.55300,549615735.84113,9.14000,377374.00000,1.76000,0.00000,0.00000,1.00000
-619118.51351,-895589.14836,171.97500,549615735.88798,9.23000,1653300.00000,1.98000,0.00000,0.00000,1.00000
-619022.08005,-895961.46391,172.76300,549615735.93483,9.31000,762048.00000,1.74000,0.00000,0.00000,1.00000
-621755.97429,-895174.88889,141.14600,549615735.98168,9.51000,4419039.00000,1.38000,0.00000,0.00000,1.00000
-622052.48319,-895386.34201,142.40300,549615736.02852,9.62000,5567277.00000,1.46000,0.00000,0.00000,1.00000
-618794.74770,-897053.05706,163.64600,549615736.07537,9.81000,506019.00000,2.37000,0.00000,0.00000,1.00000
-618547.10973,-897487.25270,162.55800,549615736.12222,9.84000,395164.00000,3.79000,0.00000,0.00000,1.00000
-618271.55548,-897932.89740,163.64200,549615736.16906,9.78000,439376.00000,2.58000,0.00000,0.00000,1.00000
-618036.16893,-898362.07922,165.64600,549615736.21591,10.08000,1205006.00000,1.99000,0.00000,0.00000,1.00000
-622012.98253,-897066.83003,131.13500,549615736.26276,10.41000,2024022.00000,2.29000,0.00000,0.00000,1.00000
-621994.16423,-897407.40036,131.28900,549615736.30960,10.76000,888335.00000,2.36000,0.00000,0.00000,1.00000
-622084.31242,-897703.35426,130.98800,549615736.35645,10.98000,654767.00000,2.80000,0.00000,0.00000,1.00000
-622137.00317,-898014.65145,131.03800,549615736.40330,11.13000,1381693.00000,4.19000,0.00000,0.00000,1.00000
-621062.52399,-898787.37441,131.59700,549615736.45015,11.23000,2132764.00000,3.29000,0.00000,0.00000,1.00000
-620900.65492,-899186.47844,134.50600,549615736.49699,11.32000,979699.00000,4.09000,0.00000,0.00000,1.00000
-619824.12427,-899959.98649,138.16300,549615736.54384,11.47000,798022.00000,3.16000,0.00000,0.00000,1.00000
-617654.50260,-901180.83394,149.84600,549615736.59069,11.82000,2392259.00000,3.60000,0.00000,0.00000,1.00000
-618379.35114,-901216.98632,146.56200,549615736.63754,12.06000,135427.00000,7.57000,0.00000,0.00000,1.00000
-618989.11462,-901300.25479,144.63700,549615736.68439,11.86000,292985.00000,7.61000,0.00000,0.00000,1.00000
-619299.20607,-901506.16336,143.00300,549615736.73123,11.66000,228151.00000,5.87000,0.00000,0.00000,1.00000
-619162.51493,-901894.93132,140.67300,549615736.77808,11.66000,440812.00000,5.83000,0.00000,0.00000,1.00000
-618448.25375,-902520.06675,139.18900,549615736.82493,11.81000,188091.00000,7.30000,0.00000,0.00000,1.00000
-617407.73098,-903278.67113,142.04400,549615736.87178,12.10000,324977.00000,5.51000,0.00000,0.00000,1.00000
-617685.78719,-903497.69753,137.27300,549615736.91862,12.58000,365092.00000,10.61000,0.00000,0.00000,1.00000
-618154.57029,-903638.68929,135.06700,549615736.96547,12.97000,180358.00000,17.86000,0.00000,0.00000,1.00000
-619768.30338,-903311.16451,131.77900,549615737.01232,12.14000,413266.00000,10.29000,0.00000,0.00000,1.00000
-619887.69450,-903595.15083,132.21700,549615737.05917,11.37000,130631.00000,8.25000,0.00000,0.00000,1.00000
-619968.24768,-903895.00893,130.67900,549615737.10601,11.19000,168108.00000,8.84000,0.00000,0.00000,1.00000
-620243.60790,-904115.17149,130.01500,549615737.15286,11.12000,261255.00000,8.32000,0.00000,0.00000,1.00000
-620061.92060,-904522.33039,129.03800,549615737.19971,11.71000,363124.00000,8.43000,0.00000,0.00000,1.00000
-620139.74670,-904823.31495,127.63800,549615737.24656,12.62000,179863.00000,13.71000,0.00000,0.00000,1.00000
-620709.35709,-904923.08782,128.03500,549615737.29341,11.98000,1478471.00000,9.65000,0.00000,0.00000,1.00000
-620521.54077,-905332.76175,132.44700,549615737.34025,10.98000,618540.00000,4.57000,0.00000,0.00000,1.00000
-619391.02347,-906128.10970,140.71200,549615737.38710,10.95000,1453428.00000,4.02000,0.00000,0.00000,1.00000
-618957.30339,-906638.35718,144.91400,549615737.43395,11.03000,1116744.00000,7.06000,0.00000,0.00000,1.00000
-619320.51642,-906822.57228,147.03200,549615737.48079,10.57000,3387264.00000,4.15000,0.00000,0.00000,1.00000
-620204.81489,-906793.62491,149.36100,549615737.52764,10.48000,3006357.00000,3.93000,0.00000,0.00000,1.00000
-620765.57147,-906897.04781,154.19500,549615737.57449,10.95000,1381746.00000,4.36000,0.00000,0.00000,1.00000
-620936.69656,-907159.85956,155.64400,549615737.62133,11.32000,1720209.00000,5.75000,0.00000,0.00000,1.00000
-621249.50165,-907364.72394,154.57600,549615737.66818,11.33000,1898845.00000,5.19000,0.00000,0.00000,1.00000
-621460.13604,-907611.39367,151.67000,549615737.71503,11.10000,983831.00000,5.64000,0.00000,0.00000,1.00000
-622076.74013,-907691.98339,150.15300,549615737.76187,10.95000,398846.00000,6.65000,0.00000,0.00000,1.00000
-622496.49219,-907853.10757,149.76900,549615737.80872,10.52000,297735.00000,5.26000,0.00000,0.00000,1.00000
-622524.57118,-908174.45201,147.84700,549615737.85557,10.37000,770642.00000,4.80000,0.00000,0.00000,1.00000
-622751.55342,-908414.43879,144.58300,549615737.90241,10.34000,292787.00000,5.81000,0.00000,0.00000,1.00000
-623458.76990,-908457.98407,146.10500,549615737.94926,9.91000,292905.00000,6.73000,0.00000,0.00000,1.00000
-623093.11627,-908940.38626,148.88500,549615737.99610,9.44000,180246.00000,5.91000,0.00000,0.00000,1.00000
-623056.47066,-909288.20583,148.92600,549615738.04295,9.40000,341653.00000,6.51000,0.00000,0.00000,1.00000
-622901.30120,-909684.51239,146.39700,549615738.08980,8.90000,201189.00000,6.15000,0.00000,0.00000,1.00000
-623014.51311,-909971.03599,143.17600,549615738.13664,8.06000,180825.00000,8.28000,0.00000,0.00000,1.00000
-623003.74220,-910308.27254,141.16600,549615738.18349,7.04000,286762.00000,5.58000,0.00000,0.00000,1.00000
-623046.10039,-910623.77462,138.43100,549615738.23033,5.85000,414222.00000,4.66000,0.00000,0.00000,1.00000
-623301.00520,-910852.36153,136.87700,549615738.27718,4.66000,965392.00000,3.67000,0.00000,0.00000,1.00000
-623410.12522,-911140.56499,136.36500,549615738.32403,4.42000,1031118.00000,3.48000,0.00000,0.00000,1.00000
-623865.30999,-911287.24501,136.21500,549615738.37087,6.37000,5266538.00000,3.73000,0.00000,0.00000,1.00000
-624123.62126,-911514.44668,138.30600,549615738.41772,8.21000,1452656.00000,4.39000,0.00000,0.00000,1.00000
-624275.65395,-911785.10747,140.33000,549615738.46456,8.55000,514052.00000,5.43000,0.00000,0.00000,1.00000
-624416.10891,-912060.51132,141.10200,549615738.51141,8.55000,423845.00000,7.30000,0.00000,0.00000,1.00000
-624435.29639,-912385.50243,140.92500,549615738.55826,7.72000,321943.00000,5.45000,0.00000,0.00000,1.00000
-624378.18774,-912741.70238,138.85500,549615738.60510,7.48000,696194.00000,4.90000,0.00000,0.00000,1.00000
-624754.34759,-912920.71656,134.13300,549615738.65195,8.60000,2316067.00000,7.78000,0.00000,0.00000,1.00000
-625585.59377,-912913.65155,138.45500,549615738.69879,9.34000,213840.00000,7.00000,0.00000,0.00000,1.00000
-626681.17475,-912798.50642,142.61500,549615738.74564,8.73000,242984.00000,8.06000,0.00000,0.00000,1.00000
-626190.08462,-913332.16635,144.58200,549615738.79248,8.05000,285075.00000,5.42000,0.00000,0.00000,1.00000
-626255.58891,-913638.23274,146.49800,549615738.83933,7.52000,340018.00000,6.59000,0.00000,0.00000,1.00000
-626498.90756,-913871.59610,147.95900,549615738.88618,6.52000,312070.00000,5.10000,0.00000,0.00000,1.00000
-626790.59196,-914085.17366,148.47500,549615738.93302,5.66000,984549.00000,3.67000,0.00000,0.00000,1.00000
-638880.46588,-884514.86641,227.52600,551205009.19881,9.15000,1423001.00000,3.72000,0.00000,0.00000,0.00000
-636604.72015,-886608.05741,251.50500,551205009.24533,8.73000,2144312.00000,2.82000,0.00000,0.00000,0.00000
-637271.35611,-904499.89396,193.52300,551377659.77291,8.18000,1084538.00000,2.45000,0.00000,0.00000,0.00000
-636942.55872,-904405.52552,193.08500,551377659.81938,7.39000,2089772.00000,1.96000,0.00000,0.00000,0.00000
-639167.35796,-901077.92822,205.53500,551377659.91231,6.37000,1776410.00000,1.98000,0.00000,0.00000,0.00000
-639056.76284,-900745.98650,202.98700,551377659.95878,6.18000,1034594.00000,2.84000,0.00000,0.00000,0.00000
-638559.30775,-900835.36969,201.88800,551377660.00524,5.74000,566513.00000,4.70000,0.00000,0.00000,0.00000
-638370.05936,-900589.10028,201.44500,551377660.05171,5.96000,222447.00000,7.98000,0.00000,0.00000,0.00000
-638229.29524,-900290.02617,199.19000,551377660.09818,6.51000,681985.00000,6.31000,0.00000,0.00000,0.00000
-637676.43205,-900439.73459,196.42500,551377660.14464,6.68000,752626.00000,5.97000,0.00000,0.00000,0.00000
-637722.18019,-899937.55014,199.21900,551377660.19111,6.64000,591686.00000,4.46000,0.00000,0.00000,0.00000
-637106.48107,-900155.66023,197.42200,551377660.23758,7.09000,167596.00000,6.26000,0.00000,0.00000,0.00000
-636565.97861,-900291.88066,196.30000,551377660.28405,7.57000,124924.00000,8.53000,0.00000,0.00000,0.00000
-636288.67616,-900141.48930,195.49100,551377660.33051,7.83000,283839.00000,4.81000,0.00000,0.00000,0.00000
-636061.84144,-899936.14742,194.74300,551377660.37698,8.06000,187730.00000,5.31000,0.00000,0.00000,0.00000
-635749.40864,-899823.99245,195.26800,551377660.42345,8.39000,312452.00000,3.87000,0.00000,0.00000,0.00000
-635365.74018,-899789.41686,195.01900,551377660.46992,8.86000,555788.00000,2.26000,0.00000,0.00000,0.00000
-635068.13265,-899661.13619,162.25100,551377660.51639,9.38000,1414186.00000,1.89000,0.00000,0.00000,0.00000
-635000.62289,-899282.31315,163.51100,551377660.56285,10.07000,2085196.00000,2.43000,0.00000,0.00000,0.00000
-634678.79851,-899180.38688,166.93700,551377660.60932,10.62000,4269874.00000,2.09000,0.00000,0.00000,0.00000
-633737.01096,-899753.44760,171.86900,551377660.65579,11.06000,4120943.00000,2.12000,0.00000,0.00000,0.00000
-632981.75251,-900123.36188,182.20600,551377660.70226,11.45000,2007882.00000,3.10000,0.00000,0.00000,0.00000
-632368.48122,-900338.68311,184.23400,551377660.74873,11.71000,803645.00000,3.81000,0.00000,0.00000,0.00000
-631994.20956,-900293.81793,186.64900,551377660.79520,11.97000,557903.00000,3.81000,0.00000,0.00000,0.00000
-634036.52213,-897618.16060,160.96300,551377660.84167,12.10000,1759008.00000,4.05000,0.00000,0.00000,0.00000
-634014.54807,-897189.78218,163.27700,551377660.88813,11.90000,1066058.00000,4.41000,0.00000,0.00000,0.00000
-633774.38537,-896998.98437,165.34800,551377660.93460,11.64000,3379437.00000,3.75000,0.00000,0.00000,0.00000
-625230.69211,-905846.25783,286.12300,551377660.98107,11.51000,2877774.00000,3.81000,0.00000,0.00000,0.00000
-633641.39310,-896239.22707,175.18000,551377661.02754,11.46000,1037236.00000,4.70000,0.00000,0.00000,0.00000
-633421.51465,-896026.33013,177.29400,551377661.07401,11.69000,1858297.00000,5.84000,0.00000,0.00000,0.00000
-634428.69382,-894477.61309,183.98000,551377661.12048,11.99000,2824151.00000,7.02000,0.00000,0.00000,0.00000
-633831.80839,-894675.17648,184.07200,551377661.16695,11.72000,218393.00000,8.52000,0.00000,0.00000,0.00000
-633209.67916,-894900.18901,184.57900,551377661.21342,11.22000,201714.00000,9.11000,0.00000,0.00000,0.00000
-632739.45366,-894959.84166,186.35300,551377661.25989,10.55000,231795.00000,6.15000,0.00000,0.00000,0.00000
-632433.50200,-894840.67369,188.18700,551377661.30635,10.28000,253547.00000,5.62000,0.00000,0.00000,0.00000
-632172.57427,-894672.47651,188.22700,551377661.35282,10.49000,2166510.00000,2.49000,0.00000,0.00000,0.00000
-631938.86331,-894474.65146,185.36200,551377661.39929,10.98000,899553.00000,2.45000,0.00000,0.00000,0.00000
-631944.64031,-894016.15900,183.77500,551377661.44576,11.35000,316826.00000,4.59000,0.00000,0.00000,0.00000
-631805.92850,-893714.91835,182.07300,551377661.49223,11.31000,356008.00000,3.57000,0.00000,0.00000,0.00000
-631993.80042,-893058.21941,180.03000,551377661.53870,11.09000,214635.00000,5.37000,0.00000,0.00000,0.00000
-628571.35620,-896331.08152,141.26800,551377661.58517,11.31000,947925.00000,5.37000,0.00000,0.00000,0.00000
-628370.80200,-896097.13474,142.68500,551377661.63164,12.08000,567914.00000,6.56000,0.00000,0.00000,0.00000
-628159.85410,-895874.50025,143.11300,551377661.67811,12.28000,374417.00000,9.47000,0.00000,0.00000,0.00000
-628539.28306,-895009.35075,137.98900,551377661.72458,12.66000,361796.00000,11.17000,0.00000,0.00000,0.00000
-628964.74955,-894094.12326,138.09100,551377661.77105,12.72000,606094.00000,6.49000,0.00000,0.00000,0.00000
-628619.70453,-894017.45574,137.34100,551377661.81752,12.80000,1825736.00000,6.01000,0.00000,0.00000,0.00000
-628649.27880,-893533.09472,136.30400,551377661.86399,12.96000,418924.00000,8.08000,0.00000,0.00000,0.00000
-628809.00299,-892907.09037,133.90300,551377661.91046,13.22000,2052344.00000,6.13000,0.00000,0.00000,0.00000
-628368.95482,-892933.81861,145.44000,551377661.95693,13.31000,823838.00000,3.82000,0.00000,0.00000,0.00000
-628066.97945,-892810.28758,152.61500,551377662.00340,13.21000,939735.00000,2.57000,0.00000,0.00000,0.00000
-627803.60279,-892644.75162,155.49400,551377662.04987,12.90000,420575.00000,3.52000,0.00000,0.00000,0.00000
-627484.30113,-892540.06261,154.74800,551377662.09635,12.65000,487566.00000,3.44000,0.00000,0.00000,0.00000
-627286.24807,-892303.44245,151.66400,551377662.14282,12.62000,930513.00000,4.56000,0.00000,0.00000,0.00000
-627132.73133,-892018.34823,148.87000,551377662.18929,12.39000,373259.00000,3.61000,0.00000,0.00000,0.00000
-626888.65795,-891831.80957,145.18600,551377662.23576,12.16000,1296053.00000,3.70000,0.00000,0.00000,0.00000
-626517.89519,-891783.12325,142.29000,551377662.28223,12.31000,4641913.00000,2.41000,0.00000,0.00000,0.00000
-628827.91195,-888817.22014,121.30800,551377662.32870,12.99000,2312513.00000,3.46000,0.00000,0.00000,0.00000
-625213.15623,-892298.56769,130.18900,551377662.37517,14.00000,519960.00000,7.38000,0.00000,0.00000,0.00000
-626347.38671,-890612.27342,127.66800,551377662.42164,14.76000,550861.00000,8.58000,0.00000,0.00000,0.00000
-625349.09152,-891246.39717,126.69000,551377662.46811,14.79000,660978.00000,4.27000,0.00000,0.00000,0.00000
-625789.48318,-890315.09759,135.15800,551377662.51459,14.48000,5562477.00000,5.25000,0.00000,0.00000,0.00000
-625246.51060,-890453.79167,135.39500,551377662.56106,14.42000,700068.00000,6.43000,0.00000,0.00000,0.00000
-624689.17479,-890608.08175,135.54100,551377662.60753,14.64000,367965.00000,12.26000,0.00000,0.00000,0.00000
-624363.46541,-890510.37019,136.69600,551377662.65400,15.29000,829821.00000,13.06000,0.00000,0.00000,0.00000
-622878.16482,-891674.23871,143.49400,551377662.70047,15.57000,345518.00000,10.79000,0.00000,0.00000,0.00000
-622825.64575,-891279.29051,141.46900,551377662.74694,14.58000,1859990.00000,6.93000,0.00000,0.00000,0.00000
-622267.33812,-891434.58843,150.67700,551377662.79341,13.86000,1564930.00000,5.50000,0.00000,0.00000,0.00000
-622085.63677,-891180.17944,146.57300,551377662.83988,13.76000,5387271.00000,4.50000,0.00000,0.00000,0.00000
-621733.70149,-891110.97204,148.48800,551377662.88636,13.31000,1545616.00000,5.28000,0.00000,0.00000,0.00000
-624147.36542,-888033.06452,171.91400,551377662.93283,12.99000,480044.00000,3.52000,0.00000,0.00000,0.00000
-623915.20945,-887833.58457,169.47200,551377662.97930,13.20000,182978.00000,6.86000,0.00000,0.00000,0.00000
-623991.37837,-887298.69025,171.72000,551377663.02577,13.23000,480654.00000,3.94000,0.00000,0.00000,0.00000
-623583.05144,-887290.88104,172.68500,551377663.07224,12.93000,634512.00000,3.96000,0.00000,0.00000,0.00000
-623079.21183,-887386.97439,171.91900,551377663.11871,12.73000,140986.00000,3.65000,0.00000,0.00000,0.00000
-622402.65285,-887670.95496,169.01400,551377663.16518,12.98000,4005662.00000,2.31000,0.00000,0.00000,0.00000
-621976.99702,-887681.98457,159.41900,551377663.21165,13.58000,812375.00000,3.98000,0.00000,0.00000,0.00000
-621584.99870,-887656.38585,159.02000,551377663.25812,14.73000,330159.00000,8.20000,0.00000,0.00000,0.00000
-621851.73337,-886914.21862,157.01700,551377663.30459,15.69000,336019.00000,10.10000,0.00000,0.00000,0.00000
-621630.49113,-886702.89019,156.02300,551377663.35106,15.97000,266956.00000,11.19000,0.00000,0.00000,0.00000
-621778.94441,-886089.39141,155.91800,551377663.39753,15.69000,277500.00000,12.90000,0.00000,0.00000,0.00000
-622121.40545,-885264.86835,157.32700,551377663.44400,15.45000,85299.00000,13.64000,0.00000,0.00000,0.00000
-622011.03313,-884932.95670,158.39900,551377663.49048,15.77000,104239.00000,11.50000,0.00000,0.00000,0.00000
-621506.71266,-885029.56765,157.46900,551377663.53695,15.90000,88723.00000,15.34000,0.00000,0.00000,0.00000
-620922.70371,-885212.83564,156.09200,551377663.58342,15.72000,128988.00000,11.68000,0.00000,0.00000,0.00000
-620748.49310,-884950.36326,154.72700,551377663.62989,15.42000,226317.00000,11.13000,0.00000,0.00000,0.00000
-620900.93567,-884332.58725,153.24300,551377663.67636,15.74000,107617.00000,12.08000,0.00000,0.00000,0.00000
-620907.37718,-883873.62140,152.03100,551377663.72283,15.93000,210107.00000,13.63000,0.00000,0.00000,0.00000
-621591.36020,-882677.68864,155.29200,551377663.76930,15.91000,156304.00000,14.82000,0.00000,0.00000,0.00000
-621353.81521,-882484.13647,155.45600,551377663.81577,15.52000,147598.00000,11.45000,0.00000,0.00000,0.00000
-620642.63171,-882805.74641,153.57900,551377663.86224,14.33000,230410.00000,8.81000,0.00000,0.00000,0.00000
-619756.72535,-883317.36282,152.51200,551377663.90872,14.12000,165041.00000,10.42000,0.00000,0.00000,0.00000
-619239.54020,-883427.92756,152.97800,551377663.95519,13.99000,329421.00000,9.36000,0.00000,0.00000,0.00000
-617753.69708,-884591.93514,131.86800,551377664.00166,14.13000,1003365.00000,5.83000,0.00000,0.00000,0.00000
-628157.04587,-912630.98568,152.02400,551550312.34327,9.67000,2173564.00000,2.96000,0.00000,0.00000,0.00000
-627562.14683,-912814.67824,149.52400,551550312.38969,9.16000,498841.00000,2.54000,0.00000,0.00000,0.00000
-626736.08505,-913242.55327,146.84900,551550312.43612,8.96000,229576.00000,3.34000,0.00000,0.00000,0.00000
-626128.60682,-913439.49667,145.54400,551550312.48254,8.64000,1261525.00000,3.33000,0.00000,0.00000,0.00000
-625656.31061,-913493.65044,140.90300,551550312.52896,8.68000,1305240.00000,5.44000,0.00000,0.00000,0.00000
-625456.89151,-913259.55503,139.65400,551550312.57539,8.76000,195835.00000,6.49000,0.00000,0.00000,0.00000
-625802.74680,-912449.54155,137.57800,551550312.62181,9.05000,130605.00000,7.64000,0.00000,0.00000,0.00000
-625955.61890,-911843.34977,138.81000,551550312.66823,8.65000,420210.00000,3.91000,0.00000,0.00000,0.00000
-625492.88311,-911887.41122,140.35900,551550312.71466,8.73000,3966718.00000,4.39000,0.00000,0.00000,0.00000
-625143.71794,-911811.49803,140.85900,551550312.76108,8.67000,4903947.00000,3.59000,0.00000,0.00000,0.00000
-624685.50464,-911850.76604,140.94000,551550312.80751,8.52000,734659.00000,4.36000,0.00000,0.00000,0.00000
-624238.34136,-911878.34147,140.64300,551550312.85393,8.65000,342576.00000,5.38000,0.00000,0.00000,0.00000
-623835.39828,-911859.20353,139.32600,551550312.90035,8.81000,242690.00000,5.70000,0.00000,0.00000,0.00000
-623971.72246,-911270.56222,137.21900,551550312.94678,8.68000,376231.00000,6.57000,0.00000,0.00000,0.00000
-624172.86895,-910613.44231,135.57700,551550312.99320,8.78000,783128.00000,4.44000,0.00000,0.00000,0.00000
-622390.86751,-912050.69897,135.69300,551550313.03963,8.59000,2615285.00000,3.33000,0.00000,0.00000,0.00000
-625411.90445,-908415.54476,148.90000,551550313.08605,8.47000,304984.00000,3.22000,0.00000,0.00000,0.00000
-624919.03961,-908491.42730,148.76000,551550313.13247,8.69000,323871.00000,3.77000,0.00000,0.00000,0.00000
-624296.52267,-908704.24679,148.94800,551550313.17890,8.76000,384912.00000,4.22000,0.00000,0.00000,0.00000
-623626.75443,-908966.92842,148.89800,551550313.22532,8.76000,521344.00000,3.57000,0.00000,0.00000,0.00000
-622976.08201,-909209.43105,149.12600,551550313.27175,9.09000,4630608.00000,4.07000,0.00000,0.00000,0.00000
-622773.19031,-908979.04814,142.41800,551550313.31817,9.37000,1956624.00000,4.47000,0.00000,0.00000,0.00000
-621968.22028,-909384.45989,145.48900,551550313.36459,9.85000,1914378.00000,6.54000,0.00000,0.00000,0.00000
-622195.54002,-908699.79537,147.14300,551550313.41102,10.49000,299927.00000,7.58000,0.00000,0.00000,0.00000
-622090.65682,-908365.92501,145.35400,551550313.45744,10.76000,807786.00000,8.13000,0.00000,0.00000,0.00000
-621330.41885,-908724.08563,143.96400,551550313.50387,10.91000,1356766.00000,6.53000,0.00000,0.00000,0.00000
-619937.39524,-909750.34733,145.50000,551550313.55029,11.09000,1525659.00000,6.34000,0.00000,0.00000,0.00000
-621698.13949,-907446.60389,151.89200,551550313.59671,11.09000,4862374.00000,4.46000,0.00000,0.00000,0.00000
-620053.34932,-908738.71887,145.72700,551550313.64314,11.22000,4395389.00000,3.10000,0.00000,0.00000,0.00000
-620031.93016,-908316.77050,147.16200,551550313.68956,11.09000,2815246.00000,3.10000,0.00000,0.00000,0.00000
-620457.80336,-907422.51814,155.93100,551550313.73598,11.05000,2342789.00000,3.33000,0.00000,0.00000,0.00000
-620025.25468,-907434.63521,155.44100,551550313.78241,10.99000,1319086.00000,3.95000,0.00000,0.00000,0.00000
-619419.81159,-907629.28057,155.63900,551550313.82883,10.97000,288985.00000,5.53000,0.00000,0.00000,0.00000
-618563.57422,-908088.71002,157.99400,551550313.87525,10.81000,96453.00000,7.08000,0.00000,0.00000,0.00000
-617721.40384,-908533.24590,162.43300,551550313.92168,10.64000,182242.00000,6.65000,0.00000,0.00000,0.00000
-617114.95940,-908728.90414,167.86000,551550313.96810,10.40000,308621.00000,3.75000,0.00000,0.00000,0.00000
-620762.55468,-904433.39919,127.51500,551550314.01452,10.45000,3447114.00000,2.25000,0.00000,0.00000,0.00000
-619812.84781,-904991.57949,128.24100,551550314.06095,10.59000,1574944.00000,3.14000,0.00000,0.00000,0.00000
-619089.28993,-905310.92599,129.70000,551550314.10737,11.06000,675791.00000,3.80000,0.00000,0.00000,0.00000
-618254.65945,-905747.52823,132.85500,551550314.15380,11.05000,459492.00000,3.32000,0.00000,0.00000,0.00000
-617637.16078,-905954.89144,135.74700,551550314.20022,11.28000,669583.00000,3.72000,0.00000,0.00000,0.00000
-617608.23159,-905540.90661,134.61300,551550314.24664,11.17000,965488.00000,4.70000,0.00000,0.00000,0.00000
-617209.37295,-905517.44696,135.89500,551550314.29307,11.36000,1663999.00000,6.88000,0.00000,0.00000,0.00000
-616626.04236,-905688.68791,138.58700,551550314.33949,11.79000,499808.00000,7.32000,0.00000,0.00000,0.00000
-616155.80553,-905740.53996,141.25600,551550314.38592,12.42000,1056279.00000,6.03000,0.00000,0.00000,0.00000
-616209.32410,-905239.54335,142.82100,551550314.43234,13.02000,1258483.00000,6.06000,0.00000,0.00000,0.00000
-616315.61299,-904682.84327,139.02500,551550314.47876,12.79000,1509764.00000,6.46000,0.00000,0.00000,0.00000
-616174.61608,-904387.17720,143.49700,551550314.52519,12.17000,1752275.00000,3.95000,0.00000,0.00000,0.00000
-615175.13449,-904997.67706,155.57400,551550314.57161,11.99000,5551186.00000,4.00000,0.00000,0.00000,0.00000
-614781.31451,-904968.86920,157.08400,551550314.61804,12.25000,5810461.00000,5.56000,0.00000,0.00000,0.00000
-616095.93784,-903136.78041,145.30700,551550314.66446,12.92000,1076745.00000,8.55000,0.00000,0.00000,0.00000
-615011.00068,-903837.46847,148.78900,551550314.71088,13.41000,778948.00000,10.56000,0.00000,0.00000,0.00000
-615869.25227,-902487.11964,147.86000,551550314.75731,12.87000,567034.00000,7.01000,0.00000,0.00000,0.00000
-613934.84304,-904084.35312,150.83300,551550314.80373,12.44000,852236.00000,5.68000,0.00000,0.00000,0.00000
-616886.54942,-900524.43471,159.62700,551550314.85015,12.24000,6287171.00000,5.61000,0.00000,0.00000,0.00000
-613184.91516,-903986.91926,153.19100,551550314.89658,11.97000,2160194.00000,6.11000,0.00000,0.00000,0.00000
-613478.73198,-903232.37235,150.41000,551550314.94300,11.02000,2452469.00000,4.55000,0.00000,0.00000,0.00000
-613985.67952,-902252.90156,151.31500,551550314.98943,10.27000,534060.00000,4.61000,0.00000,0.00000,0.00000
-614380.01745,-901392.26158,148.86200,551550315.03585,10.19000,516643.00000,6.74000,0.00000,0.00000,0.00000
-614018.89866,-901328.97362,148.20900,551550315.08227,10.16000,589446.00000,5.90000,0.00000,0.00000,0.00000
-613250.11769,-901695.89452,143.89900,551550315.12870,10.79000,1829405.00000,6.02000,0.00000,0.00000,0.00000
-612710.54162,-901820.89484,144.87100,551550315.17512,11.53000,418310.00000,9.18000,0.00000,0.00000,0.00000
-613281.35225,-900774.08984,143.81500,551550315.22155,12.10000,311379.00000,10.04000,0.00000,0.00000,0.00000
-613789.32604,-899793.60375,145.41900,551550315.26797,12.31000,607326.00000,7.37000,0.00000,0.00000,0.00000
-611697.53447,-901556.66931,144.13800,551550315.31440,12.86000,2987679.00000,9.18000,0.00000,0.00000,0.00000
-612667.98800,-900088.17736,143.23700,551550315.36082,13.47000,765443.00000,10.24000,0.00000,0.00000,0.00000
-611507.12640,-900868.80005,144.34200,551550315.40724,13.63000,115268.00000,13.47000,0.00000,0.00000,0.00000
-610750.90326,-901222.39613,146.16700,551550315.45367,12.88000,154897.00000,9.39000,0.00000,0.00000,0.00000
-609915.23636,-901659.77276,147.84500,551550315.50009,12.31000,235026.00000,8.82000,0.00000,0.00000,0.00000
-609714.96463,-901426.69678,145.05400,551550315.54651,12.27000,111917.00000,8.35000,0.00000,0.00000,0.00000
-612727.82212,-897803.16446,157.96200,551550315.59294,11.83000,147898.00000,9.01000,0.00000,0.00000,0.00000
-612382.81699,-897722.87922,157.29900,551550315.63936,11.25000,85132.00000,6.74000,0.00000,0.00000,0.00000
-611884.49919,-897804.35561,155.57600,551550315.68579,11.00000,328256.00000,4.45000,0.00000,0.00000,0.00000
-611498.28098,-897767.55900,153.21500,551550315.73221,11.01000,1046071.00000,5.39000,0.00000,0.00000,0.00000
-611621.25438,-897193.45591,154.78300,551550315.77864,10.86000,386611.00000,4.35000,0.00000,0.00000,0.00000
-611339.58916,-897046.32575,155.26400,551550315.82506,10.77000,650340.00000,3.05000,0.00000,0.00000,0.00000
-611015.19241,-896944.26727,154.71500,551550315.87148,11.07000,357635.00000,4.59000,0.00000,0.00000,0.00000
-610745.59857,-896784.40928,153.97700,551550315.91791,11.62000,171667.00000,5.59000,0.00000,0.00000,0.00000
-610458.41541,-896643.11535,154.31400,551550315.96433,12.00000,322745.00000,4.83000,0.00000,0.00000,0.00000
-610024.94519,-896656.14431,154.08500,551550316.01075,12.52000,1145910.00000,3.19000,0.00000,0.00000,0.00000
-609500.99334,-896764.63280,152.88800,551550316.05718,12.91000,2453465.00000,3.01000,0.00000,0.00000,0.00000
-608917.22255,-896936.22937,149.54300,551550316.10360,13.46000,669301.00000,5.30000,0.00000,0.00000,0.00000
-609501.05264,-895431.66765,148.01900,551550316.19645,14.57000,250484.00000,11.17000,0.00000,0.00000,0.00000
-605613.85902,-913281.85659,134.54600,551722967.12403,9.65000,297310.00000,4.23000,0.00000,0.00000,0.00000
-605341.74907,-913123.29913,135.22900,551722967.17041,9.67000,199489.00000,3.90000,0.00000,0.00000,0.00000
-604993.61283,-913042.59991,136.96700,551722967.21679,9.60000,372312.00000,3.49000,0.00000,0.00000,0.00000
-624267.23185,-880336.26561,168.68500,551943574.44162,13.00000,528743.00000,4.15000,0.00000,0.00000,1.00000
-628587.38455,-879174.15104,175.03800,551943574.53412,14.63000,573806.00000,6.31000,0.00000,0.00000,1.00000
-623561.38344,-881626.22112,159.42700,551943574.58037,15.24000,4406803.00000,6.39000,0.00000,0.00000,1.00000
-623883.90894,-881820.79850,159.33000,551943574.62662,15.25000,425864.00000,7.87000,0.00000,0.00000,1.00000
-623936.57643,-882129.24796,159.80600,551943574.67287,15.32000,296248.00000,9.26000,0.00000,0.00000,1.00000
-623971.11986,-882445.34676,160.96300,551943574.71912,15.33000,123828.00000,10.56000,0.00000,0.00000,1.00000
-624495.68516,-882554.65049,162.08700,551943574.76537,15.41000,132929.00000,13.57000,0.00000,0.00000,1.00000
-624814.17893,-882750.93725,163.59300,551943574.81161,15.27000,184504.00000,9.55000,0.00000,0.00000,1.00000
-624797.03238,-883088.86240,163.64100,551943574.85786,15.03000,288498.00000,7.74000,0.00000,0.00000,1.00000
-624663.08382,-883476.07933,161.80500,551943574.90411,14.74000,309542.00000,7.84000,0.00000,0.00000,1.00000
-624809.72539,-883744.88673,160.37400,551943574.95036,14.64000,311704.00000,7.31000,0.00000,0.00000,1.00000
-625002.68404,-883994.15058,158.92100,551943574.99661,14.75000,321478.00000,7.39000,0.00000,0.00000,1.00000
-624997.60869,-884326.98072,157.28600,551943575.04286,14.66000,172200.00000,8.65000,0.00000,0.00000,1.00000
-624961.64940,-884672.83660,157.60600,551943575.08911,14.37000,184705.00000,7.62000,0.00000,0.00000,1.00000
-624688.70632,-885118.66728,157.32000,551943575.13535,14.27000,244766.00000,8.91000,0.00000,0.00000,1.00000
-624830.63707,-885389.46958,158.02300,551943575.18160,13.68000,221787.00000,8.40000,0.00000,0.00000,1.00000
-625009.49030,-885644.69084,160.87600,551943575.22785,12.48000,434756.00000,4.34000,0.00000,0.00000,1.00000
-624475.39538,-886200.68589,167.62500,551943575.27410,11.65000,459942.00000,2.90000,0.00000,0.00000,1.00000
-624217.21442,-886640.28009,170.86100,551943575.32035,11.55000,180123.00000,5.40000,0.00000,0.00000,1.00000
-624167.12839,-886992.06825,172.16400,551943575.36660,11.62000,260587.00000,5.56000,0.00000,0.00000,1.00000
-624100.25410,-887350.94222,170.98900,551943575.41285,11.73000,490989.00000,3.55000,0.00000,0.00000,1.00000
-624236.12648,-887624.30063,170.26600,551943575.45909,11.58000,306039.00000,3.74000,0.00000,0.00000,1.00000
-623938.32143,-888080.60047,173.08700,551943575.50534,10.92000,1198581.00000,3.62000,0.00000,0.00000,1.00000
-624005.69788,-888382.82831,172.19200,551943575.55159,10.37000,7224166.00000,1.92000,0.00000,0.00000,1.00000
-627213.03536,-887360.55937,136.56600,551943575.59784,10.41000,2049832.00000,2.77000,0.00000,0.00000,1.00000
-628727.97849,-887052.16655,128.38700,551943575.64409,11.07000,1782036.00000,4.06000,0.00000,0.00000,1.00000
-627984.32853,-887696.57862,128.42700,551943575.69033,12.57000,2654230.00000,5.07000,0.00000,0.00000,1.00000
-626981.51084,-888450.28456,127.26900,551943575.73658,13.83000,2877263.00000,7.01000,0.00000,0.00000,1.00000
-625888.71105,-889241.91138,128.86400,551943575.78283,14.03000,2808845.00000,6.80000,0.00000,0.00000,1.00000
-625890.96910,-889571.63757,132.91700,551943575.82908,13.71000,818231.00000,8.09000,0.00000,0.00000,1.00000
-626314.19626,-889723.80857,133.73300,551943575.87533,13.07000,466041.00000,6.74000,0.00000,0.00000,1.00000
-626199.62034,-890102.80874,135.06000,551943575.92157,12.99000,771205.00000,5.59000,0.00000,0.00000,1.00000
-625509.62458,-890724.47769,134.12100,551943575.96782,13.27000,1021848.00000,5.52000,0.00000,0.00000,1.00000
-628326.49055,-889867.13501,124.34400,551943576.01407,13.72000,2926277.00000,6.22000,0.00000,0.00000,1.00000
-626554.81290,-890945.03694,126.65000,551943576.06032,13.90000,272809.00000,10.64000,0.00000,0.00000,1.00000
-627351.36409,-890939.78560,125.31200,551943576.10657,12.93000,560893.00000,4.45000,0.00000,0.00000,1.00000
-627800.77661,-891080.94014,144.27400,551943576.15281,12.50000,236295.00000,3.49000,0.00000,0.00000,1.00000
-628127.31512,-891273.91618,147.38700,551943576.19906,12.55000,374444.00000,3.83000,0.00000,0.00000,1.00000
-630402.32718,-890645.16282,156.85200,551943576.24531,12.53000,470497.00000,5.33000,0.00000,0.00000,1.00000
-633092.88363,-889841.08527,178.51000,551943576.29156,12.52000,593150.00000,4.58000,0.00000,0.00000,1.00000
-632562.04564,-890395.71577,175.27200,551943576.33781,12.53000,143352.00000,5.45000,0.00000,0.00000,1.00000
-632635.48782,-890695.48211,175.01700,551943576.38405,12.19000,847136.00000,3.53000,0.00000,0.00000,1.00000
-628135.13195,-892924.04403,151.00900,551943576.43030,12.01000,3406550.00000,2.19000,0.00000,0.00000,1.00000
-629173.44375,-892816.91060,124.67300,551943576.47655,11.93000,841414.00000,3.43000,0.00000,0.00000,1.00000
-628572.00224,-893401.19708,128.23200,551943576.52279,11.90000,735548.00000,2.67000,0.00000,0.00000,1.00000
-628024.95818,-893962.54183,137.47900,551943576.56904,11.96000,403930.00000,4.32000,0.00000,0.00000,1.00000
-628788.61906,-893971.21939,137.67300,551943576.61529,12.13000,278892.00000,6.32000,0.00000,0.00000,1.00000
-628943.93635,-894236.42983,138.48000,551943576.66154,12.21000,287375.00000,6.04000,0.00000,0.00000,1.00000
-628825.94845,-894616.85063,137.95700,551943576.70778,12.12000,249261.00000,5.26000,0.00000,0.00000,1.00000
-628779.14362,-894967.27244,137.84700,551943576.75403,11.95000,299731.00000,5.39000,0.00000,0.00000,1.00000
-628495.95836,-895417.33265,139.62700,551943576.80028,11.78000,203758.00000,6.27000,0.00000,0.00000,1.00000
-628126.82007,-895903.62394,143.47100,551943576.84652,11.27000,399323.00000,3.14000,0.00000,0.00000,1.00000
-627009.63755,-896705.24688,151.16200,551943576.89277,11.34000,4662266.00000,2.46000,0.00000,0.00000,1.00000
-632110.36793,-894885.55822,188.20100,551943576.93902,11.29000,2728696.00000,2.44000,0.00000,0.00000,1.00000
-632215.99369,-895171.72344,186.86500,551943576.98526,10.82000,2126450.00000,2.52000,0.00000,0.00000,1.00000
-632245.75531,-895489.88975,184.60500,551943577.03151,10.39000,870008.00000,2.34000,0.00000,0.00000,1.00000
-632272.82261,-895809.18043,181.73700,551943577.07775,10.13000,762256.00000,2.70000,0.00000,0.00000,1.00000
-633857.88488,-895471.63604,157.93900,551943577.12400,9.90000,343587.00000,2.51000,0.00000,0.00000,1.00000
-628413.39413,-898097.45876,145.22500,551943577.17025,9.57000,616787.00000,2.77000,0.00000,0.00000,1.00000
-631850.38175,-896979.36961,172.10500,551943577.21649,9.28000,333392.00000,2.42000,0.00000,0.00000,1.00000
-631649.78145,-897394.62713,171.56600,551943577.26274,9.02000,518670.00000,3.00000,0.00000,0.00000,1.00000
-632695.54275,-897284.48873,159.58300,551943577.30898,8.90000,1258317.00000,1.69000,0.00000,0.00000,1.00000
-631298.24219,-898204.17601,182.19500,551943577.35523,8.72000,1771748.00000,1.34000,0.00000,0.00000,1.00000
-633335.18148,-897676.26149,163.73000,551943577.40147,8.58000,5776098.00000,1.36000,0.00000,0.00000,1.00000
-634299.02916,-897600.67599,161.84800,551943577.44772,8.60000,6865138.00000,1.48000,0.00000,0.00000,1.00000
-633864.02425,-898114.74268,164.39300,551943577.49396,8.52000,2315463.00000,1.54000,0.00000,0.00000,1.00000
-630865.09322,-899709.44125,199.90800,551943577.54021,8.48000,220685.00000,1.91000,0.00000,0.00000,1.00000
-630945.82814,-900006.08396,199.17600,551943577.58645,8.60000,236356.00000,2.18000,0.00000,0.00000,1.00000
-631009.77776,-900309.81539,196.41100,551943577.63270,8.65000,558348.00000,1.69000,0.00000,0.00000,1.00000
-631092.51750,-900605.60459,192.03000,551943577.67894,8.85000,5743846.00000,2.29000,0.00000,0.00000,1.00000
-631288.74687,-900853.58155,188.37000,551943577.72519,9.22000,1680391.00000,3.48000,0.00000,0.00000,1.00000
-631760.31217,-900985.52718,184.08900,551943577.77143,9.76000,869184.00000,5.74000,0.00000,0.00000,1.00000
-633658.91306,-900516.08833,186.76200,551943577.81768,9.84000,517935.00000,5.75000,0.00000,0.00000,1.00000
-633451.56928,-900934.16628,181.16900,551943577.86392,9.87000,538252.00000,4.59000,0.00000,0.00000,1.00000
-633800.26164,-901117.91089,179.16300,551943577.91016,10.19000,360062.00000,6.09000,0.00000,0.00000,1.00000
-633692.95628,-901493.81872,177.76600,551943577.95641,10.05000,300320.00000,5.92000,0.00000,0.00000,1.00000
-633512.44310,-901900.56975,176.60500,551943578.00265,9.48000,757559.00000,6.20000,0.00000,0.00000,1.00000
-633223.12922,-902353.16036,173.87500,551943578.04890,9.39000,307891.00000,6.40000,0.00000,0.00000,1.00000
-632353.55176,-903050.24084,170.51400,551943578.09514,9.47000,523560.00000,5.38000,0.00000,0.00000,1.00000
-631393.96250,-903785.21810,170.56600,551943578.14139,8.68000,404867.00000,5.14000,0.00000,0.00000,1.00000
-631300.71542,-904155.15739,170.41000,551943578.18763,7.50000,1802530.00000,3.16000,0.00000,0.00000,1.00000
-630340.40649,-904890.38747,168.19100,551943578.23387,6.62000,3851065.00000,2.29000,0.00000,0.00000,1.00000
-630701.13681,-905069.06075,161.02600,551943578.28012,6.26000,1385567.00000,2.65000,0.00000,0.00000,1.00000
-637380.24702,-902585.64902,210.14000,551943578.32636,5.86000,113905.00000,3.06000,0.00000,0.00000,1.00000
-638053.29331,-902632.75155,214.58500,551943578.37260,5.37000,251795.00000,2.75000,0.00000,0.00000,1.00000
-637907.73066,-903024.81130,209.25900,551943578.41885,4.74000,207678.00000,4.54000,0.00000,0.00000,1.00000
-636659.40939,-903881.52683,199.17300,551943578.46509,3.92000,326587.00000,3.36000,0.00000,0.00000,1.00000
-637040.34264,-904051.72858,197.80000,551943578.51134,3.51000,1781199.00000,2.34000,0.00000,0.00000,1.00000
-637047.85916,-904379.26994,196.15300,551943578.55758,4.12000,279926.00000,6.04000,0.00000,0.00000,1.00000
-636626.89148,-904887.35473,194.03500,551943578.60382,5.57000,1090787.00000,5.59000,0.00000,0.00000,1.00000
-636003.05626,-905480.86670,195.77000,551943578.65007,6.69000,805283.00000,4.79000,0.00000,0.00000,1.00000
-635912.50030,-905849.72116,195.62600,551943578.69631,6.89000,528947.00000,5.51000,0.00000,0.00000,1.00000
-635784.99439,-906234.12609,195.37100,551943578.74256,6.96000,877043.00000,3.89000,0.00000,0.00000,1.00000
-635744.13065,-906582.03771,193.81500,551943578.78880,7.38000,4777200.00000,2.28000,0.00000,0.00000,1.00000
-612583.99637,-888839.59409,129.88700,552116227.30869,14.14000,1522201.00000,4.36000,0.00000,0.00000,1.00000
-612526.59795,-889191.31071,130.17400,552116227.35492,14.76000,1063007.00000,7.79000,0.00000,0.00000,1.00000
-611204.99838,-890054.02007,126.39500,552116227.40115,15.43000,1169478.00000,9.82000,0.00000,0.00000,1.00000
-612643.44033,-890129.67651,133.70800,552116227.49362,15.81000,628080.00000,16.21000,0.00000,0.00000,1.00000
-612771.07077,-890406.62235,136.52400,552116227.53985,14.31000,1357445.00000,6.97000,0.00000,0.00000,1.00000
-613332.23874,-890508.33790,145.10000,552116227.58608,13.82000,474043.00000,7.15000,0.00000,0.00000,1.00000
-612870.29918,-891023.54963,144.96900,552116227.63231,13.83000,207634.00000,7.58000,0.00000,0.00000,1.00000
-612431.99886,-891529.21214,145.65400,552116227.67854,13.78000,101239.00000,8.58000,0.00000,0.00000,1.00000
-612055.13648,-892010.01004,146.65300,552116227.72477,13.88000,167062.00000,10.49000,0.00000,0.00000,1.00000
-611637.75373,-892507.18580,148.35200,552116227.77100,13.77000,231098.00000,9.75000,0.00000,0.00000,1.00000
-610945.49813,-893115.41327,150.47800,552116227.81723,14.06000,226989.00000,7.68000,0.00000,0.00000,1.00000
-610775.95942,-893512.41842,151.53200,552116227.86346,14.07000,149012.00000,8.67000,0.00000,0.00000,1.00000
-610691.50543,-893875.03553,151.48100,552116227.90969,13.94000,288080.00000,7.05000,0.00000,0.00000,1.00000
-610756.97656,-894177.07301,151.15900,552116227.95593,13.68000,386939.00000,6.11000,0.00000,0.00000,1.00000
-610732.62457,-894515.40940,149.91700,552116228.00216,13.62000,1177308.00000,4.24000,0.00000,0.00000,1.00000
-610682.59565,-894864.10520,147.92100,552116228.04839,13.83000,1369121.00000,5.68000,0.00000,0.00000,1.00000
-610763.58864,-895159.86810,147.50000,552116228.09462,13.69000,1129095.00000,6.66000,0.00000,0.00000,1.00000
-611482.14790,-895198.06576,147.16000,552116228.14085,13.07000,186600.00000,8.72000,0.00000,0.00000,1.00000
-612611.33674,-895070.36798,150.56800,552116228.18708,12.52000,778645.00000,9.62000,0.00000,0.00000,1.00000
-612805.12103,-895320.58132,154.20400,552116228.23331,12.67000,149674.00000,17.87000,0.00000,0.00000,1.00000
-613041.45416,-895553.60749,156.34200,552116228.27954,11.74000,292011.00000,15.33000,0.00000,0.00000,1.00000
-612979.93973,-895906.95483,157.00900,552116228.32577,10.65000,349008.00000,6.92000,0.00000,0.00000,1.00000
-612655.70781,-896366.45103,156.33200,552116228.37200,10.21000,1160721.00000,5.71000,0.00000,0.00000,1.00000
-612733.31799,-896663.58989,155.07000,552116228.41823,10.01000,493416.00000,8.78000,0.00000,0.00000,1.00000
-613698.40276,-896602.23573,157.67200,552116228.46446,10.41000,1753295.00000,4.47000,0.00000,0.00000,1.00000
-613523.41053,-897001.42706,160.11700,552116228.51069,10.90000,235842.00000,5.78000,0.00000,0.00000,1.00000
-613382.86505,-897386.70625,159.19300,552116228.55692,11.15000,212721.00000,8.59000,0.00000,0.00000,1.00000
-613473.98124,-897678.40202,159.20600,552116228.60315,10.69000,88592.00000,8.89000,0.00000,0.00000,1.00000
-613549.56291,-897976.38317,159.62200,552116228.64938,9.08000,365389.00000,5.94000,0.00000,0.00000,1.00000
-613142.89069,-898469.13497,142.28600,552116228.69561,8.16000,713444.00000,2.80000,0.00000,0.00000,1.00000
-614882.73559,-898094.88277,146.14700,552116228.74184,8.46000,3780736.00000,4.59000,0.00000,0.00000,1.00000
-614370.68126,-898630.23452,148.17200,552116228.78807,9.63000,796919.00000,5.54000,0.00000,0.00000,1.00000
-614241.59188,-899010.87289,147.99600,552116228.83430,10.61000,2372504.00000,6.31000,0.00000,0.00000,1.00000
-613923.37571,-899467.89787,144.26000,552116228.88053,11.29000,897165.00000,6.79000,0.00000,0.00000,1.00000
-615887.51347,-899003.12941,149.31600,552116228.92676,11.96000,345902.00000,11.74000,0.00000,0.00000,1.00000
-614368.32771,-899945.19956,144.65300,552116228.97299,11.76000,295673.00000,9.47000,0.00000,0.00000,1.00000
-613922.43065,-900453.78156,143.88700,552116229.01922,11.16000,260338.00000,8.31000,0.00000,0.00000,1.00000
-614379.63100,-900597.64847,143.91500,552116229.06545,10.63000,847561.00000,6.42000,0.00000,0.00000,1.00000
-611507.39542,-902085.98550,145.25700,552116229.11168,10.36000,746734.00000,5.15000,0.00000,0.00000,1.00000
-615399.39697,-900842.84282,150.00400,552116229.15791,10.70000,3485511.00000,5.23000,0.00000,0.00000,1.00000
-616145.69838,-900869.97018,152.43400,552116229.20414,10.52000,2762639.00000,4.75000,0.00000,0.00000,1.00000
-616434.70853,-901081.78239,154.29800,552116229.25037,10.43000,2235540.00000,6.68000,0.00000,0.00000,1.00000
-616025.26464,-901575.63715,155.74600,552116229.29660,10.70000,284094.00000,6.21000,0.00000,0.00000,1.00000
-614620.82813,-902471.25335,154.99600,552116229.34283,11.22000,147997.00000,6.36000,0.00000,0.00000,1.00000
-614505.88324,-902846.16123,154.96300,552116229.38906,11.64000,1199517.00000,4.19000,0.00000,0.00000,1.00000
-613899.83346,-903419.33706,152.24500,552116229.43529,11.78000,1574140.00000,3.43000,0.00000,0.00000,1.00000
-613774.05975,-903798.61161,147.52000,552116229.48152,11.91000,1120191.00000,5.68000,0.00000,0.00000,1.00000
-614015.76001,-904029.50555,147.90500,552116229.52775,11.43000,419366.00000,8.11000,0.00000,0.00000,1.00000
-613001.01539,-904767.65255,154.69400,552116229.57398,10.90000,523669.00000,5.73000,0.00000,0.00000,1.00000
-613265.00617,-904989.55177,156.70500,552116229.62020,10.86000,99081.00000,5.87000,0.00000,0.00000,1.00000
-614230.18724,-904928.39207,156.33800,552116229.66643,10.70000,313787.00000,6.61000,0.00000,0.00000,1.00000
-614047.66667,-905330.56692,159.42300,552116229.71266,10.51000,248289.00000,4.27000,0.00000,0.00000,1.00000
-614002.26328,-905677.36742,160.78300,552116229.75889,10.40000,282717.00000,3.41000,0.00000,0.00000,1.00000
-615707.15440,-905317.62740,140.60200,552116229.80512,10.27000,3631288.00000,2.02000,0.00000,0.00000,1.00000
-615811.04593,-905604.18128,138.36100,552116229.85135,10.39000,1681372.00000,2.09000,0.00000,0.00000,1.00000
-614705.69463,-906378.86616,142.97300,552116229.89758,10.66000,5771379.00000,2.67000,0.00000,0.00000,1.00000
-614862.26908,-906644.15188,142.29200,552116229.94381,10.47000,1605220.00000,3.54000,0.00000,0.00000,1.00000
-614803.34596,-906996.41779,146.25200,552116229.99004,10.11000,2430738.00000,2.71000,0.00000,0.00000,1.00000
-614367.46975,-907500.81961,157.06700,552116230.03626,9.58000,3703905.00000,2.02000,0.00000,0.00000,1.00000
-614834.12429,-907640.94085,160.55300,552116230.08249,9.00000,1688062.00000,1.95000,0.00000,0.00000,1.00000
-615217.69168,-907814.60750,167.38400,552116230.12872,8.63000,3666533.00000,1.49000,0.00000,0.00000,1.00000
-618648.07430,-906758.48645,142.84200,552116230.17495,8.78000,4134236.00000,1.32000,0.00000,0.00000,1.00000
-615561.91607,-908332.63552,179.31200,552116230.22118,8.91000,683385.00000,1.82000,0.00000,0.00000,1.00000
-615673.89216,-908615.92674,179.84300,552116230.26740,9.07000,404755.00000,2.80000,0.00000,0.00000,1.00000
-615794.65265,-908895.68267,179.21100,552116230.31363,9.38000,1103103.00000,2.09000,0.00000,0.00000,1.00000
-618500.15409,-908132.25107,154.79000,552116230.35986,9.79000,618933.00000,2.08000,0.00000,0.00000,1.00000
-618630.38842,-908408.20246,153.45900,552116230.40609,10.19000,580683.00000,2.25000,0.00000,0.00000,1.00000
-619137.60249,-908531.98821,149.52000,552116230.45232,10.43000,2059883.00000,2.45000,0.00000,0.00000,1.00000
-618536.83546,-909102.97949,147.97300,552116230.49854,10.69000,843164.00000,2.40000,0.00000,0.00000,1.00000
-618752.86585,-909344.30006,143.47400,552116230.54477,10.90000,2822067.00000,3.46000,0.00000,0.00000,1.00000
-616769.08981,-910473.35325,155.66100,552116230.59100,10.91000,2897701.00000,3.73000,0.00000,0.00000,1.00000
-616855.37697,-910767.02060,154.05000,552116230.63723,10.71000,1312643.00000,5.46000,0.00000,0.00000,1.00000
-616808.57108,-911114.39964,153.99800,552116230.68346,10.44000,633034.00000,7.61000,0.00000,0.00000,1.00000
-616829.99748,-911434.23558,155.31800,552116230.72968,10.13000,1061359.00000,5.82000,0.00000,0.00000,1.00000
-616991.27979,-911697.64810,157.50400,552116230.77591,9.87000,2115988.00000,4.31000,0.00000,0.00000,1.00000
-617003.91993,-912021.03398,158.98200,552116230.82214,9.75000,786695.00000,5.66000,0.00000,0.00000,1.00000
-617021.95926,-912342.24419,157.79400,552116230.86837,9.42000,734521.00000,3.55000,0.00000,0.00000,1.00000
-617080.52047,-912647.10184,151.31100,552116230.91460,9.26000,494668.00000,4.44000,0.00000,0.00000,1.00000
-617340.42924,-912870.72750,145.79400,552116230.96082,9.15000,332095.00000,5.92000,0.00000,0.00000,1.00000
-617980.73661,-912940.88044,141.56700,552116231.00705,9.02000,191264.00000,6.76000,0.00000,0.00000,1.00000
-618177.82028,-913189.86512,138.77000,552116231.05328,8.77000,158536.00000,7.87000,0.00000,0.00000,1.00000
-618747.20354,-913288.65324,137.27300,552116231.09951,8.41000,233524.00000,6.34000,0.00000,0.00000,1.00000
-619082.12303,-913482.02340,136.15300,552116231.14574,9.41000,207423.00000,6.04000,0.00000,0.00000,1.00000
-619342.72456,-913705.38962,136.47900,552116231.19196,10.47000,252320.00000,8.13000,0.00000,0.00000,1.00000
-619447.24352,-913991.73861,138.00000,552116231.23819,10.69000,264356.00000,7.54000,0.00000,0.00000,1.00000
-619403.10794,-914338.04741,138.65200,552116231.28442,10.63000,207164.00000,8.69000,0.00000,0.00000,1.00000
-619354.23604,-914686.26340,139.09300,552116231.33065,10.51000,232941.00000,8.13000,0.00000,0.00000,1.00000
-619383.74779,-915002.87253,139.18700,552116231.37688,10.32000,157204.00000,6.86000,0.00000,0.00000,1.00000
-619158.51008,-915422.22919,139.00700,552116231.42311,10.46000,242302.00000,6.47000,0.00000,0.00000,1.00000
-618792.04712,-915898.55691,139.52900,552116231.46933,10.30000,179799.00000,7.39000,0.00000,0.00000,1.00000
-618345.17030,-916407.30635,141.38300,552116231.51556,10.45000,337583.00000,7.70000,0.00000,0.00000,1.00000
-617813.14599,-916950.38955,144.26600,552116231.56179,10.31000,417687.00000,5.81000,0.00000,0.00000,1.00000
