-632913.97738,-910516.97726,162.45700,468259895.76843,8.24000,299522.00000,3.07000,0.00000,0.00000,0.00000
-632201.60854,-910829.67859,161.33100,468259895.81515,7.49000,480087.00000,2.77000,0.00000,0.00000,0.00000
-631481.70930,-911150.42291,159.99900,468259895.86186,7.18000,463767.00000,2.51000,0.00000,0.00000,0.00000
-630879.58771,-911344.97365,159.61900,468259895.90858,6.89000,927471.00000,2.46000,0.00000,0.00000,0.00000
-630555.64388,-911241.52840,159.09800,468259895.95530,6.54000,1066954.00000,2.83000,0.00000,0.00000,0.00000
-629939.98418,-911450.55296,160.38900,468259896.00201,6.29000,4937835.00000,2.66000,0.00000,0.00000,0.00000
-630396.41819,-910511.18072,139.61900,468259896.04873,6.30000,335520.00000,2.91000,0.00000,0.00000,0.00000
-631065.92518,-909343.57134,133.00900,468259896.09545,6.59000,2809806.00000,3.31000,0.00000,0.00000,0.00000
-630442.75793,-909560.67197,135.09100,468259896.14216,6.71000,6367477.00000,2.88000,0.00000,0.00000,0.00000
-629476.75152,-910144.98355,143.35600,468259896.18888,7.09000,2070847.00000,3.94000,0.00000,0.00000,0.00000
-629197.93016,-909993.20575,143.42700,468259896.23560,7.28000,315745.00000,5.77000,0.00000,0.00000,0.00000
-629487.51504,-909232.59433,138.85300,468259896.28232,7.72000,132226.00000,7.11000,0.00000,0.00000,0.00000
-629640.26813,-908618.55575,136.07400,468259896.32903,8.14000,532036.00000,4.77000,0.00000,0.00000,0.00000
-628187.51555,-909724.16342,137.15600,468259896.37575,8.51000,398524.00000,4.46000,0.00000,0.00000,0.00000
-627777.35273,-909713.03596,135.07000,468259896.42247,9.06000,545656.00000,2.98000,0.00000,0.00000,0.00000
-631081.92718,-905723.13075,149.43400,468259896.46919,9.31000,3642851.00000,3.40000,0.00000,0.00000,0.00000
-631183.55412,-905163.88022,148.73400,468259896.51590,9.73000,2013564.00000,3.89000,0.00000,0.00000,0.00000
-631074.66806,-904830.13766,152.17000,468259896.56262,10.26000,910998.00000,3.97000,0.00000,0.00000,0.00000
-629976.39106,-905556.14907,149.50900,468259896.60934,10.57000,1268165.00000,3.67000,0.00000,0.00000,0.00000
-628588.87907,-906591.89092,150.69500,468259896.65606,10.81000,1417051.00000,3.14000,0.00000,0.00000,0.00000
-628448.92483,-906291.39995,152.34100,468259896.70278,11.19000,1282285.00000,3.69000,0.00000,0.00000,0.00000
-628596.69371,-905682.78263,152.85800,468259896.74949,11.64000,299718.00000,3.98000,0.00000,0.00000,0.00000
-627091.35850,-906844.60427,152.27800,468259896.79621,11.87000,1210796.00000,4.38000,0.00000,0.00000,0.00000
-630612.37364,-902623.19794,169.73500,468259896.84293,11.83000,2076028.00000,4.48000,0.00000,0.00000,0.00000
-630220.82999,-902592.24408,171.04900,468259896.88964,11.88000,2692184.00000,3.53000,0.00000,0.00000,0.00000
-628929.62099,-903524.84882,167.38100,468259896.93636,12.15000,1510029.00000,3.06000,0.00000,0.00000,0.00000
-628586.21474,-903442.32616,161.60300,468259896.98308,12.43000,1933672.00000,3.41000,0.00000,0.00000,0.00000
-628062.34785,-903553.03668,158.25900,468259897.02980,12.58000,537997.00000,3.95000,0.00000,0.00000,0.00000
-627550.00998,-903651.40747,154.00400,468259897.07651,12.78000,847726.00000,3.85000,0.00000,0.00000,0.00000
-626724.87878,-904084.70985,150.46100,468259897.12323,12.99000,659712.00000,4.63000,0.00000,0.00000,0.00000
-626075.17747,-904330.13170,147.88300,468259897.16995,13.08000,352680.00000,4.47000,0.00000,0.00000,0.00000
-625355.29009,-904650.69564,145.43900,468259897.21667,13.12000,325805.00000,5.68000,0.00000,0.00000,0.00000
-624519.09723,-905095.77647,144.20500,468259897.26339,12.92000,499289.00000,5.37000,0.00000,0.00000,0.00000
-623793.66835,-905422.21432,143.59900,468259897.31010,12.82000,194103.00000,6.40000,0.00000,0.00000,0.00000
-622931.37236,-905895.15972,145.60000,468259897.35682,13.25000,2115900.00000,4.58000,0.00000,0.00000,0.00000
-623712.32494,-904608.69020,128.67400,468259897.40354,14.19000,447007.00000,6.95000,0.00000,0.00000,0.00000
-623580.44386,-904299.60231,129.13600,468259897.45026,15.09000,673266.00000,8.59000,0.00000,0.00000,0.00000
-623867.15505,-903542.33831,126.88700,468259897.49698,15.67000,229355.00000,7.60000,0.00000,0.00000,0.00000
-624175.92631,-902761.46942,124.16800,468259897.54369,16.46000,357816.00000,9.08000,0.00000,0.00000,0.00000
-625040.11739,-901385.87822,124.51800,468259897.59041,16.62000,784389.00000,11.15000,0.00000,0.00000,0.00000
-624998.48264,-900980.20426,126.04400,468259897.63713,16.12000,524898.00000,10.72000,0.00000,0.00000,0.00000
-625049.07671,-900475.76922,128.54600,468259897.68385,15.81000,380949.00000,6.88000,0.00000,0.00000,0.00000
-624633.98310,-900469.96043,128.27400,468259897.73057,15.57000,645644.00000,6.12000,0.00000,0.00000,0.00000
-623356.66878,-901387.30766,126.97600,468259897.77729,15.85000,452276.00000,7.35000,0.00000,0.00000,0.00000
-622710.46633,-901628.89768,126.90800,468259897.82401,16.33000,890720.00000,11.09000,0.00000,0.00000,0.00000
-623249.35410,-900601.70808,126.12500,468259897.87073,16.27000,131192.00000,16.40000,0.00000,0.00000,0.00000
-623379.18081,-900012.48376,128.06200,468259897.91744,15.22000,1200606.00000,5.76000,0.00000,0.00000,0.00000
-623027.75476,-899938.49486,133.54400,468259897.96416,15.00000,3403151.00000,4.34000,0.00000,0.00000,0.00000
-622568.55226,-899979.88149,136.35000,468259898.01088,14.68000,1283676.00000,3.85000,0.00000,0.00000,0.00000
-622054.70996,-900079.75863,138.37700,468259898.05760,14.34000,456222.00000,6.60000,0.00000,0.00000,0.00000
-621656.67223,-900055.65873,140.13100,468259898.10432,14.27000,228808.00000,5.86000,0.00000,0.00000,0.00000
-621118.76261,-900181.27019,141.48100,468259898.15104,14.45000,550914.00000,5.18000,0.00000,0.00000,0.00000
-620694.66037,-900185.06718,142.02600,468259898.19776,14.62000,322708.00000,5.19000,0.00000,0.00000,0.00000
-620223.42618,-900239.29258,142.44100,468259898.24448,14.67000,1459894.00000,3.52000,0.00000,0.00000,0.00000
-619712.08798,-900336.45014,142.47200,468259898.29120,15.01000,3330683.00000,4.51000,0.00000,0.00000,0.00000
-619235.33975,-900396.56380,143.41400,468259898.33791,15.38000,3691467.00000,3.95000,0.00000,0.00000,0.00000
-618944.59592,-900257.59668,144.55600,468259898.38463,15.34000,1019763.00000,4.90000,0.00000,0.00000,0.00000
-618659.87715,-900112.17660,148.15400,468259898.43135,14.82000,656737.00000,3.82000,0.00000,0.00000,0.00000
-620524.83731,-897665.78271,134.26100,468259898.47807,14.36000,1899846.00000,2.59000,0.00000,0.00000,0.00000
-618003.71925,-899914.12652,161.89700,468259898.52479,14.05000,5358971.00000,2.39000,0.00000,0.00000,0.00000
-618026.31835,-899439.77156,163.52200,468259898.57150,13.58000,4582316.00000,3.37000,0.00000,0.00000,0.00000
-618055.94201,-898957.92084,165.61100,468259898.61822,13.39000,1296815.00000,2.96000,0.00000,0.00000,0.00000
-617962.73964,-898607.53445,165.97900,468259898.66494,13.36000,351736.00000,4.77000,0.00000,0.00000,0.00000
-618664.63098,-897406.16609,162.16100,468259898.71166,12.78000,328999.00000,7.35000,0.00000,0.00000,0.00000
-618272.64693,-897375.59383,156.82700,468259898.75837,12.22000,3384292.00000,2.36000,0.00000,0.00000,0.00000
-619092.84575,-896047.61328,172.94200,468259898.80509,11.95000,700382.00000,2.57000,0.00000,0.00000,0.00000
-619064.32598,-895628.04259,172.07600,468259898.85181,11.35000,1275165.00000,3.90000,0.00000,0.00000,0.00000
-619311.01694,-894913.91480,174.70200,468259898.89852,10.76000,1573927.00000,2.77000,0.00000,0.00000,0.00000
-619266.45020,-894511.53003,179.37300,468259898.94524,10.42000,287203.00000,2.70000,0.00000,0.00000,0.00000
-619135.16076,-894201.96181,182.38000,468259898.99196,10.27000,505056.00000,1.87000,0.00000,0.00000,0.00000
-617652.37067,-895338.83728,159.70100,468259899.03868,10.19000,1820673.00000,2.64000,0.00000,0.00000,0.00000
-616987.17510,-895600.65231,157.42900,468259899.08539,10.25000,298544.00000,4.59000,0.00000,0.00000,0.00000
-616356.57218,-895825.43980,157.01000,468259899.13211,10.52000,293690.00000,6.49000,0.00000,0.00000,0.00000
-616338.59943,-895394.58473,158.52100,468259899.17883,10.79000,722742.00000,4.42000,0.00000,0.00000,0.00000
-616037.37688,-895266.86719,159.56300,468259899.22554,10.92000,1334181.00000,3.83000,0.00000,0.00000,0.00000
-615859.99189,-895006.63756,159.73300,468259899.27226,10.90000,2537477.00000,2.51000,0.00000,0.00000,0.00000
-612072.18296,-898609.61404,168.99000,468259899.31898,11.09000,689993.00000,2.27000,0.00000,0.00000,0.00000
-617956.38783,-891413.07609,150.90500,468259899.41241,11.92000,605749.00000,4.67000,0.00000,0.00000,0.00000
-616860.06678,-892136.27821,148.01700,468259899.45913,12.64000,1118317.00000,3.77000,0.00000,0.00000,0.00000
-615294.45619,-893361.59308,148.61200,468259899.50584,13.72000,800350.00000,6.30000,0.00000,0.00000,0.00000
-614791.70366,-893449.53224,148.77300,468259899.55256,14.54000,105516.00000,9.07000,0.00000,0.00000,0.00000
-615571.42324,-892165.18034,150.78000,468259899.59928,15.02000,810756.00000,6.44000,0.00000,0.00000,0.00000
-615432.65873,-891863.64760,152.54600,468259899.64600,15.45000,7556010.00000,5.05000,0.00000,0.00000,0.00000
-615051.73966,-891821.22208,153.00800,468259899.69272,15.54000,1016268.00000,5.68000,0.00000,0.00000,0.00000
-614849.81012,-891587.28054,153.72900,468259899.73943,15.29000,424582.00000,4.98000,0.00000,0.00000,0.00000
-614602.26036,-891402.15687,154.43900,468259899.78615,15.20000,458825.00000,4.89000,0.00000,0.00000,0.00000
-614209.32026,-891372.59950,154.23800,468259899.83287,15.25000,288266.00000,5.77000,0.00000,0.00000,0.00000
-613729.14073,-891436.37179,152.52300,468259899.87959,15.19000,280000.00000,5.41000,0.00000,0.00000,0.00000
-613419.93206,-891317.21937,150.71400,468259899.92631,15.44000,165727.00000,7.32000,0.00000,0.00000,0.00000
-613045.03173,-891268.32352,148.12600,468259899.97302,15.56000,152964.00000,8.70000,0.00000,0.00000,0.00000
-612447.02642,-891458.14342,145.33000,468259900.01974,15.78000,241841.00000,8.07000,0.00000,0.00000,0.00000
-611776.29631,-891725.71503,142.55500,468259900.06646,15.99000,144663.00000,7.36000,0.00000,0.00000,0.00000
-611428.97332,-891647.31335,139.58900,468259900.11318,16.13000,175177.00000,6.30000,0.00000,0.00000,0.00000
-611146.82096,-891499.16459,135.04000,468259900.15990,16.78000,171593.00000,8.97000,0.00000,0.00000,0.00000
-611348.04350,-890833.94099,130.62500,468259900.20662,17.43000,108291.00000,11.04000,0.00000,0.00000,0.00000
-612274.79945,-889392.54630,129.16800,468259900.25334,17.52000,215867.00000,10.54000,0.00000,0.00000,0.00000
-612417.36081,-888790.08910,130.29000,468259900.30006,17.64000,186165.00000,8.92000,0.00000,0.00000,0.00000
-612088.60228,-888691.83848,131.17800,468259900.34678,17.63000,358432.00000,7.09000,0.00000,0.00000,0.00000
-617326.19319,-916567.64351,138.25100,468432549.90231,12.20000,5971048.00000,2.05000,0.00000,0.00000,0.00000
-614133.55889,-916785.04493,139.38700,468432550.22892,13.40000,1449859.00000,5.36000,0.00000,0.00000,0.00000
-614054.35807,-916424.61553,139.92500,468432550.27558,13.57000,1172752.00000,5.86000,0.00000,0.00000,0.00000
-614183.80908,-915847.45896,140.49900,468432550.32224,13.87000,154503.00000,10.60000,0.00000,0.00000,0.00000
-615617.57788,-913915.54498,144.05300,468432550.36889,13.67000,408697.00000,7.99000,0.00000,0.00000,0.00000
-615574.50675,-913517.62246,148.75000,468432550.41555,12.99000,1173564.00000,4.12000,0.00000,0.00000,0.00000
-615207.77933,-913455.88145,156.41500,468432550.46221,12.73000,3089291.00000,3.81000,0.00000,0.00000,0.00000
-614519.95603,-913727.64074,157.15000,468432550.50887,12.63000,291603.00000,3.77000,0.00000,0.00000,0.00000
-614186.83894,-913630.99890,157.67500,468432550.55553,12.63000,171498.00000,4.03000,0.00000,0.00000,0.00000
-613967.20459,-913416.47763,157.57500,468432550.60219,12.78000,499731.00000,4.07000,0.00000,0.00000,0.00000
-613692.09982,-913259.56879,160.38800,468432550.64884,12.87000,2732814.00000,2.89000,0.00000,0.00000,0.00000
-613281.12709,-913243.75661,144.94100,468432550.69550,12.93000,1384432.00000,4.23000,0.00000,0.00000,0.00000
-614439.60406,-911597.94031,151.20800,468432550.74216,12.95000,2138642.00000,3.68000,0.00000,0.00000,0.00000
-614149.24638,-911456.90427,151.95900,468432550.78882,12.92000,6147067.00000,3.00000,0.00000,0.00000,0.00000
-612956.08591,-912253.46950,155.61800,468432550.83548,13.05000,579410.00000,6.94000,0.00000,0.00000,0.00000
-612898.81097,-911870.34430,152.43400,468432550.88213,13.29000,2700516.00000,5.24000,0.00000,0.00000,0.00000
-613231.86662,-911081.84948,152.81400,468432550.92879,13.21000,1592740.00000,5.44000,0.00000,0.00000,0.00000
-613658.03507,-910196.66588,160.82300,468432550.97545,12.85000,2650535.00000,4.92000,0.00000,0.00000,0.00000
-613162.09949,-910269.12433,157.39000,468432551.02211,12.74000,2480828.00000,7.52000,0.00000,0.00000,0.00000
-613146.05657,-909843.20591,157.70500,468432551.06877,12.35000,337829.00000,6.36000,0.00000,0.00000,0.00000
-612779.38246,-909781.41931,155.15600,468432551.11542,12.17000,235630.00000,5.67000,0.00000,0.00000,0.00000
-612343.50239,-909791.49885,151.06200,468432551.16208,12.36000,180465.00000,7.85000,0.00000,0.00000,0.00000
-611755.96684,-909959.07380,147.15700,468432551.20874,12.49000,106469.00000,8.69000,0.00000,0.00000,0.00000
-611558.75873,-909721.28367,145.59800,468432551.25540,12.51000,262304.00000,8.42000,0.00000,0.00000,0.00000
-611304.05059,-909543.21876,143.90000,468432551.30206,12.36000,266335.00000,7.74000,0.00000,0.00000,0.00000
-610961.30144,-909456.57560,141.17300,468432551.34872,13.28000,290144.00000,7.67000,0.00000,0.00000,0.00000
-610744.77242,-909238.87577,138.56100,468432551.39537,13.76000,414855.00000,11.28000,0.00000,0.00000,0.00000
-611399.51022,-908116.45167,145.80600,468432551.44203,13.57000,2997644.00000,5.94000,0.00000,0.00000,0.00000
-608239.73664,-910954.76949,132.90600,468432551.48869,13.31000,289841.00000,6.20000,0.00000,0.00000,0.00000
-607663.85414,-911110.10831,132.72800,468432551.53535,12.66000,337430.00000,4.96000,0.00000,0.00000,0.00000
-607054.88121,-911299.79361,131.29500,468432551.58201,12.47000,491533.00000,4.01000,0.00000,0.00000,0.00000
-606453.54156,-911481.54447,130.71800,468432551.62867,12.75000,241337.00000,4.26000,0.00000,0.00000,0.00000
-609640.47896,-907730.25716,148.40700,468432551.67533,12.97000,922415.00000,5.07000,0.00000,0.00000,0.00000
-609508.95203,-907424.31446,149.19300,468432551.72199,13.32000,340630.00000,7.40000,0.00000,0.00000,0.00000
-609803.90677,-906675.54875,152.05100,468432551.76864,13.51000,735761.00000,3.98000,0.00000,0.00000,0.00000
-609533.44844,-906513.85846,151.11000,468432551.81530,13.85000,6121540.00000,4.01000,0.00000,0.00000,0.00000
-607757.52664,-907915.16420,135.94300,468432551.86196,13.94000,1587831.00000,4.19000,0.00000,0.00000,0.00000
-607403.58648,-907840.10211,135.61100,468432551.90862,13.83000,2449429.00000,3.41000,0.00000,0.00000,0.00000
-608007.50802,-906770.63789,149.35700,468432551.95528,13.59000,3357311.00000,3.10000,0.00000,0.00000,0.00000
-607742.13699,-906603.65246,152.27600,468432552.00194,13.15000,714107.00000,3.85000,0.00000,0.00000,0.00000
-607420.27231,-906495.31292,155.25900,468432552.04860,12.75000,551050.00000,3.57000,0.00000,0.00000,0.00000
-607299.95192,-906177.73364,158.44700,468432552.09526,12.66000,461359.00000,4.19000,0.00000,0.00000,0.00000
-607323.16749,-905711.17211,161.45500,468432552.14192,12.55000,234246.00000,4.15000,0.00000,0.00000,0.00000
-607178.93369,-905418.43306,163.45500,468432552.18858,12.11000,231033.00000,3.40000,0.00000,0.00000,0.00000
-607104.94550,-905052.78623,164.23200,468432552.23523,11.79000,257622.00000,4.26000,0.00000,0.00000,0.00000
-603924.14738,-907912.07794,134.14400,468432552.28189,11.38000,603377.00000,2.82000,0.00000,0.00000,0.00000
-603726.46431,-907674.78815,127.67100,468432552.32855,11.41000,1567227.00000,2.72000,0.00000,0.00000,0.00000
-603678.95452,-907281.65051,121.85400,468432552.37521,11.74000,1005425.00000,2.64000,0.00000,0.00000,0.00000
-603078.63668,-907462.27220,115.90700,468432552.42187,12.02000,719297.00000,2.69000,0.00000,0.00000,0.00000
-604041.10799,-904693.57238,147.83500,468432552.60851,10.89000,3199791.00000,2.15000,0.00000,0.00000,0.00000
-603151.80906,-903846.92086,134.55000,468432552.79514,12.00000,1124147.00000,3.82000,0.00000,0.00000,0.00000
-635222.07843,-880259.13862,203.70500,468653160.38360,13.31000,95936.00000,10.82000,0.00000,0.00000,1.00000
-634856.20224,-880749.21750,200.05900,468653160.43002,13.51000,128041.00000,19.33000,0.00000,0.00000,1.00000
-634381.56977,-881286.06758,198.54700,468653160.47644,12.28000,311960.00000,15.36000,0.00000,0.00000,1.00000
-634895.65237,-881397.67627,204.21400,468653160.52286,12.06000,256441.00000,7.66000,0.00000,0.00000,1.00000
-634265.94124,-882001.19426,205.64300,468653160.56928,13.06000,2560057.00000,4.59000,0.00000,0.00000,1.00000
-634867.96498,-882074.99093,208.32300,468653160.61569,12.59000,249665.00000,3.55000,0.00000,0.00000,1.00000
-633667.68416,-882923.86556,215.41300,468653160.66211,11.32000,1902226.00000,4.57000,0.00000,0.00000,1.00000
-633738.74242,-883225.99407,217.81600,468653160.70853,10.04000,629372.00000,5.08000,0.00000,0.00000,1.00000
-633804.42990,-883530.43877,221.40900,468653160.75495,9.72000,2647110.00000,4.38000,0.00000,0.00000,1.00000
-633923.81655,-883811.78849,221.61400,468653160.80137,10.07000,393827.00000,5.63000,0.00000,0.00000,1.00000
-633798.86301,-884198.19857,221.52800,468653160.84778,10.66000,1562252.00000,5.62000,0.00000,0.00000,1.00000
-635297.03945,-883886.70255,214.38000,468653160.89420,11.51000,3432298.00000,2.86000,0.00000,0.00000,1.00000
-636154.83739,-883850.54742,211.67400,468653160.94062,11.63000,3724711.00000,3.96000,0.00000,0.00000,1.00000
-635261.94470,-884567.19280,211.19900,468653160.98704,11.04000,1883762.00000,4.99000,0.00000,0.00000,1.00000
-633614.50983,-885608.19818,219.45600,468653161.03345,9.92000,6792474.00000,4.66000,0.00000,0.00000,1.00000
-634958.30877,-885363.13149,210.77600,468653161.07987,9.90000,8227717.00000,2.82000,0.00000,0.00000,1.00000
-636828.44494,-884891.75975,206.43700,468653161.12629,12.12000,367845.00000,5.82000,0.00000,0.00000,1.00000
-637080.74996,-885115.98411,206.61100,468653161.17271,14.17000,359565.00000,10.76000,0.00000,0.00000,1.00000
-637094.74412,-885442.68485,206.14100,468653161.21913,14.55000,855086.00000,8.83000,0.00000,0.00000,1.00000
-636667.69084,-885958.99518,201.29800,468653161.26554,14.22000,764497.00000,7.41000,0.00000,0.00000,1.00000
-636303.72012,-886448.17320,198.81100,468653161.31196,13.76000,443935.00000,5.77000,0.00000,0.00000,1.00000
-635928.33972,-886942.25629,192.42200,468653161.35838,13.80000,2272501.00000,5.25000,0.00000,0.00000,1.00000
-635637.52693,-887399.97114,188.65000,468653161.40480,13.26000,2389550.00000,3.67000,0.00000,0.00000,1.00000
-635460.15350,-887808.89586,180.42700,468653161.45121,13.52000,1429227.00000,3.84000,0.00000,0.00000,1.00000
-634829.60670,-888412.62539,175.88200,468653161.49763,14.59000,1347927.00000,5.57000,0.00000,0.00000,1.00000
-634703.90923,-888799.32647,175.48000,468653161.54405,14.85000,706318.00000,7.55000,0.00000,0.00000,1.00000
-634768.21248,-889104.37297,175.44600,468653161.59046,15.22000,1194022.00000,7.15000,0.00000,0.00000,1.00000
-634758.65526,-889441.15401,175.84500,468653161.63688,15.43000,289848.00000,7.56000,0.00000,0.00000,1.00000
-635072.70484,-889638.85435,175.86400,468653161.68330,15.23000,253213.00000,11.04000,0.00000,0.00000,1.00000
-635249.78758,-889895.41354,176.44900,468653161.72972,15.10000,286391.00000,10.11000,0.00000,0.00000,1.00000
-635865.29684,-889963.56572,177.13700,468653161.77613,14.77000,447935.00000,5.38000,0.00000,0.00000,1.00000
-634746.21472,-891442.54399,166.46700,468653161.91539,14.28000,1255996.00000,3.71000,0.00000,0.00000,1.00000
-634584.22601,-891844.84285,165.69700,468653161.96181,14.65000,1172936.00000,4.32000,0.00000,0.00000,1.00000
-634680.05837,-892136.33121,166.99900,468653162.00822,15.24000,2640761.00000,5.78000,0.00000,0.00000,1.00000
-639428.82845,-890428.21455,180.31500,468653162.05464,16.15000,2409288.00000,7.81000,0.00000,0.00000,1.00000
-638392.00654,-891206.52834,176.21700,468653162.10106,15.94000,1333565.00000,6.90000,0.00000,0.00000,1.00000
-638632.88586,-891435.72541,176.50300,468653162.14748,14.75000,1575886.00000,3.35000,0.00000,0.00000,1.00000
-637229.42594,-892371.54283,188.05800,468653162.19390,14.33000,1700154.00000,3.20000,0.00000,0.00000,1.00000
-637399.12039,-892631.32529,190.69700,468653162.24031,14.19000,924602.00000,4.29000,0.00000,0.00000,1.00000
-637533.89463,-892906.10334,191.66500,468653162.28673,14.06000,1386013.00000,4.25000,0.00000,0.00000,1.00000
-638677.84004,-892747.24473,183.58600,468653162.33315,14.11000,1531668.00000,4.17000,0.00000,0.00000,1.00000
-639753.30650,-892617.82382,186.87900,468653162.37957,14.17000,1490088.00000,8.22000,0.00000,0.00000,1.00000
-637927.77641,-894400.35638,152.38500,468653162.51882,13.70000,461867.00000,4.44000,0.00000,0.00000,1.00000
-637473.64882,-894928.16268,152.95800,468653162.56524,14.75000,289113.00000,5.76000,0.00000,0.00000,1.00000
-638529.95814,-895472.42421,156.48500,468653162.70449,16.80000,1285660.00000,7.78000,0.00000,0.00000,1.00000
-637869.65637,-896088.78260,157.38100,468653162.75091,17.24000,1220382.00000,7.35000,0.00000,0.00000,1.00000
-640103.53445,-895461.78265,160.19000,468653162.79733,17.23000,503083.00000,10.35000,0.00000,0.00000,1.00000
-640077.14393,-897802.04815,188.68900,468653163.12225,14.77000,259854.00000,6.78000,0.00000,0.00000,1.00000
-640172.26640,-898093.87605,190.27100,468653163.16866,13.92000,1328868.00000,4.14000,0.00000,0.00000,1.00000
-616828.04656,-884524.98224,149.64900,468825812.56035,16.12000,277296.00000,6.96000,0.00000,0.00000,1.00000
-617179.31052,-884710.43710,148.43500,468825812.60672,16.03000,282376.00000,6.85000,0.00000,0.00000,1.00000
-617224.14804,-885022.22998,146.88600,468825812.65309,16.45000,231940.00000,6.09000,0.00000,0.00000,1.00000
-617201.47902,-885361.84096,145.54000,468825812.69947,16.87000,668426.00000,7.03000,0.00000,0.00000,1.00000
-617236.86394,-885677.53953,144.62900,468825812.74584,16.97000,519783.00000,7.65000,0.00000,0.00000,1.00000
-617636.05527,-885843.26077,145.73300,468825812.79221,16.73000,345211.00000,7.48000,0.00000,0.00000,1.00000
-617789.54860,-886110.25982,147.61900,468825812.83858,16.50000,208135.00000,7.06000,0.00000,0.00000,1.00000
-617964.64173,-886368.36431,149.58800,468825812.88495,16.28000,239643.00000,7.18000,0.00000,0.00000,1.00000
-618041.86344,-886666.81580,151.75200,468825812.93133,16.14000,185536.00000,7.75000,0.00000,0.00000,1.00000
-618104.22504,-886971.38288,154.06300,468825812.97770,16.12000,128391.00000,8.26000,0.00000,0.00000,1.00000
-617922.24137,-887376.66767,156.08000,468825813.02407,16.00000,288099.00000,6.71000,0.00000,0.00000,1.00000
-617896.18473,-887717.68775,156.94100,468825813.07044,15.96000,148683.00000,7.41000,0.00000,0.00000,1.00000
-617816.11797,-888080.95347,156.97600,468825813.11681,16.04000,141578.00000,8.34000,0.00000,0.00000,1.00000
-617968.24743,-888348.51702,156.81400,468825813.16318,16.17000,99964.00000,8.90000,0.00000,0.00000,1.00000
-618154.80025,-888601.89421,156.10400,468825813.20955,16.34000,144691.00000,9.33000,0.00000,0.00000,1.00000
-618393.33803,-888833.86569,156.14100,468825813.25592,16.17000,100903.00000,9.52000,0.00000,0.00000,1.00000
-618614.98560,-889072.77361,155.12700,468825813.30229,16.68000,332711.00000,11.56000,0.00000,0.00000,1.00000
-620313.56751,-888702.98330,160.19500,468825813.34866,16.63000,215108.00000,7.59000,0.00000,0.00000,1.00000
-620254.41326,-889057.65705,163.40100,468825813.39504,15.53000,1209731.00000,5.17000,0.00000,0.00000,1.00000
-620183.11131,-889417.32906,164.05300,468825813.44141,14.91000,5309625.00000,4.59000,0.00000,0.00000,1.00000
-618977.10102,-890244.61903,152.09300,468825813.48778,14.75000,295668.00000,3.60000,0.00000,0.00000,1.00000
-619496.43421,-890360.86695,155.90600,468825813.53415,15.22000,585782.00000,5.54000,0.00000,0.00000,1.00000
-619949.61958,-890504.38228,156.31700,468825813.58052,15.11000,201526.00000,7.61000,0.00000,0.00000,1.00000
-620134.14492,-890758.62198,156.15800,468825813.62689,14.53000,197545.00000,9.64000,0.00000,0.00000,1.00000
-619578.81815,-891317.73834,155.25400,468825813.67326,13.98000,163201.00000,9.14000,0.00000,0.00000,1.00000
-619048.45233,-891866.54335,156.42500,468825813.71963,13.11000,404268.00000,6.00000,0.00000,0.00000,1.00000
-618838.72351,-892283.20533,161.67300,468825813.76600,12.23000,525736.00000,1.71000,0.00000,0.00000,1.00000
-623396.43278,-890735.42529,138.53500,468825813.81236,11.86000,7935797.00000,1.27000,0.00000,0.00000,1.00000
-623422.97871,-891054.77450,140.05200,468825813.85873,11.83000,4833527.00000,1.34000,0.00000,0.00000,1.00000
-623971.40950,-891159.07105,138.02200,468825813.90510,11.69000,4461914.00000,1.46000,0.00000,0.00000,1.00000
-623971.63517,-891489.28562,138.64600,468825813.95147,11.63000,4084788.00000,1.36000,0.00000,0.00000,1.00000
-623494.54814,-892016.18429,140.19900,468825813.99784,11.65000,5532675.00000,1.19000,0.00000,0.00000,1.00000
-618997.28331,-894199.38801,182.49400,468825814.04421,11.97000,2577867.00000,1.31000,0.00000,0.00000,1.00000
-619179.07243,-894454.74390,180.69100,468825814.09058,12.49000,2265694.00000,1.24000,0.00000,0.00000,1.00000
-624569.39341,-892564.20077,131.44600,468825814.13695,12.96000,2041964.00000,1.69000,0.00000,0.00000,1.00000
-624890.28867,-892762.29656,134.48100,468825814.18332,13.47000,1118866.00000,1.87000,0.00000,0.00000,1.00000
-624677.14519,-893180.42018,135.75000,468825814.22969,13.87000,883721.00000,2.08000,0.00000,0.00000,1.00000
-625110.10547,-893332.33507,138.77800,468825814.27606,14.12000,4748988.00000,2.48000,0.00000,0.00000,1.00000
-625308.80210,-893580.78274,140.39400,468825814.32242,14.33000,1410270.00000,2.78000,0.00000,0.00000,1.00000
-621291.25598,-895566.18450,138.09500,468825814.36879,14.15000,6005367.00000,2.44000,0.00000,0.00000,1.00000
-621886.24491,-895651.37302,137.06600,468825814.41516,14.01000,2411086.00000,2.99000,0.00000,0.00000,1.00000
-621730.47628,-896045.81321,136.10100,468825814.46153,13.81000,1606001.00000,2.85000,0.00000,0.00000,1.00000
-621740.78218,-896371.82831,133.90900,468825814.50790,13.84000,1809626.00000,2.31000,0.00000,0.00000,1.00000
-621992.79586,-896598.29201,129.57600,468825814.55427,14.32000,2563711.00000,2.33000,0.00000,0.00000,1.00000
-621815.40771,-897001.63148,127.91300,468825814.60064,14.61000,620733.00000,4.62000,0.00000,0.00000,1.00000
-621665.69343,-897393.56668,128.30100,468825814.64701,14.76000,654266.00000,3.94000,0.00000,0.00000,1.00000
-621812.36762,-897663.41385,128.60300,468825814.69338,14.73000,1354323.00000,5.55000,0.00000,0.00000,1.00000
-621720.03956,-898031.71900,129.04800,468825814.73975,15.13000,660186.00000,9.69000,0.00000,0.00000,1.00000
-621409.61925,-898489.83452,130.87700,468825814.78612,15.05000,288974.00000,10.14000,0.00000,0.00000,1.00000
-620974.28476,-898999.37318,134.21700,468825814.83249,14.96000,207919.00000,7.55000,0.00000,0.00000,1.00000
-620607.14872,-899480.83613,137.95500,468825814.87886,15.10000,189252.00000,7.57000,0.00000,0.00000,1.00000
-621133.26607,-899594.43151,138.97300,468825814.92523,15.19000,367276.00000,7.44000,0.00000,0.00000,1.00000
-621183.38096,-899904.05648,140.75000,468825814.97160,15.12000,201728.00000,5.85000,0.00000,0.00000,1.00000
-621149.77106,-900248.16294,141.16500,468825815.01797,15.17000,298560.00000,6.07000,0.00000,0.00000,1.00000
-625956.00431,-898599.17503,135.44600,468825815.06434,15.29000,674955.00000,5.12000,0.00000,0.00000,1.00000
-626029.11352,-898899.38663,132.95800,468825815.11071,15.44000,486004.00000,5.44000,0.00000,0.00000,1.00000
-626185.92836,-899165.10660,131.89300,468825815.15708,15.84000,333484.00000,7.30000,0.00000,0.00000,1.00000
-621630.37339,-901371.31171,128.81100,468825815.20345,16.24000,1594006.00000,6.29000,0.00000,0.00000,1.00000
-622191.62017,-901470.49243,126.57800,468825815.24982,16.32000,239543.00000,9.21000,0.00000,0.00000,1.00000
-622777.85568,-901559.38936,126.95900,468825815.29619,15.53000,230142.00000,11.12000,0.00000,0.00000,1.00000
-622368.12458,-902058.36802,128.19100,468825815.34256,15.20000,196831.00000,10.17000,0.00000,0.00000,1.00000
-622377.01922,-902384.95694,126.48800,468825815.38893,15.42000,225976.00000,11.65000,0.00000,0.00000,1.00000
-622661.42715,-902598.14505,125.25300,468825815.43530,15.32000,61476.00000,11.73000,0.00000,0.00000,1.00000
-622823.60690,-902861.64404,124.07300,468825815.48167,15.19000,145489.00000,14.04000,0.00000,0.00000,1.00000
-623697.50891,-902832.13640,123.06400,468825815.52804,14.95000,114338.00000,10.47000,0.00000,0.00000,1.00000
-624254.04600,-902933.29228,125.35500,468825815.57441,14.49000,428935.00000,8.28000,0.00000,0.00000,1.00000
-623906.40375,-903406.68600,125.60700,468825815.62078,14.33000,132945.00000,7.94000,0.00000,0.00000,1.00000
-623591.85539,-903866.46987,125.94000,468825815.66715,14.70000,195681.00000,9.07000,0.00000,0.00000,1.00000
-623030.13461,-904427.96619,127.19400,468825815.71351,15.40000,155943.00000,9.78000,0.00000,0.00000,1.00000
-623122.75196,-904720.10190,127.44100,468825815.75988,15.26000,298534.00000,8.51000,0.00000,0.00000,1.00000
-628960.45901,-902647.11157,161.38300,468825815.80625,14.18000,559376.00000,5.13000,0.00000,0.00000,1.00000
-626612.74997,-903943.97036,146.92400,468825815.85262,14.80000,129599.00000,8.33000,0.00000,0.00000,1.00000
-626606.77868,-904276.72197,150.56900,468825815.89899,14.90000,460149.00000,6.80000,0.00000,0.00000,1.00000
-627435.43540,-904265.89772,157.05200,468825815.94536,14.89000,520990.00000,7.01000,0.00000,0.00000,1.00000
-626480.72835,-904989.18972,151.70300,468825815.99173,14.90000,285589.00000,8.19000,0.00000,0.00000,1.00000
-625652.27768,-905660.49066,148.84700,468825816.03809,14.57000,210397.00000,8.79000,0.00000,0.00000,1.00000
-626378.97958,-905691.64959,151.01300,468825816.08446,13.99000,510917.00000,7.25000,0.00000,0.00000,1.00000
-626769.39477,-905861.23375,151.80400,468825816.13083,13.75000,917118.00000,8.02000,0.00000,0.00000,1.00000
-625526.96922,-906702.89768,147.24500,468825816.17720,13.66000,264755.00000,6.37000,0.00000,0.00000,1.00000
-626024.74937,-906828.28572,144.81500,468825816.22357,13.83000,290204.00000,8.63000,0.00000,0.00000,1.00000
-627640.82484,-906493.42377,152.83900,468825816.26994,13.18000,170721.00000,5.39000,0.00000,0.00000,1.00000
-626298.42214,-907376.21370,152.09100,468825816.31630,12.66000,346918.00000,4.83000,0.00000,0.00000,1.00000
-626379.54141,-907673.10691,152.68600,468825816.36267,12.31000,542922.00000,5.48000,0.00000,0.00000,1.00000
-626418.79187,-907987.22597,151.40300,468825816.40904,11.41000,718413.00000,3.83000,0.00000,0.00000,1.00000
-626711.96472,-908196.85976,149.66400,468825816.45541,10.22000,1464246.00000,3.46000,0.00000,0.00000,1.00000
-626687.73266,-908537.10813,146.06800,468825816.50178,9.05000,1157892.00000,3.20000,0.00000,0.00000,1.00000
-626444.69307,-908967.40275,140.74000,468825816.54814,8.05000,843842.00000,3.90000,0.00000,0.00000,1.00000
-626710.84820,-909188.15838,138.67000,468825816.59451,7.15000,351299.00000,3.72000,0.00000,0.00000,1.00000
-626864.22144,-909455.32639,136.83000,468825816.64088,6.28000,236655.00000,3.81000,0.00000,0.00000,1.00000
-626727.19048,-909841.98948,132.97500,468825816.68725,6.98000,1014072.00000,5.08000,0.00000,0.00000,1.00000
-626531.39836,-910252.83263,133.89500,468825816.73361,10.04000,98232.00000,10.76000,0.00000,0.00000,1.00000
-626806.32408,-910469.97676,136.32600,468825816.77998,11.43000,181281.00000,11.82000,0.00000,0.00000,1.00000
-627347.34559,-910577.64887,138.96400,468825816.82635,11.04000,224667.00000,10.59000,0.00000,0.00000,1.00000
-627574.32559,-910814.53745,140.13600,468825816.87272,9.76000,919198.00000,6.67000,0.00000,0.00000,1.00000
-627877.62212,-911020.03759,141.39600,468825816.91909,8.53000,755995.00000,2.95000,0.00000,0.00000,1.00000
-626724.80854,-911824.61730,137.36900,468825816.96545,8.63000,2507535.00000,3.00000,0.00000,0.00000,1.00000
-627148.99052,-911980.37369,136.97900,468825817.01182,9.42000,1051039.00000,3.64000,0.00000,0.00000,1.00000
-627202.38372,-912288.66985,138.52100,468825817.05819,9.80000,1314012.00000,2.81000,0.00000,0.00000,1.00000
-627500.27331,-912496.40004,141.90500,468825817.10456,9.32000,1837351.00000,2.48000,0.00000,0.00000,1.00000
-629514.27830,-911998.09600,159.12500,468825817.15092,8.55000,4767040.00000,2.70000,0.00000,0.00000,1.00000
-629502.16614,-912333.36247,158.71900,468825817.19729,8.10000,2446501.00000,3.08000,0.00000,0.00000,1.00000
-605885.36863,-899897.95524,140.94400,468998466.63781,14.63000,179278.00000,9.73000,0.00000,0.00000,1.00000
-606614.90249,-899938.24622,142.37000,468998466.68413,14.17000,227440.00000,10.19000,0.00000,0.00000,1.00000
-606920.24425,-900145.80113,143.81200,468998466.73046,13.65000,852423.00000,6.17000,0.00000,0.00000,1.00000
-606945.29121,-900463.90063,144.74900,468998466.77678,13.53000,721395.00000,4.89000,0.00000,0.00000,1.00000
-606773.51011,-900859.61088,145.49600,468998466.82310,13.37000,618342.00000,4.80000,0.00000,0.00000,1.00000
-606667.56268,-901229.35878,145.55800,468998466.86943,13.20000,606553.00000,4.79000,0.00000,0.00000,1.00000
-606552.10475,-901602.83752,143.58500,468998466.91575,12.92000,293805.00000,6.37000,0.00000,0.00000,1.00000
-606167.87385,-902082.29697,142.70400,468998466.96207,12.61000,295452.00000,6.94000,0.00000,0.00000,1.00000
-605848.79082,-902536.06176,143.32100,468998467.00840,12.33000,411478.00000,5.61000,0.00000,0.00000,1.00000
-606199.60286,-902725.71143,145.11400,468998467.05472,12.09000,497674.00000,3.88000,0.00000,0.00000,1.00000
-606699.05255,-902856.77038,149.46200,468998467.10104,11.88000,747170.00000,2.73000,0.00000,0.00000,1.00000
-606642.61970,-903206.96698,153.63800,468998467.14736,11.67000,868068.00000,2.72000,0.00000,0.00000,1.00000
-606624.87968,-903541.91967,156.45100,468998467.19368,11.59000,477038.00000,3.44000,0.00000,0.00000,1.00000
-606375.01134,-903968.37492,158.88300,468998467.24001,11.92000,489432.00000,5.71000,0.00000,0.00000,1.00000
-607671.28985,-903785.33779,161.09200,468998467.28633,11.90000,145107.00000,6.14000,0.00000,0.00000,1.00000
-607956.93245,-904000.69706,164.99000,468998467.33265,11.70000,1026608.00000,4.35000,0.00000,0.00000,1.00000
-607741.67728,-904413.52080,166.47700,468998467.37897,11.57000,314110.00000,3.57000,0.00000,0.00000,1.00000
-607726.64605,-904747.41319,165.84700,468998467.42529,11.52000,497350.00000,3.49000,0.00000,0.00000,1.00000
-607497.80596,-905165.57537,164.24700,468998467.47162,11.68000,228286.00000,3.34000,0.00000,0.00000,1.00000
-607379.59084,-905540.12148,162.86200,468998467.51794,12.02000,316572.00000,2.70000,0.00000,0.00000,1.00000
-607264.77311,-905913.34140,160.14200,468998467.56426,12.35000,573906.00000,2.64000,0.00000,0.00000,1.00000
-607205.60408,-906264.61864,157.99300,468998467.61058,12.65000,1439951.00000,3.14000,0.00000,0.00000,1.00000
-609733.25151,-905596.31771,148.33400,468998467.65690,12.96000,1942582.00000,4.61000,0.00000,0.00000,1.00000
-608044.33047,-906589.97410,148.26900,468998467.70323,13.90000,814655.00000,7.32000,0.00000,0.00000,1.00000
-609509.02189,-906340.66361,151.58200,468998467.74955,14.97000,93456.00000,13.51000,0.00000,0.00000,1.00000
-610603.09820,-906237.42330,156.49600,468998467.79587,14.55000,231628.00000,7.09000,0.00000,0.00000,1.00000
-610491.66757,-906609.32293,153.89700,468998467.84219,14.34000,583919.00000,7.44000,0.00000,0.00000,1.00000
-610272.98145,-907023.49388,152.57700,468998467.88851,14.35000,1444327.00000,5.16000,0.00000,0.00000,1.00000
-610759.58463,-907159.71433,149.10800,468998467.93484,14.22000,6444721.00000,3.26000,0.00000,0.00000,1.00000
-610625.05803,-907540.71065,147.40700,468998467.98116,13.84000,3084662.00000,2.79000,0.00000,0.00000,1.00000
-610601.86727,-907877.83737,142.97700,468998468.02748,13.52000,1685444.00000,2.85000,0.00000,0.00000,1.00000
-610186.98232,-908369.31531,139.29000,468998468.07380,13.31000,1342674.00000,3.15000,0.00000,0.00000,1.00000
-611124.31856,-908327.92049,139.89600,468998468.12012,12.94000,697234.00000,4.29000,0.00000,0.00000,1.00000
-610822.09169,-908775.00172,141.67500,468998468.16645,12.78000,1135304.00000,5.42000,0.00000,0.00000,1.00000
-612400.89914,-908480.82054,150.20400,468998468.21277,13.65000,85317.00000,10.48000,0.00000,0.00000,1.00000
-613239.79350,-908478.24482,156.58700,468998468.25909,13.62000,221628.00000,9.87000,0.00000,0.00000,1.00000
-613835.66676,-908571.43365,161.53400,468998468.30541,13.48000,866848.00000,6.09000,0.00000,0.00000,1.00000
-614378.58259,-908685.49803,167.53800,468998468.35173,13.44000,851627.00000,6.94000,0.00000,0.00000,1.00000
-614331.61529,-909032.01929,166.60500,468998468.39806,13.90000,457441.00000,9.23000,0.00000,0.00000,1.00000
-614176.02651,-909421.33425,165.08600,468998468.44438,14.07000,123985.00000,8.99000,0.00000,0.00000,1.00000
-613207.19241,-910131.09875,157.79600,468998468.49070,14.28000,435707.00000,7.88000,0.00000,0.00000,1.00000
-612361.20608,-910792.42838,152.48400,468998468.53702,13.70000,538511.00000,6.25000,0.00000,0.00000,1.00000
-612267.36510,-911157.39219,153.74100,468998468.58334,13.26000,815731.00000,6.07000,0.00000,0.00000,1.00000
-612426.06191,-911422.85662,154.47600,468998468.62966,13.24000,1132707.00000,6.18000,0.00000,0.00000,1.00000
-612594.93700,-911684.30544,155.04200,468998468.67598,13.00000,636980.00000,4.21000,0.00000,0.00000,1.00000
-612754.31098,-911949.50221,154.95400,468998468.72230,12.89000,743037.00000,4.32000,0.00000,0.00000,1.00000
-612762.30375,-912274.35586,154.39600,468998468.76863,12.63000,739511.00000,3.94000,0.00000,0.00000,1.00000
-612534.03547,-912692.26502,152.40800,468998468.81495,12.42000,528814.00000,6.75000,0.00000,0.00000,1.00000
-612472.75650,-913044.39082,155.28500,468998468.86127,12.42000,469388.00000,6.42000,0.00000,0.00000,1.00000
-612718.32438,-913275.62773,158.67500,468998468.90759,12.49000,175788.00000,6.07000,0.00000,0.00000,1.00000
-612655.01762,-913628.55524,157.78300,468998468.95391,12.82000,769941.00000,4.99000,0.00000,0.00000,1.00000
-612622.94219,-913969.18020,154.67900,468998469.00023,13.29000,323026.00000,4.90000,0.00000,0.00000,1.00000
-612774.84145,-914237.33286,152.87900,468998469.04655,13.31000,153508.00000,6.90000,0.00000,0.00000,1.00000
-613028.56186,-914465.37207,153.54600,468998469.09287,13.15000,253080.00000,5.84000,0.00000,0.00000,1.00000
-612613.56524,-914956.80986,150.40100,468998469.13919,13.31000,207741.00000,6.49000,0.00000,0.00000,1.00000
-612043.08920,-915509.47931,146.36600,468998469.18551,13.12000,131276.00000,6.83000,0.00000,0.00000,1.00000
-610784.84021,-916332.99797,143.90800,468998469.23184,13.08000,268930.00000,8.23000,0.00000,0.00000,1.00000
-610626.21536,-917051.37476,140.67200,468998469.32448,12.99000,1166175.00000,7.27000,0.00000,0.00000,1.00000
-612687.06391,-916895.73787,141.36400,468998469.41712,12.90000,932932.00000,4.97000,0.00000,0.00000,1.00000
-612552.42758,-917276.73869,138.88800,468998469.46344,12.70000,760995.00000,2.64000,0.00000,0.00000,1.00000
-613172.08321,-917360.69274,148.19700,468998469.50976,12.71000,2119242.00000,2.49000,0.00000,0.00000,1.00000
-639321.32797,-900562.62928,205.25600,470587739.10223,9.59000,987040.00000,3.37000,0.00000,0.00000,0.00000
-639251.94590,-900187.69478,203.83500,470587739.14838,9.62000,198735.00000,7.38000,0.00000,0.00000,0.00000
-639499.70502,-899465.87804,204.77600,470587739.19452,9.13000,278830.00000,3.46000,0.00000,0.00000,0.00000
-638694.44279,-899895.88825,198.86500,470587739.24067,9.17000,1225475.00000,2.48000,0.00000,0.00000,0.00000
-638120.40249,-900072.98426,194.13100,470587739.28681,9.32000,3434636.00000,2.55000,0.00000,0.00000,0.00000
-637603.79578,-900187.24329,193.31200,470587739.33296,9.53000,4887130.00000,2.19000,0.00000,0.00000,0.00000
-637749.95916,-899576.57370,197.66100,470587739.37910,9.75000,496378.00000,3.12000,0.00000,0.00000,0.00000
-637185.72469,-899742.89571,196.16000,470587739.42524,10.21000,252497.00000,3.73000,0.00000,0.00000,0.00000
-636757.97668,-899759.94804,194.72100,470587739.47139,10.78000,271176.00000,3.97000,0.00000,0.00000,0.00000
-636413.19939,-899686.24826,193.95100,470587739.51753,11.24000,154023.00000,4.06000,0.00000,0.00000,0.00000
-636103.76637,-899573.87332,194.10500,470587739.56368,11.82000,265519.00000,3.19000,0.00000,0.00000,0.00000
-635599.42304,-899674.66410,194.01100,470587739.60982,12.08000,660558.00000,2.75000,0.00000,0.00000,0.00000
-637033.38981,-897655.61085,161.65200,470587739.65597,12.48000,1759977.00000,2.82000,0.00000,0.00000,0.00000
-636082.27010,-898245.05659,164.98400,470587739.70211,12.91000,3619851.00000,2.43000,0.00000,0.00000,0.00000
-635452.23702,-898483.31664,166.29200,470587739.74826,13.09000,4020476.00000,3.72000,0.00000,0.00000,0.00000
-634388.16608,-899196.20626,171.29000,470587739.79441,13.28000,1243818.00000,4.12000,0.00000,0.00000,0.00000
-633585.28632,-899623.41211,175.76200,470587739.84055,13.89000,1316294.00000,5.31000,0.00000,0.00000,0.00000
-633217.91583,-899574.36806,176.36700,470587739.88670,14.27000,1090359.00000,7.09000,0.00000,0.00000,0.00000
-633113.71474,-899237.55542,171.48800,470587739.93284,14.54000,4394689.00000,6.26000,0.00000,0.00000,0.00000
-632848.97088,-899076.29376,171.97400,470587739.97899,14.39000,887717.00000,5.72000,0.00000,0.00000,0.00000
-633686.52957,-897709.67908,163.69100,470587740.02514,14.07000,1123080.00000,7.83000,0.00000,0.00000,0.00000
-633456.66204,-897510.31343,164.30000,470587740.07128,13.98000,1055802.00000,8.32000,0.00000,0.00000,0.00000
-633109.93503,-897438.71856,166.50400,470587740.11743,13.58000,2176088.00000,5.72000,0.00000,0.00000,0.00000
-633530.64094,-896527.96266,160.61600,470587740.16357,13.29000,1874800.00000,3.18000,0.00000,0.00000,0.00000
-635732.59816,-893669.37317,187.64200,470587740.20972,13.09000,3714867.00000,3.50000,0.00000,0.00000,0.00000
-635183.62843,-893819.01178,186.52900,470587740.25587,12.90000,549129.00000,5.39000,0.00000,0.00000,0.00000
-634581.12830,-894027.15067,186.24100,470587740.30201,12.54000,423918.00000,5.71000,0.00000,0.00000,0.00000
-634010.04815,-894200.92129,185.81700,470587740.34816,12.57000,186146.00000,5.88000,0.00000,0.00000,0.00000
-633403.11656,-894413.86179,185.93700,470587740.39431,12.43000,200287.00000,7.15000,0.00000,0.00000,0.00000
-632791.76958,-894631.63035,187.12900,470587740.44045,12.25000,109212.00000,5.36000,0.00000,0.00000,0.00000
-632435.24110,-894570.76382,188.12500,470587740.48660,12.21000,1389662.00000,3.01000,0.00000,0.00000,0.00000
-634991.80416,-891324.67368,165.02300,470587740.53275,12.20000,312305.00000,2.78000,0.00000,0.00000,0.00000
-632099.76818,-894036.19862,183.89400,470587740.57890,12.45000,187251.00000,4.01000,0.00000,0.00000,0.00000
-632016.74059,-893676.32089,182.88100,470587740.62504,12.46000,292644.00000,3.76000,0.00000,0.00000,0.00000
-632340.74428,-892871.39744,181.64400,470587740.67119,12.46000,228135.00000,4.07000,0.00000,0.00000,0.00000
-628581.22854,-896530.86590,145.47300,470587740.71734,12.47000,1075722.00000,3.02000,0.00000,0.00000,0.00000
-628328.29122,-896356.66940,146.27900,470587740.76348,12.47000,573043.00000,3.67000,0.00000,0.00000,0.00000
-628320.90438,-895914.10354,142.34800,470587740.80963,12.60000,149327.00000,6.58000,0.00000,0.00000,0.00000
-628549.71855,-895213.30436,137.41300,470587740.85578,12.31000,271402.00000,6.12000,0.00000,0.00000,0.00000
-629241.13855,-894006.81873,132.76900,470587740.90193,12.11000,4436886.00000,2.56000,0.00000,0.00000,0.00000
-628970.05525,-893852.51631,133.07100,470587740.94807,12.67000,1568772.00000,4.01000,0.00000,0.00000,0.00000
-629091.83465,-893268.76012,131.92400,470587740.99422,13.36000,898321.00000,6.37000,0.00000,0.00000,0.00000
-629605.49728,-892256.63032,134.26700,470587741.04037,13.16000,495213.00000,4.79000,0.00000,0.00000,0.00000
-628952.87116,-892519.42336,140.20000,470587741.08651,12.93000,500096.00000,5.69000,0.00000,0.00000,0.00000
-628577.70653,-892478.91460,146.58500,470587741.13266,12.73000,2226692.00000,3.04000,0.00000,0.00000,0.00000
-628130.84853,-892516.76545,153.41000,470587741.17881,12.81000,622820.00000,5.24000,0.00000,0.00000,0.00000
-627900.04015,-892318.42672,154.28000,470587741.22496,12.99000,418421.00000,4.44000,0.00000,0.00000,0.00000
-627563.16618,-892236.04774,152.47100,470587741.27110,13.37000,238520.00000,5.74000,0.00000,0.00000,0.00000
-627553.34636,-891796.17818,149.02100,470587741.31725,13.64000,266140.00000,7.03000,0.00000,0.00000,0.00000
-627523.88668,-891377.78023,146.22400,470587741.36340,13.19000,319678.00000,5.23000,0.00000,0.00000,0.00000
-626819.67698,-891696.90269,139.82900,470587741.40955,13.07000,5911774.00000,3.03000,0.00000,0.00000,0.00000
-626610.46250,-891474.98141,126.47900,470587741.45570,13.86000,3359847.00000,3.65000,0.00000,0.00000,0.00000
-626343.33599,-891316.36680,127.57900,470587741.50184,15.27000,191338.00000,7.74000,0.00000,0.00000,0.00000
-627451.77325,-889654.29176,124.99000,470587741.54799,15.63000,517778.00000,7.21000,0.00000,0.00000,0.00000
-627185.63674,-889494.61568,127.53500,470587741.59414,15.52000,1489263.00000,5.90000,0.00000,0.00000,0.00000
-626408.76692,-889893.14248,134.08700,470587741.64029,15.61000,1249753.00000,6.04000,0.00000,0.00000,0.00000
-626009.05466,-889879.45238,134.00300,470587741.68644,16.15000,287840.00000,7.45000,0.00000,0.00000,0.00000
-626172.63432,-889250.12582,132.31500,470587741.73258,17.02000,532664.00000,9.14000,0.00000,0.00000,0.00000
-626340.14356,-888616.51028,131.35700,470587741.77873,16.92000,228533.00000,9.32000,0.00000,0.00000,0.00000
-625795.06774,-888761.67944,131.37500,470587741.82488,16.30000,703481.00000,5.00000,0.00000,0.00000,0.00000
-624136.62226,-890123.56425,133.31300,470587741.87103,16.12000,1329121.00000,4.94000,0.00000,0.00000,0.00000
-622567.03144,-891388.22601,144.31600,470587741.91718,15.66000,256894.00000,5.66000,0.00000,0.00000,0.00000
-621903.56564,-891662.64309,151.01400,470587741.96333,15.02000,1577618.00000,3.60000,0.00000,0.00000,0.00000
-621565.72739,-891581.26000,153.00300,470587742.00948,14.84000,307131.00000,4.21000,0.00000,0.00000,0.00000
-620833.01439,-891931.31478,161.62500,470587742.05563,14.55000,1127405.00000,3.34000,0.00000,0.00000,0.00000
-624279.88309,-887714.36248,169.66600,470587742.10178,14.51000,972746.00000,3.88000,0.00000,0.00000,0.00000
-624459.18981,-887067.92112,170.11000,470587742.14792,14.56000,200322.00000,5.22000,0.00000,0.00000,0.00000
-624072.76892,-887039.69956,171.86900,470587742.19407,14.45000,260862.00000,4.71000,0.00000,0.00000,0.00000
-623652.45847,-887048.50386,171.84200,470587742.24022,14.33000,369946.00000,4.94000,0.00000,0.00000,0.00000
-623766.94335,-886472.90677,158.17900,470587742.28637,14.60000,1465196.00000,2.76000,0.00000,0.00000,0.00000
-622812.30502,-887065.56257,160.68400,470587742.33252,15.66000,592873.00000,6.45000,0.00000,0.00000,0.00000
-622946.94218,-886467.95500,158.47900,470587742.37867,16.64000,268473.00000,10.55000,0.00000,0.00000,0.00000
-623238.25351,-885699.17215,156.55300,470587742.42482,16.49000,229040.00000,9.40000,0.00000,0.00000,0.00000
-623947.49337,-884473.72820,157.72500,470587742.47097,16.39000,116864.00000,8.41000,0.00000,0.00000,0.00000
-623963.28875,-884006.00718,160.18200,470587742.51712,16.38000,668543.00000,5.74000,0.00000,0.00000,0.00000
-623265.04147,-884318.53988,157.07400,470587742.56327,15.91000,2785967.00000,4.46000,0.00000,0.00000,0.00000
-623315.71571,-883812.72817,161.89200,470587742.60941,15.88000,1675768.00000,4.11000,0.00000,0.00000,0.00000
-623019.18486,-883686.29663,161.95500,470587742.65556,16.09000,1695620.00000,3.76000,0.00000,0.00000,0.00000
-622776.19058,-883501.37260,160.65500,470587742.70171,16.13000,710111.00000,4.86000,0.00000,0.00000,0.00000
-622014.58105,-883883.08400,154.54300,470587742.74786,15.96000,5567243.00000,3.91000,0.00000,0.00000,0.00000
-622127.15413,-883309.65590,153.05200,470587742.79401,15.84000,2858604.00000,4.40000,0.00000,0.00000,0.00000
-622493.14851,-882459.37311,158.17000,470587742.84016,15.72000,1884624.00000,6.12000,0.00000,0.00000,0.00000
-622842.43714,-881627.33216,161.52300,470587742.88631,15.64000,2872119.00000,4.18000,0.00000,0.00000,0.00000
-622023.87914,-882071.27573,156.70800,470587742.93246,15.33000,5406367.00000,2.72000,0.00000,0.00000,0.00000
-621567.75015,-882119.22201,155.31100,470587742.97861,15.02000,4332504.00000,2.84000,0.00000,0.00000,0.00000
