-666871.01584,-900029.44007,250.55900,350480424.13742,10.78000,555438.00000,5.94000,0.00000,0.00000,0.00000
-664919.61711,-901776.31212,259.64400,350480424.18374,10.62000,3265014.00000,5.15000,0.00000,0.00000,0.00000
-664645.95714,-901625.00888,259.66200,350480424.23006,10.37000,1533272.00000,4.31000,0.00000,0.00000,0.00000
-664364.57784,-901482.46473,260.64700,350480424.27638,10.29000,4054900.00000,3.57000,0.00000,0.00000,0.00000
-663850.19943,-901603.49586,257.48100,350480424.32270,10.38000,2979250.00000,3.15000,0.00000,0.00000,0.00000
-663517.57399,-901518.90079,257.66500,350480424.36902,10.47000,809168.00000,2.90000,0.00000,0.00000,0.00000
-666301.32117,-897908.82033,228.85000,350480424.41534,10.63000,553985.00000,3.69000,0.00000,0.00000,0.00000
-662940.79452,-901249.62296,260.78900,350480424.46166,10.38000,649266.00000,3.15000,0.00000,0.00000,0.00000
-662829.57835,-900914.59239,259.98400,350480424.50798,9.84000,525725.00000,4.07000,0.00000,0.00000,0.00000
-663128.27427,-900115.87240,257.63100,350480424.55430,9.40000,282231.00000,4.66000,0.00000,0.00000,0.00000
-658219.32687,-905207.34923,261.17700,350480424.60062,9.11000,410490.00000,3.26000,0.00000,0.00000,0.00000
-662516.16856,-899886.62016,208.11400,350480424.64694,8.70000,606150.00000,2.78000,0.00000,0.00000,0.00000
-662478.02360,-899468.95448,250.85600,350480424.69326,8.33000,851352.00000,1.87000,0.00000,0.00000,0.00000
-662700.84226,-898756.09479,246.58400,350480424.73958,8.07000,2301215.00000,1.55000,0.00000,0.00000,0.00000
-663196.31102,-897734.85008,240.74400,350480424.78590,7.98000,2129904.00000,1.89000,0.00000,0.00000,0.00000
-663818.42328,-896570.34605,241.03700,350480424.83222,7.93000,696349.00000,2.54000,0.00000,0.00000,0.00000
-664064.46033,-895831.26267,241.46600,350480424.87854,8.07000,228150.00000,4.27000,0.00000,0.00000,0.00000
-663581.54844,-895916.73891,241.47200,350480424.92486,8.22000,2245277.00000,2.66000,0.00000,0.00000,0.00000
-662871.94660,-896258.63541,228.16200,350480424.97118,8.76000,2060349.00000,2.90000,0.00000,0.00000,0.00000
-662478.46096,-896242.94001,225.56100,350480425.01750,9.39000,713116.00000,3.78000,0.00000,0.00000,0.00000
-662110.59138,-896198.26519,225.85900,350480425.06382,9.38000,2154738.00000,3.17000,0.00000,0.00000,0.00000
-661744.16912,-896151.96544,237.98300,350480425.11014,9.11000,2808621.00000,2.43000,0.00000,0.00000,0.00000
-661613.65325,-895838.81924,239.50000,350480425.15646,8.99000,3092586.00000,1.88000,0.00000,0.00000,0.00000
-661677.95390,-895305.34461,244.10200,350480425.20279,9.11000,2542514.00000,2.13000,0.00000,0.00000,0.00000
-661796.39707,-894710.63613,246.75100,350480425.24911,9.16000,2718265.00000,2.75000,0.00000,0.00000,0.00000
-660327.33191,-895911.39822,259.19300,350480425.29543,9.01000,4874128.00000,2.72000,0.00000,0.00000,0.00000
-661608.39166,-894001.80662,244.85900,350480425.34175,8.83000,1704592.00000,2.45000,0.00000,0.00000,0.00000
-661326.10599,-893860.34135,243.87700,350480425.38807,8.71000,1444073.00000,2.50000,0.00000,0.00000,0.00000
-660915.72507,-893863.76265,241.48500,350480425.43439,8.63000,3044711.00000,2.26000,0.00000,0.00000,0.00000
-659745.39026,-894726.60910,251.72600,350480425.48071,8.77000,9519385.00000,2.41000,0.00000,0.00000,0.00000
-660032.08701,-893941.66724,251.24500,350480425.52703,9.12000,750333.00000,2.83000,0.00000,0.00000,0.00000
-660121.06045,-893380.31915,250.84900,350480425.57336,9.68000,152730.00000,4.80000,0.00000,0.00000,0.00000
-659948.03310,-893115.29164,250.46900,350480425.61968,9.94000,118381.00000,6.85000,0.00000,0.00000,0.00000
-659628.54141,-893015.91651,249.61600,350480425.66600,10.79000,83635.00000,5.70000,0.00000,0.00000,0.00000
-659522.22720,-892675.43662,248.52000,350480425.71232,11.23000,92375.00000,6.95000,0.00000,0.00000,0.00000
-659266.54799,-892503.89773,248.12800,350480425.75864,11.12000,42713.00000,4.71000,0.00000,0.00000,0.00000
-658895.81041,-892462.45023,246.39900,350480425.80497,10.76000,20369.00000,3.43000,0.00000,0.00000,0.00000
-656348.47494,-894882.15361,183.38600,350480425.85129,10.57000,39521.00000,2.74000,0.00000,0.00000,0.00000
-655943.84918,-894878.96044,180.51300,350480425.89761,10.06000,211072.00000,4.00000,0.00000,0.00000,0.00000
-655540.19110,-894874.67034,177.92700,350480425.94393,10.04000,374116.00000,4.89000,0.00000,0.00000,0.00000
-655320.28211,-894662.64854,175.04700,350480425.99025,10.52000,1421202.00000,5.80000,0.00000,0.00000,0.00000
-655197.56379,-894340.71490,176.86500,350480426.03658,11.04000,7344647.00000,5.74000,0.00000,0.00000,0.00000
-654909.48057,-894205.74758,178.32300,350480426.08290,11.30000,5248646.00000,5.62000,0.00000,0.00000,0.00000
-654941.01400,-893709.43498,179.40300,350480426.12922,11.78000,1800045.00000,4.28000,0.00000,0.00000,0.00000
-655398.52507,-892731.52206,178.57400,350480426.17554,12.17000,452582.00000,4.91000,0.00000,0.00000,0.00000
-655496.77911,-892159.78567,179.06900,350480426.22187,12.52000,1096904.00000,6.66000,0.00000,0.00000,0.00000
-655643.87278,-891532.84903,181.22100,350480426.26819,12.55000,258367.00000,7.13000,0.00000,0.00000,0.00000
-655095.19945,-891692.54548,181.50000,350480426.31451,12.75000,313202.00000,9.51000,0.00000,0.00000,0.00000
-654749.58691,-891622.62476,182.69900,350480426.36084,12.45000,1173388.00000,5.63000,0.00000,0.00000,0.00000
-654928.59697,-890959.61859,186.21400,350480426.40716,12.17000,1014893.00000,4.55000,0.00000,0.00000,0.00000
-654333.01568,-891172.30786,185.32600,350480426.45348,12.03000,2296705.00000,4.72000,0.00000,0.00000,0.00000
-653823.50018,-891287.69296,184.66300,350480426.49981,12.23000,548085.00000,5.88000,0.00000,0.00000,0.00000
-653369.58091,-891340.20500,184.23700,350480426.54613,11.85000,685078.00000,5.05000,0.00000,0.00000,0.00000
-652645.36342,-891698.26322,183.87500,350480426.59246,11.56000,1606638.00000,5.30000,0.00000,0.00000,0.00000
-652193.86462,-891748.02754,184.69900,350480426.63878,11.36000,1045099.00000,2.65000,0.00000,0.00000,0.00000
-654574.84503,-888595.89434,216.72400,350480426.68510,11.30000,937241.00000,3.47000,0.00000,0.00000,0.00000
-654438.62301,-888289.30169,214.98100,350480426.73143,11.70000,151328.00000,7.54000,0.00000,0.00000,0.00000
-653921.88960,-888412.86223,211.65600,350480426.77775,11.80000,2262439.00000,6.89000,0.00000,0.00000,0.00000
-652819.62941,-889198.30926,207.98000,350480426.82408,11.95000,479746.00000,6.23000,0.00000,0.00000,0.00000
-652087.22393,-889565.60727,205.66200,350480426.87040,12.05000,297918.00000,6.00000,0.00000,0.00000,0.00000
-651516.31387,-889750.35589,203.53300,350480426.91672,11.82000,783519.00000,4.35000,0.00000,0.00000,0.00000
-653488.69093,-887060.29603,226.63900,350480426.96305,11.87000,237710.00000,3.56000,0.00000,0.00000,0.00000
-652960.37318,-887196.96218,225.86500,350480427.00937,11.84000,190555.00000,4.04000,0.00000,0.00000,0.00000
-652472.65702,-887287.69608,225.56700,350480427.05570,11.61000,87129.00000,5.24000,0.00000,0.00000,0.00000
-651849.56124,-887531.45705,225.14600,350480427.10202,11.57000,296034.00000,5.12000,0.00000,0.00000,0.00000
-651308.66011,-887682.29725,224.88600,350480427.14834,11.79000,233715.00000,5.95000,0.00000,0.00000,0.00000
-650806.92404,-887788.86254,224.64600,350480427.19467,11.90000,219967.00000,6.30000,0.00000,0.00000,0.00000
-650430.89439,-887753.32380,223.88800,350480427.24099,12.00000,401380.00000,4.78000,0.00000,0.00000,0.00000
-650095.97074,-887671.33902,221.35800,350480427.28732,12.43000,3975520.00000,4.77000,0.00000,0.00000,0.00000
-650479.57992,-886777.26976,211.98200,350480427.33364,12.95000,3459038.00000,4.81000,0.00000,0.00000,0.00000
-650054.71924,-886796.92611,215.73500,350480427.37996,12.81000,505598.00000,6.96000,0.00000,0.00000,0.00000
-650473.15475,-885863.52563,215.03700,350480427.42629,12.68000,347688.00000,6.01000,0.00000,0.00000,0.00000
-650561.33662,-885303.37333,213.88700,350480427.47261,12.37000,655611.00000,5.60000,0.00000,0.00000,0.00000
-650530.56712,-884877.65072,213.00900,350480427.51894,12.10000,3606875.00000,3.41000,0.00000,0.00000,0.00000
-650511.42110,-884438.82513,210.94500,350480427.56526,12.22000,3268646.00000,3.50000,0.00000,0.00000,0.00000
-649646.08542,-884956.29413,198.05800,350480427.61158,12.39000,1736916.00000,2.56000,0.00000,0.00000,0.00000
-649173.37497,-885030.04994,192.30400,350480427.65791,12.55000,1099306.00000,3.10000,0.00000,0.00000,0.00000
-648983.53884,-884784.11057,189.01300,350480427.70423,12.96000,1516698.00000,3.53000,0.00000,0.00000,0.00000
-648827.54737,-884499.93472,197.61100,350480427.75055,13.06000,4054120.00000,3.94000,0.00000,0.00000,0.00000
-648405.12954,-884516.85356,196.84400,350480427.79688,12.91000,988290.00000,4.87000,0.00000,0.00000,0.00000
-648057.66053,-884449.06024,196.00800,350480427.84320,13.02000,283841.00000,7.93000,0.00000,0.00000,0.00000
-647135.69189,-885030.41626,195.57500,350480427.88953,13.41000,403898.00000,11.56000,0.00000,0.00000,0.00000
-646804.65934,-884944.02763,196.39600,350480427.93585,13.22000,781998.00000,9.94000,0.00000,0.00000,0.00000
-646709.14235,-884591.53525,199.15500,350480427.98217,12.64000,840480.00000,6.50000,0.00000,0.00000,0.00000
-646111.19152,-884806.76825,205.50400,350480428.02850,12.08000,1243128.00000,3.98000,0.00000,0.00000,0.00000
-644430.97602,-886244.73292,225.72500,350480428.07482,11.71000,3485701.00000,4.81000,0.00000,0.00000,0.00000
-644947.68888,-885200.53473,222.15800,350480428.12114,12.00000,246179.00000,7.62000,0.00000,0.00000,0.00000
-645125.88667,-884538.78502,225.08000,350480428.16747,11.55000,396139.00000,5.14000,0.00000,0.00000,0.00000
-644875.63932,-884361.12485,231.12400,350480428.21379,11.28000,1345100.00000,3.00000,0.00000,0.00000,0.00000
-644574.12961,-884241.37487,234.41500,350480428.26011,11.43000,762323.00000,2.78000,0.00000,0.00000,0.00000
-644219.91036,-884181.18144,236.62400,350480428.30643,11.52000,1267594.00000,2.64000,0.00000,0.00000,0.00000
-650974.04919,-911114.32714,202.21400,350653077.79919,8.99000,861404.00000,4.83000,0.00000,0.00000,0.00000
-649887.68354,-911400.87348,188.46500,350653077.89172,7.36000,4072910.00000,3.04000,0.00000,0.00000,0.00000
-652997.21562,-906631.82983,178.74600,350653078.03051,3.68000,1697211.00000,9.72000,0.00000,0.00000,0.00000
-652796.94093,-906398.97160,180.61400,350653078.07677,5.04000,345135.00000,12.24000,0.00000,0.00000,0.00000
-652609.92695,-906151.55805,182.33800,350653078.12304,5.41000,165115.00000,9.22000,0.00000,0.00000,0.00000
-652192.54007,-906156.90539,182.91100,350653078.16930,5.78000,722632.00000,6.20000,0.00000,0.00000,0.00000
-651452.39898,-906516.29061,184.38500,350653078.21556,6.52000,716582.00000,3.87000,0.00000,0.00000,0.00000
-650920.54127,-906647.16869,186.38600,350653078.26183,7.10000,862161.00000,4.00000,0.00000,0.00000,0.00000
-650325.30920,-906847.54769,189.59500,350653078.30809,7.43000,950359.00000,3.23000,0.00000,0.00000,0.00000
-649876.46961,-906887.32825,193.32200,350653078.35436,7.80000,795095.00000,3.38000,0.00000,0.00000,0.00000
-649129.93072,-907253.63368,197.64600,350653078.40062,8.05000,2482277.00000,3.47000,0.00000,0.00000,0.00000
-648927.21993,-907023.44670,201.42200,350653078.44689,8.47000,280375.00000,5.79000,0.00000,0.00000,0.00000
-649210.33822,-906260.34250,204.07300,350653078.49315,8.82000,89890.00000,8.39000,0.00000,0.00000,0.00000
-649005.16237,-906032.83598,204.91000,350653078.53942,8.97000,288161.00000,7.79000,0.00000,0.00000,0.00000
-649155.65505,-905415.22701,205.58400,350653078.58569,8.99000,139127.00000,8.44000,0.00000,0.00000,0.00000
-648484.80253,-905698.52352,202.42900,350653078.63195,8.89000,344026.00000,5.58000,0.00000,0.00000,0.00000
-647425.84152,-906407.45298,199.01300,350653078.67822,8.69000,372843.00000,4.72000,0.00000,0.00000,0.00000
-648384.96794,-904902.99523,201.00400,350653078.72448,8.66000,2818894.00000,3.06000,0.00000,0.00000,0.00000
-647580.01483,-905333.31999,174.28600,350653078.77075,9.21000,2280840.00000,2.82000,0.00000,0.00000,0.00000
-647308.54669,-905178.54942,171.29500,350653078.81701,10.24000,1456927.00000,4.40000,0.00000,0.00000,0.00000
-647078.83780,-904977.98214,170.32300,350653078.86327,11.02000,1119175.00000,4.34000,0.00000,0.00000,0.00000
-645708.34861,-906028.47557,186.59900,350653078.90954,11.44000,2399355.00000,4.58000,0.00000,0.00000,0.00000
-645931.60552,-905331.14189,179.62200,350653078.95581,11.29000,3048291.00000,3.94000,0.00000,0.00000,0.00000
-645376.65427,-905487.21417,185.56200,350653079.00207,10.77000,2285654.00000,4.04000,0.00000,0.00000,0.00000
-646204.69707,-904126.68067,188.34400,350653079.04834,10.19000,1177509.00000,3.67000,0.00000,0.00000,0.00000
-645851.68131,-904061.33854,192.38600,350653079.09460,9.72000,1444132.00000,1.92000,0.00000,0.00000,0.00000
-645096.79613,-904436.69086,218.02300,350653079.14086,9.66000,3030256.00000,1.90000,0.00000,0.00000,0.00000
-644914.75136,-904183.85108,219.07300,350653079.18713,9.70000,1177064.00000,2.19000,0.00000,0.00000,0.00000
-643929.43398,-904811.82500,186.73700,350653079.23339,9.67000,1561779.00000,2.14000,0.00000,0.00000,0.00000
-642964.24489,-905417.70427,189.43000,350653079.27966,9.39000,2454003.00000,2.34000,0.00000,0.00000,0.00000
-643463.18397,-904418.18430,193.97800,350653079.32592,9.08000,892670.00000,1.84000,0.00000,0.00000,0.00000
-642746.11819,-904751.98934,195.90500,350653079.37219,8.97000,1628566.00000,2.17000,0.00000,0.00000,0.00000
-642503.16585,-904565.93145,196.13000,350653079.41845,8.84000,1886583.00000,2.11000,0.00000,0.00000,0.00000
-642407.60401,-904218.27487,190.96500,350653079.46472,8.86000,1923144.00000,1.88000,0.00000,0.00000,0.00000
-643149.74886,-902952.14163,187.32700,350653079.51098,8.89000,4010431.00000,1.90000,0.00000,0.00000,0.00000
-643254.16495,-902385.23095,184.43200,350653079.55724,8.87000,2980089.00000,1.76000,0.00000,0.00000,0.00000
-643696.60553,-901447.70949,185.36200,350653079.60351,8.74000,3769375.00000,1.53000,0.00000,0.00000,0.00000
-643342.15053,-901383.96271,186.06100,350653079.64977,8.60000,4047525.00000,1.68000,0.00000,0.00000,0.00000
-643639.66123,-900605.37139,186.98600,350653079.69604,8.35000,7349605.00000,1.56000,0.00000,0.00000,0.00000
-643668.92190,-900120.89890,186.03600,350653079.74230,8.23000,5108483.00000,1.58000,0.00000,0.00000,0.00000
-643551.77894,-899796.97139,186.49900,350653079.78856,8.24000,4987889.00000,1.55000,0.00000,0.00000,0.00000
-641081.72390,-902052.68943,214.29400,350653079.83483,8.31000,1852491.00000,1.53000,0.00000,0.00000,0.00000
-640708.59610,-902009.36116,215.26500,350653079.88109,8.67000,882710.00000,1.71000,0.00000,0.00000,0.00000
-642572.93731,-899513.06172,189.67300,350653079.92736,8.84000,3046214.00000,1.54000,0.00000,0.00000,0.00000
-642280.88338,-899380.89299,192.59900,350653079.97362,8.84000,1998412.00000,1.57000,0.00000,0.00000,0.00000
-639979.32870,-901451.69896,213.67000,350653080.01989,8.62000,3017194.00000,1.59000,0.00000,0.00000,0.00000
-639673.02799,-901335.11621,212.76000,350653080.06615,8.45000,1089026.00000,2.35000,0.00000,0.00000,0.00000
-639424.70475,-901154.97312,210.45800,350653080.11242,8.31000,1220069.00000,2.90000,0.00000,0.00000,0.00000
-639352.27786,-900782.01448,207.22200,350653080.15868,8.10000,1046910.00000,3.76000,0.00000,0.00000,0.00000
-639228.75838,-900465.06553,204.83000,350653080.20495,8.37000,264264.00000,6.42000,0.00000,0.00000,0.00000
-639566.11215,-899642.91081,203.90500,350653080.25121,8.41000,294707.00000,4.65000,0.00000,0.00000,0.00000
-639091.30008,-899711.06822,200.14900,350653080.29748,8.58000,1427665.00000,3.19000,0.00000,0.00000,0.00000
-637888.76817,-900576.85218,192.78100,350653080.34374,9.05000,4435798.00000,2.91000,0.00000,0.00000,0.00000
-637468.96795,-900584.66316,191.67200,350653080.39001,9.34000,1897086.00000,3.26000,0.00000,0.00000,0.00000
-638141.98400,-899394.68306,198.96000,350653080.43627,9.36000,5637227.00000,2.81000,0.00000,0.00000,0.00000
-637606.22743,-899529.58355,196.51800,350653080.48254,9.67000,448659.00000,3.61000,0.00000,0.00000,0.00000
-637110.76343,-899620.32410,194.94500,350653080.52881,9.91000,369073.00000,4.02000,0.00000,0.00000,0.00000
-636698.82799,-899619.49768,194.09500,350653080.57507,10.27000,203936.00000,3.69000,0.00000,0.00000,0.00000
-636318.83352,-899583.65891,193.80700,350653080.62134,10.59000,494268.00000,2.43000,0.00000,0.00000,0.00000
-635890.68868,-899600.60109,194.18300,350653080.66760,10.93000,954155.00000,2.15000,0.00000,0.00000,0.00000
-637079.16141,-897845.76251,162.08900,350653080.71387,11.42000,1711970.00000,2.87000,0.00000,0.00000,0.00000
-636551.75240,-897971.49455,163.67400,350653080.76013,11.97000,1008881.00000,3.98000,0.00000,0.00000,0.00000
-635853.83537,-898284.10249,166.27500,350653080.80640,12.40000,577461.00000,4.07000,0.00000,0.00000,0.00000
-634954.92838,-898816.95259,169.66100,350653080.85267,12.56000,800147.00000,4.86000,0.00000,0.00000,0.00000
-634545.93944,-898812.88616,167.99200,350653080.89893,13.03000,1867581.00000,6.35000,0.00000,0.00000,0.00000
-633463.71044,-899546.54401,175.83100,350653080.94520,13.68000,302822.00000,7.00000,0.00000,0.00000,0.00000
-633057.65775,-899539.20519,176.22600,350653080.99147,14.37000,535031.00000,9.04000,0.00000,0.00000,0.00000
-633183.82111,-898948.67891,171.12700,350653081.03773,14.29000,566812.00000,9.21000,0.00000,0.00000,0.00000
-633670.70144,-897962.89093,165.20100,350653081.08400,14.02000,345402.00000,9.26000,0.00000,0.00000,0.00000
-633381.63184,-897827.39737,166.22100,350653081.13027,13.56000,391749.00000,8.31000,0.00000,0.00000,0.00000
-633118.11379,-897663.89063,167.28900,350653081.17654,13.08000,545759.00000,5.84000,0.00000,0.00000,0.00000
-632720.93140,-897646.84900,169.68000,350653081.22280,12.52000,1533541.00000,4.09000,0.00000,0.00000,0.00000
-636170.96472,-893414.02283,189.18000,350653081.26907,12.07000,363944.00000,3.38000,0.00000,0.00000,0.00000
-632429.79025,-897061.37531,167.94900,350653081.31534,12.02000,3986075.00000,3.65000,0.00000,0.00000,0.00000
-635043.51458,-893745.10893,186.91300,350653081.36160,11.58000,634035.00000,3.43000,0.00000,0.00000,0.00000
-634431.14193,-893963.95069,186.07700,350653081.40787,10.93000,411643.00000,4.01000,0.00000,0.00000,0.00000
-633833.98975,-894166.07825,186.00100,350653081.45414,10.80000,480142.00000,4.34000,0.00000,0.00000,0.00000
-633180.82077,-894429.58583,186.10900,350653081.50040,10.64000,379268.00000,5.10000,0.00000,0.00000,0.00000
-635668.22762,-891251.74862,165.24700,350653081.54667,10.72000,420102.00000,3.96000,0.00000,0.00000,0.00000
-635242.59113,-891265.99232,165.06500,350653081.59294,10.96000,299469.00000,4.66000,0.00000,0.00000,0.00000
-634732.91623,-891372.30367,165.45400,350653081.63921,10.81000,293438.00000,4.55000,0.00000,0.00000,0.00000
-632078.21853,-893828.91307,183.36800,350653081.68547,10.77000,296541.00000,4.09000,0.00000,0.00000,0.00000
-632103.19987,-893349.36761,180.62400,350653081.73174,10.73000,147832.00000,5.63000,0.00000,0.00000,0.00000
-628666.68213,-896662.10508,139.63700,350653081.77801,10.65000,468349.00000,3.36000,0.00000,0.00000,0.00000
-632984.43167,-890123.05040,179.77700,350653081.96308,9.70000,220725.00000,3.35000,0.00000,0.00000,0.00000
-633114.10933,-889528.85018,180.06800,350653082.00934,10.03000,592361.00000,3.45000,0.00000,0.00000,0.00000
-666279.73262,-886680.31843,271.86100,350873693.92998,11.97000,181770.00000,8.56000,0.00000,0.00000,1.00000
-665842.82795,-887216.63336,271.85900,350873693.97606,11.97000,173988.00000,5.66000,0.00000,0.00000,1.00000
-666200.47068,-887386.19224,269.96900,350873694.02214,11.62000,505029.00000,4.93000,0.00000,0.00000,1.00000
-649494.13472,-881607.52899,199.14900,351046345.04907,12.88000,1143367.00000,3.83000,0.00000,0.00000,1.00000
-649414.74064,-881974.99102,199.39000,351046345.09513,13.01000,1324344.00000,3.24000,0.00000,0.00000,1.00000
-648918.30144,-882527.48773,197.66400,351046345.14119,13.19000,1970158.00000,3.43000,0.00000,0.00000,1.00000
-651337.92175,-881786.24958,204.28300,351046345.18725,13.57000,2997809.00000,3.83000,0.00000,0.00000,1.00000
-647029.50524,-884029.85980,197.81600,351046345.23331,14.20000,1184950.00000,5.34000,0.00000,0.00000,1.00000
-647768.93868,-884034.07292,196.18400,351046345.27937,14.99000,621927.00000,7.92000,0.00000,0.00000,1.00000
-648197.57086,-884176.15725,195.60700,351046345.32543,15.82000,160189.00000,9.93000,0.00000,0.00000,1.00000
-649368.02903,-883989.18867,199.02400,351046345.37150,15.67000,164324.00000,10.74000,0.00000,0.00000,1.00000
-650290.09813,-883912.38785,203.00000,351046345.41756,15.05000,573647.00000,8.14000,0.00000,0.00000,1.00000
-649918.48855,-884409.49355,199.92600,351046345.46362,14.35000,2661027.00000,4.79000,0.00000,0.00000,1.00000
-651610.23216,-883991.28978,218.65100,351046345.50968,13.91000,905128.00000,4.26000,0.00000,0.00000,1.00000
-651229.98841,-884492.23005,216.29300,351046345.55574,13.67000,277353.00000,4.84000,0.00000,0.00000,1.00000
-650929.41905,-884957.80372,215.45100,351046345.60180,13.47000,611751.00000,3.89000,0.00000,0.00000,1.00000
-650657.40005,-885410.70729,215.40900,351046345.64786,13.04000,3305334.00000,3.30000,0.00000,0.00000,1.00000
-650607.20411,-885765.22946,215.85300,351046345.69392,12.96000,3770766.00000,3.35000,0.00000,0.00000,1.00000
-650592.19650,-886104.12718,216.01600,351046345.73999,12.73000,1162946.00000,3.94000,0.00000,0.00000,1.00000
-650638.29032,-886415.93037,216.55600,351046345.78605,12.67000,584615.00000,4.31000,0.00000,0.00000,1.00000
-650604.01831,-886763.37972,218.33000,351046345.83211,12.66000,467184.00000,4.62000,0.00000,0.00000,1.00000
-650577.71010,-887107.29056,220.39200,351046345.87817,12.50000,327245.00000,4.73000,0.00000,0.00000,1.00000
-650314.28977,-887556.34208,222.00200,351046345.92423,12.49000,312292.00000,5.15000,0.00000,0.00000,1.00000
-650206.95358,-887936.18752,223.43400,351046345.97029,12.82000,305072.00000,5.31000,0.00000,0.00000,1.00000
-650116.87618,-888308.36761,224.97600,351046346.01635,12.96000,921545.00000,4.87000,0.00000,0.00000,1.00000
-650154.97674,-888623.69842,224.92900,351046346.06241,12.55000,933611.00000,4.28000,0.00000,0.00000,1.00000
-650295.36293,-888893.68079,222.15800,351046346.10847,11.89000,2787943.00000,2.86000,0.00000,0.00000,1.00000
-650627.70087,-889078.54744,214.91900,351046346.15453,11.45000,1594115.00000,3.24000,0.00000,0.00000,1.00000
-651040.40850,-889227.77707,209.16600,351046346.20060,11.76000,461118.00000,4.62000,0.00000,0.00000,1.00000
-651508.91299,-889352.27135,204.74500,351046346.24666,12.78000,127555.00000,7.78000,0.00000,0.00000,1.00000
-651833.28352,-889540.68461,203.88900,351046346.29272,13.87000,85228.00000,10.90000,0.00000,0.00000,1.00000
-651727.90652,-889919.65309,204.58000,351046346.33878,14.31000,118531.00000,12.16000,0.00000,0.00000,1.00000
-651611.23793,-890303.63243,205.70000,351046346.38484,13.98000,226900.00000,9.06000,0.00000,0.00000,1.00000
-651741.65505,-890578.05522,206.08700,351046346.43090,13.13000,1151318.00000,6.69000,0.00000,0.00000,1.00000
-652052.06168,-890772.64954,205.06500,351046346.47696,12.29000,1710450.00000,4.62000,0.00000,0.00000,1.00000
-653184.15785,-890602.96266,201.08300,351046346.52302,12.20000,395858.00000,4.12000,0.00000,0.00000,1.00000
-654365.40676,-890411.45301,200.35500,351046346.56908,13.20000,606719.00000,4.88000,0.00000,0.00000,1.00000
-651559.88301,-891987.59342,184.20800,351046346.61515,14.19000,478398.00000,6.39000,0.00000,0.00000,1.00000
-651281.76140,-892443.12456,184.67700,351046346.66121,14.46000,279441.00000,6.75000,0.00000,0.00000,1.00000
-651665.90472,-892605.04856,184.20200,351046346.70727,14.08000,172655.00000,7.06000,0.00000,0.00000,1.00000
-651895.27990,-892835.60235,183.25900,351046346.75333,13.93000,182447.00000,7.49000,0.00000,0.00000,1.00000
-651723.43423,-893244.02220,182.37700,351046346.79939,14.09000,313976.00000,7.08000,0.00000,0.00000,1.00000
-651618.67685,-893622.69897,181.93900,351046346.84545,14.33000,202633.00000,7.78000,0.00000,0.00000,1.00000
-651602.25913,-893962.20517,182.68500,351046346.89151,14.06000,210397.00000,9.34000,0.00000,0.00000,1.00000
-651606.43531,-894292.58957,183.78200,351046346.93757,13.63000,227781.00000,8.31000,0.00000,0.00000,1.00000
-651845.10528,-894519.03592,183.45600,351046346.98364,13.38000,334167.00000,10.40000,0.00000,0.00000,1.00000
-652310.96734,-894644.78664,183.27700,351046347.02970,13.09000,186890.00000,9.30000,0.00000,0.00000,1.00000
-652119.16759,-895062.03687,183.70800,351046347.07576,12.86000,172713.00000,9.35000,0.00000,0.00000,1.00000
-651545.37801,-895648.57493,183.42500,351046347.12182,12.52000,233483.00000,6.43000,0.00000,0.00000,1.00000
-651171.53533,-896146.48551,183.32200,351046347.16788,12.77000,242987.00000,7.88000,0.00000,0.00000,1.00000
-651289.28058,-896426.51523,182.86800,351046347.21394,12.79000,650254.00000,5.12000,0.00000,0.00000,1.00000
-653138.26561,-895939.27999,175.79200,351046347.26000,12.65000,3020749.00000,4.24000,0.00000,0.00000,1.00000
-651696.17329,-896910.62342,185.67000,351046347.30606,12.34000,3149233.00000,5.71000,0.00000,0.00000,1.00000
-652141.44193,-897045.52518,186.15900,351046347.35212,12.30000,2029354.00000,5.37000,0.00000,0.00000,1.00000
-653639.00875,-896714.05827,179.37300,351046347.39818,12.23000,1192672.00000,6.29000,0.00000,0.00000,1.00000
-652083.94500,-897735.43438,183.73400,351046347.44424,12.22000,297530.00000,5.34000,0.00000,0.00000,1.00000
-652221.61436,-898006.64344,183.38000,351046347.49030,12.62000,339202.00000,6.39000,0.00000,0.00000,1.00000
-652680.83251,-898135.36840,185.26500,351046347.53636,12.37000,623634.00000,3.99000,0.00000,0.00000,1.00000
-652783.30063,-898422.18434,190.94500,351046347.58242,11.72000,6375403.00000,2.93000,0.00000,0.00000,1.00000
-652724.31951,-898780.53933,193.70400,351046347.62848,11.58000,1116672.00000,3.18000,0.00000,0.00000,1.00000
-653017.44423,-898982.87554,191.45200,351046347.67454,12.03000,1802236.00000,4.63000,0.00000,0.00000,1.00000
-652822.92612,-899401.28402,192.96200,351046347.72060,11.91000,2506079.00000,3.53000,0.00000,0.00000,1.00000
-654132.52919,-899153.22891,186.61600,351046347.76666,11.21000,431504.00000,3.05000,0.00000,0.00000,1.00000
-654789.06503,-899194.53692,190.43100,351046347.81272,11.36000,1661954.00000,3.35000,0.00000,0.00000,1.00000
-655280.17180,-899309.15317,193.20100,351046347.85878,11.75000,1348513.00000,3.46000,0.00000,0.00000,1.00000
-655693.54777,-899458.22142,195.92000,351046347.90484,12.25000,1079830.00000,4.88000,0.00000,0.00000,1.00000
-656033.85093,-899639.67322,196.20800,351046347.95090,12.97000,1793589.00000,5.07000,0.00000,0.00000,1.00000
-656776.11001,-899643.03350,196.91600,351046347.99696,13.14000,2537320.00000,6.00000,0.00000,0.00000,1.00000
-657558.90051,-899628.43211,197.56300,351046348.04302,13.03000,1980424.00000,7.32000,0.00000,0.00000,1.00000
-656511.96618,-900424.55560,192.75800,351046348.08908,13.07000,723342.00000,8.68000,0.00000,0.00000,1.00000
-656741.32323,-900655.18356,191.90600,351046348.13513,13.02000,203279.00000,8.62000,0.00000,0.00000,1.00000
-658278.89009,-900306.19980,195.34300,351046348.18119,13.35000,839899.00000,8.95000,0.00000,0.00000,1.00000
-656482.47169,-901434.35484,186.99600,351046348.22725,13.09000,1575627.00000,10.04000,0.00000,0.00000,1.00000
-655429.49197,-902233.07982,185.34000,351046348.27331,12.67000,268536.00000,12.68000,0.00000,0.00000,1.00000
-655801.67171,-902400.41313,186.96300,351046348.31937,11.90000,276214.00000,8.46000,0.00000,0.00000,1.00000
-655021.07920,-903078.42998,188.06200,351046348.36543,11.05000,212828.00000,8.14000,0.00000,0.00000,1.00000
-654817.86386,-903500.65852,190.16800,351046348.41149,10.05000,124551.00000,6.91000,0.00000,0.00000,1.00000
-654737.56364,-903868.43246,191.94500,351046348.45754,8.87000,528580.00000,5.04000,0.00000,0.00000,1.00000
-654599.45460,-904261.81779,193.19400,351046348.50360,7.48000,293105.00000,3.57000,0.00000,0.00000,1.00000
-661286.09547,-901631.96327,254.86800,351046348.54966,6.72000,230955.00000,3.45000,0.00000,0.00000,1.00000
-660890.26082,-902139.59862,251.25800,351046348.59572,6.75000,202100.00000,5.29000,0.00000,0.00000,1.00000
-660819.29462,-902503.30858,252.05900,351046348.64177,6.74000,322358.00000,3.37000,0.00000,0.00000,1.00000
-660933.02227,-902785.19690,254.62600,351046348.68783,6.54000,1187503.00000,2.23000,0.00000,0.00000,1.00000
-660818.19009,-903168.32417,255.89800,351046348.73389,6.19000,983640.00000,1.98000,0.00000,0.00000,1.00000
-661252.17544,-903308.34068,256.42700,351046348.77994,5.77000,1342519.00000,2.21000,0.00000,0.00000,1.00000
-661255.62659,-903639.06968,254.36700,351046348.82600,5.38000,822719.00000,2.39000,0.00000,0.00000,1.00000
-661263.04611,-903968.04986,255.42900,351046348.87206,5.15000,3549526.00000,1.81000,0.00000,0.00000,1.00000
-660867.80563,-904475.39674,259.46100,351046348.91812,4.73000,996498.00000,2.43000,0.00000,0.00000,1.00000
-657624.17675,-906244.26404,371.87300,351046348.96417,-0.29000,105702.00000,10.39000,0.00000,0.00000,1.00000
-662251.52795,-904527.00099,238.92800,351046349.01023,3.85000,1457323.00000,1.82000,0.00000,0.00000,1.00000
-658080.75846,-906706.49674,387.75900,351046349.05628,-6.90000,1246442.00000,12.78000,0.00000,0.00000,1.00000
-658382.45622,-906905.11448,391.45900,351046349.10234,-6.84000,2526725.00000,7.30000,0.00000,0.00000,1.00000
-657841.15102,-907477.03848,394.00900,351046349.14840,-4.59000,351805.00000,4.98000,0.00000,0.00000,1.00000
-656330.13451,-908478.33704,210.41900,351046349.19445,6.35000,3353239.00000,2.29000,0.00000,0.00000,1.00000
-659061.24213,-907601.16333,220.48100,351046349.24051,8.48000,1656206.00000,3.08000,0.00000,0.00000,1.00000
-659420.11997,-907774.45746,226.59700,351046349.28656,10.23000,404895.00000,5.92000,0.00000,0.00000,1.00000
-659909.89830,-907889.79205,231.65900,351046349.33262,11.80000,394764.00000,5.21000,0.00000,0.00000,1.00000
-637281.70473,-887583.33246,187.34100,351218997.99862,12.46000,2795016.00000,4.55000,0.00000,0.00000,1.00000
-635666.35689,-888600.85601,175.19200,351218998.04466,12.43000,667846.00000,4.67000,0.00000,0.00000,1.00000
-637857.70388,-887998.16717,188.59000,351218998.09071,12.41000,3681293.00000,4.85000,0.00000,0.00000,1.00000
-634984.52735,-889550.97648,172.18600,351218998.13676,12.38000,2316629.00000,5.05000,0.00000,0.00000,1.00000
-635915.43732,-889484.77397,175.94400,351218998.18281,12.37000,491332.00000,5.98000,0.00000,0.00000,1.00000
-636369.83266,-889621.37118,177.25700,351218998.22886,12.17000,768665.00000,6.66000,0.00000,0.00000,1.00000
-636686.57104,-889816.57280,177.05400,351218998.27490,12.53000,890234.00000,9.55000,0.00000,0.00000,1.00000
-636477.98415,-890235.32810,173.93200,351218998.32095,12.93000,229726.00000,9.89000,0.00000,0.00000,1.00000
-636528.04037,-890544.00740,172.43800,351218998.36700,13.61000,208825.00000,12.76000,0.00000,0.00000,1.00000
-636296.04544,-890972.70226,169.13700,351218998.41305,13.43000,142409.00000,8.85000,0.00000,0.00000,1.00000
-635345.55332,-891707.13505,163.95200,351218998.45910,12.93000,232967.00000,6.47000,0.00000,0.00000,1.00000
-635414.96319,-892007.56028,164.34600,351218998.50514,12.61000,836235.00000,4.65000,0.00000,0.00000,1.00000
-635354.03788,-892363.45149,166.36300,351218998.55119,12.34000,709028.00000,2.97000,0.00000,0.00000,1.00000
-632499.96832,-893907.67057,183.12300,351218998.59724,11.91000,1935061.00000,3.48000,0.00000,0.00000,1.00000
-633614.02414,-893763.65862,183.26600,351218998.64329,11.93000,284421.00000,4.90000,0.00000,0.00000,1.00000
-634159.96984,-893861.34326,185.61500,351218998.68933,12.56000,383706.00000,9.06000,0.00000,0.00000,1.00000
-634463.29281,-894062.24434,186.18300,351218998.73538,13.11000,126816.00000,9.77000,0.00000,0.00000,1.00000
-635196.39413,-894080.32759,185.48600,351218998.78143,12.94000,181405.00000,7.48000,0.00000,0.00000,1.00000
-635322.60941,-894356.59465,182.74700,351218998.82748,12.16000,763342.00000,5.78000,0.00000,0.00000,1.00000
-634765.05590,-894923.74264,176.21400,351218998.87353,11.75000,1054302.00000,4.20000,0.00000,0.00000,1.00000
-638749.37016,-893558.69504,169.99100,351218998.91957,11.74000,984862.00000,4.07000,0.00000,0.00000,1.00000
-635792.84444,-895146.43642,153.48500,351218998.96562,12.21000,1263447.00000,3.67000,0.00000,0.00000,1.00000
-635093.52985,-895773.86698,152.38600,351218999.01167,12.78000,1294456.00000,3.78000,0.00000,0.00000,1.00000
-632714.43327,-897115.73815,165.53300,351218999.05772,12.56000,401359.00000,4.54000,0.00000,0.00000,1.00000
-632793.15350,-897412.17755,167.05900,351218999.10377,12.54000,939613.00000,4.79000,0.00000,0.00000,1.00000
-633622.52746,-897389.36457,162.64500,351218999.14981,12.77000,420564.00000,5.72000,0.00000,0.00000,1.00000
-633536.81807,-897755.76170,164.04300,351218999.19586,13.08000,187261.00000,7.15000,0.00000,0.00000,1.00000
-633719.81643,-898007.86724,164.80600,351218999.24191,13.27000,325051.00000,7.16000,0.00000,0.00000,1.00000
-634049.87663,-898197.43120,165.40700,351218999.28796,13.25000,306371.00000,7.15000,0.00000,0.00000,1.00000
-633956.80202,-898566.94211,168.29300,351218999.33400,12.92000,314346.00000,6.84000,0.00000,0.00000,1.00000
-633665.85443,-899020.58348,172.03200,351218999.38005,12.82000,295413.00000,7.34000,0.00000,0.00000,1.00000
-634216.50860,-899116.35434,172.86900,351218999.42610,12.43000,863131.00000,6.73000,0.00000,0.00000,1.00000
-635252.46500,-899005.73845,175.12800,351218999.47215,12.13000,1065663.00000,4.75000,0.00000,0.00000,1.00000
-635696.83359,-899146.70647,182.61400,351218999.51819,11.68000,4496760.00000,3.23000,0.00000,0.00000,1.00000
-635625.81405,-899506.83456,191.80600,351218999.56424,11.15000,4762815.00000,2.33000,0.00000,0.00000,1.00000
-635844.90297,-899743.60701,194.93700,351218999.61028,10.86000,706942.00000,3.52000,0.00000,0.00000,1.00000
-636806.64271,-899664.57600,194.75700,351218999.65633,10.62000,129999.00000,6.47000,0.00000,0.00000,1.00000
-637875.33564,-899540.05456,198.13200,351218999.70238,10.50000,225249.00000,5.80000,0.00000,0.00000,1.00000
-638232.13102,-899718.29467,201.69400,351218999.74842,10.21000,203503.00000,3.71000,0.00000,0.00000,1.00000
-638213.25126,-900056.28145,200.58400,351218999.79447,10.12000,102196.00000,4.90000,0.00000,0.00000,1.00000
-638481.81190,-900272.04167,200.42400,351218999.84051,10.58000,235339.00000,6.25000,0.00000,0.00000,1.00000
-638803.17402,-900465.34347,201.73800,351218999.88656,10.38000,295450.00000,5.81000,0.00000,0.00000,1.00000
-638885.89049,-900760.13164,203.78300,351218999.93261,9.32000,704420.00000,2.73000,0.00000,0.00000,1.00000
-638948.54578,-901063.44492,206.79600,351218999.97865,8.44000,713760.00000,2.19000,0.00000,0.00000,1.00000
-638943.00901,-901395.74602,210.54700,351219000.02470,7.83000,719811.00000,1.92000,0.00000,0.00000,1.00000
-638966.89067,-901715.54552,214.09400,351219000.07074,7.34000,1160081.00000,1.84000,0.00000,0.00000,1.00000
-639096.37718,-901990.44418,222.02900,351219000.11679,7.01000,3192272.00000,1.88000,0.00000,0.00000,1.00000
-639380.96955,-902199.40462,223.30200,351219000.16283,6.80000,8002891.00000,1.68000,0.00000,0.00000,1.00000
-639794.60129,-902353.49450,213.53100,351219000.20888,6.56000,2756878.00000,1.57000,0.00000,0.00000,1.00000
-640279.75358,-902477.18281,211.43700,351219000.25492,6.54000,342373.00000,4.51000,0.00000,0.00000,1.00000
-641111.17895,-902453.66070,215.50600,351219000.30097,6.68000,1206043.00000,3.28000,0.00000,0.00000,1.00000
-639599.51915,-903426.30197,202.23500,351219000.34701,6.94000,1353895.00000,4.20000,0.00000,0.00000,1.00000
-639965.67140,-903600.59672,202.54500,351219000.39306,7.03000,1160340.00000,3.85000,0.00000,0.00000,1.00000
-639808.37307,-903997.42337,200.12900,351219000.43910,7.22000,1176910.00000,2.73000,0.00000,0.00000,1.00000
-640606.40127,-903988.13162,200.55900,351219000.48515,7.60000,1327818.00000,2.66000,0.00000,0.00000,1.00000
-640189.04088,-904495.51392,195.10100,351219000.53119,8.73000,1054691.00000,5.06000,0.00000,0.00000,1.00000
-640508.39935,-904689.71012,194.11300,351219000.57724,9.84000,423536.00000,6.99000,0.00000,0.00000,1.00000
-640561.01093,-904997.31225,192.46300,351219000.62328,10.49000,296559.00000,7.54000,0.00000,0.00000,1.00000
-641129.74176,-905085.51308,192.70600,351219000.66933,11.15000,281421.00000,9.13000,0.00000,0.00000,1.00000
-642177.15817,-904970.24821,197.96000,351219000.71537,10.77000,2269645.00000,5.59000,0.00000,0.00000,1.00000
-642598.80143,-905120.99855,202.71100,351219000.76142,10.52000,176253.00000,6.61000,0.00000,0.00000,1.00000
-641588.39308,-905880.45759,197.74200,351219000.80746,10.34000,1040046.00000,3.93000,0.00000,0.00000,1.00000
-642792.97278,-905698.41364,194.52600,351219000.85351,10.01000,1772481.00000,4.31000,0.00000,0.00000,1.00000
-642986.65039,-905946.06329,193.56900,351219000.89955,10.21000,720467.00000,6.48000,0.00000,0.00000,1.00000
-642959.69475,-906287.50223,192.34900,351219000.94560,10.18000,799444.00000,6.69000,0.00000,0.00000,1.00000
-642405.89195,-906852.86273,187.19200,351219000.99164,10.55000,860704.00000,9.17000,0.00000,0.00000,1.00000
-642009.85477,-907351.15257,184.58000,351219001.03769,10.77000,344585.00000,7.66000,0.00000,0.00000,1.00000
-642529.80722,-907460.14773,184.14400,351219001.08373,10.89000,188049.00000,8.99000,0.00000,0.00000,1.00000
-642900.66245,-907632.50951,183.14000,351219001.12978,10.78000,1085921.00000,6.88000,0.00000,0.00000,1.00000
-642402.98780,-908173.99894,179.31800,351219001.17582,11.16000,356963.00000,6.52000,0.00000,0.00000,1.00000
-642442.19495,-908487.30168,178.00900,351219001.22187,11.48000,829340.00000,7.63000,0.00000,0.00000,1.00000
-642356.37485,-908853.76358,178.76600,351219001.26792,11.18000,539667.00000,6.17000,0.00000,0.00000,1.00000
-642259.83944,-909224.74603,177.69400,351219001.31396,11.37000,218583.00000,7.51000,0.00000,0.00000,1.00000
-642668.81415,-909380.93827,175.00600,351219001.36001,11.17000,616408.00000,5.31000,0.00000,0.00000,1.00000
-643986.49075,-909150.97123,172.98300,351219001.40605,11.07000,1119489.00000,4.47000,0.00000,0.00000,1.00000
-644318.59968,-909339.83107,167.31200,351219001.45210,11.22000,1160586.00000,4.96000,0.00000,0.00000,1.00000
-642246.15935,-910550.44219,150.13700,351219001.49815,12.11000,1308880.00000,7.17000,0.00000,0.00000,1.00000
-642408.38686,-910811.47805,147.61100,351219001.54419,12.54000,1648840.00000,7.11000,0.00000,0.00000,1.00000
-642995.23546,-910892.09865,146.37700,351219001.59024,12.39000,443713.00000,5.97000,0.00000,0.00000,1.00000
-643705.24781,-911580.35652,150.17100,351219001.72838,12.30000,384787.00000,8.49000,0.00000,0.00000,1.00000
-643726.37748,-911901.35763,149.14700,351219001.77442,11.49000,840874.00000,9.65000,0.00000,0.00000,1.00000
