-665812.55475,-891278.07607,252.06500,529045862.82687,12.19000,819598.00000,4.67000,0.00000,0.00000,0.00000
-665605.18742,-891046.11057,252.76500,529045862.87382,12.22000,636661.00000,5.42000,0.00000,0.00000,0.00000
-666174.47918,-889920.40631,256.12200,529045862.92076,11.94000,2353070.00000,5.77000,0.00000,0.00000,0.00000
-665724.84567,-889967.26050,255.95700,529045862.96771,11.38000,1166679.00000,5.31000,0.00000,0.00000,0.00000
-663723.27625,-889917.70120,243.90600,529045863.20244,10.87000,605106.00000,7.92000,0.00000,0.00000,0.00000
-663245.58477,-889996.79542,245.24500,529045863.24938,10.62000,539966.00000,5.84000,0.00000,0.00000,0.00000
-662557.52091,-890317.92775,250.01700,529045863.29633,10.28000,848776.00000,5.42000,0.00000,0.00000,0.00000
-664753.78443,-887320.35356,275.11100,529045863.34328,10.16000,576649.00000,5.53000,0.00000,0.00000,0.00000
-664396.54625,-887260.90167,274.49400,529045863.39022,9.83000,253620.00000,6.28000,0.00000,0.00000,0.00000
-664130.69939,-887096.27727,273.01400,529045863.43717,9.63000,570276.00000,4.77000,0.00000,0.00000,0.00000
-663666.11234,-887160.35839,271.78800,529045863.48411,9.90000,4407866.00000,4.74000,0.00000,0.00000,0.00000
-665225.32116,-884895.79000,261.10100,529045863.53106,10.22000,896848.00000,5.95000,0.00000,0.00000,0.00000
-664621.47762,-885120.13403,259.78900,529045863.57801,10.24000,531469.00000,5.23000,0.00000,0.00000,0.00000
-663517.10668,-885920.35357,259.96700,529045863.62495,10.08000,2345387.00000,5.29000,0.00000,0.00000,0.00000
-663897.03201,-884542.27900,261.19200,529045863.71884,9.70000,1740716.00000,5.52000,0.00000,0.00000,0.00000
-663698.43551,-884300.32366,259.19400,529045863.76579,9.86000,2974040.00000,3.87000,0.00000,0.00000,0.00000
-663543.36620,-884008.28878,256.19500,529045863.81274,10.14000,5346172.00000,3.60000,0.00000,0.00000,0.00000
-663195.34378,-883938.25645,252.95100,529045863.85968,10.63000,1783232.00000,4.67000,0.00000,0.00000,0.00000
-662566.33733,-884191.48381,251.89400,529045863.90663,10.64000,296931.00000,6.69000,0.00000,0.00000,0.00000
-662001.16350,-884371.26036,251.84300,529045863.95358,10.67000,368053.00000,10.66000,0.00000,0.00000,0.00000
-661597.02784,-884365.73902,253.95200,529045864.00052,10.09000,1026383.00000,5.22000,0.00000,0.00000,0.00000
-661746.16634,-883723.74155,252.60600,529045864.04747,9.88000,2343173.00000,3.82000,0.00000,0.00000,0.00000
-660960.94370,-884156.63092,259.62500,529045864.09442,9.70000,1262153.00000,4.40000,0.00000,0.00000,0.00000
-662502.11013,-881442.84997,269.04400,529045864.18831,9.72000,1577512.00000,5.34000,0.00000,0.00000,0.00000
-661837.34721,-881737.21716,267.26800,529045864.23526,9.34000,562825.00000,5.57000,0.00000,0.00000,0.00000
-661371.33457,-881802.90570,265.86000,529045864.28221,9.14000,365037.00000,5.20000,0.00000,0.00000,0.00000
-661022.84235,-881733.40214,263.88800,529045864.32915,9.20000,331706.00000,5.19000,0.00000,0.00000,0.00000
-660909.87882,-881392.96730,262.38400,529045864.37610,9.42000,285305.00000,6.53000,0.00000,0.00000,0.00000
-660941.52395,-880886.19497,261.84500,529045864.42305,9.60000,191521.00000,5.93000,0.00000,0.00000,0.00000
-660732.80337,-880655.90874,259.95300,529045864.47000,9.86000,293021.00000,6.20000,0.00000,0.00000,0.00000
-660497.49024,-880456.21981,258.51700,529045864.51694,10.12000,206925.00000,5.47000,0.00000,0.00000,0.00000
-660202.20987,-880325.51802,257.26300,529045864.56389,10.21000,291536.00000,5.30000,0.00000,0.00000,0.00000
-656276.04490,-879667.46276,247.32900,529045865.08033,10.91000,161125.00000,8.29000,0.00000,0.00000,0.00000
-655818.25203,-879723.61447,248.09800,529045865.12728,10.90000,480558.00000,8.13000,0.00000,0.00000,0.00000
-659777.59039,-907822.83825,230.22500,529218514.40731,8.56000,317604.00000,2.56000,0.00000,0.00000,0.00000
-659214.22577,-907988.81644,227.79100,529218514.45430,8.25000,429269.00000,2.86000,0.00000,0.00000,0.00000
-658663.65346,-908140.49994,226.03600,529218514.50128,7.94000,395322.00000,2.49000,0.00000,0.00000,0.00000
-658225.80050,-908166.33022,222.88400,529218514.54826,7.65000,746223.00000,2.38000,0.00000,0.00000,0.00000
-657557.54751,-908449.35464,220.09200,529218514.59524,7.31000,2285806.00000,2.18000,0.00000,0.00000,0.00000
-661746.82159,-903309.31189,258.35800,529218514.64222,6.87000,1014913.00000,2.11000,0.00000,0.00000,0.00000
-661642.75484,-902962.56678,257.07800,529218514.68920,6.43000,1484036.00000,2.51000,0.00000,0.00000,0.00000
-661339.83621,-902837.83623,257.87400,529218514.73618,5.95000,213422.00000,3.38000,0.00000,0.00000,0.00000
-661466.11308,-902233.90440,257.87100,529218514.78316,5.40000,269189.00000,3.66000,0.00000,0.00000,0.00000
-661270.01156,-901989.91991,256.50100,529218514.83015,4.81000,1351312.00000,3.18000,0.00000,0.00000,0.00000
-662401.85968,-900263.26656,256.48000,529218514.87713,4.10000,855564.00000,4.52000,0.00000,0.00000,0.00000
-661400.04812,-900918.87246,250.49800,529218514.92411,3.36000,1268889.00000,4.39000,0.00000,0.00000,0.00000
-661046.94419,-900850.18440,247.87200,529218514.97109,2.83000,982962.00000,4.01000,0.00000,0.00000,0.00000
-660861.19779,-900594.65043,244.48800,529218515.01807,2.43000,1037685.00000,2.88000,0.00000,0.00000,0.00000
-660483.99988,-900552.87212,236.04900,529218515.06506,2.59000,1417367.00000,2.61000,0.00000,0.00000,0.00000
-660092.51258,-900527.02154,229.04900,529218515.11204,3.03000,931420.00000,2.52000,0.00000,0.00000,0.00000
-659487.40206,-900739.65926,218.24000,529218515.15902,3.60000,497981.00000,2.38000,0.00000,0.00000,0.00000
-659371.07152,-900406.62417,211.93800,529218515.20600,4.49000,1046431.00000,2.42000,0.00000,0.00000,0.00000
-658905.75395,-900463.20501,202.28300,529218515.25299,5.87000,993556.00000,4.67000,0.00000,0.00000,0.00000
-659060.15821,-899827.93433,200.82500,529218515.29997,7.21000,1782571.00000,5.95000,0.00000,0.00000,0.00000
-657125.86209,-901524.24702,188.98500,529218515.34695,8.13000,1577675.00000,5.16000,0.00000,0.00000,0.00000
-656542.83296,-901712.14341,186.42300,529218515.39393,9.50000,335753.00000,6.00000,0.00000,0.00000,0.00000
-655991.80129,-901864.31538,185.24700,529218515.44092,10.68000,303352.00000,9.49000,0.00000,0.00000,0.00000
-655701.18945,-901725.78520,185.07400,529218515.48790,11.02000,575575.00000,7.09000,0.00000,0.00000,0.00000
-654536.22283,-902563.14055,185.87000,529218515.53488,11.17000,1351037.00000,5.71000,0.00000,0.00000,0.00000
-653842.39280,-902874.61969,187.38300,529218515.58187,11.56000,321898.00000,6.38000,0.00000,0.00000,0.00000
-653356.80983,-902953.65915,187.90200,529218515.62885,11.34000,475405.00000,5.91000,0.00000,0.00000,0.00000
-652919.47344,-902978.83531,189.04300,529218515.67584,11.39000,558226.00000,6.88000,0.00000,0.00000,0.00000
-652381.22028,-903116.64397,192.57100,529218515.72282,11.15000,311707.00000,5.73000,0.00000,0.00000,0.00000
-651872.99701,-903220.91375,197.09500,529218515.76980,10.96000,684144.00000,5.62000,0.00000,0.00000,0.00000
-651457.83569,-903221.33597,201.68500,529218515.81679,10.73000,1134485.00000,4.44000,0.00000,0.00000,0.00000
-653453.72627,-900531.19746,209.59300,529218515.86377,10.24000,389263.00000,3.03000,0.00000,0.00000,0.00000
-651876.13632,-901828.83688,204.44400,529218515.91076,10.07000,1047134.00000,3.24000,0.00000,0.00000,0.00000
-651185.74795,-902136.38811,207.23700,529218515.95774,10.26000,2532461.00000,4.50000,0.00000,0.00000,0.00000
-652426.82906,-900288.63733,192.66000,529218516.00473,10.64000,4735299.00000,4.38000,0.00000,0.00000,0.00000
-651265.77536,-901121.41254,201.06300,529218516.05171,11.27000,392796.00000,8.69000,0.00000,0.00000,0.00000
-651625.08112,-900257.63309,197.77000,529218516.09870,11.43000,637559.00000,8.30000,0.00000,0.00000,0.00000
-652062.68117,-899306.52940,192.05400,529218516.14568,11.27000,2742649.00000,5.42000,0.00000,0.00000,0.00000
-651520.48423,-899448.71962,185.09600,529218516.19267,11.98000,1044878.00000,6.59000,0.00000,0.00000,0.00000
-651923.13989,-898536.60798,183.91800,529218516.23965,12.53000,335696.00000,11.00000,0.00000,0.00000,0.00000
-652039.73902,-897943.69606,185.50600,529218516.28664,12.32000,476647.00000,7.22000,0.00000,0.00000,0.00000
-651969.24089,-897559.55717,182.42300,529218516.33363,12.48000,2738718.00000,6.40000,0.00000,0.00000,0.00000
-651363.55952,-897772.60830,181.15600,529218516.38061,12.86000,1330251.00000,5.95000,0.00000,0.00000,0.00000
-650921.33611,-897803.25833,178.66000,529218516.42760,13.36000,306195.00000,8.61000,0.00000,0.00000,0.00000
-651008.90375,-897242.75277,187.87300,529218516.47458,12.94000,3362008.00000,5.55000,0.00000,0.00000,0.00000
-650590.31744,-897247.01360,187.80500,529218516.52157,12.99000,1513354.00000,5.96000,0.00000,0.00000,0.00000
-650203.24765,-897216.12518,186.49800,529218516.56856,13.38000,191458.00000,9.74000,0.00000,0.00000,0.00000
-650504.50204,-896417.21968,185.88500,529218516.61555,13.51000,298203.00000,11.76000,0.00000,0.00000,0.00000
-650371.00752,-896103.40933,186.83900,529218516.66253,13.33000,543018.00000,9.01000,0.00000,0.00000,0.00000
-650059.76077,-895987.90030,187.05600,529218516.70952,13.12000,801817.00000,5.89000,0.00000,0.00000,0.00000
-649743.10891,-895878.43867,187.14800,529218516.75651,13.03000,503117.00000,8.65000,0.00000,0.00000,0.00000
-649612.57732,-895561.33294,187.40600,529218516.80349,13.13000,192222.00000,9.69000,0.00000,0.00000,0.00000
-649299.37400,-895448.02441,187.98100,529218516.85048,13.02000,559791.00000,5.67000,0.00000,0.00000,0.00000
-648848.79022,-895487.95518,188.96600,529218516.89747,13.03000,1088669.00000,6.01000,0.00000,0.00000,0.00000
-648359.81161,-895570.74842,189.07900,529218516.94445,13.32000,1227453.00000,7.44000,0.00000,0.00000,0.00000
-648091.91097,-895406.88785,188.63000,529218516.99144,13.30000,414507.00000,9.83000,0.00000,0.00000,0.00000
-647885.06972,-895174.91901,188.26900,529218517.03843,13.31000,402268.00000,9.22000,0.00000,0.00000,0.00000
-647774.24481,-894835.83025,187.63900,529218517.08542,13.52000,289188.00000,11.33000,0.00000,0.00000,0.00000
-647518.66499,-894658.24035,188.20300,529218517.13240,13.62000,147332.00000,11.97000,0.00000,0.00000,0.00000
-647374.36083,-894356.49831,189.04700,529218517.17939,13.08000,613338.00000,7.67000,0.00000,0.00000,0.00000
-647298.02409,-893978.97523,189.26100,529218517.22638,12.65000,1227341.00000,6.60000,0.00000,0.00000,0.00000
-648242.90854,-892462.25799,189.46100,529218517.27336,12.21000,1823652.00000,6.24000,0.00000,0.00000,0.00000
-645927.11189,-894582.79142,186.11800,529218517.32035,12.00000,1536440.00000,4.89000,0.00000,0.00000,0.00000
-645547.44590,-894543.59568,186.80100,529218517.36734,11.77000,1272765.00000,5.62000,0.00000,0.00000,0.00000
-648758.84932,-890498.69247,202.06100,529218517.41432,11.63000,339168.00000,5.04000,0.00000,0.00000,0.00000
-644782.69458,-894471.24385,185.17000,529218517.46131,11.41000,540086.00000,3.89000,0.00000,0.00000,0.00000
-646774.53500,-891786.87988,189.81800,529218517.50830,11.24000,1558203.00000,4.18000,0.00000,0.00000,0.00000
-646522.91966,-891604.89334,190.25200,529218517.55528,10.98000,496618.00000,4.33000,0.00000,0.00000,0.00000
-648143.32120,-889334.77893,217.48800,529218517.60227,10.44000,214584.00000,2.84000,0.00000,0.00000,0.00000
-647487.49150,-889603.71665,213.36600,529218517.64926,9.94000,161922.00000,3.79000,0.00000,0.00000,0.00000
-646508.64622,-890232.93173,208.80700,529218517.69625,9.51000,292143.00000,6.22000,0.00000,0.00000,0.00000
-645431.29406,-890971.96009,208.50100,529218517.74323,9.05000,295572.00000,5.68000,0.00000,0.00000,0.00000
-644733.06894,-891288.07150,210.51100,529218517.79022,8.91000,398240.00000,5.43000,0.00000,0.00000,0.00000
-644277.11294,-891333.98215,212.07700,529218517.83721,8.85000,218619.00000,4.58000,0.00000,0.00000,0.00000
-643877.78788,-891316.73252,211.87900,529218517.88419,9.11000,611086.00000,4.06000,0.00000,0.00000,0.00000
-645766.74725,-888747.39540,184.36600,529218517.93118,9.56000,1628009.00000,3.97000,0.00000,0.00000,0.00000
-644241.24989,-889986.18283,186.60500,529218517.97817,9.98000,650356.00000,3.24000,0.00000,0.00000,0.00000
-643512.49196,-890336.34629,187.60300,529218518.02516,10.53000,401928.00000,7.59000,0.00000,0.00000,0.00000
-642955.08513,-890495.36432,189.49900,529218518.07214,10.89000,513110.00000,8.02000,0.00000,0.00000,0.00000
-643620.42473,-889290.80799,189.76600,529218518.11913,11.26000,295249.00000,11.61000,0.00000,0.00000,0.00000
-642759.19573,-889788.67283,188.15000,529218518.16612,10.60000,1321608.00000,5.89000,0.00000,0.00000,0.00000
-641842.30309,-890348.57630,186.77800,529218518.21310,9.94000,1719069.00000,4.27000,0.00000,0.00000,0.00000
-641317.88402,-890470.78632,185.16000,529218518.26009,9.53000,939143.00000,3.05000,0.00000,0.00000,0.00000
-640457.09566,-890968.05580,184.07300,529218518.30707,9.28000,1937898.00000,3.01000,0.00000,0.00000,0.00000
-639863.22871,-891167.68741,183.61600,529218518.35406,9.22000,587849.00000,3.75000,0.00000,0.00000,0.00000
-639504.76244,-891104.81244,182.79100,529218518.40105,9.22000,343228.00000,3.60000,0.00000,0.00000,0.00000
-642597.55280,-887193.69275,229.73400,529218518.44803,9.22000,371886.00000,3.65000,0.00000,0.00000,0.00000
-642331.22589,-887028.16697,228.39600,529218518.49502,9.19000,331900.00000,4.44000,0.00000,0.00000,0.00000
-642232.81169,-886675.39392,227.82500,529218518.54200,8.98000,236658.00000,5.82000,0.00000,0.00000,0.00000
-642223.53609,-886223.24991,229.52100,529218518.58899,8.91000,80816.00000,7.68000,0.00000,0.00000,0.00000
-642396.93788,-885567.38954,232.56200,529218518.63598,8.82000,131897.00000,6.38000,0.00000,0.00000,0.00000
-642478.25836,-885014.21836,236.03600,529218518.68296,8.51000,325877.00000,4.23000,0.00000,0.00000,0.00000
-635397.63500,-889208.53716,173.34700,529218519.05885,8.28000,2533779.00000,1.90000,0.00000,0.00000,0.00000
-635029.98003,-888693.40847,173.38000,529218519.15282,8.69000,1780111.00000,2.23000,0.00000,0.00000,0.00000
-634702.57479,-888595.88763,174.53600,529218519.19981,8.71000,608200.00000,2.52000,0.00000,0.00000,0.00000
-645539.24099,-911131.82071,156.37500,529391168.23028,5.22000,3514743.00000,3.61000,0.00000,0.00000,0.00000
-645385.86033,-910842.42445,156.85600,529391168.27730,7.13000,366964.00000,8.52000,0.00000,0.00000,0.00000
-644767.65604,-911056.21181,152.70000,529391168.32432,8.73000,349513.00000,8.81000,0.00000,0.00000,0.00000
-644266.65558,-911143.11300,148.93500,529391168.37133,10.46000,133766.00000,11.71000,0.00000,0.00000,0.00000
-643816.24126,-911175.24771,148.41600,529391168.41835,11.02000,509018.00000,8.73000,0.00000,0.00000,0.00000
-643657.33885,-910891.78178,148.76700,529391168.46537,11.43000,688855.00000,9.21000,0.00000,0.00000,0.00000
-643457.38167,-910652.79803,148.69300,529391168.51238,11.86000,280709.00000,12.59000,0.00000,0.00000,0.00000
-643240.37494,-910432.22920,149.34200,529391168.55940,11.85000,771070.00000,8.55000,0.00000,0.00000,0.00000
-642592.10440,-910678.52166,149.41200,529391168.60642,11.85000,271487.00000,14.54000,0.00000,0.00000,0.00000
-641998.91605,-910865.13914,150.52200,529391168.65344,11.57000,124229.00000,14.50000,0.00000,0.00000,0.00000
-641408.23703,-911049.04310,151.27800,529391168.70046,11.28000,568077.00000,12.40000,0.00000,0.00000,0.00000
-643503.87387,-908325.25006,185.11200,529391168.74747,11.04000,122716.00000,3.83000,0.00000,0.00000,0.00000
-642905.62500,-908061.97700,184.68100,529391168.84151,10.23000,4084220.00000,3.56000,0.00000,0.00000,0.00000
-643130.42038,-907363.23849,187.79400,529391168.88853,9.93000,143513.00000,7.17000,0.00000,0.00000,0.00000
-642119.55963,-908001.99250,179.49800,529391168.93554,10.52000,2821312.00000,6.72000,0.00000,0.00000,0.00000
-641432.75148,-908289.96915,176.72300,529391168.98256,11.02000,1291350.00000,8.34000,0.00000,0.00000,0.00000
-640988.86886,-908314.98841,177.16900,529391169.02958,11.01000,2622304.00000,6.32000,0.00000,0.00000,0.00000
-640689.24553,-908183.86900,177.71400,529391169.07660,10.64000,2914469.00000,4.83000,0.00000,0.00000,0.00000
-639966.36178,-908510.85277,174.55600,529391169.12362,10.05000,971982.00000,3.86000,0.00000,0.00000,0.00000
-639572.56098,-908481.63257,172.90700,529391169.17063,9.91000,447021.00000,3.75000,0.00000,0.00000,0.00000
-639253.91537,-908371.11324,172.37200,529391169.21765,9.56000,1405019.00000,3.02000,0.00000,0.00000,0.00000
-641933.15053,-905016.09334,200.08000,529391169.26467,8.97000,2304821.00000,2.61000,0.00000,0.00000,0.00000
-641056.54300,-905509.48710,194.24200,529391169.31169,8.32000,1631938.00000,3.41000,0.00000,0.00000,0.00000
-640567.61578,-905583.29414,192.17100,529391169.35871,7.85000,1574299.00000,4.86000,0.00000,0.00000,0.00000
-640232.95730,-905490.11481,190.40000,529391169.40573,8.38000,148973.00000,8.62000,0.00000,0.00000,0.00000
-640272.47489,-904992.01408,192.95700,529391169.45274,8.74000,242112.00000,8.51000,0.00000,0.00000,0.00000
-639984.90125,-904847.88849,193.87700,529391169.49976,8.58000,344287.00000,7.62000,0.00000,0.00000,0.00000
-638944.96639,-905517.94040,190.30800,529391169.54678,8.61000,198632.00000,10.79000,0.00000,0.00000,0.00000
-638595.78538,-905440.48363,191.52200,529391169.59380,8.32000,172644.00000,9.28000,0.00000,0.00000,0.00000
-638885.27400,-904671.90379,195.96600,529391169.64082,7.90000,554567.00000,4.85000,0.00000,0.00000,0.00000
-638529.09066,-904602.02900,196.30300,529391169.68783,7.43000,1489854.00000,4.13000,0.00000,0.00000,0.00000
-638607.19712,-904062.20920,200.53400,529391169.73485,6.85000,631700.00000,6.62000,0.00000,0.00000,0.00000
-637546.23397,-904754.97521,196.36600,529391169.78187,8.08000,309281.00000,12.57000,0.00000,0.00000,0.00000
-636949.59996,-904945.25134,196.07600,529391169.82888,8.81000,165118.00000,17.78000,0.00000,0.00000,0.00000
-636458.66634,-905021.15654,196.10400,529391169.87590,6.85000,87817.00000,11.26000,0.00000,0.00000,0.00000
-636499.72960,-904521.43738,196.35000,529391169.92292,3.70000,1036666.00000,4.50000,0.00000,0.00000,0.00000
-637345.28350,-903151.26387,202.36000,529391169.96994,2.69000,1236412.00000,2.61000,0.00000,0.00000,0.00000
-637070.76595,-902993.01690,201.02300,529391170.01695,2.65000,1033847.00000,2.94000,0.00000,0.00000,0.00000
-637344.24266,-902241.85150,210.14100,529391170.06397,2.57000,5582776.00000,1.83000,0.00000,0.00000,0.00000
-638405.76288,-900638.01015,198.16300,529391170.11099,2.71000,1593719.00000,1.82000,0.00000,0.00000,0.00000
-637308.72650,-901369.76735,195.30000,529391170.15801,3.13000,1571196.00000,2.86000,0.00000,0.00000,0.00000
-636920.00873,-901335.10844,194.23600,529391170.20503,3.61000,1759377.00000,3.96000,0.00000,0.00000,0.00000
-636134.04102,-901730.24919,194.44600,529391170.25204,4.00000,496337.00000,5.41000,0.00000,0.00000,0.00000
-636181.63701,-901223.50736,196.18300,529391170.29906,4.77000,299540.00000,6.24000,0.00000,0.00000,0.00000
-635940.70122,-901028.95898,197.34800,529391170.34608,5.38000,208271.00000,3.75000,0.00000,0.00000,0.00000
-635561.51006,-900983.98504,195.65600,529391170.39310,6.02000,514952.00000,2.44000,0.00000,0.00000,0.00000
-635214.87113,-900903.75600,192.70100,529391170.44012,6.86000,289123.00000,4.38000,0.00000,0.00000,0.00000
-635196.36797,-900468.56487,192.69600,529391170.48713,7.31000,299841.00000,5.31000,0.00000,0.00000,0.00000
-632261.66455,-903188.04655,167.03800,529391170.53415,7.90000,783847.00000,2.02000,0.00000,0.00000,0.00000
-633630.42657,-901252.18053,178.33600,529391170.58117,8.99000,5818411.00000,2.70000,0.00000,0.00000,0.00000
-633076.87836,-901395.76473,175.84000,529391170.62819,9.60000,1561256.00000,4.49000,0.00000,0.00000,0.00000
-632478.23408,-901588.11978,173.95100,529391170.67521,9.87000,1195280.00000,4.15000,0.00000,0.00000,0.00000
-633038.38704,-900526.99670,183.45100,529391170.72223,9.60000,2877937.00000,3.41000,0.00000,0.00000,0.00000
-632369.62109,-900795.21938,183.81900,529391170.76925,9.36000,327069.00000,3.22000,0.00000,0.00000,0.00000
-631933.30604,-900811.97185,185.61800,529391170.81627,9.04000,322558.00000,3.70000,0.00000,0.00000,0.00000
-631697.89028,-900611.41478,187.99700,529391170.86329,8.72000,586546.00000,2.51000,0.00000,0.00000,0.00000
-631515.08500,-900353.96481,190.95200,529391170.91031,8.46000,708895.00000,1.64000,0.00000,0.00000,0.00000
-631258.12973,-900176.70503,195.37100,529391170.95732,8.34000,1186328.00000,1.57000,0.00000,0.00000,0.00000
-631043.27011,-899953.94186,198.36600,529391171.00434,8.25000,1007198.00000,1.68000,0.00000,0.00000,0.00000
-630864.48248,-899692.15505,199.22900,529391171.05136,7.83000,1733813.00000,1.38000,0.00000,0.00000,0.00000
-633653.27862,-895765.39952,170.40100,529391171.14540,6.62000,1201150.00000,1.69000,0.00000,0.00000,0.00000
-632610.77624,-896437.91768,170.40400,529391171.19242,6.28000,1116034.00000,1.78000,0.00000,0.00000,0.00000
-631924.47152,-896725.10961,173.62000,529391171.23944,6.62000,371802.00000,5.02000,0.00000,0.00000,0.00000
-629357.78526,-897225.41595,122.59600,529391171.47454,8.53000,1522059.00000,2.06000,0.00000,0.00000,0.00000
-628320.67890,-897891.84032,142.31700,529391171.52156,8.82000,1294304.00000,2.26000,0.00000,0.00000,0.00000
-628788.80948,-896930.49613,129.13700,529391171.56858,9.21000,2535057.00000,2.45000,0.00000,0.00000,0.00000
-628898.13399,-896357.15677,150.10800,529391171.61560,9.39000,1142527.00000,2.70000,0.00000,0.00000,0.00000
-655193.46588,-879743.42853,247.98800,529611782.67370,10.46000,1260046.00000,4.27000,0.00000,0.00000,1.00000
-656096.29819,-879673.37992,245.00800,529611782.72078,10.69000,687679.00000,4.72000,0.00000,0.00000,1.00000
-656150.83837,-879988.37720,245.93200,529611782.76787,10.87000,2856534.00000,4.88000,0.00000,0.00000,1.00000
-655982.69679,-880404.43452,246.26700,529611782.81495,11.12000,469421.00000,7.88000,0.00000,0.00000,1.00000
-656698.51684,-880419.28165,246.77700,529611782.86204,10.96000,244476.00000,9.26000,0.00000,0.00000,1.00000
-657520.63653,-880385.89204,247.06500,529611782.90913,11.02000,101599.00000,10.56000,0.00000,0.00000,1.00000
-658047.43416,-880486.54940,247.73100,529611782.95621,11.06000,180146.00000,9.25000,0.00000,0.00000,1.00000
-658472.64786,-880633.32323,249.28500,529611783.00330,11.16000,767137.00000,7.03000,0.00000,0.00000,1.00000
-658625.41162,-880903.75177,247.28400,529611783.05038,11.76000,1455494.00000,8.47000,0.00000,0.00000,1.00000
-658818.52378,-881155.86395,248.06400,529611783.09747,12.01000,1254882.00000,10.42000,0.00000,0.00000,1.00000
-658892.57034,-881462.02835,247.54700,529611783.14456,11.62000,1708547.00000,7.37000,0.00000,0.00000,1.00000
-659247.14485,-881640.87193,249.19500,529611783.19164,11.36000,1935391.00000,5.08000,0.00000,0.00000,1.00000
-659564.69294,-881836.52272,255.72900,529611783.23873,11.24000,2273492.00000,4.10000,0.00000,0.00000,1.00000
-659822.39009,-882059.34728,257.84800,529611783.28581,11.23000,908303.00000,4.51000,0.00000,0.00000,1.00000
-660078.06461,-882283.09304,260.57100,529611783.33290,11.05000,1541143.00000,3.87000,0.00000,0.00000,1.00000
-660320.95459,-882512.62737,261.62700,529611783.37999,11.12000,856337.00000,4.42000,0.00000,0.00000,1.00000
-660433.34766,-882801.40785,260.96100,529611783.42707,11.26000,1746084.00000,3.48000,0.00000,0.00000,1.00000
-658211.87430,-884149.21463,236.28900,529611783.47416,11.73000,1173054.00000,5.51000,0.00000,0.00000,1.00000
-659070.37017,-884099.42053,239.88100,529611783.52124,11.58000,622479.00000,4.42000,0.00000,0.00000,1.00000
-659027.98869,-884458.40659,240.24500,529611783.56833,11.01000,2969601.00000,3.28000,0.00000,0.00000,1.00000
-663795.52729,-882634.81212,262.08500,529611783.61542,10.46000,1187600.00000,3.08000,0.00000,0.00000,1.00000
-663838.61487,-882955.04115,260.83400,529611783.66250,10.13000,665047.00000,4.28000,0.00000,0.00000,1.00000
-662959.31405,-883693.86732,249.85800,529611783.70959,9.74000,534040.00000,3.41000,0.00000,0.00000,1.00000
-651541.24238,-889213.53394,259.49700,529611783.75667,9.68000,1559805.00000,2.32000,0.00000,0.00000,1.00000
-659458.59944,-885961.76612,222.83700,529611783.80376,9.44000,745229.00000,2.44000,0.00000,0.00000,1.00000
-661824.93162,-885227.91925,244.01400,529611783.85084,9.61000,1539881.00000,3.66000,0.00000,0.00000,1.00000
-662006.61578,-885485.26919,242.20100,529611783.89793,10.25000,456689.00000,4.25000,0.00000,0.00000,1.00000
-663235.89290,-885267.30490,249.37000,529611783.94501,10.73000,484136.00000,5.27000,0.00000,0.00000,1.00000
-660151.48498,-887006.42598,257.34300,529611783.99210,10.56000,314202.00000,3.79000,0.00000,0.00000,1.00000
-660419.92220,-887224.40530,260.44600,529611784.03918,9.85000,355420.00000,4.33000,0.00000,0.00000,1.00000
-660752.27115,-887413.38340,264.83500,529611784.08627,9.57000,519161.00000,3.81000,0.00000,0.00000,1.00000
-660952.74292,-887662.18971,267.56500,529611784.13335,9.28000,245787.00000,4.89000,0.00000,0.00000,1.00000
-661167.35954,-887904.60071,269.34500,529611784.18044,9.28000,607725.00000,4.71000,0.00000,0.00000,1.00000
-661537.41011,-888076.49811,268.56100,529611784.22752,9.45000,443702.00000,4.90000,0.00000,0.00000,1.00000
-662190.06056,-888120.20754,268.57600,529611784.27461,9.42000,209977.00000,6.35000,0.00000,0.00000,1.00000
-662850.10034,-888160.54491,270.42500,529611784.32169,9.27000,433539.00000,3.78000,0.00000,0.00000,1.00000
-663647.42608,-888138.62979,272.22700,529611784.36877,9.53000,2358343.00000,2.93000,0.00000,0.00000,1.00000
-662131.50215,-889166.03808,246.28300,529611784.41586,9.97000,598618.00000,5.22000,0.00000,0.00000,1.00000
-661875.09680,-889622.10606,244.15500,529611784.46294,9.75000,476312.00000,8.33000,0.00000,0.00000,1.00000
-661644.92427,-890066.24822,238.89400,529611784.51003,9.34000,1612521.00000,2.59000,0.00000,0.00000,1.00000
-661152.27143,-890629.43981,254.78300,529611784.55711,9.66000,2269466.00000,2.40000,0.00000,0.00000,1.00000
-661195.27568,-890949.67874,257.42900,529611784.60420,9.83000,890275.00000,3.51000,0.00000,0.00000,1.00000
-661282.01923,-891250.07695,256.96400,529611784.65128,10.19000,2667768.00000,3.63000,0.00000,0.00000,1.00000
-661186.41477,-891633.18816,254.77500,529611784.69837,10.46000,684565.00000,5.80000,0.00000,0.00000,1.00000
-660997.24900,-892058.69880,254.56800,529611784.74545,11.00000,6533685.00000,5.33000,0.00000,0.00000,1.00000
-662985.68818,-891496.70669,251.35800,529611784.79254,11.96000,834047.00000,11.47000,0.00000,0.00000,1.00000
-662913.61656,-891869.14761,252.75100,529611784.83962,11.64000,201463.00000,10.31000,0.00000,0.00000,1.00000
-663399.40255,-891988.60206,255.35500,529611784.88671,10.24000,629886.00000,8.01000,0.00000,0.00000,1.00000
-662544.01802,-892716.26939,262.54200,529611784.93379,9.43000,4461601.00000,4.33000,0.00000,0.00000,1.00000
-662977.98285,-892859.23444,264.97300,529611784.98088,9.49000,146303.00000,4.89000,0.00000,0.00000,1.00000
-663374.26222,-893019.29042,267.81600,529611785.02796,9.52000,269606.00000,4.80000,0.00000,0.00000,1.00000
-663629.23337,-893243.43975,269.52700,529611785.07505,9.23000,234832.00000,3.94000,0.00000,0.00000,1.00000
-663881.45951,-893808.60174,264.13500,529611785.16922,8.46000,3279147.00000,3.62000,0.00000,0.00000,1.00000
-662100.72146,-894955.73963,258.85300,529611785.21630,8.05000,583979.00000,3.39000,0.00000,0.00000,1.00000
-660477.41006,-896031.41676,258.67300,529611785.26338,8.10000,971276.00000,3.11000,0.00000,0.00000,1.00000
-662690.07298,-895368.01478,229.60900,529611785.31047,8.17000,3932767.00000,2.33000,0.00000,0.00000,1.00000
-663007.62949,-895563.78799,227.93300,529611785.35755,8.69000,4202692.00000,3.14000,0.00000,0.00000,1.00000
-667524.14666,-893855.74075,234.94800,529611785.40464,9.30000,1353938.00000,3.63000,0.00000,0.00000,1.00000
-666478.24900,-896708.39623,229.08100,529611785.73422,8.64000,1469537.00000,3.89000,0.00000,0.00000,1.00000
-666762.83376,-896919.14473,229.67700,529611785.78130,9.10000,527300.00000,7.43000,0.00000,0.00000,1.00000
-666606.57421,-897329.76294,229.65600,529611785.82839,9.42000,294680.00000,8.13000,0.00000,0.00000,1.00000
-666819.80244,-897572.86813,232.40300,529611785.87547,9.39000,108479.00000,7.00000,0.00000,0.00000,1.00000
-667104.37197,-897783.61989,234.58900,529611785.92255,9.60000,1730663.00000,5.68000,0.00000,0.00000,1.00000
-667165.47679,-898095.68967,238.86300,529611785.96964,9.60000,708959.00000,4.06000,0.00000,0.00000,1.00000
-662894.75241,-900371.14674,257.64500,529611786.01672,9.53000,688468.00000,4.40000,0.00000,0.00000,1.00000
-667053.46447,-898825.99918,245.12300,529611786.06380,9.75000,691299.00000,3.35000,0.00000,0.00000,1.00000
-666865.53971,-899250.94236,246.41700,529611786.11088,10.10000,2785237.00000,4.07000,0.00000,0.00000,1.00000
-666502.59901,-899755.19640,249.55300,529611786.15797,10.56000,474617.00000,5.88000,0.00000,0.00000,1.00000
-641399.72441,-885672.36271,234.99900,529784435.21038,8.39000,1368725.00000,2.48000,0.00000,0.00000,1.00000
-641410.88309,-886004.96451,231.25600,529784435.25747,8.62000,591089.00000,3.72000,0.00000,0.00000,1.00000
-641502.62199,-886302.44979,230.02300,529784435.30456,8.92000,862933.00000,5.13000,0.00000,0.00000,1.00000
-641524.60543,-886630.33693,228.76900,529784435.35165,9.13000,1268202.00000,4.17000,0.00000,0.00000,1.00000
-641661.04546,-886908.35713,227.70400,529784435.39874,9.19000,337174.00000,4.07000,0.00000,0.00000,1.00000
-642021.66279,-887088.70818,227.56600,529784435.44583,9.14000,276047.00000,5.16000,0.00000,0.00000,1.00000
-642408.01499,-887257.84924,229.06100,529784435.49292,9.06000,144875.00000,5.65000,0.00000,0.00000,1.00000
-642577.63137,-887521.41652,230.06400,529784435.54001,8.85000,287070.00000,4.52000,0.00000,0.00000,1.00000
-642686.98012,-887811.25085,228.68200,529784435.58710,8.49000,306317.00000,2.83000,0.00000,0.00000,1.00000
-642644.61618,-888167.17300,223.06800,529784435.63419,8.25000,1511243.00000,2.18000,0.00000,0.00000,1.00000
-642530.45909,-888554.37516,214.37400,529784435.68127,8.31000,5615591.00000,1.71000,0.00000,0.00000,1.00000
-642425.10499,-888937.73535,200.67400,529784435.72836,8.97000,4075652.00000,2.03000,0.00000,0.00000,1.00000
-642536.47188,-889226.67770,195.88800,529784435.77545,9.79000,5998876.00000,2.24000,0.00000,0.00000,1.00000
-642586.88247,-889542.19033,191.51900,529784435.82254,10.41000,3002612.00000,3.37000,0.00000,0.00000,1.00000
-642553.96052,-889893.98549,189.24800,529784435.86963,10.90000,1535854.00000,4.73000,0.00000,0.00000,1.00000
-642266.34437,-890356.72512,188.69900,529784435.91672,10.96000,1777541.00000,5.76000,0.00000,0.00000,1.00000
-641873.04709,-890865.48754,189.62500,529784435.96381,10.96000,2303865.00000,4.96000,0.00000,0.00000,1.00000
-642281.08909,-891025.22742,193.22800,529784436.01090,10.65000,3944501.00000,3.52000,0.00000,0.00000,1.00000
-645262.52657,-890064.10071,194.16300,529784436.05799,9.99000,2303395.00000,2.94000,0.00000,0.00000,1.00000
-643122.89435,-891333.51131,205.45700,529784436.10508,9.78000,6004613.00000,2.38000,0.00000,0.00000,1.00000
-643354.80956,-891569.98401,211.48300,529784436.15217,9.59000,724362.00000,3.29000,0.00000,0.00000,1.00000
-643588.08415,-891805.85269,212.08600,529784436.19926,8.95000,1965386.00000,2.86000,0.00000,0.00000,1.00000
-643861.33679,-892024.32699,207.77600,529784436.24635,8.12000,1614490.00000,2.25000,0.00000,0.00000,1.00000
-644177.28035,-892224.20459,197.05100,529784436.29344,8.28000,4832621.00000,2.18000,0.00000,0.00000,1.00000
-646066.89138,-891738.74051,187.99300,529784436.34053,9.22000,3309428.00000,2.99000,0.00000,0.00000,1.00000
-645678.30921,-892245.45730,184.70100,529784436.38762,9.94000,1408228.00000,3.65000,0.00000,0.00000,1.00000
-645282.94085,-892755.13403,183.78900,529784436.43471,10.28000,745129.00000,4.73000,0.00000,0.00000,1.00000
-644739.87131,-893329.11849,187.19000,529784436.48180,10.43000,2873398.00000,5.32000,0.00000,0.00000,1.00000
-645227.88103,-893454.08401,182.23300,529784436.52889,10.02000,2103460.00000,4.22000,0.00000,0.00000,1.00000
-644600.12265,-894064.93287,184.91500,529784436.57598,9.68000,1050265.00000,4.93000,0.00000,0.00000,1.00000
-644112.58719,-894614.69318,183.53100,529784436.62307,9.52000,366138.00000,5.43000,0.00000,0.00000,1.00000
-644050.48280,-894979.19847,184.78900,529784436.67016,9.50000,405393.00000,5.72000,0.00000,0.00000,1.00000
-644038.50457,-895321.87913,190.42500,529784436.71725,9.04000,290453.00000,4.35000,0.00000,0.00000,1.00000
-643794.83866,-895765.43566,193.19200,529784436.76434,9.18000,167206.00000,5.99000,0.00000,0.00000,1.00000
-643776.08349,-896111.06532,194.14200,529784436.81143,9.27000,181728.00000,7.64000,0.00000,0.00000,1.00000
-643828.45784,-896425.72372,194.45600,529784436.85852,9.46000,135294.00000,6.36000,0.00000,0.00000,1.00000
-643930.96309,-896718.55575,193.97000,529784436.90561,9.67000,88316.00000,7.79000,0.00000,0.00000,1.00000
-644080.88658,-896990.74341,193.62200,529784436.95270,9.75000,153659.00000,6.89000,0.00000,0.00000,1.00000
-644214.55489,-897270.01998,192.67200,529784436.99979,9.90000,211933.00000,7.25000,0.00000,0.00000,1.00000
-644388.86030,-897531.58884,191.85500,529784437.04688,9.64000,299555.00000,7.57000,0.00000,0.00000,1.00000
-643906.00400,-898079.25114,190.91400,529784437.09397,9.31000,132250.00000,7.54000,0.00000,0.00000,1.00000
-643162.97186,-898740.14393,190.61700,529784437.14106,9.79000,287019.00000,9.81000,0.00000,0.00000,1.00000
-643363.01765,-898990.51734,190.31300,529784437.18815,9.70000,172156.00000,10.36000,0.00000,0.00000,1.00000
-643414.68390,-899305.47109,190.25600,529784437.23524,9.40000,222969.00000,10.09000,0.00000,0.00000,1.00000
-643254.96801,-899712.44133,190.78700,529784437.28233,9.37000,189094.00000,8.89000,0.00000,0.00000,1.00000
-643734.14051,-899841.31946,189.00800,529784437.32942,9.41000,262648.00000,10.20000,0.00000,0.00000,1.00000
-643835.26935,-900134.76046,190.22700,529784437.37651,9.57000,198280.00000,10.83000,0.00000,0.00000,1.00000
-644123.38638,-900346.80459,190.71900,529784437.42360,9.40000,428754.00000,8.89000,0.00000,0.00000,1.00000
-643876.93709,-900791.51945,193.04500,529784437.47069,9.05000,294163.00000,6.44000,0.00000,0.00000,1.00000
-644412.35356,-900895.94028,192.17000,529784437.51778,8.44000,701056.00000,4.82000,0.00000,0.00000,1.00000
-644795.32709,-901066.71503,191.40200,529784437.56487,8.46000,713102.00000,3.42000,0.00000,0.00000,1.00000
-645144.42229,-901252.22893,192.44000,529784437.61195,8.08000,485292.00000,3.36000,0.00000,0.00000,1.00000
-645529.43748,-901422.12793,194.99700,529784437.65904,7.73000,577260.00000,3.42000,0.00000,0.00000,1.00000
-645979.49326,-901563.72241,196.05800,529784437.70613,7.89000,1858583.00000,2.49000,0.00000,0.00000,1.00000
-646910.61201,-901495.95678,193.98800,529784437.75322,8.10000,2311262.00000,2.16000,0.00000,0.00000,1.00000
-646671.59023,-901937.43620,195.35000,529784437.80031,8.00000,1996772.00000,2.39000,0.00000,0.00000,1.00000
-646670.39066,-902275.42271,197.79000,529784437.84740,7.93000,629601.00000,3.20000,0.00000,0.00000,1.00000
-647642.84798,-902189.68090,197.73000,529784437.89449,8.50000,1021944.00000,7.39000,0.00000,0.00000,1.00000
-648323.96146,-902230.74695,200.10500,529784437.94157,9.01000,444055.00000,6.13000,0.00000,0.00000,1.00000
-648836.36000,-902345.23735,203.56300,529784437.98866,8.96000,1293189.00000,3.20000,0.00000,0.00000,1.00000
-648547.21020,-902808.53635,192.15500,529784438.03575,8.69000,2580055.00000,2.44000,0.00000,0.00000,1.00000
-648902.43630,-902991.44038,187.06300,529784438.08284,8.70000,2193647.00000,2.81000,0.00000,0.00000,1.00000
-648869.38687,-903343.29018,182.12200,529784438.12993,8.66000,1534058.00000,2.56000,0.00000,0.00000,1.00000
-648971.18289,-903636.47787,179.02600,529784438.17701,8.54000,756328.00000,2.60000,0.00000,0.00000,1.00000
-647853.24735,-904460.37971,172.89400,529784438.22410,8.76000,1275521.00000,3.21000,0.00000,0.00000,1.00000
-647257.06095,-905057.23904,173.05500,529784438.27119,9.00000,2210345.00000,3.28000,0.00000,0.00000,1.00000
-646340.34257,-905793.52232,179.06600,529784438.31828,8.81000,573852.00000,2.61000,0.00000,0.00000,1.00000
-646268.63926,-906162.16375,184.05000,529784438.36537,8.65000,395395.00000,3.02000,0.00000,0.00000,1.00000
-646994.50075,-906183.82802,183.68800,529784438.41246,8.43000,615787.00000,3.29000,0.00000,0.00000,1.00000
-649549.95794,-905409.50587,206.95400,529784438.45954,8.53000,1088095.00000,3.37000,0.00000,0.00000,1.00000
-649371.86947,-905824.45815,206.91300,529784438.50663,8.62000,4226726.00000,2.90000,0.00000,0.00000,1.00000
-649168.70598,-906250.31305,204.54300,529784438.55372,8.17000,1611428.00000,3.49000,0.00000,0.00000,1.00000
-648701.93760,-906790.84343,202.52300,529784438.60081,7.64000,299319.00000,5.06000,0.00000,0.00000,1.00000
-648555.68058,-907191.93497,202.12300,529784438.64789,7.27000,421188.00000,3.44000,0.00000,0.00000,1.00000
-648618.13518,-907502.23443,201.69700,529784438.69498,7.11000,1015533.00000,2.67000,0.00000,0.00000,1.00000
-651797.19713,-906456.71743,179.04000,529784438.74207,7.36000,624351.00000,3.63000,0.00000,0.00000,1.00000
-651810.87922,-906788.25608,176.52700,529784438.78916,6.62000,724597.00000,3.39000,0.00000,0.00000,1.00000
-651727.64243,-907161.95850,175.05600,529784438.83625,6.06000,654766.00000,3.55000,0.00000,0.00000,1.00000
-651672.85764,-907523.28358,175.62100,529784438.88333,5.62000,406641.00000,4.15000,0.00000,0.00000,1.00000
-652090.41555,-907679.12087,177.74300,529784438.93042,4.48000,811379.00000,2.75000,0.00000,0.00000,1.00000
-650547.14855,-908687.91746,373.25600,529784438.97751,-9.09000,3642950.00000,5.40000,0.00000,0.00000,1.00000
-652257.34832,-908281.48027,175.16300,529784439.02460,2.34000,2045530.00000,2.67000,0.00000,0.00000,1.00000
-653408.86142,-908118.05907,180.80800,529784439.07168,1.25000,766408.00000,4.44000,0.00000,0.00000,1.00000
-651567.15651,-909256.65374,383.28600,529784439.11877,-8.47000,2505217.00000,7.03000,0.00000,0.00000,1.00000
-651162.80175,-909769.99426,385.96100,529784439.16585,-8.26000,2969841.00000,9.26000,0.00000,0.00000,1.00000
-651756.15514,-909849.37650,192.92500,529784439.21294,3.71000,738160.00000,6.04000,0.00000,0.00000,1.00000
-652244.16755,-909974.58851,201.61300,529784439.26002,5.78000,743402.00000,4.21000,0.00000,0.00000,1.00000
-652494.99571,-910202.96951,204.88200,529784439.30711,8.20000,149019.00000,8.65000,0.00000,0.00000,1.00000
-652640.77041,-910477.03196,209.13900,529784439.35419,9.03000,677739.00000,6.44000,0.00000,0.00000,1.00000
-628931.91142,-897739.96721,144.73000,529957088.68218,8.94000,1336146.00000,2.77000,0.00000,0.00000,1.00000
-630828.52309,-900971.26748,188.20600,529957089.24721,6.94000,619370.00000,2.32000,0.00000,0.00000,1.00000
-630989.99244,-901239.11496,184.73300,529957089.29430,7.39000,1719537.00000,2.91000,0.00000,0.00000,1.00000
-631118.05936,-901520.92731,181.89100,529957089.34139,7.86000,5580154.00000,2.93000,0.00000,0.00000,1.00000
-631099.54912,-901863.92985,175.93500,529957089.38847,8.45000,1330861.00000,3.27000,0.00000,0.00000,1.00000
-631175.78714,-902167.36140,172.73400,529957089.43556,9.38000,1101756.00000,4.91000,0.00000,0.00000,1.00000
-631132.02282,-902520.89810,171.32700,529957089.48264,9.84000,984521.00000,5.60000,0.00000,0.00000,1.00000
-630711.88646,-903031.52775,171.31800,529957089.52973,9.36000,969571.00000,5.34000,0.00000,0.00000,1.00000
-629911.29534,-903700.95935,172.23400,529957089.57681,8.74000,2232241.00000,5.16000,0.00000,0.00000,1.00000
-629830.68930,-904069.85464,172.27400,529957089.62390,8.23000,230526.00000,6.62000,0.00000,0.00000,1.00000
-629885.76319,-904382.11912,173.05200,529957089.67098,7.59000,414392.00000,4.56000,0.00000,0.00000,1.00000
-629848.78922,-904732.80164,174.60800,529957089.71807,7.12000,1543226.00000,2.24000,0.00000,0.00000,1.00000
-631841.00923,-904236.56906,149.70600,529957089.76516,6.84000,1667698.00000,1.89000,0.00000,0.00000,1.00000
-630215.98147,-905250.06464,164.97400,529957089.81224,6.76000,5044728.00000,2.35000,0.00000,0.00000,1.00000
-630086.94189,-905639.16077,159.59100,529957089.85933,6.72000,4575139.00000,2.73000,0.00000,0.00000,1.00000
-635777.20401,-905611.34515,194.89500,529957090.18893,3.36000,458297.00000,4.02000,0.00000,0.00000,1.00000
-635636.58976,-906005.34292,194.64400,529957090.23602,4.02000,1206198.00000,3.37000,0.00000,0.00000,1.00000
-635440.79044,-907763.54666,186.24400,529957090.47145,5.00000,3035773.00000,2.43000,0.00000,0.00000,1.00000
-635420.17349,-908107.44716,183.43400,529957090.51853,5.30000,761290.00000,2.68000,0.00000,0.00000,1.00000
-635852.45753,-908262.37511,162.70300,529957090.56562,5.92000,2093633.00000,2.83000,0.00000,0.00000,1.00000
-635022.35517,-908944.03165,162.26100,529957090.61270,6.40000,1274363.00000,4.14000,0.00000,0.00000,1.00000
-634465.69273,-909511.56026,162.92000,529957090.65979,6.28000,2314870.00000,4.09000,0.00000,0.00000,1.00000
-637755.35475,-909480.24833,166.37000,529957090.84813,6.12000,1632461.00000,3.08000,0.00000,0.00000,1.00000
-639186.59167,-910559.69670,163.96400,529957091.08356,8.77000,867021.00000,3.11000,0.00000,0.00000,1.00000
-638904.73973,-911012.60516,160.62100,529957091.13065,8.88000,910080.00000,2.48000,0.00000,0.00000,1.00000
