-665469.34592,-898547.07125,231.95900,458085229.20513,14.44000,511386.00000,2.97000,0.00000,0.00000,0.00000
-666094.28222,-897359.21966,230.81100,458085229.25215,14.52000,2240947.00000,2.70000,0.00000,0.00000,0.00000
-666866.14508,-896002.74854,226.98800,458085229.29918,14.99000,1652037.00000,3.65000,0.00000,0.00000,0.00000
-665949.70042,-896583.99234,231.36400,458085229.34620,15.70000,267490.00000,10.63000,0.00000,0.00000,0.00000
-665480.43401,-896651.97565,236.28300,458085229.39323,15.39000,1294566.00000,5.06000,0.00000,0.00000,0.00000
-665860.88446,-895744.76083,229.19800,458085229.44026,15.23000,3028643.00000,3.88000,0.00000,0.00000,0.00000
-665949.39271,-895172.64281,229.25700,458085229.48728,15.13000,1811203.00000,4.30000,0.00000,0.00000,0.00000
-664694.43559,-896142.31708,244.49500,458085229.53431,15.31000,2169916.00000,5.69000,0.00000,0.00000,0.00000
-665972.13506,-894205.41991,222.92300,458085229.58133,15.26000,1079693.00000,4.24000,0.00000,0.00000,0.00000
-667062.35855,-891072.07995,239.85800,458085229.76944,14.33000,1330376.00000,5.90000,0.00000,0.00000,0.00000
-666450.54735,-891303.73518,246.25600,458085229.81646,13.50000,998207.00000,3.83000,0.00000,0.00000,0.00000
-665568.11072,-891845.92310,253.64600,458085229.86349,13.14000,605916.00000,3.12000,0.00000,0.00000,0.00000
-665150.77392,-891854.34256,258.98000,458085229.91052,13.40000,790531.00000,4.27000,0.00000,0.00000,0.00000
-664753.81702,-891839.38699,262.87800,458085229.95754,13.64000,2357916.00000,4.79000,0.00000,0.00000,0.00000
-664726.89805,-891399.78318,261.46500,458085230.00457,13.70000,2035803.00000,3.86000,0.00000,0.00000,0.00000
-664451.18808,-891245.69256,259.60500,458085230.05159,13.61000,2021543.00000,3.79000,0.00000,0.00000,0.00000
-664222.02997,-891038.16361,257.21400,458085230.09862,13.98000,1476503.00000,4.52000,0.00000,0.00000,0.00000
-664628.71794,-890101.03667,253.79300,458085230.14565,14.44000,3398912.00000,5.11000,0.00000,0.00000,0.00000
-663910.68813,-890454.49298,251.09300,458085230.19267,14.73000,1459504.00000,5.36000,0.00000,0.00000,0.00000
-662891.46300,-891153.55078,251.11700,458085230.23970,15.22000,745918.00000,7.91000,0.00000,0.00000,0.00000
-662622.06448,-890992.20691,250.86700,458085230.28672,14.93000,1045927.00000,6.40000,0.00000,0.00000,0.00000
-662603.42209,-890543.13916,251.85700,458085230.33375,14.34000,2376546.00000,4.37000,0.00000,0.00000,0.00000
-661888.27865,-890893.23591,248.01300,458085230.38078,13.77000,2272707.00000,3.51000,0.00000,0.00000,0.00000
-661943.85577,-890359.02767,246.31200,458085230.42780,13.30000,1230792.00000,4.14000,0.00000,0.00000,0.00000
-661556.61762,-890332.91209,249.39100,458085230.47482,12.83000,1645471.00000,2.82000,0.00000,0.00000,0.00000
-661366.28420,-890080.85369,247.02900,458085230.52185,12.58000,3192727.00000,2.87000,0.00000,0.00000,0.00000
-660862.61507,-890188.28632,244.64700,458085230.56887,12.63000,2204190.00000,2.77000,0.00000,0.00000,0.00000
-662727.36332,-887578.43533,271.12600,458085230.61590,12.31000,896102.00000,2.68000,0.00000,0.00000,0.00000
-663984.31225,-885665.81894,253.57300,458085230.66293,11.94000,305395.00000,3.68000,0.00000,0.00000,0.00000
-664365.32486,-884758.26152,258.02100,458085230.70995,11.92000,137769.00000,5.13000,0.00000,0.00000,0.00000
-663555.20299,-885217.42232,254.64900,458085230.75698,11.71000,1840000.00000,3.95000,0.00000,0.00000,0.00000
-663523.50138,-884783.41603,252.77800,458085230.80401,11.79000,1269426.00000,4.85000,0.00000,0.00000,0.00000
-663189.65432,-884696.11391,251.35000,458085230.85103,12.34000,620197.00000,6.62000,0.00000,0.00000,0.00000
-662448.38677,-885076.22194,247.70100,458085230.89806,12.84000,1513900.00000,5.53000,0.00000,0.00000,0.00000
-662326.00441,-884746.29304,247.40900,458085230.94508,12.92000,2767601.00000,5.22000,0.00000,0.00000,0.00000
-662542.63110,-884027.39712,250.63600,458085230.99211,12.90000,782348.00000,4.24000,0.00000,0.00000,0.00000
-660942.39219,-885392.95581,244.71400,458085231.03914,12.74000,2053801.00000,3.78000,0.00000,0.00000,0.00000
-660409.18486,-885534.31445,244.41600,458085231.08616,12.63000,809802.00000,4.45000,0.00000,0.00000,0.00000
-661658.93994,-883630.23525,252.36400,458085231.13319,12.34000,486612.00000,3.83000,0.00000,0.00000,0.00000
-661945.42874,-882831.25496,257.37500,458085231.18021,12.09000,1682845.00000,3.35000,0.00000,0.00000,0.00000
-660473.23584,-884049.84794,254.47600,458085231.22724,12.11000,721198.00000,3.18000,0.00000,0.00000,0.00000
-660368.80228,-883699.32937,257.01800,458085231.27427,12.31000,564911.00000,4.18000,0.00000,0.00000,0.00000
-660480.70450,-883100.64459,255.01000,458085231.32129,12.60000,1198329.00000,3.71000,0.00000,0.00000,0.00000
-660184.22121,-882970.45019,250.98900,458085231.36832,12.87000,3240152.00000,2.31000,0.00000,0.00000,0.00000
-659312.47657,-883500.12978,242.40000,458085231.41535,13.15000,1287508.00000,3.00000,0.00000,0.00000,0.00000
-658263.17150,-884233.44347,237.76800,458085231.46237,13.44000,423362.00000,4.11000,0.00000,0.00000,0.00000
-657939.99439,-884133.83502,236.29200,458085231.50940,13.78000,397175.00000,4.53000,0.00000,0.00000,0.00000
-657779.32125,-883847.84501,235.84100,458085231.55643,14.09000,924813.00000,3.72000,0.00000,0.00000,0.00000
-657477.00433,-883724.30698,235.13600,458085231.60346,14.51000,1244396.00000,3.31000,0.00000,0.00000,0.00000
-658962.61408,-881550.03101,251.32600,458085231.65048,14.77000,4286122.00000,3.70000,0.00000,0.00000,0.00000
-658762.17808,-881309.67743,250.85100,458085231.69751,15.04000,940523.00000,3.73000,0.00000,0.00000,0.00000
-658467.64262,-881177.24635,249.01500,458085231.74454,15.15000,499480.00000,4.07000,0.00000,0.00000,0.00000
-658133.33971,-881090.44023,246.70500,458085231.79156,15.21000,226895.00000,6.03000,0.00000,0.00000,0.00000
-657958.13596,-880821.15299,246.20000,458085231.83859,15.47000,156621.00000,9.67000,0.00000,0.00000,0.00000
-657846.47025,-880478.98400,247.16200,458085231.88562,15.06000,205525.00000,7.52000,0.00000,0.00000,0.00000
-657522.83828,-880379.93029,246.15000,458085231.93264,15.10000,105895.00000,7.39000,0.00000,0.00000,0.00000
-657129.35969,-880360.99022,245.29200,458085231.97967,15.01000,430091.00000,6.27000,0.00000,0.00000,0.00000
-656711.14110,-880370.42563,246.76900,458085232.02670,15.06000,769003.00000,4.43000,0.00000,0.00000,0.00000
-656217.72860,-880466.07402,247.20500,458085232.07373,14.77000,1877147.00000,2.90000,0.00000,0.00000,0.00000
-655750.50613,-880531.66889,247.99700,458085232.12075,14.64000,1702660.00000,2.86000,0.00000,0.00000,0.00000
-655425.42237,-880434.26779,249.39400,458085232.16778,14.59000,1644427.00000,2.71000,0.00000,0.00000,0.00000
-655207.05153,-880214.47134,249.43000,458085232.21481,14.53000,2665137.00000,2.46000,0.00000,0.00000,0.00000
-654982.39220,-880001.92016,248.54900,458085232.26184,14.13000,6243385.00000,2.24000,0.00000,0.00000,0.00000
-651549.32288,-881117.32392,207.77800,458085232.54401,14.41000,6339229.00000,1.98000,0.00000,0.00000,0.00000
-658830.61528,-908435.66447,229.41300,458257882.32038,13.07000,3793968.00000,5.34000,0.00000,0.00000,0.00000
-657303.47749,-908749.00641,222.13500,458257882.46132,11.79000,1076701.00000,4.29000,0.00000,0.00000,0.00000
-656772.39866,-908877.96222,219.57600,458257882.50831,11.34000,325368.00000,4.66000,0.00000,0.00000,0.00000
-656306.88705,-908933.89390,217.80600,458257882.55529,10.81000,442169.00000,3.90000,0.00000,0.00000,0.00000
-655800.93985,-909034.84129,214.96600,458257882.60227,10.05000,640738.00000,4.85000,0.00000,0.00000,0.00000
-655262.93117,-909171.45135,212.98900,458257882.64926,9.67000,379737.00000,4.89000,0.00000,0.00000,0.00000
-654757.47092,-909271.83771,211.75200,458257882.69624,9.05000,427714.00000,4.36000,0.00000,0.00000,0.00000
-654372.80154,-909237.72930,208.57700,458257882.74322,8.23000,645969.00000,3.45000,0.00000,0.00000,0.00000
-654014.26959,-909174.54315,204.66500,458257882.79021,7.42000,851961.00000,2.74000,0.00000,0.00000,0.00000
-653291.79626,-909516.42093,202.11300,458257882.83719,6.62000,2939061.00000,2.41000,0.00000,0.00000,0.00000
-652554.50799,-909874.75335,200.28800,458257882.88418,5.81000,3391111.00000,1.63000,0.00000,0.00000,0.00000
-656728.30325,-904766.90983,190.44900,458257882.93116,5.24000,1788845.00000,1.70000,0.00000,0.00000,0.00000
-656378.69891,-904693.85726,190.55000,458257882.97815,5.03000,1241487.00000,3.11000,0.00000,0.00000,0.00000
-656207.58770,-904422.10636,191.46300,458257883.02513,5.72000,1220219.00000,3.54000,0.00000,0.00000,0.00000
-653291.29191,-907205.84760,185.49800,458257883.07212,7.24000,449565.00000,4.12000,0.00000,0.00000,0.00000
-656724.84474,-902921.97475,196.62300,458257883.11910,8.63000,635776.00000,4.82000,0.00000,0.00000,0.00000
-655253.46790,-904097.54592,191.53700,458257883.16609,10.04000,1474071.00000,4.66000,0.00000,0.00000,0.00000
-654943.80086,-903980.00783,189.76500,458257883.21307,10.98000,3875660.00000,4.70000,0.00000,0.00000,0.00000
-658009.35955,-900105.62759,197.78600,458257883.26006,11.72000,481491.00000,4.86000,0.00000,0.00000,0.00000
-657271.24438,-900465.09557,194.57700,458257883.30704,12.39000,852452.00000,4.58000,0.00000,0.00000,0.00000
-656523.75511,-900834.96568,190.61800,458257883.35403,12.91000,2823890.00000,4.86000,0.00000,0.00000,0.00000
-653781.61758,-903424.80487,186.85100,458257883.40101,13.23000,434530.00000,5.96000,0.00000,0.00000,0.00000
-654170.22261,-902530.14781,187.24100,458257883.44800,13.77000,1576070.00000,10.19000,0.00000,0.00000,0.00000
-653488.26728,-902826.95170,189.22500,458257883.49499,13.92000,1934589.00000,8.28000,0.00000,0.00000,0.00000
-652642.10080,-903306.49387,191.35500,458257883.54197,13.99000,1260348.00000,6.66000,0.00000,0.00000,0.00000
-652257.99266,-903271.80813,192.33600,458257883.58896,13.76000,1530387.00000,5.78000,0.00000,0.00000,0.00000
-652102.69419,-902982.47542,193.23500,458257883.63594,13.28000,1154623.00000,4.84000,0.00000,0.00000,0.00000
-651751.14633,-902911.53115,207.18500,458257883.68293,12.73000,2066093.00000,4.72000,0.00000,0.00000,0.00000
-651563.80403,-902657.87343,209.22000,458257883.72992,12.44000,2125618.00000,4.86000,0.00000,0.00000,0.00000
-651131.36935,-902676.93022,211.60200,458257883.77690,12.27000,2333441.00000,3.97000,0.00000,0.00000,0.00000
-651935.70832,-901319.75911,205.18600,458257883.82389,12.11000,1416388.00000,5.59000,0.00000,0.00000,0.00000
-651752.31326,-901061.71615,206.04600,458257883.87088,11.84000,3157202.00000,4.80000,0.00000,0.00000,0.00000
-651036.83287,-901395.75522,205.90700,458257883.91787,11.88000,232674.00000,6.02000,0.00000,0.00000,0.00000
-650198.05774,-901866.96152,207.30300,458257883.96485,11.95000,389744.00000,4.47000,0.00000,0.00000,0.00000
-651632.67228,-899808.55056,191.25700,458257884.01184,12.23000,473683.00000,5.38000,0.00000,0.00000,0.00000
-651097.67781,-899941.75091,191.27200,458257884.05883,12.77000,1071033.00000,5.44000,0.00000,0.00000,0.00000
-650421.15503,-900232.43937,190.86500,458257884.10581,12.99000,560166.00000,5.11000,0.00000,0.00000,0.00000
-649569.05712,-900718.44315,191.91600,458257884.15280,13.75000,824454.00000,6.62000,0.00000,0.00000,0.00000
-649073.01544,-900808.26625,192.90200,458257884.19979,14.37000,994352.00000,7.07000,0.00000,0.00000,0.00000
-649849.33704,-899482.44699,182.36400,458257884.24677,15.31000,958673.00000,7.94000,0.00000,0.00000,0.00000
-647999.04295,-901078.97302,190.84000,458257884.29376,15.91000,840575.00000,8.24000,0.00000,0.00000,0.00000
-647751.07222,-900892.79067,191.32400,458257884.34075,16.15000,329829.00000,10.73000,0.00000,0.00000,0.00000
-647718.12698,-900467.37232,191.96300,458257884.38773,16.36000,1174360.00000,10.61000,0.00000,0.00000,0.00000
-648740.58465,-898867.80868,187.13400,458257884.43472,16.27000,472593.00000,11.02000,0.00000,0.00000,0.00000
-648598.64843,-898563.66341,188.75800,458257884.48171,16.31000,831272.00000,7.22000,0.00000,0.00000,0.00000
-648235.29741,-898505.88874,188.79200,458257884.52869,16.13000,833541.00000,7.51000,0.00000,0.00000,0.00000
-647628.29693,-898719.13122,188.20000,458257884.57568,16.25000,208800.00000,8.40000,0.00000,0.00000,0.00000
-648060.42978,-897776.34644,186.99700,458257884.62267,16.94000,144054.00000,13.93000,0.00000,0.00000,0.00000
-648236.61113,-897118.33279,187.75300,458257884.66966,16.81000,306552.00000,8.33000,0.00000,0.00000,0.00000
-647864.87682,-897069.87161,187.85300,458257884.71664,16.48000,455227.00000,7.63000,0.00000,0.00000,0.00000
-647659.84088,-896835.97112,187.82300,458257884.76363,16.44000,463889.00000,8.39000,0.00000,0.00000,0.00000
-647603.24930,-896436.92025,188.72700,458257884.81062,16.45000,560534.00000,7.97000,0.00000,0.00000,0.00000
-647221.65239,-896399.42467,189.96400,458257884.85761,16.36000,302126.00000,5.31000,0.00000,0.00000,0.00000
-646770.02590,-896439.82701,190.98800,458257884.90459,16.15000,513908.00000,5.39000,0.00000,0.00000,0.00000
-646367.22644,-896425.90778,191.60600,458257884.95158,16.19000,806405.00000,6.14000,0.00000,0.00000,0.00000
-646034.95425,-896333.53415,192.12800,458257884.99857,16.34000,298980.00000,6.16000,0.00000,0.00000,0.00000
-645803.78233,-896128.68558,192.77700,458257885.04556,16.59000,285893.00000,6.42000,0.00000,0.00000,0.00000
-645552.40220,-895946.34180,192.68400,458257885.09255,16.42000,102648.00000,8.40000,0.00000,0.00000,0.00000
-645397.19236,-895657.01422,193.35700,458257885.13953,16.24000,244083.00000,8.46000,0.00000,0.00000,0.00000
-645078.24128,-895549.81584,193.76900,458257885.18652,16.39000,791025.00000,6.79000,0.00000,0.00000,0.00000
-644698.13992,-895510.64103,193.46600,458257885.23351,16.58000,1529280.00000,7.70000,0.00000,0.00000,0.00000
-644547.87716,-895215.84840,184.14300,458257885.28049,16.54000,310034.00000,7.66000,0.00000,0.00000,0.00000
-644360.62300,-894962.17715,184.79600,458257885.32748,16.65000,361747.00000,11.06000,0.00000,0.00000,0.00000
-643828.61806,-895091.95728,186.14200,458257885.37447,17.04000,298584.00000,9.98000,0.00000,0.00000,0.00000
-644710.65467,-893649.00763,186.65800,458257885.42145,17.15000,498855.00000,9.09000,0.00000,0.00000,0.00000
-646428.60447,-891276.25926,197.08900,458257885.46844,16.09000,979963.00000,7.43000,0.00000,0.00000,0.00000
-646121.02842,-891156.47573,198.18300,458257885.51543,15.09000,4743817.00000,4.05000,0.00000,0.00000,0.00000
-642324.96173,-894916.53398,174.79500,458257885.56242,14.35000,2992288.00000,2.86000,0.00000,0.00000,0.00000
-641862.96700,-894968.39716,169.97300,458257885.60941,13.97000,1415241.00000,3.39000,0.00000,0.00000,0.00000
-641512.45836,-894896.29073,166.72300,458257885.65639,13.77000,714863.00000,3.48000,0.00000,0.00000,0.00000
-640940.46405,-895070.46984,163.03900,458257885.70338,13.61000,973315.00000,3.74000,0.00000,0.00000,0.00000
-640440.48347,-895164.55013,161.03500,458257885.75037,13.82000,668687.00000,6.39000,0.00000,0.00000,0.00000
-640151.63717,-895023.85877,160.00600,458257885.79735,13.71000,277568.00000,7.11000,0.00000,0.00000,0.00000
-639900.28205,-894841.47715,158.94800,458257885.84434,13.66000,825555.00000,9.15000,0.00000,0.00000,0.00000
-639289.81116,-895058.39539,161.09300,458257885.89133,13.63000,1352123.00000,4.49000,0.00000,0.00000,0.00000
-641836.81332,-891764.32594,199.67600,458257885.93831,13.23000,525436.00000,2.41000,0.00000,0.00000,0.00000
-641929.26724,-891199.66065,187.48300,458257885.98530,13.14000,141440.00000,3.36000,0.00000,0.00000,0.00000
-641564.99117,-891142.90694,186.89200,458257886.03229,13.13000,2011385.00000,5.87000,0.00000,0.00000,0.00000
-641312.67556,-890961.64290,188.91500,458257886.07928,13.21000,383049.00000,7.65000,0.00000,0.00000,0.00000
-640934.09378,-890920.78100,187.90000,458257886.12626,13.10000,697073.00000,8.31000,0.00000,0.00000,0.00000
-640617.66693,-890810.81348,188.06600,458257886.17325,12.93000,2060554.00000,6.50000,0.00000,0.00000,0.00000
-639290.05144,-891825.16109,186.43700,458257886.22024,12.92000,2591407.00000,6.26000,0.00000,0.00000,0.00000
-638718.10850,-891999.26373,188.79800,458257886.26722,13.29000,731024.00000,5.19000,0.00000,0.00000,0.00000
-638250.23075,-892057.63359,188.75500,458257886.31421,13.29000,853301.00000,5.01000,0.00000,0.00000,0.00000
-637966.35059,-891911.44753,186.69400,458257886.36120,13.07000,404578.00000,4.31000,0.00000,0.00000,0.00000
-637699.73809,-891746.06829,183.74900,458257886.40818,12.78000,805915.00000,3.23000,0.00000,0.00000,0.00000
-637175.11644,-891867.49709,180.29100,458257886.45517,12.50000,249475.00000,2.81000,0.00000,0.00000,0.00000
-636546.89643,-892104.10697,175.77600,458257886.50216,12.44000,1527036.00000,2.84000,0.00000,0.00000,0.00000
-635956.16331,-892299.02627,173.19700,458257886.54914,12.60000,2482894.00000,2.46000,0.00000,0.00000,0.00000
-635624.91101,-892205.46053,170.71600,458257886.59613,12.64000,699942.00000,2.59000,0.00000,0.00000,0.00000
-636398.89679,-889036.20531,175.38800,458257886.83107,12.94000,337628.00000,3.07000,0.00000,0.00000,0.00000
-636108.63931,-888897.14449,173.77300,458257886.87805,12.87000,463972.00000,4.38000,0.00000,0.00000,0.00000
-635641.76049,-888954.37160,172.83000,458257886.92504,13.35000,872743.00000,6.06000,0.00000,0.00000,0.00000
-635495.55172,-888655.17175,172.77900,458257886.97203,13.88000,1292055.00000,5.66000,0.00000,0.00000,0.00000
-635035.10093,-888705.27374,173.53700,458257887.01901,13.97000,617817.00000,9.30000,0.00000,0.00000,0.00000
-634635.81744,-888687.36035,175.30100,458257887.06600,13.56000,284895.00000,9.48000,0.00000,0.00000,0.00000
-638633.66888,-911236.06156,156.76200,458430537.55861,11.98000,839874.00000,5.35000,0.00000,0.00000,0.00000
-640177.76847,-908207.40658,180.40200,458430537.69943,11.61000,627005.00000,3.95000,0.00000,0.00000,0.00000
-639337.10936,-908660.62499,173.72300,458430537.74638,11.56000,1371755.00000,4.73000,0.00000,0.00000,0.00000
-639040.59532,-908526.57780,172.61200,458430537.79332,11.37000,768047.00000,5.06000,0.00000,0.00000,0.00000
-637669.75690,-909551.87208,165.84700,458430537.84026,10.84000,589772.00000,7.44000,0.00000,0.00000,0.00000
-636916.73687,-909910.42097,165.12300,458430537.88720,10.53000,584453.00000,5.65000,0.00000,0.00000,0.00000
-636494.98505,-908095.34398,170.63200,458430538.12190,9.76000,960575.00000,5.37000,0.00000,0.00000,0.00000
-637064.34019,-907026.97689,187.06300,458430538.16884,8.92000,632309.00000,4.86000,0.00000,0.00000,0.00000
-636502.27093,-907179.47931,186.49200,458430538.21579,8.45000,101000.00000,8.99000,0.00000,0.00000,0.00000
-636128.59877,-907128.66911,187.72700,458430538.26273,7.44000,127631.00000,7.52000,0.00000,0.00000,0.00000
-635977.41355,-906837.79769,190.91100,458430538.30967,6.53000,176998.00000,4.81000,0.00000,0.00000,0.00000
-635925.44741,-906439.88359,193.78100,458430538.35661,6.24000,880659.00000,4.08000,0.00000,0.00000,0.00000
-635769.76616,-906153.88460,194.92500,458430538.40355,6.26000,541887.00000,4.99000,0.00000,0.00000,0.00000
-635743.86796,-905727.85471,195.07700,458430538.45049,5.77000,349626.00000,3.82000,0.00000,0.00000,0.00000
-632337.25508,-905771.47740,138.54000,458430538.82602,7.19000,1474254.00000,2.96000,0.00000,0.00000,0.00000
-632588.04588,-905047.01149,141.91000,458430538.87296,7.63000,386690.00000,4.45000,0.00000,0.00000,0.00000
-632726.06969,-904444.19324,146.86000,458430538.91990,8.82000,290677.00000,6.25000,0.00000,0.00000,0.00000
-632469.18820,-904267.39374,150.34600,458430538.96684,10.04000,764471.00000,7.78000,0.00000,0.00000,0.00000
-632281.96287,-904015.44534,157.02600,458430539.01378,10.40000,1505288.00000,4.65000,0.00000,0.00000,0.00000
-632603.39437,-903214.79845,165.94900,458430539.06072,10.96000,688505.00000,4.49000,0.00000,0.00000,0.00000
-632356.53854,-903027.19439,170.90500,458430539.10766,11.76000,276097.00000,9.93000,0.00000,0.00000,0.00000
-630980.10978,-904058.01934,169.89500,458430539.15461,12.40000,445625.00000,11.11000,0.00000,0.00000,0.00000
-630369.93126,-904262.30097,171.93500,458430539.20155,12.32000,793262.00000,8.78000,0.00000,0.00000,0.00000
-630462.36414,-903708.69582,173.09200,458430539.24849,12.60000,1886451.00000,7.79000,0.00000,0.00000,0.00000
-630527.74721,-903184.30106,172.18000,458430539.29543,12.25000,862186.00000,7.82000,0.00000,0.00000,0.00000
-631733.23135,-901430.16346,178.65600,458430539.34237,11.87000,2531966.00000,5.20000,0.00000,0.00000,0.00000
-629809.06195,-903051.73173,166.92800,458430539.38931,11.72000,2460932.00000,3.58000,0.00000,0.00000,0.00000
-629305.13259,-903141.38711,164.55700,458430539.43625,11.72000,1289151.00000,3.48000,0.00000,0.00000,0.00000
-628894.90887,-903129.94625,160.88000,458430539.48319,11.62000,904238.00000,2.70000,0.00000,0.00000,0.00000
-656188.27081,-879755.36279,245.72300,458651151.77558,15.34000,2348950.00000,5.23000,0.00000,0.00000,1.00000
-655877.98607,-880232.87671,246.49200,458651151.82228,15.60000,640785.00000,7.52000,0.00000,0.00000,1.00000
-656202.60942,-880423.30691,246.88500,458651151.86899,15.84000,185695.00000,9.76000,0.00000,0.00000,1.00000
-657344.13420,-880244.38073,247.98600,458651151.91570,15.91000,112037.00000,8.80000,0.00000,0.00000,1.00000
-657854.75548,-880350.71179,247.55400,458651151.96240,15.95000,124065.00000,9.05000,0.00000,0.00000,1.00000
-658286.44734,-880492.77124,248.50300,458651152.00911,16.09000,347463.00000,7.81000,0.00000,0.00000,1.00000
-658607.73715,-880684.72567,248.37400,458651152.05581,16.40000,1162716.00000,7.44000,0.00000,0.00000,1.00000
-658859.45034,-880908.15521,248.19000,458651152.10252,16.55000,1119912.00000,9.52000,0.00000,0.00000,1.00000
-659064.99145,-881152.46121,249.21000,458651152.14922,16.45000,1905927.00000,7.55000,0.00000,0.00000,1.00000
-659314.69253,-881376.80507,250.26500,458651152.19592,16.18000,4623282.00000,5.29000,0.00000,0.00000,1.00000
-659315.50515,-881713.67614,248.78000,458651152.24263,15.87000,1805943.00000,4.42000,0.00000,0.00000,1.00000
-659694.30389,-881879.65468,256.52100,458651152.28934,15.59000,2222831.00000,4.11000,0.00000,0.00000,1.00000
-659945.33858,-882103.41121,258.62000,458651152.33604,15.13000,725267.00000,4.39000,0.00000,0.00000,1.00000
-660221.11909,-882315.96278,260.81300,458651152.38274,14.79000,1856167.00000,3.61000,0.00000,0.00000,1.00000
-658347.87159,-883500.05201,238.27600,458651152.42945,14.70000,411173.00000,3.07000,0.00000,0.00000,1.00000
-658507.23283,-883765.23602,237.85400,458651152.47615,14.89000,877864.00000,3.71000,0.00000,0.00000,1.00000
-658694.69432,-884017.71518,237.91000,458651152.52286,15.19000,885370.00000,4.79000,0.00000,0.00000,1.00000
-659032.03409,-884202.45019,239.10600,458651152.56956,15.12000,2506127.00000,4.33000,0.00000,0.00000,1.00000
-659407.51507,-884369.95847,242.14000,458651152.61626,14.64000,3854336.00000,2.78000,0.00000,0.00000,1.00000
-657805.76175,-885431.18883,226.96400,458651152.66297,14.22000,1406826.00000,2.70000,0.00000,0.00000,1.00000
-663785.75143,-883065.21914,259.46100,458651152.70967,13.69000,1792403.00000,3.94000,0.00000,0.00000,1.00000
-663814.66802,-883389.42313,257.49800,458651152.75638,13.14000,1379968.00000,2.86000,0.00000,0.00000,1.00000
-638898.07594,-894985.03008,562.44800,458651152.80308,12.62000,3042510.00000,2.67000,0.00000,0.00000,1.00000
-661665.67298,-885035.39339,245.62900,458651152.84978,12.30000,2262661.00000,2.31000,0.00000,0.00000,1.00000
-661230.85710,-885569.18217,240.57800,458651152.89649,12.81000,1073156.00000,3.34000,0.00000,0.00000,1.00000
-662114.89965,-885506.84023,242.74400,458651152.94319,13.82000,756424.00000,3.84000,0.00000,0.00000,1.00000
-663312.75771,-885302.64005,249.26800,458651152.98990,14.07000,1935861.00000,3.83000,0.00000,0.00000,1.00000
-660188.54571,-887051.94897,257.82600,458651153.03660,13.53000,2808608.00000,2.84000,0.00000,0.00000,1.00000
-660517.84427,-887240.35818,261.28900,458651153.08330,12.79000,1243916.00000,2.80000,0.00000,0.00000,1.00000
-660855.83414,-887424.82375,263.36700,458651153.13000,12.27000,3722824.00000,2.56000,0.00000,0.00000,1.00000
-661045.93864,-887676.13566,268.77700,458651153.17671,11.77000,4092892.00000,2.98000,0.00000,0.00000,1.00000
-661277.54865,-887908.70119,268.85600,458651153.22341,11.40000,425336.00000,2.92000,0.00000,0.00000,1.00000
-661684.46798,-888062.02577,268.75100,458651153.27011,11.51000,585507.00000,3.37000,0.00000,0.00000,1.00000
-662298.83541,-888121.62303,268.87300,458651153.31682,11.69000,448904.00000,3.70000,0.00000,0.00000,1.00000
-663083.83580,-888104.10503,270.74300,458651153.36352,12.06000,541672.00000,3.06000,0.00000,0.00000,1.00000
-663714.27642,-888156.44956,271.76300,458651153.41022,12.54000,3288445.00000,2.99000,0.00000,0.00000,1.00000
-662394.16985,-889090.24839,247.57200,458651153.45693,12.61000,1066502.00000,4.44000,0.00000,0.00000,1.00000
-661935.18161,-889634.89133,244.41400,458651153.50363,12.59000,305089.00000,5.40000,0.00000,0.00000,1.00000
-661917.84984,-889979.94525,240.64900,458651153.55033,12.25000,1762226.00000,2.78000,0.00000,0.00000,1.00000
-663301.17536,-889692.10691,238.70500,458651153.59703,12.50000,863254.00000,2.14000,0.00000,0.00000,1.00000
-661252.73427,-890954.90363,257.42000,458651153.64374,12.70000,911102.00000,2.98000,0.00000,0.00000,1.00000
-661339.78766,-891252.80069,256.61200,458651153.69044,12.93000,1899129.00000,3.35000,0.00000,0.00000,1.00000
-661197.28779,-891654.38862,254.57100,458651153.73714,13.31000,1080063.00000,4.22000,0.00000,0.00000,1.00000
-661688.53554,-891769.65671,247.69900,458651153.78385,13.71000,972784.00000,4.87000,0.00000,0.00000,1.00000
-662763.34521,-891621.29505,250.64000,458651153.83055,14.15000,913702.00000,10.81000,0.00000,0.00000,1.00000
-662671.02424,-892000.21661,252.14700,458651153.87725,13.85000,262948.00000,8.71000,0.00000,0.00000,1.00000
-663283.40335,-892060.78281,254.73000,458651153.92395,13.01000,1270312.00000,8.20000,0.00000,0.00000,1.00000
-662564.66846,-892722.70345,262.32900,458651153.97065,12.34000,3721058.00000,3.62000,0.00000,0.00000,1.00000
-663065.94871,-892833.47272,265.14000,458651154.01736,12.27000,688516.00000,3.73000,0.00000,0.00000,1.00000
-663398.58121,-893020.42840,267.73000,458651154.06406,12.26000,257410.00000,3.44000,0.00000,0.00000,1.00000
-661331.34519,-894291.45443,245.01700,458651154.11076,12.11000,1004502.00000,2.77000,0.00000,0.00000,1.00000
-662799.72561,-894639.81562,258.55200,458651154.25087,12.21000,1646531.00000,2.43000,0.00000,0.00000,1.00000
-667230.58122,-892975.51326,222.90900,458651154.29757,12.19000,798233.00000,3.74000,0.00000,0.00000,1.00000
-662872.06264,-895281.57080,229.32700,458651154.34427,12.37000,4089298.00000,1.87000,0.00000,0.00000,1.00000
-662946.35293,-895585.21532,228.24200,458651154.39097,12.87000,1852779.00000,2.74000,0.00000,0.00000,1.00000
-667393.21515,-893913.81107,233.97600,458651154.43767,13.71000,713904.00000,3.62000,0.00000,0.00000,1.00000
-666813.66378,-896199.08479,228.84200,458651154.71788,13.16000,2193504.00000,3.32000,0.00000,0.00000,1.00000
-666633.59646,-896617.63634,229.28100,458651154.76458,13.12000,2534498.00000,4.25000,0.00000,0.00000,1.00000
-666780.85251,-896888.38118,229.75700,458651154.81128,13.40000,407221.00000,6.60000,0.00000,0.00000,1.00000
-666549.24373,-897330.20369,229.23700,458651154.85798,13.70000,454284.00000,5.69000,0.00000,0.00000,1.00000
-666852.43369,-897530.51011,232.04800,458651154.90468,13.73000,291895.00000,6.44000,0.00000,0.00000,1.00000
-667134.87520,-897740.19078,234.40500,458651154.95138,13.88000,1834740.00000,4.75000,0.00000,0.00000,1.00000
-667006.33318,-898135.46879,235.54600,458651154.99808,13.76000,1798961.00000,4.22000,0.00000,0.00000,1.00000
-663005.60892,-900279.18397,257.12300,458651155.04478,13.48000,336249.00000,3.47000,0.00000,0.00000,1.00000
-666926.59056,-898845.93225,245.19600,458651155.09148,13.63000,1325991.00000,3.52000,0.00000,0.00000,1.00000
-666574.46932,-899342.15286,248.59400,458651155.13818,14.10000,1510876.00000,3.53000,0.00000,0.00000,1.00000
-666171.48143,-899861.32877,248.83300,458651155.18488,14.88000,602876.00000,5.68000,0.00000,0.00000,1.00000
-641409.42162,-885685.55780,233.22400,458823804.73182,11.89000,1266408.00000,2.89000,0.00000,0.00000,1.00000
-641506.06257,-885978.20265,231.09000,458823804.77846,12.36000,686294.00000,3.86000,0.00000,0.00000,1.00000
-641554.93419,-886291.59574,229.98300,458823804.82511,12.68000,311198.00000,4.54000,0.00000,0.00000,1.00000
-641621.29388,-886597.39129,228.77100,458823804.87176,12.76000,542499.00000,4.61000,0.00000,0.00000,1.00000
-641734.74781,-886882.74113,227.73700,458823804.91840,12.68000,801393.00000,4.70000,0.00000,0.00000,1.00000
-642111.29849,-887053.90785,227.59600,458823804.96505,12.38000,238050.00000,4.59000,0.00000,0.00000,1.00000
-642475.06305,-887230.62604,229.17400,458823805.01170,12.10000,148092.00000,4.11000,0.00000,0.00000,1.00000
-642614.08779,-887504.89928,230.34400,458823805.05835,12.18000,419520.00000,4.75000,0.00000,0.00000,1.00000
-642690.53508,-887806.32611,228.37400,458823805.10499,12.14000,260363.00000,3.70000,0.00000,0.00000,1.00000
-642695.66244,-888138.70732,223.67800,458823805.15164,12.07000,1111225.00000,2.47000,0.00000,0.00000,1.00000
-642498.93109,-888558.69401,209.60500,458823805.19829,12.18000,1079159.00000,1.89000,0.00000,0.00000,1.00000
-642510.09863,-888888.44747,203.59200,458823805.24493,12.62000,2530505.00000,1.93000,0.00000,0.00000,1.00000
-642642.39443,-889165.63552,196.40600,458823805.29158,13.39000,3383365.00000,2.65000,0.00000,0.00000,1.00000
-642676.44161,-889485.46899,191.47400,458823805.33823,14.13000,3256525.00000,3.38000,0.00000,0.00000,1.00000
-642654.61395,-889829.53596,189.49800,458823805.38487,14.66000,1915459.00000,4.09000,0.00000,0.00000,1.00000
-642393.87900,-890277.26666,188.53100,458823805.43152,14.93000,1429745.00000,5.11000,0.00000,0.00000,1.00000
-642022.10487,-890773.18421,189.37300,458823805.47817,14.72000,565323.00000,4.86000,0.00000,0.00000,1.00000
-642278.20489,-890996.66172,187.86400,458823805.52482,14.53000,2722971.00000,3.34000,0.00000,0.00000,1.00000
-644524.29271,-890356.68536,190.97400,458823805.57147,13.96000,888027.00000,3.11000,0.00000,0.00000,1.00000
-645102.06592,-890440.60300,197.77400,458823805.61811,13.51000,591739.00000,2.62000,0.00000,0.00000,1.00000
-643392.39079,-891517.05334,211.15400,458823805.66476,13.65000,809675.00000,3.15000,0.00000,0.00000,1.00000
-643581.86213,-891769.45286,211.63400,458823805.71141,13.30000,1189972.00000,3.46000,0.00000,0.00000,1.00000
-643755.85720,-892028.56814,208.96500,458823805.75806,12.45000,2572668.00000,2.52000,0.00000,0.00000,1.00000
-646027.61564,-891377.52457,192.82600,458823805.80471,12.55000,1129652.00000,2.16000,0.00000,0.00000,1.00000
-644507.00403,-892371.91299,192.80000,458823805.85135,13.41000,2838592.00000,3.15000,0.00000,0.00000,1.00000
-644570.63679,-892678.92337,188.81700,458823805.89800,14.39000,2164694.00000,4.57000,0.00000,0.00000,1.00000
-644704.92877,-892955.27889,187.28400,458823805.94465,15.10000,1584100.00000,5.71000,0.00000,0.00000,1.00000
-645334.56354,-893016.73933,184.34200,458823805.99130,15.39000,3288850.00000,4.79000,0.00000,0.00000,1.00000
-644885.33201,-893546.25103,186.96800,458823806.03795,15.54000,958221.00000,7.99000,0.00000,0.00000,1.00000
-644838.57634,-893901.15827,185.57900,458823806.08459,15.61000,938649.00000,6.87000,0.00000,0.00000,1.00000
-644432.40873,-894411.95778,183.87700,458823806.13124,15.88000,315356.00000,6.76000,0.00000,0.00000,1.00000
-644210.64932,-894842.76637,183.95100,458823806.17789,15.77000,227607.00000,8.44000,0.00000,0.00000,1.00000
-644385.29548,-895101.61524,188.85900,458823806.22454,14.54000,773885.00000,3.71000,0.00000,0.00000,1.00000
-644025.55547,-895592.26416,192.70000,458823806.27119,14.99000,285951.00000,6.03000,0.00000,0.00000,1.00000
-644029.24929,-895925.26463,194.02000,458823806.31783,15.57000,299825.00000,6.12000,0.00000,0.00000,1.00000
-644087.45855,-896234.61982,194.32000,458823806.36448,15.75000,209970.00000,7.59000,0.00000,0.00000,1.00000
-644151.04762,-896541.64143,193.87700,458823806.41113,15.66000,432597.00000,7.36000,0.00000,0.00000,1.00000
-644276.55702,-896821.80969,193.75200,458823806.45778,15.63000,241648.00000,7.74000,0.00000,0.00000,1.00000
-644323.98460,-897135.83203,193.06400,458823806.50442,15.66000,275382.00000,6.70000,0.00000,0.00000,1.00000
-644499.96819,-897394.10834,192.21400,458823806.55107,15.95000,142742.00000,8.65000,0.00000,0.00000,1.00000
-644609.31995,-897681.28677,191.01300,458823806.59772,16.04000,273451.00000,7.46000,0.00000,0.00000,1.00000
-643859.13722,-898341.19893,189.96500,458823806.64437,16.34000,171056.00000,9.48000,0.00000,0.00000,1.00000
-643626.55448,-898776.65223,190.12100,458823806.69101,16.63000,77320.00000,12.91000,0.00000,0.00000,1.00000
-643554.15118,-899142.62673,190.34400,458823806.73766,16.41000,114279.00000,11.70000,0.00000,0.00000,1.00000
-643367.99597,-899557.93175,191.03200,458823806.78431,16.12000,96902.00000,10.01000,0.00000,0.00000,1.00000
-643908.10180,-899658.30926,188.93100,458823806.83096,16.56000,176710.00000,16.29000,0.00000,0.00000,1.00000
-644351.28980,-899800.72425,188.55900,458823806.87760,16.15000,138427.00000,13.27000,0.00000,0.00000,1.00000
-643823.19114,-900364.29145,192.15000,458823806.92425,15.62000,129385.00000,10.54000,0.00000,0.00000,1.00000
-644244.17055,-900516.35245,191.91900,458823806.97090,15.53000,281380.00000,13.24000,0.00000,0.00000,1.00000
-644317.14669,-900819.28987,193.15400,458823807.01754,15.04000,285838.00000,10.71000,0.00000,0.00000,1.00000
-644874.08661,-900912.39164,191.53500,458823807.06419,14.70000,259909.00000,6.15000,0.00000,0.00000,1.00000
-645135.53232,-901133.62001,191.69300,458823807.11084,14.12000,344076.00000,5.06000,0.00000,0.00000,1.00000
-645621.13723,-901257.67275,193.46400,458823807.15748,13.09000,1333296.00000,3.88000,0.00000,0.00000,1.00000
-645734.49611,-901543.10842,197.05200,458823807.20413,13.22000,569715.00000,3.33000,0.00000,0.00000,1.00000
-646176.34299,-901686.13897,197.12400,458823807.25077,13.45000,1544274.00000,2.48000,0.00000,0.00000,1.00000
-646720.50082,-901784.80814,195.27800,458823807.29742,13.30000,472803.00000,2.84000,0.00000,0.00000,1.00000
-646909.92825,-902037.28994,196.84700,458823807.34407,12.54000,573621.00000,3.07000,0.00000,0.00000,1.00000
-647488.42330,-902121.08443,197.84800,458823807.39071,12.89000,391295.00000,7.01000,0.00000,0.00000,1.00000
-648065.57129,-902205.46394,199.36500,458823807.43735,13.62000,250057.00000,7.78000,0.00000,0.00000,1.00000
-648665.61358,-902279.93427,201.88700,458823807.48400,13.33000,388213.00000,3.95000,0.00000,0.00000,1.00000
-648562.23539,-902659.35977,192.55400,458823807.53065,13.03000,1926544.00000,3.27000,0.00000,0.00000,1.00000
-649105.73944,-902758.33365,191.36400,458823807.57729,12.67000,1611318.00000,2.72000,0.00000,0.00000,1.00000
-649846.51104,-902771.81630,187.93900,458823807.62394,12.47000,387906.00000,2.59000,0.00000,0.00000,1.00000
-648004.96851,-903904.74505,177.58500,458823807.67058,12.23000,1123872.00000,2.59000,0.00000,0.00000,1.00000
-647653.13184,-904391.84211,173.26300,458823807.71722,12.28000,1929813.00000,2.95000,0.00000,0.00000,1.00000
-647658.76487,-904724.00314,170.93300,458823807.76387,12.39000,1471913.00000,3.75000,0.00000,0.00000,1.00000
-646795.26973,-905432.84629,172.98500,458823807.81051,12.27000,1354125.00000,3.44000,0.00000,0.00000,1.00000
-645698.87383,-906242.62667,184.39700,458823807.85716,11.91000,970700.00000,2.66000,0.00000,0.00000,1.00000
-645823.63597,-906523.11581,185.06500,458823807.90380,11.63000,691122.00000,5.42000,0.00000,0.00000,1.00000
-649844.88914,-905114.82028,207.75400,458823807.95045,11.28000,512232.00000,2.70000,0.00000,0.00000,1.00000
-649469.50126,-905612.14409,207.35100,458823807.99709,11.05000,1220623.00000,3.21000,0.00000,0.00000,1.00000
-649440.11843,-905959.47280,206.13500,458823808.04374,10.75000,6893769.00000,2.70000,0.00000,0.00000,1.00000
-649127.32554,-906429.65560,203.46800,458823808.09039,10.26000,1198160.00000,4.58000,0.00000,0.00000,1.00000
-648702.76422,-906948.25241,202.03900,458823808.13703,9.74000,799916.00000,4.25000,0.00000,0.00000,1.00000
-651841.57396,-905922.48845,186.03800,458823808.18367,9.64000,1750729.00000,2.53000,0.00000,0.00000,1.00000
-652109.10867,-906141.16422,182.34100,458823808.23032,10.07000,780987.00000,3.52000,0.00000,0.00000,1.00000
-652114.73640,-906473.33806,178.89100,458823808.27696,9.80000,993347.00000,3.77000,0.00000,0.00000,1.00000
-652012.65058,-906852.21882,175.84000,458823808.32361,9.16000,965079.00000,4.33000,0.00000,0.00000,1.00000
-651803.49463,-907277.48477,175.72800,458823808.37025,8.37000,630370.00000,3.30000,0.00000,0.00000,1.00000
-652037.99982,-907510.46129,177.31300,458823808.41689,7.26000,692808.00000,3.32000,0.00000,0.00000,1.00000
-650819.30433,-908373.20577,374.90700,458823808.46354,-6.08000,3348432.00000,4.75000,0.00000,0.00000,1.00000
-650421.08780,-908880.36202,378.76400,458823808.51018,-5.51000,3499246.00000,17.69000,0.00000,0.00000,1.00000
-651213.52894,-908871.58591,381.75700,458823808.55683,-5.09000,2272340.00000,18.58000,0.00000,0.00000,1.00000
-651143.09516,-909236.70919,385.34800,458823808.60347,-5.09000,3732551.00000,13.81000,0.00000,0.00000,1.00000
-650656.69228,-909782.05033,386.92800,458823808.65011,-5.30000,2731122.00000,17.21000,0.00000,0.00000,1.00000
-651580.37029,-909716.40827,391.34100,458823808.69675,-5.07000,3712675.00000,14.87000,0.00000,0.00000,1.00000
-651533.48022,-910071.31579,395.71600,458823808.74339,-5.23000,3169586.00000,11.63000,0.00000,0.00000,1.00000
-652525.69286,-909975.99326,203.71100,458823808.79004,8.52000,171581.00000,7.37000,0.00000,0.00000,1.00000
-652704.97012,-910232.91054,206.49300,458823808.83668,10.94000,275466.00000,7.37000,0.00000,0.00000,1.00000
-628820.77811,-896850.98781,152.08700,458996458.54732,13.65000,427885.00000,3.49000,0.00000,0.00000,1.00000
-628367.48136,-897703.78153,144.82400,458996458.64050,13.31000,420478.00000,2.96000,0.00000,0.00000,1.00000
-628452.77208,-898000.40435,143.02300,458996458.68709,12.99000,406536.00000,4.10000,0.00000,0.00000,1.00000
-629304.74763,-897978.11028,147.06000,458996458.73368,12.55000,1156373.00000,2.24000,0.00000,0.00000,1.00000
-630398.96372,-897855.04296,155.25000,458996458.78027,12.28000,2097258.00000,1.80000,0.00000,0.00000,1.00000
-630746.08318,-899703.36358,198.87100,458996459.05981,10.86000,223834.00000,3.11000,0.00000,0.00000,1.00000
-630790.76257,-900016.89802,198.47800,458996459.10640,10.81000,202415.00000,3.03000,0.00000,0.00000,1.00000
-630884.89578,-900974.09045,187.50400,458996459.24617,11.34000,366210.00000,3.39000,0.00000,0.00000,1.00000
-631029.72534,-901245.97303,184.95500,458996459.29276,11.70000,364425.00000,4.31000,0.00000,0.00000,1.00000
-632246.50164,-901072.04472,177.22200,458996459.33935,12.21000,1409265.00000,3.55000,0.00000,0.00000,1.00000
-631700.39841,-901631.28190,172.90400,458996459.38594,12.75000,2112828.00000,3.59000,0.00000,0.00000,1.00000
-631835.07263,-901907.38229,169.73300,458996459.43252,13.56000,2560241.00000,6.59000,0.00000,0.00000,1.00000
-631350.51994,-902440.99628,168.22600,458996459.47911,13.66000,4389788.00000,6.93000,0.00000,0.00000,1.00000
-630750.22663,-903022.72132,171.36800,458996459.52570,13.31000,1097774.00000,6.21000,0.00000,0.00000,1.00000
-630238.58718,-903567.56743,172.42800,458996459.57229,12.63000,1318665.00000,6.99000,0.00000,0.00000,1.00000
-629993.58380,-904001.54351,172.48900,458996459.61888,11.95000,728463.00000,5.63000,0.00000,0.00000,1.00000
-629913.01667,-904367.12583,172.95400,458996459.66547,11.64000,1005991.00000,3.25000,0.00000,0.00000,1.00000
-629921.78202,-904695.57450,174.45200,458996459.71206,11.30000,1815115.00000,2.49000,0.00000,0.00000,1.00000
-632896.88664,-903790.66558,151.72500,458996459.75865,10.78000,1736505.00000,2.46000,0.00000,0.00000,1.00000
-632270.17609,-904383.38098,145.79000,458996459.80524,10.51000,1797004.00000,2.03000,0.00000,0.00000,1.00000
-629970.38500,-905671.63689,158.32700,458996459.85183,10.61000,4115721.00000,3.09000,0.00000,0.00000,1.00000
-635779.57291,-905581.29778,194.70100,458996460.17795,5.81000,767953.00000,3.40000,0.00000,0.00000,1.00000
-635709.83058,-905942.43904,194.71300,458996460.22454,6.32000,465462.00000,4.11000,0.00000,0.00000,1.00000
-633803.66338,-908063.37496,230.58900,458996460.41089,8.84000,2642.00000,5.61000,0.00000,0.00000,1.00000
-635994.64182,-907484.75340,184.07700,458996460.45748,7.89000,2901578.00000,2.08000,0.00000,0.00000,1.00000
-635521.49336,-908013.57238,181.76200,458996460.50407,7.86000,2204029.00000,2.13000,0.00000,0.00000,1.00000
-637593.33824,-907484.46666,175.35200,458996460.55066,8.39000,580522.00000,2.56000,0.00000,0.00000,1.00000
-635658.17454,-908621.02861,167.53200,458996460.59725,8.79000,1878981.00000,3.08000,0.00000,0.00000,1.00000
-634854.70168,-909287.12215,161.70200,458996460.64384,9.04000,2405544.00000,4.51000,0.00000,0.00000,1.00000
-634533.78518,-909752.62664,165.61300,458996460.69043,8.56000,412646.00000,5.38000,0.00000,0.00000,1.00000
-639583.51795,-910311.03012,167.64300,458996461.06314,11.68000,1850954.00000,3.69000,0.00000,0.00000,1.00000
-639050.05950,-910864.90653,161.90400,458996461.10973,11.74000,780710.00000,3.67000,0.00000,0.00000,1.00000
