-664900.62451,-903549.13789,254.10200,360309778.14141,9.90000,599537.00000,3.08000,0.00000,0.00000,0.00000
-665039.50713,-902935.53988,256.31300,360309778.18753,9.42000,962260.00000,3.36000,0.00000,0.00000,0.00000
-664817.61808,-902727.39210,257.14100,360309778.23365,9.20000,2243944.00000,3.20000,0.00000,0.00000,0.00000
-664352.95290,-902792.07398,260.14400,360309778.27978,9.02000,995104.00000,3.44000,0.00000,0.00000,0.00000
-663972.45145,-902762.18916,260.06400,360309778.32590,8.81000,434564.00000,3.87000,0.00000,0.00000,0.00000
-663513.59333,-902820.32784,260.34500,360309778.37203,8.84000,395640.00000,5.56000,0.00000,0.00000,0.00000
-663009.76027,-902929.00058,259.47600,360309778.41815,9.34000,72023.00000,7.67000,0.00000,0.00000,0.00000
-662587.17861,-902946.37325,259.43400,360309778.46427,9.29000,200609.00000,10.08000,0.00000,0.00000,0.00000
-662390.93710,-902709.40510,260.07900,360309778.51040,8.66000,281326.00000,6.24000,0.00000,0.00000,0.00000
-662216.94135,-902447.43642,260.84900,360309778.55652,8.65000,436086.00000,5.81000,0.00000,0.00000,0.00000
-662174.50459,-902037.66528,261.40400,360309778.60265,8.38000,171854.00000,6.53000,0.00000,0.00000,0.00000
-662219.60300,-901529.52546,261.50200,360309778.64877,8.24000,450089.00000,5.74000,0.00000,0.00000,0.00000
-661514.09964,-901864.77772,254.22100,360309778.69489,8.15000,1971947.00000,5.34000,0.00000,0.00000,0.00000
-662046.23745,-900809.41789,255.87000,360309778.74102,7.77000,2424464.00000,4.77000,0.00000,0.00000,0.00000
-661966.57291,-900441.49624,256.26600,360309778.78714,7.35000,530101.00000,4.49000,0.00000,0.00000,0.00000
-661839.99607,-900126.27116,253.57300,360309778.83327,6.70000,983483.00000,4.05000,0.00000,0.00000,0.00000
-661821.27932,-899689.87313,251.77200,360309778.87939,6.31000,2136694.00000,3.11000,0.00000,0.00000,0.00000
-661392.93197,-899713.74674,245.51400,360309778.92551,6.22000,3900483.00000,2.15000,0.00000,0.00000,0.00000
-660345.96925,-900432.61652,227.42400,360309778.97164,6.30000,639041.00000,2.07000,0.00000,0.00000,0.00000
-659903.56527,-900472.23776,219.36100,360309779.01776,6.69000,4743650.00000,2.04000,0.00000,0.00000,0.00000
-659400.69234,-900579.78111,209.45100,360309779.06389,7.64000,4021834.00000,2.65000,0.00000,0.00000,0.00000
-660080.46300,-899358.68174,207.04000,360309779.11001,8.83000,1747180.00000,3.18000,0.00000,0.00000,0.00000
-659768.66375,-899251.58180,202.44500,360309779.15613,9.65000,2620929.00000,2.84000,0.00000,0.00000,0.00000
-659736.92824,-898829.85728,202.14800,360309779.20226,10.01000,2781514.00000,2.15000,0.00000,0.00000,0.00000
-657282.71218,-901129.49287,187.14800,360309779.24838,10.35000,762730.00000,1.87000,0.00000,0.00000,0.00000
-656852.85486,-901154.96317,184.69100,360309779.29451,10.61000,1047161.00000,1.96000,0.00000,0.00000,0.00000
-656318.01397,-901298.33076,183.56500,360309779.34063,10.73000,3729546.00000,1.83000,0.00000,0.00000,0.00000
-655806.88301,-901415.06855,184.25700,360309779.38676,10.90000,4149140.00000,1.72000,0.00000,0.00000,0.00000
-656459.70387,-900224.40782,190.92200,360309779.43288,10.89000,2338716.00000,2.09000,0.00000,0.00000,0.00000
-656000.34458,-900282.99183,191.14300,360309779.47901,10.95000,1439740.00000,3.19000,0.00000,0.00000,0.00000
-655656.12842,-900212.25289,192.78700,360309779.52513,11.05000,304903.00000,4.21000,0.00000,0.00000,0.00000
-655475.42045,-899957.85417,194.06700,360309779.57126,11.27000,640770.00000,5.52000,0.00000,0.00000,0.00000
-655578.19096,-899385.05086,194.59100,360309779.61738,11.72000,193573.00000,8.39000,0.00000,0.00000,0.00000
-654521.88584,-900114.08702,200.96900,360309779.66351,11.55000,215779.00000,5.44000,0.00000,0.00000,0.00000
-653999.17227,-900243.80854,205.96300,360309779.70963,11.37000,2952746.00000,3.43000,0.00000,0.00000,0.00000
-654859.00005,-898820.75383,183.91800,360309779.75576,11.58000,605309.00000,3.16000,0.00000,0.00000,0.00000
-654300.47283,-898990.68724,186.30400,360309779.80189,11.83000,1204548.00000,3.49000,0.00000,0.00000,0.00000
-654045.77065,-898819.42353,188.06700,360309779.84801,12.31000,994534.00000,5.79000,0.00000,0.00000,0.00000
-653855.88149,-898575.33378,189.41300,360309779.89414,12.66000,711096.00000,6.24000,0.00000,0.00000,0.00000
-653750.65814,-898236.17312,189.88400,360309779.94026,12.84000,688234.00000,5.34000,0.00000,0.00000,0.00000
-654128.23194,-897354.80157,182.67300,360309779.98639,12.90000,1501016.00000,4.57000,0.00000,0.00000,0.00000
-653456.51672,-897651.85856,186.76800,360309780.03252,12.93000,2542750.00000,6.54000,0.00000,0.00000,0.00000
-653808.94236,-896798.74222,181.35700,360309780.07865,12.88000,4182804.00000,5.42000,0.00000,0.00000,0.00000
-653256.23381,-896962.14952,180.32200,360309780.12477,12.82000,847610.00000,6.43000,0.00000,0.00000,0.00000
-653529.82124,-896197.59537,178.91200,360309780.17090,12.63000,2336878.00000,6.14000,0.00000,0.00000,0.00000
-653023.55788,-896308.82471,181.16900,360309780.21703,12.59000,2441938.00000,5.51000,0.00000,0.00000,0.00000
-652994.30899,-895884.37819,182.44600,360309780.26315,12.84000,467199.00000,7.58000,0.00000,0.00000,0.00000
-653549.94225,-894803.10514,181.69500,360309780.30928,13.34000,1130983.00000,6.14000,0.00000,0.00000,0.00000
-653034.00809,-894925.20057,180.69600,360309780.35541,13.71000,2050846.00000,5.85000,0.00000,0.00000,0.00000
-652937.52112,-894576.28054,180.67900,360309780.40154,13.92000,2646061.00000,6.19000,0.00000,0.00000,0.00000
-652994.39117,-894055.14526,184.27900,360309780.44767,14.07000,421819.00000,6.31000,0.00000,0.00000,0.00000
-652668.10653,-893964.27135,183.77100,360309780.49379,14.27000,328885.00000,7.51000,0.00000,0.00000,0.00000
-652181.20279,-894053.74780,183.04800,360309780.53992,14.68000,154983.00000,10.13000,0.00000,0.00000,0.00000
-651943.45459,-893863.45516,182.97700,360309780.58605,14.94000,119471.00000,11.10000,0.00000,0.00000,0.00000
-651810.19790,-893555.80808,183.24400,360309780.63218,15.01000,60620.00000,11.81000,0.00000,0.00000,0.00000
-651854.01796,-893049.34506,183.15600,360309780.67831,15.07000,124210.00000,13.86000,0.00000,0.00000,0.00000
-651920.58215,-892517.36242,183.50500,360309780.72444,15.25000,230546.00000,13.16000,0.00000,0.00000,0.00000
-651748.15272,-892253.72789,183.96200,360309780.77057,14.85000,512927.00000,8.95000,0.00000,0.00000,0.00000
-651322.70386,-892274.20074,184.33800,360309780.81670,14.15000,437486.00000,7.06000,0.00000,0.00000,0.00000
-650657.29298,-892564.10265,183.84100,360309780.86283,13.83000,671365.00000,6.81000,0.00000,0.00000,0.00000
-650045.57310,-892793.68919,183.39800,360309780.90895,13.94000,271752.00000,6.19000,0.00000,0.00000,0.00000
-649460.47137,-892993.40316,183.23600,360309780.95508,13.80000,139164.00000,5.88000,0.00000,0.00000,0.00000
-648886.97030,-893180.06427,183.10400,360309781.00121,13.60000,143965.00000,4.81000,0.00000,0.00000,0.00000
-648269.43878,-893416.14894,183.83400,360309781.04734,13.49000,299286.00000,4.74000,0.00000,0.00000,0.00000
-650856.66419,-890054.22881,203.47600,360309781.09347,13.40000,2120820.00000,4.42000,0.00000,0.00000,0.00000
-651604.87643,-888756.97727,212.75000,360309781.13959,13.17000,489041.00000,4.74000,0.00000,0.00000,0.00000
-649768.76564,-890361.28977,202.79500,360309781.18572,12.95000,263975.00000,5.30000,0.00000,0.00000,0.00000
-649628.78990,-890061.28161,202.35400,360309781.23185,12.45000,401204.00000,4.02000,0.00000,0.00000,0.00000
-649360.59974,-889905.19175,201.55200,360309781.27798,12.24000,422830.00000,2.59000,0.00000,0.00000,0.00000
-647543.24386,-891488.24524,193.70200,360309781.32411,12.20000,4139882.00000,1.92000,0.00000,0.00000,0.00000
-649622.94693,-888696.35617,224.16600,360309781.37023,12.27000,636131.00000,2.40000,0.00000,0.00000,0.00000
-649212.06371,-888700.50127,222.51300,360309781.41636,12.17000,280389.00000,2.72000,0.00000,0.00000,0.00000
-648788.11179,-888719.29394,219.58400,360309781.46249,12.10000,456724.00000,3.16000,0.00000,0.00000,0.00000
-648290.62639,-888820.63695,215.12300,360309781.50862,12.00000,416481.00000,3.97000,0.00000,0.00000,0.00000
-647752.49802,-888967.59757,211.29100,360309781.55475,12.12000,509392.00000,4.23000,0.00000,0.00000,0.00000
-646977.77273,-889380.11981,206.59300,360309781.60087,12.37000,438543.00000,5.42000,0.00000,0.00000,0.00000
-645869.18827,-890167.36554,205.72400,360309781.64700,12.55000,1122246.00000,4.98000,0.00000,0.00000,0.00000
-646892.84521,-888561.21146,194.59900,360309781.69313,12.62000,855520.00000,5.70000,0.00000,0.00000,0.00000
-646526.94616,-888514.81674,190.83300,360309781.73926,12.81000,813949.00000,5.89000,0.00000,0.00000,0.00000
-646287.32895,-888326.67111,187.73300,360309781.78539,13.79000,227324.00000,6.81000,0.00000,0.00000,0.00000
-646049.16527,-888136.89331,185.46600,360309781.83151,14.92000,826791.00000,9.01000,0.00000,0.00000,0.00000
-645685.20797,-888088.32353,185.85700,360309781.87764,15.37000,249046.00000,11.05000,0.00000,0.00000,0.00000
-645854.44828,-887441.27829,187.56800,360309781.92377,14.95000,262098.00000,9.35000,0.00000,0.00000,0.00000
-645735.31227,-887117.90341,190.13300,360309781.96990,13.88000,726672.00000,4.76000,0.00000,0.00000,0.00000
-645405.72000,-887030.77983,193.14900,360309782.01602,13.24000,9631666.00000,2.66000,0.00000,0.00000,0.00000
-645017.57857,-887009.34252,183.75800,360309782.06215,12.47000,6292839.00000,2.08000,0.00000,0.00000,0.00000
-645224.57438,-886319.96874,194.22900,360309782.10828,11.73000,5816397.00000,1.42000,0.00000,0.00000,0.00000
-644158.09021,-887059.87213,226.75200,360309782.15440,11.30000,681818.00000,1.88000,0.00000,0.00000,0.00000
-643747.70810,-887063.39972,230.81900,360309782.20053,11.31000,259348.00000,3.16000,0.00000,0.00000,0.00000
-643446.67194,-886944.20278,230.84700,360309782.24666,11.79000,370678.00000,5.55000,0.00000,0.00000,0.00000
-643289.33654,-886663.73980,229.42600,360309782.29279,12.34000,129032.00000,7.51000,0.00000,0.00000,0.00000
-643859.20760,-885567.15809,229.44800,360309782.33891,12.99000,144328.00000,11.51000,0.00000,0.00000,0.00000
-643845.09952,-885125.98188,229.93500,360309782.38504,12.49000,2337270.00000,4.77000,0.00000,0.00000,0.00000
-643933.06436,-884570.23541,235.77000,360309782.43117,12.22000,1087993.00000,4.17000,0.00000,0.00000,0.00000
-643519.80701,-884577.02349,234.75400,360309782.47729,12.03000,1069464.00000,3.35000,0.00000,0.00000,0.00000
-642794.95212,-884933.46548,232.12500,360309782.52342,11.64000,1896688.00000,3.35000,0.00000,0.00000,0.00000
-649846.79002,-909024.95217,201.00100,360482432.21896,3.38000,477243.00000,2.75000,0.00000,0.00000,0.00000
-649679.39453,-908757.86552,204.37300,360482432.26505,3.90000,537253.00000,2.29000,0.00000,0.00000,0.00000
-649447.57914,-908560.93755,207.77100,360482432.31114,4.66000,3447702.00000,2.47000,0.00000,0.00000,0.00000
-649207.42518,-908373.12724,209.73100,360482432.35724,5.44000,701103.00000,3.08000,0.00000,0.00000,0.00000
-647524.84410,-909756.98590,179.35300,360482432.40333,6.47000,1285186.00000,2.68000,0.00000,0.00000,0.00000
-647623.46120,-909200.04026,176.87700,360482432.44942,7.56000,820168.00000,2.97000,0.00000,0.00000,0.00000
-646679.22981,-909779.29749,166.98800,360482432.49552,8.66000,686908.00000,2.57000,0.00000,0.00000,0.00000
-646393.35850,-909641.26672,162.27400,360482432.54161,9.59000,2379729.00000,2.41000,0.00000,0.00000,0.00000
-644544.81198,-911205.67312,148.97500,360482432.58771,10.15000,1044494.00000,3.42000,0.00000,0.00000,0.00000
-644676.89092,-910612.28131,147.74000,360482432.63380,10.65000,1249545.00000,3.89000,0.00000,0.00000,0.00000
-644212.00647,-910669.20879,146.69500,360482432.67989,10.77000,1097661.00000,4.54000,0.00000,0.00000,0.00000
-643902.03142,-910557.40293,147.15700,360482432.72599,10.84000,588315.00000,3.58000,0.00000,0.00000,0.00000
-643615.15822,-910420.40538,147.82500,360482432.77209,10.78000,766611.00000,3.83000,0.00000,0.00000,0.00000
-643151.75844,-910475.71674,148.25000,360482432.81818,10.82000,1042326.00000,3.36000,0.00000,0.00000,0.00000
-642729.17001,-910486.55709,149.39500,360482432.86428,10.84000,579324.00000,2.83000,0.00000,0.00000,0.00000
-642007.09969,-910823.60577,149.55600,360482432.91037,10.99000,1368838.00000,3.04000,0.00000,0.00000,0.00000
-644560.49202,-907592.73818,187.73700,360482432.95647,11.05000,248497.00000,4.11000,0.00000,0.00000,0.00000
-644418.69574,-907297.74714,187.91300,360482433.00256,11.03000,236397.00000,6.19000,0.00000,0.00000,0.00000
-644360.48897,-906911.70278,190.24500,360482433.04865,10.96000,131362.00000,6.50000,0.00000,0.00000,0.00000
-644136.59677,-906706.17536,190.49500,360482433.09475,10.87000,589476.00000,8.35000,0.00000,0.00000,0.00000
-643848.28720,-906570.79892,190.48700,360482433.14085,10.77000,758050.00000,3.46000,0.00000,0.00000,0.00000
-641476.06586,-908705.27326,175.22300,360482433.18694,10.73000,1932322.00000,2.48000,0.00000,0.00000,0.00000
-643545.06016,-906002.25449,191.96700,360482433.23303,10.77000,1966894.00000,2.73000,0.00000,0.00000,0.00000
-643141.70403,-905992.20265,190.95000,360482433.27913,10.83000,1078818.00000,3.43000,0.00000,0.00000,0.00000
-642898.15571,-905808.09301,192.54000,360482433.32522,10.37000,270431.00000,4.48000,0.00000,0.00000,0.00000
-642648.21070,-905630.94451,195.66500,360482433.37132,9.90000,379028.00000,4.79000,0.00000,0.00000,0.00000
-642425.30676,-905424.33109,199.55400,360482433.41741,9.75000,304802.00000,5.52000,0.00000,0.00000,0.00000
-642258.95737,-905156.12470,201.00000,360482433.46350,9.46000,210776.00000,8.34000,0.00000,0.00000,0.00000
-641981.98104,-905008.42234,199.87800,360482433.50960,8.94000,453407.00000,5.78000,0.00000,0.00000,0.00000
-641494.06769,-905090.46069,194.75100,360482433.55569,8.77000,448795.00000,5.29000,0.00000,0.00000,0.00000
-641149.23854,-905016.65275,192.15400,360482433.60179,9.08000,540767.00000,5.88000,0.00000,0.00000,0.00000
-640694.25671,-905062.79860,190.62900,360482433.64788,9.16000,1154366.00000,3.72000,0.00000,0.00000,0.00000
-640244.68735,-905103.05088,190.24600,360482433.69397,9.11000,2394125.00000,2.27000,0.00000,0.00000,0.00000
-640011.48711,-904907.67774,190.99600,360482433.74007,9.17000,1286058.00000,3.10000,0.00000,0.00000,0.00000
-639636.16763,-904867.05579,190.50900,360482433.78616,8.91000,605003.00000,3.26000,0.00000,0.00000,0.00000
-638788.76757,-905340.50817,189.32200,360482433.83226,8.46000,1969414.00000,2.70000,0.00000,0.00000,0.00000
-638266.91147,-905459.46213,190.28600,360482433.87835,8.10000,3004925.00000,1.96000,0.00000,0.00000,0.00000
-640262.76044,-902836.66674,203.58200,360482433.92444,7.97000,1564996.00000,3.28000,0.00000,0.00000,0.00000
-640032.03459,-902638.62821,205.31600,360482433.97054,8.04000,3706902.00000,2.49000,0.00000,0.00000,0.00000
-638012.85349,-904388.11103,194.60800,360482434.01663,8.35000,1195715.00000,2.29000,0.00000,0.00000,0.00000
-637448.20747,-904553.61227,194.21600,360482434.06273,8.48000,575315.00000,2.80000,0.00000,0.00000,0.00000
-637276.48691,-904291.28030,193.83100,360482434.10882,7.84000,381031.00000,2.83000,0.00000,0.00000,0.00000
-638110.41944,-902933.93043,191.69100,360482434.15491,6.76000,1683349.00000,2.39000,0.00000,0.00000,0.00000
-639211.32765,-901285.84528,203.21600,360482434.20101,5.82000,1112499.00000,1.59000,0.00000,0.00000,0.00000
-638858.16803,-901221.11067,201.97300,360482434.24710,5.40000,1002447.00000,1.98000,0.00000,0.00000,0.00000
-638777.43978,-900859.73662,200.30100,360482434.29320,5.53000,2472752.00000,2.39000,0.00000,0.00000,0.00000
-638270.36781,-900962.59931,199.53200,360482434.33929,6.15000,830803.00000,4.21000,0.00000,0.00000,0.00000
-637481.53436,-901372.27395,197.86900,360482434.38538,7.21000,337244.00000,8.22000,0.00000,0.00000,0.00000
-637089.03517,-901350.36099,197.05000,360482434.43148,8.70000,263102.00000,12.60000,0.00000,0.00000,0.00000
-637262.54751,-900712.16729,197.71400,360482434.47757,8.81000,91325.00000,11.29000,0.00000,0.00000,0.00000
-636988.56701,-900561.21642,197.82500,360482434.52367,8.79000,175332.00000,9.35000,0.00000,0.00000,0.00000
-636506.56696,-900636.73448,197.98700,360482434.56976,8.77000,298892.00000,4.55000,0.00000,0.00000,0.00000
-636079.16438,-900652.83325,196.33700,360482434.61586,9.32000,202756.00000,3.86000,0.00000,0.00000,0.00000
-635899.11476,-900399.60717,195.48200,360482434.66195,9.79000,339218.00000,4.32000,0.00000,0.00000,0.00000
-635764.80471,-900096.58790,195.05000,360482434.70805,9.89000,287624.00000,3.73000,0.00000,0.00000,0.00000
-635508.53289,-899926.34622,195.26700,360482434.75414,10.13000,1039152.00000,2.12000,0.00000,0.00000,0.00000
-635116.53823,-899903.87461,195.00300,360482434.80024,10.58000,7848824.00000,1.51000,0.00000,0.00000,0.00000
-633930.77318,-900745.51487,173.78400,360482434.84633,11.04000,3054329.00000,1.63000,0.00000,0.00000,0.00000
-633515.64450,-900748.18963,171.82700,360482434.89243,11.34000,5834190.00000,1.60000,0.00000,0.00000,0.00000
-633698.07722,-900100.35553,184.56800,360482434.93852,11.48000,3226281.00000,2.02000,0.00000,0.00000,0.00000
-633199.84183,-900193.50032,182.99400,360482434.98462,11.51000,433759.00000,2.77000,0.00000,0.00000,0.00000
-632574.22051,-900425.28580,183.26500,360482435.03072,11.65000,494803.00000,3.72000,0.00000,0.00000,0.00000
-632069.09688,-900525.89676,185.52600,360482435.07681,11.77000,786409.00000,2.90000,0.00000,0.00000,0.00000
-631804.96567,-900364.18415,187.46400,360482435.12291,11.64000,2428943.00000,2.09000,0.00000,0.00000,0.00000
-631548.22232,-900194.43813,191.55000,360482435.16900,11.43000,5636552.00000,1.69000,0.00000,0.00000,0.00000
-633503.17308,-897617.27055,161.24000,360482435.21510,11.17000,2100829.00000,1.80000,0.00000,0.00000,0.00000
-633399.87600,-897280.52027,162.42900,360482435.26120,11.12000,4877920.00000,1.73000,0.00000,0.00000,0.00000
-633990.04550,-896188.93534,166.35300,360482435.30729,10.96000,1974200.00000,2.21000,0.00000,0.00000,0.00000
-634378.54340,-895316.84732,172.40200,360482435.35339,10.79000,935570.00000,2.95000,0.00000,0.00000,0.00000
-633477.06251,-895849.00310,172.52400,360482435.39948,11.11000,504206.00000,5.43000,0.00000,0.00000,0.00000
-633050.15640,-895864.51292,175.19700,360482435.44558,11.51000,205826.00000,8.78000,0.00000,0.00000,0.00000
-632974.90540,-895497.28056,179.81500,360482435.49168,10.52000,157064.00000,7.12000,0.00000,0.00000,0.00000
-632770.79482,-895270.28790,183.34500,360482435.53777,9.38000,325653.00000,5.71000,0.00000,0.00000,0.00000
-632533.74521,-895079.17317,186.02500,360482435.58387,8.97000,316869.00000,3.94000,0.00000,0.00000,0.00000
-632348.82190,-894831.30194,188.30600,360482435.62997,9.17000,405375.00000,2.85000,0.00000,0.00000,0.00000
-629299.38524,-897701.03836,123.47900,360482435.67606,9.82000,1303467.00000,2.48000,0.00000,0.00000,0.00000
-629189.72839,-897371.21626,125.24200,360482435.72216,10.39000,1918573.00000,2.42000,0.00000,0.00000,0.00000
-628379.65290,-897803.64636,141.10700,360482435.76826,10.78000,1466337.00000,3.45000,0.00000,0.00000,0.00000
-628346.73568,-897390.31233,142.99000,360482435.81435,10.92000,1907065.00000,2.82000,0.00000,0.00000,0.00000
-628715.19111,-896540.21840,134.97600,360482435.86045,11.07000,1693063.00000,2.86000,0.00000,0.00000,0.00000
-662184.99271,-883057.82584,253.33900,360703047.07375,11.69000,1007849.00000,5.07000,0.00000,0.00000,1.00000
-662105.96148,-883427.89929,252.50500,360703047.11979,11.98000,2371726.00000,5.08000,0.00000,0.00000,1.00000
-662678.75811,-883499.61414,253.70700,360703047.16583,11.95000,2805159.00000,5.45000,0.00000,0.00000,1.00000
-662704.07113,-883821.93138,253.04700,360703047.21187,11.61000,1027875.00000,6.85000,0.00000,0.00000,1.00000
-662992.88525,-884023.62945,253.08200,360703047.25791,11.23000,817346.00000,7.16000,0.00000,0.00000,1.00000
-663785.61355,-883994.70352,256.22200,360703047.30395,10.87000,2408955.00000,4.79000,0.00000,0.00000,1.00000
-664602.32581,-884288.71660,261.08900,360703047.39603,11.30000,4802429.00000,4.12000,0.00000,0.00000,1.00000
-663148.24797,-885288.11003,247.12200,360703047.44207,12.38000,2638758.00000,5.16000,0.00000,0.00000,1.00000
-663186.07700,-885604.68754,253.98300,360703047.48810,12.57000,740872.00000,6.24000,0.00000,0.00000,1.00000
-662456.46011,-886272.47265,254.17900,360703047.53414,12.28000,566762.00000,6.91000,0.00000,0.00000,1.00000
-663026.61897,-886345.43805,256.62100,360703047.58018,11.64000,841919.00000,5.57000,0.00000,0.00000,1.00000
-662026.86127,-887136.80538,266.78300,360703047.62622,11.23000,670391.00000,4.30000,0.00000,0.00000,1.00000
-662710.61277,-887157.79737,269.24700,360703047.67226,11.30000,443865.00000,5.16000,0.00000,0.00000,1.00000
-663246.42680,-887246.49428,270.71100,360703047.71830,11.50000,156989.00000,6.26000,0.00000,0.00000,1.00000
-663635.62648,-887402.29985,272.44000,360703047.76434,11.47000,322834.00000,6.03000,0.00000,0.00000,1.00000
-663995.08637,-887571.68922,274.88100,360703047.81037,11.37000,759977.00000,3.96000,0.00000,0.00000,1.00000
-664291.81984,-887769.80821,275.61600,360703047.85641,11.37000,1124690.00000,2.61000,0.00000,0.00000,1.00000
-664534.39367,-887992.70676,273.89900,360703047.90245,11.40000,1140905.00000,2.24000,0.00000,0.00000,1.00000
-661699.64832,-889623.55383,244.81900,360703047.94849,11.41000,2735913.00000,2.17000,0.00000,0.00000,1.00000
-663591.53651,-889091.86834,242.03300,360703047.99453,12.21000,745300.00000,5.48000,0.00000,0.00000,1.00000
-664547.46584,-888988.37988,242.82200,360703048.04056,13.77000,330038.00000,9.55000,0.00000,0.00000,1.00000
-664585.93564,-889304.66859,242.45000,360703048.08660,14.26000,108833.00000,9.32000,0.00000,0.00000,1.00000
-664149.47588,-889838.23914,244.90700,360703048.13264,13.53000,365294.00000,7.53000,0.00000,0.00000,1.00000
-664448.18772,-890035.46718,248.80000,360703048.17868,13.44000,121455.00000,7.11000,0.00000,0.00000,1.00000
-664981.38382,-890125.40732,248.71000,360703048.22471,13.27000,2637185.00000,4.43000,0.00000,0.00000,1.00000
-664889.05371,-890501.53513,250.05700,360703048.27075,12.73000,653140.00000,3.27000,0.00000,0.00000,1.00000
-664504.76344,-891011.22670,250.12500,360703048.31679,12.25000,1226916.00000,2.94000,0.00000,0.00000,1.00000
-664890.80067,-891502.39892,260.14600,360703048.40887,12.06000,230327.00000,3.30000,0.00000,0.00000,1.00000
-663844.62073,-892314.82792,262.03700,360703048.45491,12.46000,130178.00000,4.24000,0.00000,0.00000,1.00000
-667232.81239,-891098.83703,238.34400,360703048.50094,13.08000,1763102.00000,3.40000,0.00000,0.00000,1.00000
-665866.81586,-893727.06224,219.24900,360703048.77718,12.45000,1282352.00000,3.59000,0.00000,0.00000,1.00000
-666314.27942,-894190.18835,228.51200,360703048.86926,12.07000,2050225.00000,2.84000,0.00000,0.00000,1.00000
-666400.93237,-894484.45046,229.06700,360703048.91529,12.20000,1115655.00000,3.02000,0.00000,0.00000,1.00000
-666705.88182,-895680.53825,226.40600,360703049.09945,12.61000,939485.00000,4.19000,0.00000,0.00000,1.00000
-667023.75228,-895869.07141,228.99700,360703049.14549,12.81000,347110.00000,5.36000,0.00000,0.00000,1.00000
-667643.54381,-895919.53717,231.34400,360703049.19152,13.27000,243495.00000,5.91000,0.00000,0.00000,1.00000
-667734.80278,-896211.69294,233.34600,360703049.23756,13.60000,465055.00000,6.31000,0.00000,0.00000,1.00000
-664682.35840,-900278.29138,248.40800,360703049.60587,13.00000,414220.00000,5.23000,0.00000,0.00000,1.00000
-643137.05038,-884760.36849,238.68500,360875698.98706,11.95000,307629.00000,3.91000,0.00000,0.00000,1.00000
-643761.26070,-884817.60703,234.99000,360875699.03311,11.98000,231692.00000,4.18000,0.00000,0.00000,1.00000
-643815.62792,-885125.37025,232.64700,360875699.07916,12.33000,469719.00000,3.73000,0.00000,0.00000,1.00000
-643659.87154,-885525.50799,230.23800,360875699.12521,12.69000,250838.00000,3.74000,0.00000,0.00000,1.00000
-643690.95533,-885843.49913,228.69300,360875699.17126,13.02000,296372.00000,4.28000,0.00000,0.00000,1.00000
-643542.50324,-886240.42125,228.62700,360875699.21732,13.35000,304544.00000,3.90000,0.00000,0.00000,1.00000
-643496.45561,-886592.32862,229.93500,360875699.26337,13.58000,362877.00000,3.20000,0.00000,0.00000,1.00000
-643498.27580,-886923.18140,231.71900,360875699.30942,13.59000,349517.00000,2.58000,0.00000,0.00000,1.00000
-648640.50533,-884994.30980,196.43800,360875699.35547,13.92000,1537351.00000,4.02000,0.00000,0.00000,1.00000
-648329.13907,-885462.91831,194.04900,360875699.40152,14.79000,612141.00000,9.33000,0.00000,0.00000,1.00000
-648505.20440,-885717.22651,195.38900,360875699.44757,15.05000,341594.00000,8.56000,0.00000,0.00000,1.00000
-648606.11692,-886004.56549,197.01000,360875699.49362,15.04000,466676.00000,7.57000,0.00000,0.00000,1.00000
-647050.48797,-887020.12541,189.43700,360875699.53967,15.53000,1198493.00000,9.24000,0.00000,0.00000,1.00000
-646569.49388,-887563.24622,189.29900,360875699.58573,16.03000,594729.00000,9.15000,0.00000,0.00000,1.00000
-645466.67663,-888379.64743,186.32200,360875699.63178,16.34000,402585.00000,12.47000,0.00000,0.00000,1.00000
-645403.97223,-888738.88928,185.56300,360875699.67783,15.64000,415201.00000,9.26000,0.00000,0.00000,1.00000
-645313.99597,-889110.11266,185.33500,360875699.72388,14.47000,315138.00000,5.54000,0.00000,0.00000,1.00000
-649064.56923,-887793.32726,214.55600,360875699.76993,13.77000,932673.00000,3.20000,0.00000,0.00000,1.00000
-648984.58861,-888160.20965,216.80300,360875699.81599,13.43000,816823.00000,4.05000,0.00000,0.00000,1.00000
-648883.31427,-888536.42808,218.76900,360875699.86204,13.46000,2678271.00000,4.44000,0.00000,0.00000,1.00000
-648900.41764,-888860.62614,221.04000,360875699.90809,14.20000,2981194.00000,5.34000,0.00000,0.00000,1.00000
-647417.87932,-889843.89668,209.17500,360875699.95414,14.52000,1360057.00000,6.70000,0.00000,0.00000,1.00000
-648042.83222,-889900.94540,210.47800,360875700.00019,13.63000,680218.00000,5.81000,0.00000,0.00000,1.00000
-648212.22906,-890158.19298,208.17200,360875700.04624,12.74000,545593.00000,4.68000,0.00000,0.00000,1.00000
-648355.02817,-890427.13125,202.21000,360875700.09230,13.08000,334943.00000,4.87000,0.00000,0.00000,1.00000
-648604.90597,-890649.02756,199.94100,360875700.13835,14.04000,2306461.00000,4.41000,0.00000,0.00000,1.00000
-648550.16784,-891004.79075,199.37100,360875700.18440,14.85000,2428873.00000,4.86000,0.00000,0.00000,1.00000
-648755.46975,-891246.27712,201.15600,360875700.23045,14.77000,2474036.00000,4.04000,0.00000,0.00000,1.00000
-648886.94983,-891520.21436,202.70300,360875700.27651,14.59000,1346473.00000,4.77000,0.00000,0.00000,1.00000
-649330.35781,-891657.07211,201.91600,360875700.32256,14.25000,1028577.00000,5.02000,0.00000,0.00000,1.00000
-649199.81695,-892046.14296,189.99100,360875700.36861,13.51000,3829224.00000,3.17000,0.00000,0.00000,1.00000
-648954.18640,-892485.78419,184.19600,360875700.41467,14.14000,814476.00000,6.68000,0.00000,0.00000,1.00000
-647653.64223,-893388.91282,181.22800,360875700.46072,15.55000,104281.00000,10.79000,0.00000,0.00000,1.00000
-646950.37043,-894029.58720,185.09500,360875700.50677,14.95000,635453.00000,4.75000,0.00000,0.00000,1.00000
-646527.77319,-894546.91890,190.85800,360875700.55283,15.31000,868564.00000,5.04000,0.00000,0.00000,1.00000
-646611.32838,-894841.88259,191.21500,360875700.59888,15.23000,553976.00000,5.32000,0.00000,0.00000,1.00000
-646736.12823,-895118.74604,190.34700,360875700.64493,15.29000,510998.00000,5.70000,0.00000,0.00000,1.00000
-647064.45439,-895306.18729,189.62800,360875700.69098,15.39000,127951.00000,6.69000,0.00000,0.00000,1.00000
-647312.96280,-895528.68959,189.48800,360875700.73704,15.39000,222611.00000,9.36000,0.00000,0.00000,1.00000
-647727.76888,-895678.16201,189.24600,360875700.78309,15.36000,220794.00000,8.63000,0.00000,0.00000,1.00000
-648074.72283,-895857.42849,189.78100,360875700.82914,15.00000,422283.00000,7.58000,0.00000,0.00000,1.00000
-648483.54392,-896009.53796,188.75600,360875700.87519,14.66000,290876.00000,6.79000,0.00000,0.00000,1.00000
-648755.34095,-896221.83507,187.75100,360875700.92125,15.30000,293743.00000,7.51000,0.00000,0.00000,1.00000
-648949.31489,-896468.32583,188.70700,360875700.96730,15.33000,187674.00000,8.63000,0.00000,0.00000,1.00000
-649092.73180,-896737.02162,188.18300,360875701.01335,14.84000,122675.00000,8.51000,0.00000,0.00000,1.00000
-649115.08504,-897058.89666,187.98100,360875701.05941,14.69000,287202.00000,6.65000,0.00000,0.00000,1.00000
-649238.53664,-897336.35574,186.82200,360875701.10546,14.87000,255993.00000,8.94000,0.00000,0.00000,1.00000
-649420.54098,-897588.12501,188.71600,360875701.15151,14.69000,292945.00000,7.63000,0.00000,0.00000,1.00000
-649578.58109,-897850.39656,189.52600,360875701.19757,14.72000,228591.00000,6.71000,0.00000,0.00000,1.00000
-649634.85346,-898157.38271,189.46300,360875701.24362,14.60000,280949.00000,8.22000,0.00000,0.00000,1.00000
-649765.62571,-898431.64554,187.69100,360875701.28967,13.86000,274619.00000,5.95000,0.00000,0.00000,1.00000
-649486.61839,-898885.87167,184.97600,360875701.33572,14.71000,184068.00000,8.10000,0.00000,0.00000,1.00000
-649440.42873,-899237.83869,185.03700,360875701.38178,14.97000,117199.00000,10.02000,0.00000,0.00000,1.00000
-649959.68850,-899341.49376,188.00600,360875701.42783,13.91000,291230.00000,7.33000,0.00000,0.00000,1.00000
-650731.05473,-899334.41479,190.78300,360875701.47388,14.04000,75099.00000,8.96000,0.00000,0.00000,1.00000
-651108.62154,-899500.30543,191.06300,360875701.51993,14.50000,351441.00000,8.26000,0.00000,0.00000,1.00000
-651309.90139,-899743.61052,189.67700,360875701.56599,15.12000,189105.00000,13.47000,0.00000,0.00000,1.00000
-650779.42186,-900308.26991,192.18000,360875701.61204,13.89000,740854.00000,5.85000,0.00000,0.00000,1.00000
-651304.66384,-900409.31692,199.23500,360875701.65809,13.08000,1043967.00000,3.73000,0.00000,0.00000,1.00000
-652062.72417,-900408.11505,205.04500,360875701.70414,13.11000,573833.00000,4.62000,0.00000,0.00000,1.00000
-652252.68846,-900656.39908,206.19400,360875701.75019,13.48000,653567.00000,6.70000,0.00000,0.00000,1.00000
-652169.90770,-901024.45998,207.21700,360875701.79625,13.30000,568273.00000,6.79000,0.00000,0.00000,1.00000
-651876.90730,-901484.82253,205.07700,360875701.84230,13.11000,236612.00000,6.51000,0.00000,0.00000,1.00000
-651877.27007,-901816.35875,203.32100,360875701.88835,12.53000,172456.00000,5.16000,0.00000,0.00000,1.00000
-652035.29673,-902078.66468,200.99200,360875701.93440,11.82000,507556.00000,2.58000,0.00000,0.00000,1.00000
-652334.35736,-902279.04993,195.48300,360875701.98045,11.80000,542948.00000,2.77000,0.00000,0.00000,1.00000
-652677.33548,-902460.15761,189.34000,360875702.02650,12.29000,1014568.00000,3.02000,0.00000,0.00000,1.00000
-652534.64817,-902854.49638,188.63300,360875702.07255,12.57000,1379607.00000,2.81000,0.00000,0.00000,1.00000
-652789.79873,-903074.16603,187.80300,360875702.11860,12.71000,1652582.00000,2.53000,0.00000,0.00000,1.00000
-652958.46553,-903331.81524,188.38200,360875702.16466,12.61000,2369600.00000,2.31000,0.00000,0.00000,1.00000
-655278.72368,-902644.79321,186.63700,360875702.21071,12.68000,2685362.00000,2.19000,0.00000,0.00000,1.00000
-650461.62722,-905091.31263,205.20000,360875702.25676,13.03000,1139971.00000,4.90000,0.00000,0.00000,1.00000
-650775.96935,-905284.99923,203.63300,360875702.30281,12.85000,307736.00000,5.04000,0.00000,0.00000,1.00000
-651482.15887,-905306.66218,198.76200,360875702.34886,12.21000,1985683.00000,6.65000,0.00000,0.00000,1.00000
-652407.26463,-905232.25209,195.29800,360875702.39491,11.31000,544883.00000,7.05000,0.00000,0.00000,1.00000
-653339.70792,-905154.63459,193.74900,360875702.44096,10.69000,1042211.00000,5.43000,0.00000,0.00000,1.00000
-651757.20324,-906180.96957,186.83300,360875702.48701,11.05000,1972759.00000,5.26000,0.00000,0.00000,1.00000
-651424.16112,-906658.82842,182.03600,360875702.53306,11.04000,2626841.00000,4.92000,0.00000,0.00000,1.00000
-651660.65861,-906886.69887,179.53100,360875702.57912,10.43000,1743532.00000,5.26000,0.00000,0.00000,1.00000
-654645.06870,-905908.41644,182.45100,360875702.62517,9.70000,1793171.00000,6.54000,0.00000,0.00000,1.00000
-654187.61965,-906440.90591,182.29200,360875702.67122,8.44000,1298124.00000,4.73000,0.00000,0.00000,1.00000
-653219.84168,-907197.39000,182.33300,360875702.71727,6.48000,1591391.00000,3.11000,0.00000,0.00000,1.00000
-655182.27729,-906667.71090,190.61700,360875702.76332,4.93000,950616.00000,2.56000,0.00000,0.00000,1.00000
-654850.57666,-907145.00119,188.83800,360875702.80937,3.60000,1656493.00000,2.27000,0.00000,0.00000,1.00000
-658823.59423,-905732.76260,223.99600,360875702.85542,2.84000,748173.00000,2.85000,0.00000,0.00000,1.00000
-657978.96058,-906435.24791,215.98700,360875702.90146,2.64000,355865.00000,4.21000,0.00000,0.00000,1.00000
-658036.50401,-906741.71284,216.26100,360875702.94751,2.32000,618780.00000,5.04000,0.00000,0.00000,1.00000
-656778.66073,-907625.53836,206.65500,360875702.99356,3.62000,938172.00000,5.71000,0.00000,0.00000,1.00000
-654778.20246,-908835.19374,204.53700,360875703.03961,6.91000,511530.00000,6.54000,0.00000,0.00000,1.00000
-655137.79086,-909009.06855,211.13100,360875703.08566,9.95000,520074.00000,6.08000,0.00000,0.00000,1.00000
-655717.60937,-909086.28461,214.83900,360875703.13171,11.56000,264704.00000,7.82000,0.00000,0.00000,1.00000
-656035.94277,-909278.27052,218.69800,360875703.17775,12.73000,126951.00000,8.78000,0.00000,0.00000,1.00000
-633090.41646,-890219.57043,166.25900,361048352.01463,12.92000,2009555.00000,2.94000,0.00000,0.00000,1.00000
-653255.48861,-883692.01916,629.57500,361048352.29106,12.35000,997821.00000,4.07000,0.00000,0.00000,1.00000
-636297.66157,-891174.94143,168.11000,361048352.33714,12.25000,1988830.00000,2.78000,0.00000,0.00000,1.00000
-632016.41520,-893309.68370,179.71800,361048352.38321,12.19000,261755.00000,2.96000,0.00000,0.00000,1.00000
-631928.18624,-893676.53706,182.23200,361048352.42928,12.11000,434715.00000,2.50000,0.00000,0.00000,1.00000
-632150.92058,-894571.58701,187.36300,361048352.56750,11.89000,3115316.00000,2.12000,0.00000,0.00000,1.00000
-632222.03829,-894871.25446,187.98400,361048352.61358,12.02000,3493801.00000,2.37000,0.00000,0.00000,1.00000
-632321.28293,-895159.06827,185.08300,361048352.65965,11.79000,2943669.00000,2.32000,0.00000,0.00000,1.00000
-632360.93422,-895472.00966,183.79800,361048352.70572,11.64000,3812358.00000,3.09000,0.00000,0.00000,1.00000
-632409.28560,-895781.27798,181.20200,361048352.75179,11.17000,1679640.00000,2.58000,0.00000,0.00000,1.00000
-632275.49178,-896167.29284,177.44300,361048352.79787,10.94000,1572295.00000,2.66000,0.00000,0.00000,1.00000
-632149.73715,-896549.94168,173.98600,361048352.84394,10.94000,1227053.00000,2.93000,0.00000,0.00000,1.00000
-631962.36686,-896958.54889,172.04000,361048352.89001,11.54000,995107.00000,2.22000,0.00000,0.00000,1.00000
-631777.66486,-897366.02046,171.06500,361048352.93608,11.72000,7665968.00000,1.90000,0.00000,0.00000,1.00000
-633131.11847,-897125.24613,162.90600,361048352.98215,11.56000,4834827.00000,1.99000,0.00000,0.00000,1.00000
-633634.13947,-897242.88550,160.84900,361048353.02823,11.52000,3022189.00000,1.96000,0.00000,0.00000,1.00000
-633653.00307,-897564.58337,161.60700,361048353.07430,11.64000,2667499.00000,2.24000,0.00000,0.00000,1.00000
-633406.67589,-897998.03758,164.13300,361048353.12037,11.76000,6707346.00000,2.04000,0.00000,0.00000,1.00000
-633335.79742,-898357.55232,166.11600,361048353.16644,12.01000,5656613.00000,1.99000,0.00000,0.00000,1.00000
-633765.15365,-898506.25801,165.95900,361048353.21251,12.03000,1709012.00000,2.14000,0.00000,0.00000,1.00000
-634010.35066,-898732.57804,168.03400,361048353.25859,11.98000,3426976.00000,1.90000,0.00000,0.00000,1.00000
-633352.16839,-899339.58089,172.85200,361048353.30466,11.71000,1304372.00000,1.98000,0.00000,0.00000,1.00000
-632227.22406,-900143.21565,180.74200,361048353.35073,11.74000,876265.00000,2.76000,0.00000,0.00000,1.00000
-632128.87396,-900514.28380,183.49200,361048353.39680,12.07000,711010.00000,5.49000,0.00000,0.00000,1.00000
-633713.37448,-900176.26997,185.42500,361048353.44287,12.00000,282652.00000,6.84000,0.00000,0.00000,1.00000
-634344.96359,-900239.78949,185.87300,361048353.48894,11.86000,2325319.00000,3.14000,0.00000,0.00000,1.00000
-635071.62286,-900263.24521,194.24900,361048353.53501,12.04000,2437577.00000,3.20000,0.00000,0.00000,1.00000
-635359.00566,-900471.79916,193.46100,361048353.58109,12.31000,1448883.00000,4.52000,0.00000,0.00000,1.00000
-635612.23605,-900694.75517,194.52400,361048353.62716,12.51000,214177.00000,4.92000,0.00000,0.00000,1.00000
-635745.58476,-900968.22210,196.47600,361048353.67323,12.21000,421648.00000,4.68000,0.00000,0.00000,1.00000
-635878.27079,-901241.96790,196.33000,361048353.71930,11.96000,913259.00000,3.72000,0.00000,0.00000,1.00000
-635976.13913,-901530.38811,194.42300,361048353.76537,11.63000,506160.00000,3.17000,0.00000,0.00000,1.00000
-636281.59675,-901731.34075,195.64700,361048353.81144,10.99000,329021.00000,4.20000,0.00000,0.00000,1.00000
-636752.46194,-901862.61192,199.09100,361048353.85751,10.20000,290322.00000,3.35000,0.00000,0.00000,1.00000
-631146.97611,-904553.60088,162.50900,361048353.90358,9.66000,633291.00000,3.43000,0.00000,0.00000,1.00000
-631177.12958,-904870.50571,158.03100,361048353.94965,9.06000,426900.00000,4.33000,0.00000,0.00000,1.00000
-631250.81481,-905169.06592,154.46900,361048353.99573,8.27000,644635.00000,3.36000,0.00000,0.00000,1.00000
-631390.79374,-905439.69895,149.75500,361048354.04180,7.31000,298937.00000,3.11000,0.00000,0.00000,1.00000
-631556.90019,-905699.33326,145.33400,361048354.08787,6.33000,792695.00000,2.36000,0.00000,0.00000,1.00000
-638176.70825,-903240.57561,206.98800,361048354.13394,5.78000,1186939.00000,4.07000,0.00000,0.00000,1.00000
-640353.43042,-902653.22253,208.05200,361048354.18001,5.79000,333942.00000,4.99000,0.00000,0.00000,1.00000
-637452.89428,-904204.80277,199.59500,361048354.22608,6.14000,479222.00000,5.30000,0.00000,0.00000,1.00000
-636682.10091,-904859.13857,195.60500,361048354.27215,7.54000,471967.00000,8.47000,0.00000,0.00000,1.00000
-636187.87481,-905396.94396,196.26900,361048354.31822,8.22000,2202661.00000,7.07000,0.00000,0.00000,1.00000
-636123.63481,-905753.65419,194.41300,361048354.36429,8.31000,1163759.00000,6.22000,0.00000,0.00000,1.00000
-635942.84840,-906159.44536,194.84300,361048354.41036,8.84000,322200.00000,5.08000,0.00000,0.00000,1.00000
-639985.59155,-904786.30587,193.44000,361048354.45643,9.51000,675075.00000,4.27000,0.00000,0.00000,1.00000
-636042.03986,-906776.93219,189.92900,361048354.50251,9.94000,2360827.00000,3.48000,0.00000,0.00000,1.00000
-636363.56617,-906971.16711,187.54300,361048354.54858,10.63000,721244.00000,6.35000,0.00000,0.00000,1.00000
-636604.71458,-907199.24992,186.86800,361048354.59465,10.97000,1708431.00000,5.00000,0.00000,0.00000,1.00000
-637748.07592,-907047.37772,181.08200,361048354.64072,11.14000,1579973.00000,5.09000,0.00000,0.00000,1.00000
-637379.72484,-907532.15692,179.30800,361048354.68679,11.54000,187522.00000,10.85000,0.00000,0.00000,1.00000
-638925.63310,-907210.77204,184.46100,361048354.73286,11.18000,206690.00000,7.22000,0.00000,0.00000,1.00000
-639355.01023,-907359.61625,185.49800,361048354.77893,10.75000,901560.00000,5.06000,0.00000,0.00000,1.00000
-639179.57408,-907763.16562,180.50700,361048354.82500,10.50000,1153574.00000,4.40000,0.00000,0.00000,1.00000
-639290.13075,-908046.26947,177.14400,361048354.87107,10.70000,382477.00000,5.95000,0.00000,0.00000,1.00000
-639349.11117,-908351.09303,174.04300,361048354.91715,11.20000,282904.00000,7.88000,0.00000,0.00000,1.00000
-638959.29421,-908844.90392,171.32700,361048354.96322,11.69000,129374.00000,7.94000,0.00000,0.00000,1.00000
-639101.98484,-909114.48533,172.24600,361048355.00929,12.29000,298379.00000,6.93000,0.00000,0.00000,1.00000
-639214.53848,-909396.75265,170.32300,361048355.05536,12.65000,4729576.00000,5.39000,0.00000,0.00000,1.00000
-639045.08518,-909797.76805,167.88900,361048355.10143,13.15000,1079513.00000,6.88000,0.00000,0.00000,1.00000
-639869.67383,-909780.22433,169.72000,361048355.14750,13.43000,970513.00000,7.57000,0.00000,0.00000,1.00000
-639698.21763,-910182.09562,165.21600,361048355.19357,13.08000,1877630.00000,5.50000,0.00000,0.00000,1.00000
-638446.25622,-911038.88755,157.92800,361048355.23965,12.86000,496753.00000,5.95000,0.00000,0.00000,1.00000
-638414.76462,-911381.79374,155.28400,361048355.28572,12.68000,1200915.00000,7.91000,0.00000,0.00000,1.00000
-638599.63723,-911633.61424,156.74800,361048355.33179,11.96000,214684.00000,7.41000,0.00000,0.00000,1.00000
-666728.12644,-896174.46862,230.59000,362637622.18449,12.19000,2375911.00000,2.01000,0.00000,0.00000,0.00000
-666466.71183,-896009.71768,227.70600,362637622.23083,12.72000,347577.00000,4.78000,0.00000,0.00000,0.00000
-665632.75367,-896502.20908,235.19100,362637622.27716,12.96000,314662.00000,4.97000,0.00000,0.00000,0.00000
-665270.18306,-896453.55785,239.50500,362637622.32350,13.10000,788806.00000,4.03000,0.00000,0.00000,0.00000
-665316.17531,-895935.91429,238.97400,362637622.36984,13.60000,896946.00000,5.44000,0.00000,0.00000,0.00000
-665538.63709,-895215.72542,235.52300,362637622.41618,13.81000,295537.00000,6.29000,0.00000,0.00000,0.00000
-665151.62333,-895195.14222,241.32000,362637622.46252,13.23000,2424233.00000,3.02000,0.00000,0.00000,0.00000
-666679.23007,-891117.60202,242.33900,362637622.69421,12.92000,3193729.00000,4.22000,0.00000,0.00000,0.00000
-665723.05144,-891750.38475,254.20200,362637622.74055,12.47000,1754260.00000,3.93000,0.00000,0.00000,0.00000
-665133.70128,-891962.09194,259.38700,362637622.78689,12.80000,971662.00000,4.16000,0.00000,0.00000,0.00000
-665458.78741,-891124.17409,259.66200,362637622.83323,12.94000,748874.00000,4.96000,0.00000,0.00000,0.00000
-664961.97894,-891229.65062,258.62600,362637622.87956,13.02000,1052314.00000,4.00000,0.00000,0.00000,0.00000
-664659.38081,-891112.22594,255.79800,362637622.92590,13.26000,445403.00000,4.97000,0.00000,0.00000,0.00000
-665826.50267,-889307.82162,251.85300,362637622.97224,13.45000,1882101.00000,5.06000,0.00000,0.00000,0.00000
-664220.56449,-890686.35807,249.88600,362637623.01858,13.73000,753365.00000,5.18000,0.00000,0.00000,0.00000
-664057.98537,-890408.20140,246.92100,362637623.06492,14.06000,616887.00000,7.02000,0.00000,0.00000,0.00000
-663609.61126,-890458.07413,246.81700,362637623.11126,14.08000,1070904.00000,7.67000,0.00000,0.00000,0.00000
-663117.59221,-890558.02326,246.67400,362637623.15760,13.86000,1443520.00000,7.37000,0.00000,0.00000,0.00000
-662614.55332,-890670.62025,249.06000,362637623.20394,13.32000,936916.00000,5.36000,0.00000,0.00000,0.00000
-662465.41360,-890377.04910,246.91300,362637623.25028,12.52000,3305926.00000,3.71000,0.00000,0.00000,0.00000
-661704.87024,-890785.15317,257.09800,362637623.29661,12.13000,1708600.00000,3.22000,0.00000,0.00000,0.00000
-661792.14449,-890220.28265,247.74900,362637623.34295,11.81000,1076138.00000,4.05000,0.00000,0.00000,0.00000
-661496.27960,-890095.11776,248.82800,362637623.38929,11.34000,422922.00000,3.10000,0.00000,0.00000,0.00000
-661067.06646,-890122.94155,245.83400,362637623.43563,11.03000,631576.00000,2.63000,0.00000,0.00000,0.00000
-662974.81701,-887468.96742,271.55800,362637623.48197,10.71000,246859.00000,2.41000,0.00000,0.00000,0.00000
-662596.00326,-887439.01557,270.62300,362637623.52831,10.46000,386689.00000,3.00000,0.00000,0.00000,0.00000
-664842.63185,-884396.00696,261.20500,362637623.57465,10.43000,471277.00000,4.32000,0.00000,0.00000,0.00000
-664483.02227,-884344.08016,261.48100,362637623.62099,10.68000,295577.00000,3.70000,0.00000,0.00000,0.00000
-663478.94725,-885031.75689,250.61700,362637623.66733,10.63000,1622023.00000,3.55000,0.00000,0.00000,0.00000
-663049.32460,-885060.14981,248.04600,362637623.71366,10.91000,2753142.00000,4.71000,0.00000,0.00000,0.00000
-662627.37225,-885079.74127,247.27700,362637623.76000,11.55000,2214264.00000,4.90000,0.00000,0.00000,0.00000
-660855.43776,-886648.41403,250.50400,362637623.80634,12.22000,840916.00000,5.38000,0.00000,0.00000,0.00000
-662388.16037,-884424.95549,251.08800,362637623.85268,12.14000,1869862.00000,6.02000,0.00000,0.00000,0.00000
-660934.19210,-885628.76537,251.54300,362637623.89902,11.42000,926117.00000,4.52000,0.00000,0.00000,0.00000
-661123.67259,-884946.70084,253.48200,362637623.94536,10.93000,1456599.00000,3.90000,0.00000,0.00000,0.00000
-661240.26875,-884348.29995,254.28100,362637623.99170,10.50000,2132219.00000,3.35000,0.00000,0.00000,0.00000
-661263.34262,-883857.19449,255.72600,362637624.03804,10.17000,1720015.00000,3.12000,0.00000,0.00000,0.00000
-660098.06247,-884729.66680,259.42700,362637624.08438,10.11000,4129782.00000,3.35000,0.00000,0.00000,0.00000
-660926.82724,-883314.11689,254.48400,362637624.13072,10.45000,3303990.00000,4.72000,0.00000,0.00000,0.00000
-660900.04783,-882880.25622,254.96200,362637624.17706,10.37000,1743368.00000,4.25000,0.00000,0.00000,0.00000
-661034.86582,-882260.98476,264.03000,362637624.22340,10.09000,3163688.00000,2.79000,0.00000,0.00000,0.00000
-660651.29224,-882236.50652,262.68300,362637624.26974,10.21000,753307.00000,2.92000,0.00000,0.00000,0.00000
-660347.33677,-882120.69643,261.14300,362637624.31608,10.66000,659945.00000,2.90000,0.00000,0.00000,0.00000
-660057.75337,-881988.35524,259.41000,362637624.36242,11.07000,899860.00000,2.96000,0.00000,0.00000,0.00000
-659772.50010,-881851.06775,256.63300,362637624.40877,11.47000,296545.00000,3.28000,0.00000,0.00000,0.00000
-659514.58613,-881682.42629,254.70300,362637624.45511,11.89000,295235.00000,3.83000,0.00000,0.00000,0.00000
-659360.73257,-881394.36760,253.36500,362637624.50145,12.36000,717726.00000,4.47000,0.00000,0.00000,0.00000
-659169.00334,-881149.79091,252.75400,362637624.54779,12.72000,394808.00000,3.81000,0.00000,0.00000,0.00000
-658940.35262,-880947.58452,251.82800,362637624.59413,13.03000,463613.00000,3.54000,0.00000,0.00000,0.00000
-658843.57847,-880594.05393,251.16900,362637624.64047,13.00000,723184.00000,4.52000,0.00000,0.00000,0.00000
-657706.68628,-880969.25519,242.68900,362637624.73316,13.14000,1831071.00000,5.01000,0.00000,0.00000,0.00000
-657537.02070,-880699.35221,242.51000,362637624.77950,13.24000,1229269.00000,5.68000,0.00000,0.00000,0.00000
-657363.04311,-880434.40468,243.05200,362637624.82584,13.30000,985525.00000,4.92000,0.00000,0.00000,0.00000
-657570.34186,-879732.06454,249.75500,362637624.87218,13.08000,1220638.00000,3.49000,0.00000,0.00000,0.00000
-656890.37904,-880047.55823,247.93200,362637624.91852,12.98000,1149936.00000,3.50000,0.00000,0.00000,0.00000
-656275.16392,-880288.77973,247.86600,362637624.96487,12.76000,695087.00000,3.67000,0.00000,0.00000,0.00000
-655793.75339,-880376.48107,248.76600,362637625.01121,12.59000,1330768.00000,3.26000,0.00000,0.00000,0.00000
-655503.71874,-880244.67164,249.79300,362637625.05755,12.54000,2409570.00000,3.18000,0.00000,0.00000,0.00000
