-650842.79906,-880960.82639,205.20200,612902192.13519,14.77000,442187.00000,6.62000,0.00000,0.00000,1.00000
-650447.64900,-881474.91196,202.57300,612902192.18217,14.77000,709630.00000,7.35000,0.00000,0.00000,1.00000
-650462.81601,-881806.22365,200.33400,612902192.22916,14.99000,497994.00000,7.47000,0.00000,0.00000,1.00000
-649429.59230,-882604.50541,197.54400,612902192.27614,15.73000,763307.00000,8.18000,0.00000,0.00000,1.00000
-649548.49486,-882889.59468,197.75600,612902192.32313,16.22000,167127.00000,11.35000,0.00000,0.00000,1.00000
-650729.25763,-882701.72535,201.15000,612902192.37011,15.97000,328760.00000,11.32000,0.00000,0.00000,1.00000
-651677.57927,-882617.40416,205.67200,612902192.41710,15.60000,1712075.00000,7.30000,0.00000,0.00000,1.00000
-654755.57448,-881584.43042,236.08400,612902192.46408,15.40000,941027.00000,8.24000,0.00000,0.00000,1.00000
-652315.59127,-883009.38606,215.84200,612902192.51107,14.95000,657229.00000,8.76000,0.00000,0.00000,1.00000
-652098.27097,-883444.25597,218.59500,612902192.55805,14.28000,439597.00000,5.81000,0.00000,0.00000,1.00000
-652599.87026,-883558.92569,222.98100,612902192.60504,14.03000,124044.00000,7.54000,0.00000,0.00000,1.00000
-652799.62628,-883808.03437,224.14400,612902192.65202,14.35000,76114.00000,11.37000,0.00000,0.00000,1.00000
-652207.02820,-884410.03924,219.74700,612902192.69901,14.14000,125920.00000,10.12000,0.00000,0.00000,1.00000
-651564.54677,-885034.22765,214.72100,612902192.74599,13.61000,2549212.00000,5.04000,0.00000,0.00000,1.00000
-652267.63593,-885059.18507,214.04400,612902192.79298,13.62000,1034852.00000,4.26000,0.00000,0.00000,1.00000
-652650.66978,-885226.68820,214.01700,612902192.83996,13.74000,1231897.00000,3.81000,0.00000,0.00000,1.00000
-650985.29689,-886306.35685,217.72000,612902192.88695,13.61000,5975144.00000,3.48000,0.00000,0.00000,1.00000
-651114.95143,-886586.67007,219.89600,612902192.93393,13.36000,1698844.00000,3.78000,0.00000,0.00000,1.00000
-651205.53326,-886884.39917,222.05000,612902192.98092,13.16000,1336584.00000,4.93000,0.00000,0.00000,1.00000
-651081.16311,-887277.82819,223.63200,612902193.02790,13.22000,372471.00000,5.16000,0.00000,0.00000,1.00000
-650857.73502,-887715.35718,224.45600,612902193.07489,13.07000,639303.00000,4.39000,0.00000,0.00000,1.00000
-650769.06146,-888092.87320,223.95400,612902193.12187,12.58000,647789.00000,4.07000,0.00000,0.00000,1.00000
-650879.17539,-888381.90174,222.92500,612902193.16885,12.12000,591035.00000,4.23000,0.00000,0.00000,1.00000
-651427.27874,-888475.92351,219.42700,612902193.21584,11.57000,628133.00000,3.68000,0.00000,0.00000,1.00000
-652178.89242,-888479.34379,215.13800,612902193.26283,11.55000,566881.00000,3.90000,0.00000,0.00000,1.00000
-653053.83028,-888427.85476,212.52600,612902193.30981,12.41000,269663.00000,5.98000,0.00000,0.00000,1.00000
-653713.81038,-888472.07047,212.57800,612902193.35679,13.72000,272969.00000,7.18000,0.00000,0.00000,1.00000
-654499.12938,-888460.49916,216.39900,612902193.40378,14.68000,689732.00000,7.81000,0.00000,0.00000,1.00000
-655057.35470,-888550.05517,221.70100,612902193.45076,14.89000,548732.00000,6.65000,0.00000,0.00000,1.00000
-655285.39100,-888786.59973,222.51300,612902193.49775,15.74000,1921447.00000,9.70000,0.00000,0.00000,1.00000
-655795.10926,-888897.75423,225.28200,612902193.54473,14.95000,2929601.00000,6.71000,0.00000,0.00000,1.00000
-656408.62147,-888962.69458,225.57100,612902193.59171,13.59000,1110242.00000,4.89000,0.00000,0.00000,1.00000
-657601.62804,-888769.63927,235.55600,612902193.63870,12.95000,2551037.00000,4.58000,0.00000,0.00000,1.00000
-654051.31251,-890688.29390,192.84000,612902193.68568,13.29000,648384.00000,3.78000,0.00000,0.00000,1.00000
-652849.96589,-891561.10839,185.29700,612902193.73267,14.97000,706099.00000,7.10000,0.00000,0.00000,1.00000
-653206.03520,-891740.65829,182.16600,612902193.77965,15.27000,2952482.00000,6.99000,0.00000,0.00000,1.00000
-652801.23060,-892258.88459,185.82700,612902193.82663,14.73000,1486078.00000,5.80000,0.00000,0.00000,1.00000
-652889.07011,-892557.83342,184.33000,612902193.87362,15.25000,3109787.00000,6.28000,0.00000,0.00000,1.00000
-651951.16520,-893313.31537,183.95700,612902193.92060,15.35000,1303589.00000,8.13000,0.00000,0.00000,1.00000
-659471.78584,-890303.82267,223.61400,612902193.96759,14.52000,607089.00000,7.61000,0.00000,0.00000,1.00000
-646945.50762,-896216.83284,219.77500,612902194.01457,13.21000,622508.00000,6.53000,0.00000,0.00000,1.00000
-653154.14752,-893792.04538,185.15600,612902194.06155,12.02000,230040.00000,5.78000,0.00000,0.00000,1.00000
-653206.25263,-894106.89389,185.37600,612902194.10854,11.87000,155691.00000,4.82000,0.00000,0.00000,1.00000
-653494.24998,-894316.77427,186.25800,612902194.15552,11.62000,261311.00000,5.33000,0.00000,0.00000,1.00000
-653590.84014,-894611.83900,184.34600,612902194.20250,11.62000,304847.00000,5.18000,0.00000,0.00000,1.00000
-653640.24531,-894927.89724,182.24400,612902194.24949,12.17000,142087.00000,7.55000,0.00000,0.00000,1.00000
-653448.35840,-895351.32727,180.12400,612902194.29647,12.85000,254222.00000,10.53000,0.00000,0.00000,1.00000
-653121.67014,-895834.74003,180.10300,612902194.34346,13.44000,109476.00000,11.32000,0.00000,0.00000,1.00000
-653337.54812,-896076.72493,183.44900,612902194.39044,13.19000,274251.00000,7.98000,0.00000,0.00000,1.00000
-654367.61170,-895956.42360,184.24600,612902194.43743,13.82000,146311.00000,15.05000,0.00000,0.00000,1.00000
-655824.98563,-895645.96269,187.13300,612902194.48441,13.81000,114788.00000,15.96000,0.00000,0.00000,1.00000
-656582.76419,-895646.82136,188.92900,612902194.53139,12.16000,426256.00000,5.78000,0.00000,0.00000,1.00000
-654083.74210,-897096.84564,181.36200,612902194.57837,12.06000,390996.00000,5.15000,0.00000,0.00000,1.00000
-653269.03150,-897797.35530,184.63300,612902194.62536,11.99000,6683736.00000,4.40000,0.00000,0.00000,1.00000
-655392.39123,-897190.67672,173.13600,612902194.67234,11.47000,1158411.00000,3.42000,0.00000,0.00000,1.00000
-652860.25700,-898655.25080,195.07600,612902194.71932,11.26000,1752571.00000,4.03000,0.00000,0.00000,1.00000
-653008.70643,-898927.23258,193.96300,612902194.76630,11.63000,5627156.00000,4.37000,0.00000,0.00000,1.00000
-654084.59941,-898786.60444,185.21000,612902194.81329,11.89000,2447921.00000,4.88000,0.00000,0.00000,1.00000
-654478.41056,-898949.44064,188.28400,612902194.86027,11.35000,1738320.00000,3.92000,0.00000,0.00000,1.00000
-654816.93949,-899136.85642,192.35700,612902194.90725,11.25000,2109530.00000,3.46000,0.00000,0.00000,1.00000
-655109.63884,-899344.68029,196.34900,612902194.95423,11.76000,975221.00000,4.17000,0.00000,0.00000,1.00000
-655499.40147,-899509.33344,197.77700,612902195.00121,12.34000,981509.00000,4.84000,0.00000,0.00000,1.00000
-655498.21457,-899847.89738,197.74900,612902195.04820,12.47000,2579742.00000,4.08000,0.00000,0.00000,1.00000
-659410.46912,-898445.48072,217.23400,612902195.09518,12.65000,3062735.00000,5.09000,0.00000,0.00000,1.00000
-655828.80625,-900376.90077,193.98400,612902195.14216,12.85000,2031223.00000,4.96000,0.00000,0.00000,1.00000
-657021.37849,-900184.45576,194.66700,612902195.18914,12.55000,2136326.00000,6.27000,0.00000,0.00000,1.00000
-658952.70871,-899663.34866,201.60200,612902195.23612,11.95000,767966.00000,8.22000,0.00000,0.00000,1.00000
-659136.22590,-899919.78459,201.68000,612902195.28311,11.48000,3530480.00000,5.62000,0.00000,0.00000,1.00000
-656625.47483,-901374.67895,185.30400,612902195.33009,11.45000,725997.00000,8.07000,0.00000,0.00000,1.00000
-656599.99925,-901724.04423,186.05600,612902195.37707,10.41000,1922426.00000,4.34000,0.00000,0.00000,1.00000
-656003.56186,-902327.35382,187.16500,612902195.42405,9.23000,5063746.00000,2.06000,0.00000,0.00000,1.00000
-662030.36684,-899984.62065,254.95800,612902195.47103,8.79000,296082.00000,5.12000,0.00000,0.00000,1.00000
-661425.93167,-900591.58980,251.22200,612902195.51801,8.23000,310014.00000,2.90000,0.00000,0.00000,1.00000
-654861.32504,-903849.40385,191.48800,612902195.56499,7.47000,664784.00000,1.93000,0.00000,0.00000,1.00000
-661731.55871,-901131.79915,259.40500,612902195.61197,6.86000,2447879.00000,2.39000,0.00000,0.00000,1.00000
-661832.15585,-901425.13828,259.98800,612902195.65895,6.82000,428248.00000,5.03000,0.00000,0.00000,1.00000
-661568.77134,-901880.37712,257.71000,612902195.70594,7.07000,99822.00000,5.09000,0.00000,0.00000,1.00000
-661250.09767,-902360.18517,256.00800,612902195.75292,6.84000,183312.00000,4.91000,0.00000,0.00000,1.00000
-660932.75922,-902839.39825,256.23300,612902195.79989,6.54000,740718.00000,2.87000,0.00000,0.00000,1.00000
-660985.47025,-903154.01097,257.60000,612902195.84688,6.29000,1316606.00000,3.22000,0.00000,0.00000,1.00000
-661448.70964,-903286.05411,257.32300,612902195.89385,5.91000,1910896.00000,2.19000,0.00000,0.00000,1.00000
-661276.30229,-903700.80340,254.39200,612902195.94083,5.64000,1318932.00000,3.17000,0.00000,0.00000,1.00000
-662367.78998,-903553.44805,255.72300,612902195.98782,5.21000,4689231.00000,1.78000,0.00000,0.00000,1.00000
-663192.37093,-903524.80393,254.90700,612902196.03480,4.55000,2913033.00000,1.96000,0.00000,0.00000,1.00000
-659748.98546,-905394.17807,386.00000,612902196.08177,-6.64000,2325599.00000,16.80000,0.00000,0.00000,1.00000
-659381.81148,-905895.47960,387.60900,612902196.12875,-1.33000,176889.00000,7.11000,0.00000,0.00000,1.00000
-658719.44018,-906528.03551,383.39300,612902196.17573,-7.05000,2680851.00000,9.44000,0.00000,0.00000,1.00000
-658704.74078,-906872.59289,394.65600,612902196.22271,-6.93000,1948180.00000,9.60000,0.00000,0.00000,1.00000
-659070.15329,-907048.14334,394.98500,612902196.26969,-6.84000,2177603.00000,11.68000,0.00000,0.00000,1.00000
-656976.29161,-908317.07282,215.15100,612902196.31667,6.01000,3173968.00000,2.05000,0.00000,0.00000,1.00000
-659976.38459,-907321.29255,224.75100,612902196.36365,7.69000,6878948.00000,2.56000,0.00000,0.00000,1.00000
-661024.08807,-907193.49433,231.52200,612902196.41063,9.66000,1465499.00000,4.18000,0.00000,0.00000,1.00000
-636109.42030,-887917.57191,177.42400,613074845.02572,13.57000,1141886.00000,8.59000,0.00000,0.00000,1.00000
-636426.61762,-888117.66898,178.42600,613074845.07267,13.74000,997628.00000,7.55000,0.00000,0.00000,1.00000
-636440.79220,-888447.24931,177.33300,613074845.11963,13.97000,1160545.00000,6.73000,0.00000,0.00000,1.00000
-633319.65564,-890116.57427,179.56300,613074845.16658,13.81000,7544108.00000,5.57000,0.00000,0.00000,1.00000
-633213.81623,-890497.40814,179.26300,613074845.21354,14.16000,1796244.00000,6.53000,0.00000,0.00000,1.00000
-637018.15708,-889207.47383,182.53400,613074845.26050,14.38000,1395927.00000,9.16000,0.00000,0.00000,1.00000
-637545.50470,-889317.78944,184.64400,613074845.30745,14.61000,2305481.00000,10.12000,0.00000,0.00000,1.00000
-637387.49218,-889720.95867,180.96300,613074845.35441,14.28000,2373536.00000,9.43000,0.00000,0.00000,1.00000
-640099.68792,-888897.65977,205.78700,613074845.40136,13.80000,1285300.00000,6.19000,0.00000,0.00000,1.00000
-639698.35676,-889404.85161,197.41400,613074845.44832,13.98000,1950223.00000,6.66000,0.00000,0.00000,1.00000
-637593.39272,-890639.95657,174.84300,613074845.49528,14.28000,3230672.00000,7.51000,0.00000,0.00000,1.00000
-636451.65828,-891463.40708,168.21300,613074845.54223,14.47000,288804.00000,13.80000,0.00000,0.00000,1.00000
-635673.95822,-892131.31085,166.83000,613074845.58919,13.48000,284885.00000,9.04000,0.00000,0.00000,1.00000
-632949.83565,-893630.62364,181.15600,613074845.63614,12.18000,3920412.00000,4.57000,0.00000,0.00000,1.00000
-634852.06392,-893153.68006,180.14200,613074845.68310,11.64000,797197.00000,6.17000,0.00000,0.00000,1.00000
-635939.37834,-893024.81175,187.35300,613074845.73006,12.33000,375696.00000,7.24000,0.00000,0.00000,1.00000
-636269.42686,-893219.44381,189.55400,613074845.77701,12.52000,241861.00000,8.98000,0.00000,0.00000,1.00000
-636527.63198,-893444.79579,189.39500,613074845.82397,11.95000,293188.00000,7.09000,0.00000,0.00000,1.00000
-636629.22061,-893737.03340,186.43900,613074845.87092,11.47000,1570897.00000,3.86000,0.00000,0.00000,1.00000
-640220.35323,-892538.58333,187.35200,613074845.91788,11.64000,1065943.00000,6.02000,0.00000,0.00000,1.00000
-635551.69280,-894868.54883,167.73200,613074845.96484,11.88000,575498.00000,6.55000,0.00000,0.00000,1.00000
-633330.41569,-896152.86454,164.20200,613074846.01179,11.72000,3662788.00000,4.34000,0.00000,0.00000,1.00000
-633335.67370,-896486.21204,160.32200,613074846.05875,13.07000,575307.00000,6.38000,0.00000,0.00000,1.00000
-634141.01937,-896477.88365,160.77100,613074846.10570,12.86000,216867.00000,6.65000,0.00000,0.00000,1.00000
-633397.76501,-897130.89261,165.44300,613074846.15266,13.06000,236314.00000,8.53000,0.00000,0.00000,1.00000
-634488.54610,-897000.68080,160.56500,613074846.19962,13.49000,189777.00000,11.89000,0.00000,0.00000,1.00000
-635139.97563,-897058.09029,160.31200,613074846.24657,13.28000,314063.00000,8.60000,0.00000,0.00000,1.00000
-635328.32042,-897313.27201,161.10700,613074846.29353,12.89000,282826.00000,7.59000,0.00000,0.00000,1.00000
-635411.56217,-897613.33098,162.28600,613074846.34048,12.98000,110783.00000,7.41000,0.00000,0.00000,1.00000
-635202.57448,-898038.18206,165.63400,613074846.38744,12.89000,748361.00000,7.02000,0.00000,0.00000,1.00000
-635588.89714,-898208.82177,166.48000,613074846.43439,12.99000,370612.00000,7.84000,0.00000,0.00000,1.00000
-636041.67370,-898351.08819,170.60900,613074846.48135,12.59000,2005006.00000,5.72000,0.00000,0.00000,1.00000
-636122.20222,-898652.30735,175.26400,613074846.52830,11.74000,4292577.00000,3.85000,0.00000,0.00000,1.00000
-637967.67067,-898199.88385,175.74600,613074846.57526,10.78000,2919878.00000,3.59000,0.00000,0.00000,1.00000
-636309.03228,-899243.74248,191.43600,613074846.62221,10.72000,3306306.00000,3.02000,0.00000,0.00000,1.00000
-637054.02475,-899261.24582,193.07900,613074846.66917,10.79000,134891.00000,7.03000,0.00000,0.00000,1.00000
-638084.47238,-899156.87053,195.51200,613074846.71612,10.52000,217050.00000,6.13000,0.00000,0.00000,1.00000
-638739.29681,-899212.90608,200.46200,613074846.76307,10.07000,526816.00000,3.11000,0.00000,0.00000,1.00000
-638975.08128,-899447.85181,204.82800,613074846.81003,9.78000,3322837.00000,3.04000,0.00000,0.00000,1.00000
-639023.05389,-899762.97896,203.62900,613074846.85698,9.93000,608382.00000,3.54000,0.00000,0.00000,1.00000
-639253.42588,-900000.24713,203.11700,613074846.90393,10.49000,944200.00000,4.65000,0.00000,0.00000,1.00000
-639311.57142,-900311.05220,204.31600,613074846.95089,10.42000,577896.00000,5.44000,0.00000,0.00000,1.00000
-639231.37775,-900680.90167,206.77600,613074846.99784,9.60000,891019.00000,2.97000,0.00000,0.00000,1.00000
-639103.04508,-901071.30861,210.66500,613074847.04479,8.87000,319530.00000,2.21000,0.00000,0.00000,1.00000
-639264.92238,-901337.82344,212.07300,613074847.09175,8.45000,1698552.00000,1.95000,0.00000,0.00000,1.00000
-639167.09626,-901715.20198,215.73600,613074847.13870,8.22000,4729009.00000,1.29000,0.00000,0.00000,1.00000
-639163.52059,-902052.35233,222.89100,613074847.18565,7.95000,4554119.00000,1.41000,0.00000,0.00000,1.00000
-639901.74889,-902072.81884,215.37400,613074847.23260,7.67000,4161352.00000,1.14000,0.00000,0.00000,1.00000
-640077.86191,-902333.25723,213.84600,613074847.27956,7.42000,950552.00000,2.01000,0.00000,0.00000,1.00000
-640881.18981,-902325.93902,214.36600,613074847.32651,7.09000,213988.00000,3.38000,0.00000,0.00000,1.00000
-640332.43908,-902895.80289,205.95800,613074847.37346,7.15000,1335994.00000,2.99000,0.00000,0.00000,1.00000
-639817.57038,-903451.19943,201.88300,613074847.42041,7.24000,675785.00000,4.72000,0.00000,0.00000,1.00000
-637202.55351,-904902.94256,195.16900,613074847.46737,7.26000,1962486.00000,1.95000,0.00000,0.00000,1.00000
-637504.09448,-905109.83915,195.00700,613074847.51432,7.12000,1305524.00000,2.15000,0.00000,0.00000,1.00000
-640831.41481,-904025.30404,197.81700,613074847.56127,7.72000,1833950.00000,2.10000,0.00000,0.00000,1.00000
-640183.59922,-904637.41771,193.21500,613074847.60822,8.90000,1269561.00000,3.46000,0.00000,0.00000,1.00000
-640826.24940,-904698.74171,194.23400,613074847.65517,9.77000,509212.00000,3.52000,0.00000,0.00000,1.00000
-641322.42690,-904822.58592,194.30900,613074847.70212,10.16000,590122.00000,3.68000,0.00000,0.00000,1.00000
-641610.42084,-905035.29283,194.19500,613074847.74908,10.21000,984664.00000,3.57000,0.00000,0.00000,1.00000
-643056.64685,-904753.65112,204.48700,613074847.79603,10.12000,1006616.00000,4.66000,0.00000,0.00000,1.00000
-643792.20418,-904775.34800,209.48700,613074847.84298,10.14000,415920.00000,4.05000,0.00000,0.00000,1.00000
-642836.52710,-905518.87308,196.89500,613074847.88993,9.97000,2783887.00000,3.88000,0.00000,0.00000,1.00000
-642859.37374,-905844.75981,194.39900,613074847.93688,10.19000,1159225.00000,5.32000,0.00000,0.00000,1.00000
-642838.80590,-906189.15932,192.50900,613074847.98384,10.52000,1122250.00000,7.18000,0.00000,0.00000,1.00000
-642899.62005,-906498.84160,191.55600,613074848.03079,10.95000,620268.00000,7.84000,0.00000,0.00000,1.00000
-643348.35034,-906642.99072,191.24800,613074848.07774,11.07000,160939.00000,10.43000,0.00000,0.00000,1.00000
-643552.25575,-906891.60586,190.12500,613074848.12469,11.07000,152172.00000,9.20000,0.00000,0.00000,1.00000
-643490.30591,-907253.67568,189.24600,613074848.17165,11.30000,2697267.00000,5.47000,0.00000,0.00000,1.00000
-643074.36834,-907766.81503,178.88900,613074848.21860,11.35000,1762073.00000,4.18000,0.00000,0.00000,1.00000
-643330.47929,-907993.17529,184.53800,613074848.26555,11.34000,1854904.00000,4.24000,0.00000,0.00000,1.00000
-643115.24221,-908420.64862,184.63600,613074848.31251,11.66000,350299.00000,8.64000,0.00000,0.00000,1.00000
-644152.65399,-908313.63108,187.53400,613074848.35946,11.26000,334450.00000,8.37000,0.00000,0.00000,1.00000
-645361.65474,-908133.39241,191.40300,613074848.40641,10.80000,1307871.00000,4.20000,0.00000,0.00000,1.00000
-645961.66495,-908213.01627,187.65000,613074848.45336,10.42000,3065937.00000,3.34000,0.00000,0.00000,1.00000
-643392.35885,-909644.96406,160.97700,613074848.50032,10.32000,1913398.00000,3.31000,0.00000,0.00000,1.00000
-642771.50295,-910245.48183,151.83100,613074848.54727,11.33000,570080.00000,7.98000,0.00000,0.00000,1.00000
-643241.94986,-910380.40160,150.83400,613074848.59422,12.24000,88779.00000,10.12000,0.00000,0.00000,1.00000
-642411.47287,-911070.32722,149.27100,613074848.64118,12.75000,658817.00000,10.47000,0.00000,0.00000,1.00000
-642574.65514,-911336.32944,148.20700,613074848.68813,12.70000,411519.00000,12.11000,0.00000,0.00000,1.00000
-643672.51180,-911203.60851,148.20200,613074848.73508,12.13000,252141.00000,11.44000,0.00000,0.00000,1.00000
-643964.57264,-911414.64950,149.15800,613074848.78203,10.71000,356863.00000,8.13000,0.00000,0.00000,1.00000
-644009.06246,-911731.31174,149.37000,613074848.82899,10.12000,1680114.00000,7.04000,0.00000,0.00000,1.00000
-644776.30887,-912075.27502,154.93700,613074848.92289,8.60000,3925938.00000,4.60000,0.00000,0.00000,1.00000
-649823.35251,-911600.46984,191.32700,613074849.15764,6.37000,282703.00000,6.52000,0.00000,0.00000,1.00000
-663939.04509,-886133.89143,262.08500,614664118.17866,11.44000,841994.00000,3.89000,0.00000,0.00000,0.00000
-661908.29452,-886605.85994,255.89900,614664118.36535,11.08000,2967969.00000,2.18000,0.00000,0.00000,0.00000
-661758.81830,-886309.02758,253.72200,614664118.41201,11.26000,616095.00000,2.22000,0.00000,0.00000,0.00000
-661415.53127,-886236.60661,251.27900,614664118.45869,11.51000,292335.00000,3.39000,0.00000,0.00000,0.00000
-661345.22385,-885848.12213,249.62400,614664118.50536,11.42000,391183.00000,2.55000,0.00000,0.00000,0.00000
-662749.54104,-883752.12124,252.86500,614664118.55203,11.38000,3605000.00000,1.67000,0.00000,0.00000,0.00000
-661487.68183,-884743.39629,254.24800,614664118.59870,11.75000,2711552.00000,3.16000,0.00000,0.00000,0.00000
-661912.42517,-883781.69450,252.44000,614664118.64537,12.19000,350803.00000,5.16000,0.00000,0.00000,0.00000
-661450.22272,-883847.01630,253.87100,614664118.69204,12.14000,331692.00000,7.05000,0.00000,0.00000,0.00000
-661055.65107,-883834.01177,254.67600,614664118.73871,11.88000,587610.00000,5.28000,0.00000,0.00000,0.00000
-656042.13361,-879772.08144,246.37500,614664119.71881,14.70000,1214788.00000,5.11000,0.00000,0.00000,0.00000
-664907.52124,-902780.85107,259.29900,614836769.14058,8.62000,1416940.00000,2.34000,0.00000,0.00000,0.00000
-664599.26866,-902665.62816,259.91700,614836769.18720,8.18000,640756.00000,2.88000,0.00000,0.00000,0.00000
-664263.21910,-902581.62389,259.77700,614836769.23382,7.92000,423827.00000,4.00000,0.00000,0.00000,0.00000
-663936.44042,-902487.21221,259.90300,614836769.28044,7.92000,248883.00000,5.38000,0.00000,0.00000,0.00000
-663625.27023,-902375.26805,259.71900,614836769.32706,7.82000,120565.00000,7.10000,0.00000,0.00000,0.00000
-663325.30800,-902250.71238,259.77100,614836769.37368,7.93000,167658.00000,7.51000,0.00000,0.00000,0.00000
-663012.19310,-902140.95699,259.86900,614836769.42030,8.10000,140774.00000,9.19000,0.00000,0.00000,0.00000
-662709.30676,-902019.68183,260.58200,614836769.46693,8.43000,268998.00000,8.97000,0.00000,0.00000,0.00000
-662526.36604,-901763.62397,261.39400,614836769.51355,8.22000,243814.00000,7.47000,0.00000,0.00000,0.00000
-662396.08862,-901448.39679,261.91500,614836769.56017,8.10000,666810.00000,5.41000,0.00000,0.00000,0.00000
-662384.78480,-900999.48277,255.81900,614836769.60679,8.24000,2239948.00000,5.33000,0.00000,0.00000,0.00000
-662430.52764,-900486.47494,257.13600,614836769.65341,7.81000,2939201.00000,5.17000,0.00000,0.00000,0.00000
-662174.46406,-900312.60269,256.93400,614836769.70003,7.43000,1068141.00000,4.83000,0.00000,0.00000,0.00000
-661970.10343,-900080.66397,254.17400,614836769.74665,7.17000,1093652.00000,4.52000,0.00000,0.00000,0.00000
-661864.71723,-899737.50400,251.51800,614836769.79327,6.72000,1010050.00000,2.69000,0.00000,0.00000,0.00000
-661726.66820,-899431.04470,247.80800,614836769.83989,6.49000,2719714.00000,1.97000,0.00000,0.00000,0.00000
-661022.05401,-899761.20568,235.76000,614836769.88651,6.70000,5261762.00000,1.96000,0.00000,0.00000,0.00000
-662206.28995,-897045.85064,221.41700,614836770.02637,7.94000,449439.00000,3.05000,0.00000,0.00000,0.00000
-662146.77014,-896651.19165,219.29600,614836770.07299,8.83000,1912235.00000,3.31000,0.00000,0.00000,0.00000
-661305.08474,-897135.40115,234.93900,614836770.11961,9.36000,1353384.00000,2.10000,0.00000,0.00000,0.00000
-660266.98038,-897840.26109,215.87900,614836770.16623,9.56000,2281891.00000,1.62000,0.00000,0.00000,0.00000
-660333.25433,-897304.26320,220.16500,614836770.21285,9.60000,2789045.00000,1.44000,0.00000,0.00000,0.00000
-657515.67325,-900008.22858,195.98800,614836770.25947,9.80000,1814919.00000,1.34000,0.00000,0.00000,0.00000
-660246.28881,-896478.89381,257.50600,614836770.30609,9.93000,434154.00000,1.50000,0.00000,0.00000,0.00000
-660088.75402,-896194.37266,260.21200,614836770.35271,10.05000,282275.00000,2.40000,0.00000,0.00000,0.00000
-656014.56118,-900309.91416,191.70000,614836770.39934,10.08000,950417.00000,3.94000,0.00000,0.00000,0.00000
-655601.49276,-900312.39605,193.33400,614836770.44596,10.24000,1130263.00000,4.11000,0.00000,0.00000,0.00000
-655350.81489,-900132.42908,195.28500,614836770.49258,10.49000,819073.00000,4.95000,0.00000,0.00000,0.00000
-655892.63780,-899062.27755,194.62000,614836770.53920,11.05000,408662.00000,5.39000,0.00000,0.00000,0.00000
-654927.02463,-899685.40616,199.08200,614836770.58582,11.62000,109188.00000,7.27000,0.00000,0.00000,0.00000
-654104.79304,-900147.44473,206.04500,614836770.63244,11.47000,4758482.00000,4.30000,0.00000,0.00000,0.00000
-655099.15664,-898569.01819,184.72000,614836770.67907,11.76000,516239.00000,4.54000,0.00000,0.00000,0.00000
-654669.02947,-898590.66687,185.44900,614836770.72569,12.26000,1376841.00000,5.24000,0.00000,0.00000,0.00000
-654129.65394,-898734.99236,188.95700,614836770.77231,12.75000,1153291.00000,6.84000,0.00000,0.00000,0.00000
-654002.38758,-898416.43771,190.01900,614836770.81893,13.05000,1835239.00000,4.80000,0.00000,0.00000,0.00000
-656292.10095,-895383.07874,186.14700,614836770.86555,13.35000,3481713.00000,4.63000,0.00000,0.00000,0.00000
-654219.44969,-897249.67191,179.95700,614836770.91218,13.38000,1020574.00000,5.27000,0.00000,0.00000,0.00000
-653854.19048,-897198.43991,182.04300,614836770.95880,13.14000,1532169.00000,7.27000,0.00000,0.00000,0.00000
-654530.66545,-895977.17030,184.30000,614836771.00542,13.08000,2202008.00000,5.78000,0.00000,0.00000,0.00000
-653878.63999,-896248.02254,184.81100,614836771.05204,12.98000,1800112.00000,5.17000,0.00000,0.00000,0.00000
-654565.84096,-895014.73197,153.10100,614836771.09867,13.24000,1833217.00000,6.50000,0.00000,0.00000,0.00000
-653884.07816,-895319.00104,182.72700,614836771.14529,13.90000,316908.00000,7.62000,0.00000,0.00000,0.00000
-653855.83554,-894889.28069,181.05300,614836771.19191,14.08000,743216.00000,8.09000,0.00000,0.00000,0.00000
-653206.73699,-895156.82777,180.83700,614836771.23854,14.07000,2342703.00000,6.66000,0.00000,0.00000,0.00000
-653014.62481,-894911.14160,179.45700,614836771.28516,14.45000,1367090.00000,6.78000,0.00000,0.00000,0.00000
-653281.93435,-894149.47852,185.22100,614836771.33179,14.90000,1695558.00000,4.98000,0.00000,0.00000,0.00000
-653163.96283,-893820.54726,185.12000,614836771.37841,14.93000,1025407.00000,5.94000,0.00000,0.00000,0.00000
-652962.59745,-893585.27097,185.02700,614836771.42503,14.98000,802272.00000,6.24000,0.00000,0.00000,0.00000
-652551.02359,-893586.05775,184.21900,614836771.47166,14.92000,327206.00000,7.85000,0.00000,0.00000,0.00000
-652748.11407,-892903.29499,184.01400,614836771.51828,14.67000,199700.00000,11.27000,0.00000,0.00000,0.00000
-652735.49155,-892456.05400,184.22700,614836771.56491,14.78000,120183.00000,11.00000,0.00000,0.00000,0.00000
-652681.90848,-892054.82935,185.04700,614836771.61153,14.56000,388286.00000,8.23000,0.00000,0.00000,0.00000
-652580.52349,-891707.27143,186.35600,614836771.65816,14.19000,343546.00000,6.42000,0.00000,0.00000,0.00000
-652094.83599,-891791.30099,186.56500,614836771.70478,13.62000,2145846.00000,5.57000,0.00000,0.00000,0.00000
-651573.05049,-891915.84228,185.64200,614836771.75141,13.38000,743589.00000,4.37000,0.00000,0.00000,0.00000
-650681.08133,-892456.05841,184.57400,614836771.79803,13.18000,462371.00000,4.77000,0.00000,0.00000,0.00000
-649995.40444,-892764.59394,183.63300,614836771.84466,12.94000,419537.00000,4.46000,0.00000,0.00000,0.00000
-652711.06405,-889253.79194,206.76200,614836771.89128,12.98000,735001.00000,5.59000,0.00000,0.00000,0.00000
-652013.25040,-889576.04297,205.74800,614836771.93791,12.98000,767195.00000,5.15000,0.00000,0.00000,0.00000
-651335.42924,-889875.82032,205.06300,614836771.98453,12.94000,2523761.00000,5.85000,0.00000,0.00000,0.00000
-651771.51203,-888924.79903,210.16700,614836772.03116,13.02000,338884.00000,6.01000,0.00000,0.00000,0.00000
-650120.22532,-890317.61032,202.98600,614836772.07778,12.89000,224304.00000,6.93000,0.00000,0.00000,0.00000
-649756.48964,-890264.69011,202.03100,614836772.12441,12.32000,238589.00000,5.88000,0.00000,0.00000,0.00000
-649270.32671,-890349.20858,200.91600,614836772.17103,11.89000,502430.00000,4.22000,0.00000,0.00000,0.00000
-650458.96612,-888553.29199,224.67900,614836772.21765,11.55000,1051546.00000,2.51000,0.00000,0.00000,0.00000
-650029.89370,-888573.75381,225.17500,614836772.26428,11.51000,284124.00000,3.30000,0.00000,0.00000,0.00000
-649670.56054,-888515.89601,224.56700,614836772.31090,11.69000,280128.00000,3.65000,0.00000,0.00000,0.00000
-649192.72325,-888591.10131,222.06000,614836772.35753,11.66000,499523.00000,2.91000,0.00000,0.00000,0.00000
-648768.52330,-888606.05588,218.56900,614836772.40415,11.62000,680378.00000,3.85000,0.00000,0.00000,0.00000
-648369.69108,-888592.53905,214.39000,614836772.45078,11.74000,502671.00000,4.13000,0.00000,0.00000,0.00000
-647910.37427,-888646.91307,208.54900,614836772.49740,12.33000,833078.00000,5.21000,0.00000,0.00000,0.00000
-647283.75421,-888889.09084,204.01200,614836772.54402,13.07000,346453.00000,8.19000,0.00000,0.00000,0.00000
-646226.92794,-889614.20663,202.75900,614836772.59065,13.30000,338036.00000,7.82000,0.00000,0.00000,0.00000
-645480.77510,-889990.51731,199.77000,614836772.63727,13.41000,1434597.00000,6.35000,0.00000,0.00000,0.00000
-647181.26058,-887620.33232,191.39600,614836772.68389,14.28000,302259.00000,7.41000,0.00000,0.00000,0.00000
-647017.53103,-887342.88818,188.58500,614836772.73052,15.27000,432061.00000,8.64000,0.00000,0.00000,0.00000
-647022.56357,-886875.99156,188.23300,614836772.77714,15.51000,268738.00000,11.69000,0.00000,0.00000,0.00000
-647243.67028,-886166.52921,189.77600,614836772.82377,15.10000,214021.00000,14.20000,0.00000,0.00000,0.00000
-646926.79066,-886061.02741,191.76700,614836772.87039,13.89000,748833.00000,7.16000,0.00000,0.00000,0.00000
-645942.64861,-886704.52793,192.93100,614836772.91701,13.11000,1896299.00000,4.92000,0.00000,0.00000,0.00000
-646574.47809,-885534.06476,189.19300,614836772.96364,12.28000,4395152.00000,2.32000,0.00000,0.00000,0.00000
-646828.76524,-884787.40313,193.15100,614836773.01026,11.60000,835403.00000,2.09000,0.00000,0.00000,0.00000
-644460.85025,-886984.14791,223.26300,614836773.05688,11.02000,1342294.00000,1.74000,0.00000,0.00000,0.00000
-644058.62608,-886974.40684,228.73000,614836773.10351,10.70000,520731.00000,2.56000,0.00000,0.00000,0.00000
-643725.17428,-886887.46793,231.30800,614836773.15013,10.89000,343773.00000,3.87000,0.00000,0.00000,0.00000
-643509.75845,-886668.04424,230.42600,614836773.19675,11.63000,191784.00000,6.28000,0.00000,0.00000,0.00000
-643928.92989,-885736.39319,228.54500,614836773.24338,12.12000,103728.00000,8.58000,0.00000,0.00000,0.00000
-644331.99729,-884822.81589,231.09500,614836773.29000,11.96000,603862.00000,5.08000,0.00000,0.00000,0.00000
-644143.42100,-884573.29958,234.59100,614836773.33662,11.82000,4787410.00000,3.98000,0.00000,0.00000,0.00000
-643905.58950,-884379.07935,236.70500,614836773.38324,11.59000,2699834.00000,3.41000,0.00000,0.00000,0.00000
-643132.68553,-884785.36829,230.51700,614836773.42987,11.50000,1033093.00000,2.91000,0.00000,0.00000,0.00000
-649631.36348,-908742.81998,205.10000,615009422.96586,2.58000,1407250.00000,2.20000,0.00000,0.00000,0.00000
-649414.37439,-908525.81725,207.99600,615009423.01243,3.20000,2363907.00000,2.34000,0.00000,0.00000,0.00000
-649144.86860,-908366.04835,209.53100,615009423.05901,3.95000,2279844.00000,2.10000,0.00000,0.00000,0.00000
-647892.82838,-909276.94130,179.48500,615009423.10558,4.85000,1608407.00000,2.47000,0.00000,0.00000,0.00000
-648585.14829,-908069.07098,179.90600,615009423.15215,5.82000,856553.00000,2.31000,0.00000,0.00000,0.00000
-648455.82590,-907756.56067,201.65200,615009423.19873,6.74000,4748423.00000,2.02000,0.00000,0.00000,0.00000
-648325.56576,-907445.05214,202.09900,615009423.24530,7.53000,1556966.00000,2.64000,0.00000,0.00000,0.00000
-648033.77185,-907309.55662,202.05600,615009423.29188,8.27000,680103.00000,2.67000,0.00000,0.00000,0.00000
-647668.15253,-907254.52260,201.85000,615009423.33845,8.78000,374893.00000,2.89000,0.00000,0.00000,0.00000
-643945.10112,-910857.46418,146.49100,615009423.38503,9.05000,654748.00000,4.08000,0.00000,0.00000,0.00000
-646686.16592,-907417.60725,200.01200,615009423.43160,9.25000,301389.00000,2.91000,0.00000,0.00000,0.00000
-646310.13842,-907373.88477,199.47300,615009423.47818,9.50000,190138.00000,2.89000,0.00000,0.00000,0.00000
-643065.70527,-910455.16035,148.27400,615009423.52475,9.66000,1617657.00000,2.72000,0.00000,0.00000,0.00000
-647867.38358,-904770.31938,176.56000,615009423.57132,9.75000,2494555.00000,2.46000,0.00000,0.00000,0.00000
-644985.33038,-907457.01123,191.55500,615009423.61790,10.06000,481471.00000,2.63000,0.00000,0.00000,0.00000
-644719.81001,-907292.86875,188.46800,615009423.66447,10.40000,199581.00000,6.24000,0.00000,0.00000,0.00000
-644719.91002,-906839.35893,190.23500,615009423.71105,10.62000,325540.00000,5.21000,0.00000,0.00000,0.00000
-644679.87979,-906429.59472,192.51000,615009423.75762,10.71000,643633.00000,5.24000,0.00000,0.00000,0.00000
-644123.96802,-906581.81166,190.93400,615009423.80420,10.44000,897903.00000,4.14000,0.00000,0.00000,0.00000
-643912.97832,-906358.29635,191.33300,615009423.85077,10.16000,2544816.00000,2.01000,0.00000,0.00000,0.00000
-641126.90164,-908939.83882,176.56000,615009423.89735,10.35000,1297311.00000,2.07000,0.00000,0.00000,0.00000
-643371.56513,-906041.35478,191.47100,615009423.94392,10.32000,1614736.00000,2.54000,0.00000,0.00000,0.00000
-643111.51428,-905871.27242,191.80600,615009423.99049,10.29000,492594.00000,4.00000,0.00000,0.00000,0.00000
-642619.04414,-905954.36992,192.31200,615009424.03707,9.99000,806274.00000,6.61000,0.00000,0.00000,0.00000
-642426.89374,-905710.33111,196.02000,615009424.08364,9.58000,748281.00000,3.53000,0.00000,0.00000,0.00000
-642369.53430,-905319.46049,200.56900,615009424.13022,9.29000,236405.00000,4.49000,0.00000,0.00000,0.00000
-642131.80058,-905125.08514,200.95400,615009424.17679,9.24000,262417.00000,7.45000,0.00000,0.00000,0.00000
-641921.82336,-904900.47775,199.41500,615009424.22336,8.84000,442447.00000,3.43000,0.00000,0.00000,0.00000
-641253.93644,-905174.64786,193.70500,615009424.26994,8.91000,376926.00000,5.72000,0.00000,0.00000,0.00000
-641137.62521,-904848.01374,192.68100,615009424.31651,8.77000,870611.00000,3.38000,0.00000,0.00000,0.00000
-640760.14402,-904805.85115,191.70800,615009424.36308,8.88000,1860398.00000,2.57000,0.00000,0.00000,0.00000
-640465.91849,-904672.99774,192.86200,615009424.40965,9.01000,1831363.00000,2.13000,0.00000,0.00000,0.00000
-640156.34076,-904556.88249,193.14100,615009424.45623,8.76000,574922.00000,2.83000,0.00000,0.00000,0.00000
-639481.99892,-904838.03115,190.74000,615009424.50280,8.47000,2373005.00000,2.35000,0.00000,0.00000,0.00000
-638542.48364,-905407.93058,189.50500,615009424.54937,8.45000,2188107.00000,2.41000,0.00000,0.00000,0.00000
-640484.92360,-902839.15858,203.90900,615009424.59595,8.57000,1076788.00000,2.71000,0.00000,0.00000,0.00000
-639882.96439,-903041.49625,202.03500,615009424.64252,8.81000,1645688.00000,4.48000,0.00000,0.00000,0.00000
-639929.22325,-902537.84066,206.26100,615009424.68909,8.68000,2400747.00000,1.99000,0.00000,0.00000,0.00000
-637474.65648,-904757.66628,194.34600,615009424.73566,8.43000,1407517.00000,2.56000,0.00000,0.00000,0.00000
-637148.22544,-904659.86648,194.48400,615009424.78224,8.28000,782419.00000,2.80000,0.00000,0.00000,0.00000
-636510.53620,-904900.99709,196.02000,615009424.82881,7.62000,554868.00000,3.15000,0.00000,0.00000,0.00000
-639004.67580,-901731.69228,213.15600,615009424.87539,6.70000,4230849.00000,1.53000,0.00000,0.00000,0.00000
-639547.05367,-900687.77493,204.03200,615009424.92196,6.21000,2480399.00000,2.05000,0.00000,0.00000,0.00000
-639064.53955,-900760.01250,203.91400,615009424.96853,6.31000,1041467.00000,2.60000,0.00000,0.00000,0.00000
-638516.11053,-900904.01554,201.72400,615009425.01511,6.57000,1761777.00000,3.62000,0.00000,0.00000,0.00000
-637985.52134,-901028.58314,199.70400,615009425.06168,7.57000,453878.00000,10.70000,0.00000,0.00000,0.00000
-637983.74520,-900577.29519,199.91600,615009425.10826,8.54000,156019.00000,11.23000,0.00000,0.00000,0.00000
-637671.72007,-900463.85009,197.74900,615009425.15483,9.45000,758156.00000,11.15000,0.00000,0.00000,0.00000
-637471.70849,-900228.44601,199.42700,615009425.20141,8.40000,251068.00000,6.40000,0.00000,0.00000,0.00000
-636872.22360,-900428.00283,198.21700,615009425.24798,7.74000,431908.00000,4.90000,0.00000,0.00000,0.00000
-636332.21779,-900562.79956,196.53300,615009425.29455,8.14000,89246.00000,5.76000,0.00000,0.00000,0.00000
-636038.03446,-900429.90754,195.63500,615009425.34113,8.46000,132372.00000,4.46000,0.00000,0.00000,0.00000
-635966.39235,-900054.71160,194.73100,615009425.38770,8.70000,172148.00000,4.71000,0.00000,0.00000,0.00000
-635688.57470,-899904.01546,195.31700,615009425.43428,8.97000,407954.00000,2.88000,0.00000,0.00000,0.00000
-635329.96590,-899841.27700,195.40800,615009425.48085,9.33000,681086.00000,2.14000,0.00000,0.00000,0.00000
-634539.62696,-900248.56306,173.65200,615009425.52743,9.87000,8781775.00000,1.47000,0.00000,0.00000,0.00000
-633540.08649,-900883.57925,166.27700,615009425.57400,10.23000,1559680.00000,1.66000,0.00000,0.00000,0.00000
-633948.29031,-899985.99460,167.87500,615009425.62058,10.64000,3690233.00000,1.79000,0.00000,0.00000,0.00000
-633442.48083,-900083.48369,183.22700,615009425.66715,10.89000,5111897.00000,2.20000,0.00000,0.00000,0.00000
-632856.84883,-900267.86501,182.43600,615009425.71373,11.09000,975240.00000,3.59000,0.00000,0.00000,0.00000
-632252.86963,-900472.18615,184.72200,615009425.76030,11.38000,1033877.00000,3.68000,0.00000,0.00000,0.00000
-631890.78390,-900413.16586,186.96800,615009425.80688,11.50000,896737.00000,2.51000,0.00000,0.00000,0.00000
-631673.45587,-900196.59210,190.39800,615009425.85345,11.37000,1440894.00000,1.71000,0.00000,0.00000,0.00000
-633381.81419,-897883.71993,163.02000,615009425.90003,11.28000,2050965.00000,2.12000,0.00000,0.00000,0.00000
-633198.67850,-897629.93018,164.57400,615009425.94660,11.13000,1839793.00000,2.49000,0.00000,0.00000,0.00000
-633113.69544,-897269.30466,166.82100,615009425.99318,10.81000,1495865.00000,3.03000,0.00000,0.00000,0.00000
-633379.64849,-896526.64704,170.34700,615009426.03976,10.65000,1465046.00000,2.92000,0.00000,0.00000,0.00000
-633661.46322,-895766.74295,174.86700,615009426.08633,10.87000,814775.00000,4.29000,0.00000,0.00000,0.00000
-633693.95805,-895278.25236,176.16800,615009426.13291,11.49000,2762281.00000,6.43000,0.00000,0.00000,0.00000
-633338.34206,-895212.26736,181.23000,615009426.17948,10.50000,361734.00000,5.85000,0.00000,0.00000,0.00000
-632942.09274,-895190.52163,183.53100,615009426.22606,9.67000,186368.00000,6.28000,0.00000,0.00000,0.00000
-632672.23207,-895031.17055,186.32600,615009426.27264,9.29000,282471.00000,4.82000,0.00000,0.00000,0.00000
-632426.66695,-894845.38373,188.57500,615009426.31921,9.49000,187532.00000,3.15000,0.00000,0.00000,0.00000
-632178.13896,-894662.83486,188.54300,615009426.36579,9.84000,440391.00000,2.43000,0.00000,0.00000,0.00000
-628365.53801,-897453.27303,144.49400,615009426.50552,10.69000,488364.00000,2.99000,0.00000,0.00000,0.00000
-631721.86590,-893347.19023,177.77400,615009426.55209,10.87000,333961.00000,2.99000,0.00000,0.00000,0.00000
-662883.42133,-882008.07490,267.03200,615230037.84521,12.94000,128475.00000,7.72000,0.00000,0.00000,1.00000
-662916.59723,-882664.84670,257.59100,615230037.93797,13.76000,1125423.00000,7.33000,0.00000,0.00000,1.00000
-663109.49510,-882912.53205,256.87100,615230037.98435,14.07000,2156103.00000,6.29000,0.00000,0.00000,1.00000
-663797.17172,-882933.74274,259.10800,615230038.03073,13.81000,2340929.00000,5.60000,0.00000,0.00000,1.00000
-663106.10663,-883586.04930,254.26900,615230038.07711,13.31000,1233070.00000,6.46000,0.00000,0.00000,1.00000
-662968.24879,-883985.12564,253.42600,615230038.12349,12.96000,959618.00000,6.79000,0.00000,0.00000,1.00000
-664459.54444,-883638.54199,261.78600,615230038.16987,12.51000,1352898.00000,6.24000,0.00000,0.00000,1.00000
-664685.63536,-883871.05161,265.20200,615230038.21625,12.34000,1504266.00000,7.48000,0.00000,0.00000,1.00000
-662799.07812,-885070.48573,247.02900,615230038.26263,12.57000,1993184.00000,4.43000,0.00000,0.00000,1.00000
-663682.03327,-885002.35858,249.94300,615230038.30901,13.60000,1221700.00000,6.46000,0.00000,0.00000,1.00000
-663690.27777,-885334.57350,251.02700,615230038.35539,13.93000,3942132.00000,5.21000,0.00000,0.00000,1.00000
-662597.29408,-886170.72734,252.19200,615230038.40177,13.44000,1920149.00000,5.82000,0.00000,0.00000,1.00000
-663118.27854,-886268.29226,255.08500,615230038.44815,12.78000,1382897.00000,4.25000,0.00000,0.00000,1.00000
-661567.66563,-887313.80838,268.16000,615230038.49453,12.37000,7381935.00000,3.01000,0.00000,0.00000,1.00000
-662068.04732,-887420.80088,270.16100,615230038.54091,12.22000,1782139.00000,4.06000,0.00000,0.00000,1.00000
-662672.70401,-887480.07736,270.63200,615230038.58729,12.44000,318227.00000,5.12000,0.00000,0.00000,1.00000
-663343.11539,-887509.27119,272.31400,615230038.63367,12.50000,1292043.00000,4.59000,0.00000,0.00000,1.00000
-663749.84896,-887659.12303,274.15400,615230038.68005,11.96000,872363.00000,4.91000,0.00000,0.00000,1.00000
-664154.58749,-887809.88727,275.49600,615230038.72643,11.68000,919600.00000,3.60000,0.00000,0.00000,1.00000
-664439.78538,-888015.36966,274.93800,615230038.77281,11.41000,2521840.00000,2.23000,0.00000,0.00000,1.00000
-663312.88976,-888866.94021,242.58700,615230038.81919,11.52000,706284.00000,2.86000,0.00000,0.00000,1.00000
-663068.68261,-889314.62989,242.54000,615230038.86557,12.14000,1536291.00000,8.37000,0.00000,0.00000,1.00000
-664103.13739,-889177.30560,242.40800,615230038.91195,13.41000,509521.00000,11.86000,0.00000,0.00000,1.00000
-664068.82753,-889528.96509,241.66500,615230038.95833,13.92000,295762.00000,11.25000,0.00000,0.00000,1.00000
-663876.42311,-889952.95976,244.66600,615230039.00470,13.74000,297908.00000,6.01000,0.00000,0.00000,1.00000
-662868.30575,-890750.09964,250.43500,615230039.05108,13.55000,314238.00000,6.29000,0.00000,0.00000,1.00000
-664414.24413,-890378.82994,250.70900,615230039.09746,13.30000,942965.00000,6.91000,0.00000,0.00000,1.00000
-664177.32207,-890823.17325,250.39900,615230039.14384,12.69000,755385.00000,4.95000,0.00000,0.00000,1.00000
-663907.18257,-891282.70424,251.73600,615230039.19022,12.50000,735395.00000,5.03000,0.00000,0.00000,1.00000
-665138.93101,-891055.20236,264.00300,615230039.23660,12.00000,2197684.00000,3.67000,0.00000,0.00000,1.00000
-664642.95728,-891618.06530,260.61200,615230039.28298,11.84000,247802.00000,4.92000,0.00000,0.00000,1.00000
-663611.56002,-892425.80349,263.03700,615230039.32936,12.07000,291679.00000,3.58000,0.00000,0.00000,1.00000
-666712.20965,-891679.41541,235.45900,615230039.42212,13.22000,1532727.00000,5.53000,0.00000,0.00000,1.00000
-661090.57294,-894922.53987,251.55200,615230039.51488,12.54000,3401082.00000,3.99000,0.00000,0.00000,1.00000
-666587.03479,-893416.55810,219.59100,615230039.65401,12.24000,2042477.00000,3.15000,0.00000,0.00000,1.00000
-666473.80103,-894140.30117,228.40600,615230039.74677,12.20000,2342090.00000,3.24000,0.00000,0.00000,1.00000
-667065.31649,-895549.64211,227.01500,615230039.97866,12.85000,1034354.00000,3.71000,0.00000,0.00000,1.00000
-667206.99386,-895820.81854,228.71200,615230040.02504,13.06000,615144.00000,5.92000,0.00000,0.00000,1.00000
-667601.13255,-895976.55184,231.22500,615230040.07142,13.58000,292022.00000,7.68000,0.00000,0.00000,1.00000
-667529.70883,-896681.14242,230.41000,615230040.16418,13.77000,2488774.00000,5.20000,0.00000,0.00000,1.00000
-665287.08487,-900058.17915,245.94100,615230040.48883,13.12000,635022.00000,6.06000,0.00000,0.00000,1.00000
