-665324.57374,-896272.96151,238.83200,497229958.65507,12.32000,245862.00000,5.02000,0.00000,0.00000,0.00000
-665547.10530,-895552.23670,235.71800,497229958.70134,12.42000,535491.00000,5.16000,0.00000,0.00000,0.00000
-666147.64871,-894396.74958,230.88500,497229958.74761,12.56000,337311.00000,4.79000,0.00000,0.00000,0.00000
-667007.15202,-891084.37098,237.71200,497229958.97898,13.14000,1157267.00000,5.53000,0.00000,0.00000,0.00000
-666918.66458,-890721.39764,245.00600,497229959.02525,12.64000,1025376.00000,4.04000,0.00000,0.00000,0.00000
-665676.10636,-891685.71847,254.97600,497229959.07152,12.53000,907301.00000,4.50000,0.00000,0.00000,0.00000
-665900.54524,-890962.85838,257.00900,497229959.11780,12.55000,457050.00000,5.65000,0.00000,0.00000,0.00000
-665038.84181,-891489.12961,258.41200,497229959.16407,12.70000,403790.00000,6.81000,0.00000,0.00000,0.00000
-665213.04334,-890824.06524,256.09200,497229959.21034,12.79000,293832.00000,7.66000,0.00000,0.00000,0.00000
-666279.12096,-889133.31433,254.15200,497229959.25661,12.56000,585678.00000,4.17000,0.00000,0.00000,0.00000
-664799.23054,-890370.52265,249.21800,497229959.30289,12.55000,1755719.00000,5.26000,0.00000,0.00000,0.00000
-664726.54300,-889989.39386,247.04000,497229959.34916,12.74000,1805322.00000,5.37000,0.00000,0.00000,0.00000
-664198.33987,-890132.10611,247.99800,497229959.39543,12.70000,453860.00000,5.33000,0.00000,0.00000,0.00000
-663708.89049,-890230.24716,246.79900,497229959.44170,12.74000,351198.00000,5.48000,0.00000,0.00000,0.00000
-663139.05445,-890420.82562,247.93100,497229959.48798,12.51000,362524.00000,5.52000,0.00000,0.00000,0.00000
-662754.38362,-890398.43790,246.72900,497229959.53425,12.19000,3461562.00000,3.89000,0.00000,0.00000,0.00000
-662332.41520,-890418.98086,248.31900,497229959.58052,11.90000,2467303.00000,3.48000,0.00000,0.00000,0.00000
-661782.68614,-890586.37997,256.31300,497229959.62680,11.60000,2013171.00000,3.08000,0.00000,0.00000,0.00000
-664067.63372,-887494.37212,274.76600,497229959.67307,11.27000,253624.00000,2.91000,0.00000,0.00000,0.00000
-663638.51622,-887523.17204,273.53100,497229959.71934,10.95000,318796.00000,2.80000,0.00000,0.00000,0.00000
-663268.24376,-887484.28947,272.26200,497229959.76561,10.82000,249302.00000,3.45000,0.00000,0.00000,0.00000
-662900.36908,-887442.65819,271.56700,497229959.81188,10.67000,174391.00000,3.55000,0.00000,0.00000,0.00000
-662515.74223,-887420.27033,270.93300,497229959.85816,10.56000,482958.00000,3.40000,0.00000,0.00000,0.00000
-665076.67945,-884010.94872,264.17800,497229959.90443,10.54000,748823.00000,3.80000,0.00000,0.00000,0.00000
-661641.23243,-887496.53778,269.28000,497229959.95070,10.63000,5576197.00000,3.40000,0.00000,0.00000,0.00000
-664376.86296,-883886.45097,260.12900,497229959.99697,10.80000,5216342.00000,3.55000,0.00000,0.00000,0.00000
-663901.34890,-883968.63130,260.17800,497229960.04325,10.88000,1907883.00000,3.85000,0.00000,0.00000,0.00000
-660568.67014,-887335.80822,258.60300,497229960.08952,11.46000,2147252.00000,4.45000,0.00000,0.00000,0.00000
-660093.12165,-887417.92086,259.93800,497229960.13579,12.04000,2249811.00000,5.06000,0.00000,0.00000,0.00000
-661652.25904,-885160.82181,250.17800,497229960.18207,11.78000,1374666.00000,7.06000,0.00000,0.00000,0.00000
-661773.91046,-884556.36562,251.47900,497229960.22834,11.27000,1580130.00000,4.51000,0.00000,0.00000,0.00000
-662918.58209,-882775.71470,262.81100,497229960.27461,10.70000,1134624.00000,3.52000,0.00000,0.00000,0.00000
-661515.26894,-883924.58381,258.29100,497229960.32088,10.31000,1006076.00000,4.71000,0.00000,0.00000,0.00000
-660704.78569,-884391.79471,257.74900,497229960.36716,10.29000,1328932.00000,5.57000,0.00000,0.00000,0.00000
-661067.62201,-883510.09437,259.99100,497229960.41343,10.37000,383141.00000,5.35000,0.00000,0.00000,0.00000
-661611.34340,-882420.45825,260.07500,497229960.45970,10.20000,547962.00000,3.49000,0.00000,0.00000,0.00000
-661370.79387,-882232.46955,256.79500,497229960.50598,10.36000,1769195.00000,2.98000,0.00000,0.00000,0.00000
-661016.33255,-882175.43852,265.61600,497229960.55225,10.52000,1585403.00000,2.27000,0.00000,0.00000,0.00000
-660638.92894,-882144.77925,263.26700,497229960.59852,10.74000,797979.00000,2.76000,0.00000,0.00000,0.00000
-660502.70442,-881836.85627,258.00500,497229960.64480,11.22000,4992656.00000,3.17000,0.00000,0.00000,0.00000
-660017.15241,-881930.52209,258.57300,497229960.69107,11.60000,374384.00000,3.77000,0.00000,0.00000,0.00000
-659792.87558,-881723.82137,256.46000,497229960.73734,12.06000,715608.00000,4.05000,0.00000,0.00000,0.00000
-659625.06640,-881452.21022,255.10000,497229960.78361,12.37000,218479.00000,5.16000,0.00000,0.00000,0.00000
-659491.71899,-881140.99837,254.38000,497229960.82989,12.64000,306789.00000,3.97000,0.00000,0.00000,0.00000
-659288.50883,-880910.10342,253.50500,497229960.87616,12.71000,451914.00000,3.17000,0.00000,0.00000,0.00000
-659047.97041,-880722.10141,251.94700,497229960.92243,12.84000,332877.00000,3.78000,0.00000,0.00000,0.00000
-659254.38343,-880020.34194,253.56300,497229960.96871,13.13000,455865.00000,4.66000,0.00000,0.00000,0.00000
-657039.71567,-881172.49568,240.39400,497229961.10753,13.04000,2399386.00000,3.85000,0.00000,0.00000,0.00000
-656683.36412,-881117.58804,239.40800,497229961.15380,13.10000,784418.00000,4.40000,0.00000,0.00000,0.00000
-657525.33678,-879685.40060,249.83000,497229961.20008,13.03000,1199614.00000,3.77000,0.00000,0.00000,0.00000
-656866.07543,-879978.67387,248.13000,497229961.24635,13.06000,438437.00000,5.91000,0.00000,0.00000,0.00000
-656242.69313,-880230.66985,247.88800,497229961.29263,13.00000,642979.00000,4.26000,0.00000,0.00000,0.00000
-655797.81688,-880277.50967,248.41900,497229961.33890,12.90000,1193062.00000,3.97000,0.00000,0.00000,0.00000
-655485.51552,-880171.99863,249.20600,497229961.38517,12.86000,1206065.00000,3.00000,0.00000,0.00000,0.00000
-655215.31955,-880018.07013,248.80500,497229961.43145,12.96000,1598974.00000,3.40000,0.00000,0.00000,0.00000
-655123.14801,-879659.53273,244.60300,497229961.47772,12.88000,3049298.00000,4.71000,0.00000,0.00000,0.00000
-659552.86305,-908134.40811,232.12900,497402611.45611,11.46000,394118.00000,3.13000,0.00000,0.00000,0.00000
-659054.88490,-908233.32012,228.89300,497402611.50235,11.21000,1056819.00000,3.65000,0.00000,0.00000,0.00000
-658550.58446,-908339.28756,226.79000,497402611.54859,10.91000,581650.00000,3.11000,0.00000,0.00000,0.00000
-658146.50674,-908333.43539,223.80800,497402611.59483,10.42000,681962.00000,3.11000,0.00000,0.00000,0.00000
-657048.34256,-908645.21463,219.24100,497402611.68731,9.53000,2002654.00000,2.64000,0.00000,0.00000,0.00000
-656592.18773,-908697.42548,216.87300,497402611.73355,8.98000,506512.00000,2.86000,0.00000,0.00000,0.00000
-656009.02203,-908891.29275,214.63700,497402611.77979,8.37000,1614875.00000,2.61000,0.00000,0.00000,0.00000
-655030.23772,-909526.44273,214.03100,497402611.82603,7.78000,5896733.00000,2.24000,0.00000,0.00000,0.00000
-661337.98755,-902032.99000,255.54200,497402611.87227,7.36000,290476.00000,3.83000,0.00000,0.00000,0.00000
-661081.86224,-901862.14428,253.57200,497402611.91852,6.91000,212954.00000,2.97000,0.00000,0.00000,0.00000
-655992.92272,-906626.06556,234.47200,497402612.01100,5.42000,1556625.00000,3.28000,0.00000,0.00000,0.00000
-660711.48722,-900905.60360,244.19800,497402612.05724,4.91000,905763.00000,3.16000,0.00000,0.00000,0.00000
-660077.86327,-901155.91239,236.39800,497402612.10348,4.53000,621371.00000,2.86000,0.00000,0.00000,0.00000
-659617.43585,-901213.01145,229.98800,497402612.14972,4.46000,1213682.00000,2.73000,0.00000,0.00000,0.00000
-656134.08662,-904642.18499,190.32900,497402612.19596,4.93000,371513.00000,2.93000,0.00000,0.00000,0.00000
-658373.52074,-901687.54962,207.27300,497402612.24220,6.03000,3818827.00000,2.73000,0.00000,0.00000,0.00000
-659308.47667,-900187.98905,203.20300,497402612.28844,7.55000,1067583.00000,4.69000,0.00000,0.00000,0.00000
-657130.50376,-902161.00275,191.56800,497402612.33469,9.21000,512844.00000,6.37000,0.00000,0.00000,0.00000
-655915.83893,-903059.32750,189.56200,497402612.38093,10.57000,332115.00000,9.54000,0.00000,0.00000,0.00000
-658813.09774,-899370.96709,204.13500,497402612.42717,10.99000,363092.00000,9.00000,0.00000,0.00000,0.00000
-656331.98229,-901682.02660,189.45500,497402612.47341,11.35000,440587.00000,6.59000,0.00000,0.00000,0.00000
-654856.97392,-902870.66176,188.45000,497402612.51965,12.10000,255484.00000,8.39000,0.00000,0.00000,0.00000
-655355.07044,-901858.56630,187.74600,497402612.56589,12.94000,259893.00000,10.21000,0.00000,0.00000,0.00000
-655575.32357,-901156.36541,188.18400,497402612.61214,13.32000,189253.00000,13.27000,0.00000,0.00000,0.00000
-655174.69759,-901146.66625,187.55200,497402612.65838,12.88000,710761.00000,8.62000,0.00000,0.00000,0.00000
-653784.33157,-902240.80177,187.53500,497402612.70462,12.72000,3522830.00000,6.16000,0.00000,0.00000,0.00000
-654198.26651,-901322.61452,187.23200,497402612.75086,12.70000,1082305.00000,6.62000,0.00000,0.00000,0.00000
-652395.70844,-902876.33752,192.17300,497402612.79711,12.27000,1037150.00000,6.30000,0.00000,0.00000,0.00000
-652039.84631,-902816.66598,195.02400,497402612.84335,11.42000,2038884.00000,3.26000,0.00000,0.00000,0.00000
-653588.57409,-900632.99563,208.11400,497402612.88959,11.02000,6436745.00000,2.77000,0.00000,0.00000,0.00000
-652899.88964,-900944.51470,205.13400,497402612.93584,10.79000,2348367.00000,3.13000,0.00000,0.00000,0.00000
-651556.68553,-901985.85114,205.61900,497402612.98208,10.69000,2725232.00000,3.38000,0.00000,0.00000,0.00000
-651375.51550,-901731.36054,205.63100,497402613.02832,10.63000,1625504.00000,3.80000,0.00000,0.00000,0.00000
-651317.95392,-901339.03540,207.20200,497402613.07457,10.61000,3249833.00000,3.68000,0.00000,0.00000,0.00000
-650925.58906,-901320.04484,205.96300,497402613.12081,10.49000,2399072.00000,4.51000,0.00000,0.00000,0.00000
-651920.08850,-899754.59140,191.14300,497402613.16706,10.65000,448140.00000,4.79000,0.00000,0.00000,0.00000
-650353.01827,-901045.48785,197.14300,497402613.21330,11.02000,641250.00000,3.86000,0.00000,0.00000,0.00000
-649915.88671,-901076.40242,197.71300,497402613.25954,11.16000,739469.00000,3.90000,0.00000,0.00000,0.00000
-650045.20310,-900475.72564,193.77200,497402613.30579,11.73000,4960659.00000,4.07000,0.00000,0.00000,0.00000
-650202.24976,-899844.14042,183.36900,497402613.35203,12.51000,2363830.00000,7.23000,0.00000,0.00000,0.00000
-649886.79380,-899739.40487,185.30200,497402613.39828,13.02000,347189.00000,8.57000,0.00000,0.00000,0.00000
-650118.81182,-899024.23912,185.55400,497402613.44452,12.77000,561011.00000,6.09000,0.00000,0.00000,0.00000
-650739.16187,-897876.08820,185.16000,497402613.49076,12.67000,1549257.00000,5.05000,0.00000,0.00000,0.00000
-649806.16708,-898459.92278,182.37700,497402613.53701,12.85000,4148150.00000,5.37000,0.00000,0.00000,0.00000
-650027.97003,-897756.15943,186.85500,497402613.58325,13.13000,5578815.00000,5.08000,0.00000,0.00000,0.00000
-649651.20823,-897719.79288,186.65700,497402613.62950,13.08000,3607063.00000,4.48000,0.00000,0.00000,0.00000
-649309.48010,-897644.35068,185.49500,497402613.67574,13.25000,287327.00000,7.13000,0.00000,0.00000,0.00000
-649547.84267,-896922.17221,184.87100,497402613.72199,13.08000,177788.00000,6.64000,0.00000,0.00000,0.00000
-649524.38639,-896491.88971,186.89000,497402613.76823,13.02000,1493878.00000,4.79000,0.00000,0.00000,0.00000
-649175.86051,-896424.04928,186.91800,497402613.81448,13.14000,582663.00000,4.36000,0.00000,0.00000,0.00000
-648849.22887,-896331.78143,186.41300,497402613.86072,13.29000,570199.00000,6.47000,0.00000,0.00000,0.00000
-648798.52994,-895931.88747,187.14700,497402613.90697,13.20000,499393.00000,6.06000,0.00000,0.00000,0.00000
-648454.87581,-895858.61639,187.98900,497402613.95321,13.23000,421665.00000,4.09000,0.00000,0.00000,0.00000
-648001.23114,-895907.94058,188.94500,497402613.99946,12.94000,552775.00000,3.51000,0.00000,0.00000,0.00000
-647496.49504,-896014.23370,189.56600,497402614.04570,13.01000,2479785.00000,4.39000,0.00000,0.00000,0.00000
-647138.72874,-895956.67598,190.04000,497402614.09195,13.15000,3213131.00000,4.37000,0.00000,0.00000,0.00000
-646883.64514,-895784.63984,190.27400,497402614.13819,13.20000,511440.00000,6.06000,0.00000,0.00000,0.00000
-646643.65787,-895595.79218,190.62000,497402614.18444,13.34000,475684.00000,6.16000,0.00000,0.00000,0.00000
-646516.57631,-895281.07490,191.31600,497402614.23068,13.37000,161922.00000,5.40000,0.00000,0.00000,0.00000
-646531.12055,-894808.49699,191.50900,497402614.27693,13.38000,673448.00000,6.02000,0.00000,0.00000,0.00000
-646892.17037,-893949.66895,192.40100,497402614.32317,13.39000,1660154.00000,6.27000,0.00000,0.00000,0.00000
-647564.18693,-892744.19083,194.63400,497402614.36942,13.64000,2657162.00000,5.58000,0.00000,0.00000,0.00000
-647290.16098,-892593.33377,192.51200,497402614.41566,13.87000,964163.00000,6.11000,0.00000,0.00000,0.00000
-647616.16614,-891773.57519,193.84700,497402614.46191,14.07000,595693.00000,5.93000,0.00000,0.00000,0.00000
-645424.66760,-893760.07250,185.20100,497402614.50815,14.02000,2525124.00000,5.74000,0.00000,0.00000,0.00000
-646875.39974,-891686.68381,192.05400,497402614.55440,13.55000,1280144.00000,7.43000,0.00000,0.00000,0.00000
-646371.18060,-891792.40008,190.59900,497402614.60064,13.13000,1127853.00000,6.54000,0.00000,0.00000,0.00000
-646026.58438,-891720.18397,190.83100,497402614.64689,12.57000,635567.00000,5.09000,0.00000,0.00000,0.00000
-646044.56622,-891243.85718,194.54000,497402614.69313,12.02000,2005147.00000,2.20000,0.00000,0.00000,0.00000
-645888.29489,-890961.73498,205.98900,497402614.73938,11.54000,1850863.00000,2.54000,0.00000,0.00000,0.00000
-645191.36372,-891282.23960,207.33300,497402614.78562,11.12000,516928.00000,2.48000,0.00000,0.00000,0.00000
-644591.26921,-891494.77987,210.02800,497402614.83187,10.87000,459092.00000,2.23000,0.00000,0.00000,0.00000
-644155.68137,-891523.97827,211.84700,497402614.87811,10.81000,468557.00000,2.26000,0.00000,0.00000,0.00000
-643763.40798,-891504.89757,211.92900,497402614.92436,10.69000,398023.00000,2.78000,0.00000,0.00000,0.00000
-643323.43802,-891538.96322,210.77300,497402614.97060,10.65000,903346.00000,2.23000,0.00000,0.00000,0.00000
-644248.65340,-890051.56594,184.68700,497402615.01684,10.70000,2972087.00000,1.83000,0.00000,0.00000,0.00000
-643636.39729,-890277.66949,185.48100,497402615.06309,11.04000,1528554.00000,2.74000,0.00000,0.00000,0.00000
-642797.81111,-890755.96035,187.87900,497402615.10933,11.59000,1093587.00000,3.96000,0.00000,0.00000,0.00000
-642099.39533,-891078.02405,189.70600,497402615.15558,12.61000,695436.00000,8.09000,0.00000,0.00000,0.00000
-642334.50300,-890359.80416,189.70700,497402615.20182,13.26000,158591.00000,11.91000,0.00000,0.00000,0.00000
-642091.17557,-890174.74221,187.89300,497402615.24806,12.56000,905472.00000,8.74000,0.00000,0.00000,0.00000
-641349.92410,-890544.51264,186.02300,497402615.29431,12.01000,759836.00000,5.93000,0.00000,0.00000,0.00000
-640684.59792,-890829.67593,184.56700,497402615.34055,12.12000,169463.00000,5.76000,0.00000,0.00000,0.00000
-640053.32889,-891076.85249,184.14900,497402615.38679,12.32000,293515.00000,6.73000,0.00000,0.00000,0.00000
-639611.40460,-891113.05042,183.63900,497402615.43304,12.17000,381056.00000,4.97000,0.00000,0.00000,0.00000
-638990.83454,-891348.27899,183.62500,497402615.47928,12.12000,294434.00000,6.18000,0.00000,0.00000,0.00000
-638563.50165,-891368.19051,182.24900,497402615.52553,11.71000,471086.00000,3.78000,0.00000,0.00000,0.00000
-641900.55158,-887193.72315,226.83100,497402615.57177,11.50000,1111797.00000,2.80000,0.00000,0.00000,0.00000
-641769.66692,-886883.38756,227.74900,497402615.61801,11.51000,2115909.00000,2.40000,0.00000,0.00000,0.00000
-641619.32694,-886594.76131,228.69900,497402615.66426,11.44000,679473.00000,2.30000,0.00000,0.00000,0.00000
-641632.98645,-886123.36016,230.76400,497402615.71050,11.53000,217361.00000,2.76000,0.00000,0.00000,0.00000
-641940.60965,-885324.44029,236.07300,497402615.75674,11.45000,727096.00000,2.73000,0.00000,0.00000,0.00000
-636296.42186,-888876.02508,174.33300,497402616.03420,11.38000,1593768.00000,2.03000,0.00000,0.00000,0.00000
-635837.46063,-888931.15070,172.66000,497402616.08045,11.64000,1956128.00000,2.49000,0.00000,0.00000,0.00000
-635436.43732,-888921.73996,172.62000,497402616.12669,11.94000,1522513.00000,2.64000,0.00000,0.00000,0.00000
-635169.77530,-888762.65432,172.97100,497402616.17293,12.22000,974471.00000,3.26000,0.00000,0.00000,0.00000
-634919.17907,-888585.67005,173.45900,497402616.21918,11.96000,1224876.00000,2.91000,0.00000,0.00000,0.00000
-645733.14132,-911152.65053,160.21400,497575265.99066,6.30000,3103887.00000,3.53000,0.00000,0.00000,0.00000
-644828.90447,-911682.12919,156.19200,497575266.03687,7.07000,734692.00000,8.94000,0.00000,0.00000,0.00000
-644213.48789,-911899.10342,154.32800,497575266.08309,8.11000,1732030.00000,5.45000,0.00000,0.00000,0.00000
-643528.33038,-912191.50384,148.52300,497575266.12931,9.31000,1477023.00000,4.76000,0.00000,0.00000,0.00000
-643239.35442,-912055.34276,147.39300,497575266.17552,10.48000,644235.00000,7.81000,0.00000,0.00000,0.00000
-642792.09697,-912090.37973,143.67500,497575266.22174,11.17000,2054805.00000,6.40000,0.00000,0.00000,0.00000
-642862.20883,-911565.78370,147.90800,497575266.26796,11.51000,360663.00000,6.41000,0.00000,0.00000,0.00000
-642813.60981,-911169.57996,148.54700,497575266.31418,11.41000,405855.00000,6.31000,0.00000,0.00000,0.00000
-642234.77979,-911346.92201,148.49400,497575266.36039,11.29000,616426.00000,6.58000,0.00000,0.00000,0.00000
-641669.79335,-911509.26921,149.69000,497575266.40661,11.06000,998398.00000,5.62000,0.00000,0.00000,0.00000
-641096.40184,-911680.70944,152.14200,497575266.45283,11.15000,318923.00000,5.31000,0.00000,0.00000,0.00000
-640715.41452,-911644.01536,152.21400,497575266.49905,11.47000,150971.00000,8.18000,0.00000,0.00000,0.00000
-640312.66896,-911630.86170,151.65500,497575266.54527,11.07000,919652.00000,4.25000,0.00000,0.00000,0.00000
-641604.29477,-908887.71837,180.51700,497575266.68393,10.10000,762362.00000,3.65000,0.00000,0.00000,0.00000
-640761.86805,-909350.12616,173.95600,497575266.73015,10.53000,343002.00000,6.27000,0.00000,0.00000,0.00000
-640841.88989,-908814.85865,175.98800,497575266.77637,10.88000,153084.00000,8.62000,0.00000,0.00000,0.00000
-641072.77385,-908116.45223,179.95900,497575266.82258,10.66000,133256.00000,8.25000,0.00000,0.00000,0.00000
-641021.23667,-907723.49664,181.36900,497575266.86880,10.49000,593262.00000,7.15000,0.00000,0.00000,0.00000
-640462.73561,-907878.84145,177.69900,497575266.91502,10.14000,559162.00000,5.59000,0.00000,0.00000,0.00000
-640189.62785,-907725.53546,176.56600,497575266.96124,9.88000,2430985.00000,3.59000,0.00000,0.00000,0.00000
-641332.07478,-906041.31055,190.77400,497575267.00746,9.48000,2472198.00000,2.37000,0.00000,0.00000,0.00000
-637432.33286,-909809.93176,164.35200,497575267.05368,9.06000,1178228.00000,2.86000,0.00000,0.00000,0.00000
-637016.74266,-909810.63378,163.79500,497575267.09989,8.90000,714776.00000,3.09000,0.00000,0.00000,0.00000
-639699.12966,-906461.34613,188.57900,497575267.14611,8.38000,529304.00000,3.23000,0.00000,0.00000,0.00000
-639268.24904,-906478.66320,187.09700,497575267.19233,8.33000,353366.00000,4.43000,0.00000,0.00000,0.00000
-639008.00865,-906311.43277,186.34500,497575267.23855,8.56000,389086.00000,5.45000,0.00000,0.00000,0.00000
-638687.91638,-906208.93115,187.21200,497575267.28477,8.56000,562920.00000,4.41000,0.00000,0.00000,0.00000
-638038.40533,-906462.64758,187.30600,497575267.33098,8.53000,817861.00000,3.98000,0.00000,0.00000,0.00000
-637601.08706,-906486.89869,189.78900,497575267.37720,8.52000,265660.00000,5.21000,0.00000,0.00000,0.00000
-637455.11461,-906196.11136,190.38500,497575267.42342,8.72000,300632.00000,8.32000,0.00000,0.00000,0.00000
-637291.83917,-905924.05452,191.68400,497575267.46964,8.30000,227560.00000,6.93000,0.00000,0.00000,0.00000
-636899.53963,-905899.62156,192.93900,497575267.51586,7.81000,168164.00000,9.76000,0.00000,0.00000,0.00000
-636467.16700,-905918.49413,194.52900,497575267.56207,7.96000,257331.00000,9.55000,0.00000,0.00000,0.00000
-636367.21106,-905577.97550,196.34700,497575267.60829,8.18000,527417.00000,9.52000,0.00000,0.00000,0.00000
-636236.09602,-905271.14653,196.81700,497575267.65451,7.03000,379282.00000,8.85000,0.00000,0.00000,0.00000
-636982.47268,-904015.56676,201.40200,497575267.70073,4.84000,465146.00000,4.60000,0.00000,0.00000,0.00000
-637485.96697,-903022.59469,207.13900,497575267.74695,4.23000,1464273.00000,3.28000,0.00000,0.00000,0.00000
-637170.36973,-902915.26067,205.37800,497575267.79316,4.27000,543292.00000,3.32000,0.00000,0.00000,0.00000
-636593.12157,-903090.82098,198.64700,497575267.83938,4.30000,534612.00000,2.07000,0.00000,0.00000,0.00000
-636556.49881,-902681.86303,200.09700,497575267.88560,4.24000,299055.00000,1.53000,0.00000,0.00000,0.00000
-636236.94160,-902578.79574,198.74700,497575267.93182,4.28000,357649.00000,1.99000,0.00000,0.00000,0.00000
-636082.11263,-902297.65522,198.03000,497575267.97804,4.46000,2750954.00000,2.32000,0.00000,0.00000,0.00000
-635875.85185,-902072.11301,193.82200,497575268.02425,4.75000,423148.00000,3.12000,0.00000,0.00000,0.00000
-635844.19459,-901657.79868,193.57600,497575268.07047,5.29000,201558.00000,4.26000,0.00000,0.00000,0.00000
-635758.12004,-901302.33432,196.06100,497575268.11669,6.13000,740740.00000,2.42000,0.00000,0.00000,0.00000
-632883.10090,-903961.82159,150.07700,497575268.16291,7.29000,1128311.00000,3.29000,0.00000,0.00000,0.00000
-632383.45974,-904053.38422,153.60500,497575268.20913,8.09000,1735575.00000,3.87000,0.00000,0.00000,0.00000
-632256.83116,-903741.71990,160.04500,497575268.25534,8.47000,1289548.00000,2.54000,0.00000,0.00000,0.00000
-632508.66182,-903020.98402,167.97300,497575268.30156,8.96000,765079.00000,2.90000,0.00000,0.00000,0.00000
-632447.82573,-902638.20369,171.20200,497575268.34778,9.76000,3656280.00000,4.27000,0.00000,0.00000,0.00000
-632932.16028,-901666.16760,176.66100,497575268.39400,10.73000,615057.00000,6.55000,0.00000,0.00000,0.00000
-632578.47663,-901599.96504,175.87100,497575268.44022,10.82000,463531.00000,8.85000,0.00000,0.00000,0.00000
-632103.10265,-901665.30310,174.28700,497575268.48644,10.70000,807763.00000,5.44000,0.00000,0.00000,0.00000
-631021.69555,-902385.65881,170.15500,497575268.53266,10.43000,535448.00000,4.62000,0.00000,0.00000,0.00000
-630260.84441,-902759.49687,167.58000,497575268.57888,10.49000,736620.00000,3.91000,0.00000,0.00000,0.00000
-629559.35476,-903069.17441,164.86800,497575268.62510,10.34000,2059389.00000,2.65000,0.00000,0.00000,0.00000
-629023.58535,-903199.70500,162.01700,497575268.67132,10.25000,1176999.00000,2.33000,0.00000,0.00000,0.00000
-628932.59839,-902849.54045,158.50700,497575268.71754,9.98000,719295.00000,1.62000,0.00000,0.00000,0.00000
-630854.21956,-899875.78075,199.22700,497575268.80997,9.96000,426414.00000,1.72000,0.00000,0.00000,0.00000
-628644.21109,-897331.43886,146.31500,497575269.31838,11.11000,1355617.00000,2.26000,0.00000,0.00000,0.00000
-628605.70848,-896924.63330,149.83000,497575269.36460,11.25000,1575986.00000,2.08000,0.00000,0.00000,0.00000
-655975.62248,-879865.21637,246.62200,497795880.38931,14.25000,360294.00000,8.68000,0.00000,0.00000,1.00000
-656611.73955,-879910.87352,248.30200,497795880.43549,14.38000,86443.00000,11.96000,0.00000,0.00000,1.00000
-658766.72167,-879936.03414,252.06700,497795880.57401,13.62000,277089.00000,6.99000,0.00000,0.00000,1.00000
-658877.18783,-880220.13062,251.22400,497795880.62019,13.60000,460816.00000,7.51000,0.00000,0.00000,1.00000
-659055.91976,-880473.25294,252.01800,497795880.66636,13.64000,777849.00000,5.18000,0.00000,0.00000,1.00000
-659284.36089,-880703.82530,253.27600,497795880.71253,13.83000,1357516.00000,5.26000,0.00000,0.00000,1.00000
-659436.58008,-880968.98972,254.14100,497795880.75871,14.10000,944357.00000,5.78000,0.00000,0.00000,1.00000
-659554.32587,-881249.78303,254.22900,497795880.80488,14.11000,674935.00000,6.32000,0.00000,0.00000,1.00000
-659719.13740,-881509.24094,255.46700,497795880.85106,13.86000,3247506.00000,5.13000,0.00000,0.00000,1.00000
-659940.27838,-881743.12796,257.46400,497795880.89723,13.51000,1901647.00000,3.94000,0.00000,0.00000,1.00000
-660155.46366,-881979.73643,259.66100,497795880.94341,13.13000,348596.00000,3.93000,0.00000,0.00000,1.00000
-660369.98334,-882216.65234,262.15300,497795880.98958,12.71000,2008133.00000,3.06000,0.00000,0.00000,1.00000
-660760.90065,-882373.55997,250.36600,497795881.03575,12.63000,1570417.00000,2.52000,0.00000,0.00000,1.00000
-659886.21474,-883104.37556,242.18300,497795881.08193,12.66000,533778.00000,3.42000,0.00000,0.00000,1.00000
-659803.07091,-883476.25653,239.89400,497795881.12810,12.68000,582450.00000,3.53000,0.00000,0.00000,1.00000
-660813.14164,-883352.44108,244.35400,497795881.17428,12.66000,907594.00000,3.75000,0.00000,0.00000,1.00000
-659589.68560,-884241.35056,236.74600,497795881.22045,12.25000,2218067.00000,3.76000,0.00000,0.00000,1.00000
-663112.17058,-883312.59571,253.59800,497795881.31280,11.28000,603531.00000,4.94000,0.00000,0.00000,1.00000
-663320.73751,-883552.23238,253.53700,497795881.35897,10.92000,666735.00000,3.32000,0.00000,0.00000,1.00000
-661855.61837,-884884.92070,248.19300,497795881.45132,10.44000,3084089.00000,2.77000,0.00000,0.00000,1.00000
-661944.84146,-885178.66677,246.62700,497795881.49749,10.67000,581474.00000,4.12000,0.00000,0.00000,1.00000
-662559.82724,-885234.05450,246.58100,497795881.54367,11.40000,1124243.00000,4.78000,0.00000,0.00000,1.00000
-662867.82585,-885428.60018,246.86800,497795881.58984,11.81000,704292.00000,4.97000,0.00000,0.00000,1.00000
-660267.81467,-886941.45451,257.16700,497795881.63602,11.45000,721365.00000,3.80000,0.00000,0.00000,1.00000
-660568.49540,-887139.31702,260.85000,497795881.68219,10.81000,606881.00000,2.39000,0.00000,0.00000,1.00000
-660946.08187,-887302.32395,265.03100,497795881.72836,10.56000,485066.00000,2.78000,0.00000,0.00000,1.00000
-661130.73920,-887552.79205,267.67100,497795881.77453,10.50000,1115794.00000,3.04000,0.00000,0.00000,1.00000
-661283.57110,-887817.68480,269.72000,497795881.82071,10.55000,261748.00000,3.80000,0.00000,0.00000,1.00000
-661748.68707,-887941.03177,269.25800,497795881.86688,10.95000,1426729.00000,4.12000,0.00000,0.00000,1.00000
-662370.28567,-887993.46385,269.70100,497795881.91305,11.01000,320121.00000,5.64000,0.00000,0.00000,1.00000
-663044.25766,-888022.15332,271.76500,497795881.95923,10.68000,631119.00000,3.99000,0.00000,0.00000,1.00000
-663644.64199,-888084.19746,272.15900,497795882.00540,10.68000,1910188.00000,2.82000,0.00000,0.00000,1.00000
-662582.87321,-888899.63900,249.33800,497795882.05157,10.84000,475601.00000,2.33000,0.00000,0.00000,1.00000
-662573.92364,-889237.86442,245.88200,497795882.09775,11.14000,489359.00000,6.60000,0.00000,0.00000,1.00000
-662015.29805,-889825.23335,243.36600,497795882.14392,10.97000,1115434.00000,3.53000,0.00000,0.00000,1.00000
-662602.44465,-889893.29935,238.81600,497795882.19009,11.00000,1603024.00000,2.42000,0.00000,0.00000,1.00000
-661301.78518,-890816.91781,256.88000,497795882.23626,11.05000,886404.00000,3.88000,0.00000,0.00000,1.00000
-661403.54219,-891104.96572,257.37000,497795882.28244,11.28000,1092196.00000,3.66000,0.00000,0.00000,1.00000
-661410.48008,-891435.97605,255.45800,497795882.32861,11.67000,5988094.00000,3.30000,0.00000,0.00000,1.00000
-661861.68851,-891565.68215,248.81800,497795882.37478,12.34000,1850642.00000,5.53000,0.00000,0.00000,1.00000
-662798.26965,-891475.43122,251.43900,497795882.42096,12.64000,908046.00000,9.28000,0.00000,0.00000,1.00000
-662112.27092,-892120.45548,253.61800,497795882.46713,12.12000,1271239.00000,6.32000,0.00000,0.00000,1.00000
-662688.13363,-892193.68030,255.08400,497795882.51330,11.82000,797269.00000,7.08000,0.00000,0.00000,1.00000
-662871.44241,-892444.77854,256.37500,497795882.55948,11.22000,2194378.00000,4.01000,0.00000,0.00000,1.00000
-663038.83216,-892703.10615,264.48100,497795882.60565,10.97000,1267189.00000,3.30000,0.00000,0.00000,1.00000
-661014.64342,-893954.39778,245.05700,497795882.65182,11.01000,1992543.00000,2.91000,0.00000,0.00000,1.00000
-663590.44618,-893121.49833,268.87300,497795882.69799,11.00000,370711.00000,2.98000,0.00000,0.00000,1.00000
-667101.53109,-891864.72237,235.08700,497795882.74417,10.87000,294182.00000,3.06000,0.00000,0.00000,1.00000
-661951.15212,-894532.56806,247.98400,497795882.79034,10.85000,1322398.00000,3.05000,0.00000,0.00000,1.00000
-663706.72216,-894071.34112,257.77900,497795882.83651,10.84000,3328609.00000,2.27000,0.00000,0.00000,1.00000
-663959.65650,-894290.91446,257.50200,497795882.88269,10.75000,1661479.00000,2.24000,0.00000,0.00000,1.00000
-663839.92060,-894679.34396,253.87300,497795882.92886,11.00000,555473.00000,2.49000,0.00000,0.00000,1.00000
-663421.77681,-895202.94885,228.17200,497795882.97503,11.62000,946766.00000,3.37000,0.00000,0.00000,1.00000
-663301.33938,-895591.66543,228.62500,497795883.02120,12.54000,2822054.00000,4.07000,0.00000,0.00000,1.00000
-662483.88838,-896296.11178,227.16100,497795883.06737,12.98000,2722360.00000,4.14000,0.00000,0.00000,1.00000
-666875.77731,-896311.61705,231.29000,497795883.34441,11.74000,1746469.00000,3.89000,0.00000,0.00000,1.00000
-666755.33044,-896700.36349,230.68900,497795883.39058,11.77000,1456131.00000,5.52000,0.00000,0.00000,1.00000
-666882.92533,-896976.75156,230.77200,497795883.43675,12.02000,654890.00000,6.72000,0.00000,0.00000,1.00000
-666611.91997,-897433.69600,230.85100,497795883.48292,11.99000,223813.00000,5.91000,0.00000,0.00000,1.00000
-667150.03023,-897524.12782,234.06600,497795883.52909,12.16000,1010424.00000,4.23000,0.00000,0.00000,1.00000
-667288.22454,-897795.72720,236.54600,497795883.57527,12.04000,637190.00000,3.04000,0.00000,0.00000,1.00000
-667070.25259,-898228.64128,240.99100,497795883.62144,11.82000,1736726.00000,3.36000,0.00000,0.00000,1.00000
-663024.82595,-900394.94703,257.43100,497795883.66761,11.69000,387776.00000,2.93000,0.00000,0.00000,1.00000
-666540.13743,-899137.08316,241.93000,497795883.71378,11.88000,2035054.00000,2.98000,0.00000,0.00000,1.00000
-664060.53807,-900594.20000,250.73800,497795883.75995,12.52000,1759469.00000,3.60000,0.00000,0.00000,1.00000
-666977.66471,-899607.29000,249.86600,497795883.80612,12.94000,2620773.00000,5.82000,0.00000,0.00000,1.00000
-641709.05550,-885514.46089,234.48600,497968533.53857,10.75000,1173908.00000,2.68000,0.00000,0.00000,1.00000
-641806.52281,-885803.97516,231.22100,497968533.58475,11.07000,299931.00000,4.39000,0.00000,0.00000,1.00000
-641907.32639,-886092.05131,230.01800,497968533.63094,11.21000,367767.00000,4.22000,0.00000,0.00000,1.00000
-641923.36107,-886417.02415,228.99700,497968533.67712,11.31000,366964.00000,3.70000,0.00000,0.00000,1.00000
-641996.12318,-886717.29874,227.87400,497968533.72330,11.38000,537995.00000,3.80000,0.00000,0.00000,1.00000
-642363.89357,-886889.14492,228.14700,497968533.76948,11.44000,321039.00000,4.70000,0.00000,0.00000,1.00000
-642727.66495,-887062.75203,229.54200,497968533.81567,11.40000,238572.00000,3.74000,0.00000,0.00000,1.00000
-642875.83993,-887330.19623,230.53300,497968533.86185,11.30000,273914.00000,3.57000,0.00000,0.00000,1.00000
-642912.55496,-887646.16992,229.14200,497968533.90803,11.27000,412318.00000,2.36000,0.00000,0.00000,1.00000
-642890.54157,-887987.71920,224.51100,497968533.95422,11.35000,1394770.00000,1.87000,0.00000,0.00000,1.00000
-648314.93676,-885958.27895,193.50000,497968534.00040,11.50000,4051409.00000,1.67000,0.00000,0.00000,1.00000
-648043.24894,-886408.58645,194.35500,497968534.04658,11.99000,1027262.00000,1.63000,0.00000,0.00000,1.00000
-646796.29424,-887283.44019,189.60400,497968534.09277,12.72000,4011390.00000,1.92000,0.00000,0.00000,1.00000
-646297.65186,-887832.49983,186.47000,497968534.13895,13.36000,990432.00000,2.39000,0.00000,0.00000,1.00000
-642893.85646,-889646.05861,189.56400,497968534.18513,13.87000,2289977.00000,4.43000,0.00000,0.00000,1.00000
-642795.03383,-890021.02133,189.22400,497968534.23132,14.06000,2798866.00000,4.01000,0.00000,0.00000,1.00000
-642542.67286,-890462.80582,189.21600,497968534.27750,14.26000,6166976.00000,4.84000,0.00000,0.00000,1.00000
-642918.46853,-890631.21151,186.94500,497968534.32368,13.62000,987752.00000,4.37000,0.00000,0.00000,1.00000
-643625.36613,-890655.51980,192.17500,497968534.36987,12.83000,374420.00000,4.37000,0.00000,0.00000,1.00000
-645340.26870,-890241.15847,199.45500,497968534.41605,12.38000,1284174.00000,4.11000,0.00000,0.00000,1.00000
-645520.46399,-890494.69785,203.51100,497968534.46224,12.21000,859542.00000,3.15000,0.00000,0.00000,1.00000
-643662.64163,-891635.19455,211.98000,497968534.50842,11.90000,5577574.00000,2.87000,0.00000,0.00000,1.00000
-644913.60896,-891422.76293,202.14100,497968534.55460,11.19000,5923324.00000,2.26000,0.00000,0.00000,1.00000
-645931.63733,-891311.71390,195.54200,497968534.60079,11.02000,1461727.00000,2.51000,0.00000,0.00000,1.00000
-645870.20895,-891670.43129,190.05800,497968534.64697,11.49000,755825.00000,3.44000,0.00000,0.00000,1.00000
-645691.26466,-892080.27643,186.58200,497968534.69316,12.20000,2880375.00000,4.70000,0.00000,0.00000,1.00000
-645096.39651,-892671.10781,186.21100,497968534.73934,12.81000,763688.00000,6.43000,0.00000,0.00000,1.00000
-645189.14315,-892962.72070,186.90000,497968534.78552,13.14000,344076.00000,8.21000,0.00000,0.00000,1.00000
-645285.89772,-893252.60435,187.32000,497968534.83171,13.20000,667840.00000,7.46000,0.00000,0.00000,1.00000
-645280.50604,-893586.92077,186.55900,497968534.87789,12.81000,281127.00000,6.10000,0.00000,0.00000,1.00000
-644974.01992,-894052.24875,184.84100,497968534.92408,12.70000,1197359.00000,7.09000,0.00000,0.00000,1.00000
-644676.20534,-894513.80428,184.07800,497968534.97026,12.68000,400603.00000,5.93000,0.00000,0.00000,1.00000
-644707.51603,-894832.14574,186.52100,497968535.01645,12.18000,568717.00000,3.61000,0.00000,0.00000,1.00000
-644664.71990,-895182.73209,191.78900,497968535.06263,12.45000,139481.00000,5.34000,0.00000,0.00000,1.00000
-644635.27114,-895527.50531,193.60400,497968535.10882,12.94000,82547.00000,8.03000,0.00000,0.00000,1.00000
-644627.18572,-895862.98753,193.90900,497968535.15500,12.74000,159994.00000,7.52000,0.00000,0.00000,1.00000
-644725.91569,-896151.99620,193.44500,497968535.20119,12.67000,120285.00000,6.97000,0.00000,0.00000,1.00000
-644807.29313,-896448.57067,193.39900,497968535.24737,12.64000,151371.00000,7.45000,0.00000,0.00000,1.00000
-644958.09068,-896714.92154,192.68100,497968535.29356,12.41000,286816.00000,5.79000,0.00000,0.00000,1.00000
-645183.67202,-896948.76344,191.44500,497968535.33974,12.85000,309020.00000,6.79000,0.00000,0.00000,1.00000
-645431.28241,-897173.01463,190.67200,497968535.38592,13.10000,298084.00000,6.11000,0.00000,0.00000,1.00000
-645481.93022,-897482.94239,187.73200,497968535.43211,13.02000,392936.00000,6.43000,0.00000,0.00000,1.00000
-645670.78339,-897732.75629,186.28000,497968535.47829,13.38000,236715.00000,7.90000,0.00000,0.00000,1.00000
-645925.07462,-897954.11317,186.17400,497968535.52448,13.38000,479261.00000,9.00000,0.00000,0.00000,1.00000
-645987.06905,-898259.11308,185.58700,497968535.57066,13.25000,247078.00000,8.08000,0.00000,0.00000,1.00000
-646069.75978,-898555.10800,184.88300,497968535.61685,12.93000,556898.00000,8.69000,0.00000,0.00000,1.00000
-646281.97599,-898794.76472,184.40500,497968535.66303,12.62000,194681.00000,8.44000,0.00000,0.00000,1.00000
-646389.37571,-899080.02829,185.86200,497968535.70921,12.73000,255205.00000,7.43000,0.00000,0.00000,1.00000
-646403.95231,-899405.64667,186.85800,497968535.75540,12.79000,224271.00000,7.46000,0.00000,0.00000,1.00000
-646151.45434,-899847.42903,187.90600,497968535.80158,12.57000,209507.00000,8.37000,0.00000,0.00000,1.00000
-645556.41233,-900438.16651,189.01400,497968535.84777,12.00000,127432.00000,8.68000,0.00000,0.00000,1.00000
-645355.97190,-900857.28109,189.53000,497968535.89395,11.64000,296596.00000,8.10000,0.00000,0.00000,1.00000
-645770.49724,-901008.96417,190.60200,497968535.94013,11.12000,282146.00000,6.79000,0.00000,0.00000,1.00000
-646003.40977,-901239.63517,194.03700,497968535.98632,10.91000,292416.00000,4.92000,0.00000,0.00000,1.00000
-645872.40332,-901628.53889,197.38600,497968536.03250,11.19000,519183.00000,3.88000,0.00000,0.00000,1.00000
-646016.49384,-901897.82193,197.88400,497968536.07868,11.13000,779063.00000,2.82000,0.00000,0.00000,1.00000
-647052.00651,-901779.50662,194.23400,497968536.12487,10.56000,1089497.00000,3.27000,0.00000,0.00000,1.00000
-647172.05817,-902059.24748,197.47400,497968536.17105,10.56000,534553.00000,5.29000,0.00000,0.00000,1.00000
-647945.16038,-902055.04509,199.06000,497968536.21723,11.35000,193702.00000,7.10000,0.00000,0.00000,1.00000
-648727.61159,-902046.77010,198.88800,497968536.26341,11.66000,2259134.00000,4.54000,0.00000,0.00000,1.00000
-649223.61063,-902163.06113,197.12400,497968536.30960,11.62000,2195849.00000,3.91000,0.00000,0.00000,1.00000
-650296.54909,-902028.48218,197.02300,497968536.35578,11.27000,1933162.00000,3.07000,0.00000,0.00000,1.00000
-650948.15418,-902077.12580,196.49500,497968536.40196,11.04000,1574458.00000,2.39000,0.00000,0.00000,1.00000
-651659.21258,-902099.93236,194.71900,497968536.44815,10.86000,1169667.00000,2.24000,0.00000,0.00000,1.00000
-651741.92659,-902395.96264,186.80900,497968536.49433,10.73000,254579.00000,2.15000,0.00000,0.00000,1.00000
-652780.85894,-902276.18471,189.15400,497968536.54051,10.64000,498861.00000,2.32000,0.00000,0.00000,1.00000
-651227.49740,-903283.61833,175.19100,497968536.58669,10.65000,1092009.00000,3.14000,0.00000,0.00000,1.00000
-645303.29714,-906191.10051,182.46900,497968536.63288,10.43000,3161823.00000,2.57000,0.00000,0.00000,1.00000
-650063.22100,-904453.78231,176.50800,497968536.67906,9.98000,570298.00000,2.63000,0.00000,0.00000,1.00000
-650639.37727,-904535.26850,177.99700,497968536.72524,9.70000,1582163.00000,2.54000,0.00000,0.00000,1.00000
-649830.47726,-905218.90755,207.39100,497968536.77142,9.63000,782826.00000,3.70000,0.00000,0.00000,1.00000
-649621.29930,-905641.80740,206.93800,497968536.81760,9.78000,544002.00000,4.64000,0.00000,0.00000,1.00000
-649602.43840,-905981.96911,205.61400,497968536.86379,9.78000,1741593.00000,2.84000,0.00000,0.00000,1.00000
-649347.83258,-906424.60060,202.78800,497968536.90997,9.21000,795576.00000,4.38000,0.00000,0.00000,1.00000
-648908.91268,-906947.35455,201.62000,497968536.95615,8.73000,7922590.00000,3.04000,0.00000,0.00000,1.00000
-648778.49778,-907335.97862,201.12100,497968537.00233,8.96000,1237212.00000,3.02000,0.00000,0.00000,1.00000
-652101.42632,-906223.52832,182.16700,497968537.04851,9.05000,806727.00000,4.01000,0.00000,0.00000,1.00000
-652304.95120,-906467.03518,179.41800,497968537.09470,9.05000,502051.00000,6.33000,0.00000,0.00000,1.00000
-652146.50384,-906867.89083,177.06200,497968537.14088,8.15000,585571.00000,4.70000,0.00000,0.00000,1.00000
-652127.63211,-907208.08988,177.32200,497968537.18706,7.34000,1110388.00000,5.54000,0.00000,0.00000,1.00000
-652043.96343,-907576.43273,179.09100,497968537.23324,6.34000,614441.00000,3.74000,0.00000,0.00000,1.00000
-654381.97296,-906892.13714,180.08700,497968537.27942,5.29000,756116.00000,3.21000,0.00000,0.00000,1.00000
-653986.41302,-907396.07359,179.89700,497968537.32560,4.39000,967255.00000,4.34000,0.00000,0.00000,1.00000
-653624.90732,-907885.20923,182.21500,497968537.37179,3.01000,410222.00000,4.35000,0.00000,0.00000,1.00000
-651570.15985,-909110.24180,379.09500,497968537.41797,-6.26000,3337525.00000,8.46000,0.00000,0.00000,1.00000
-652749.80674,-908929.51288,367.34400,497968537.46415,-6.34000,3487366.00000,4.41000,0.00000,0.00000,1.00000
-652469.54437,-909383.28969,192.55600,497968537.51033,3.12000,129340.00000,9.60000,0.00000,0.00000,1.00000
-652617.60518,-909650.90475,194.20400,497968537.55651,6.06000,1049929.00000,6.88000,0.00000,0.00000,1.00000
-653277.22713,-909696.19290,205.98900,497968537.60269,9.52000,363977.00000,7.38000,0.00000,0.00000,1.00000
-653255.63972,-910037.53541,209.40800,497968537.64886,11.16000,245772.00000,6.00000,0.00000,0.00000,1.00000
-630977.06528,-895463.67995,158.62500,498141187.54019,11.85000,2280646.00000,2.04000,0.00000,0.00000,1.00000
-633197.71716,-894866.88348,176.59200,498141187.58639,11.61000,932386.00000,2.13000,0.00000,0.00000,1.00000
-630776.77809,-896207.11953,156.60600,498141187.63259,11.45000,1787201.00000,2.00000,0.00000,0.00000,1.00000
-629187.35444,-897530.15740,144.19100,498141187.72499,11.08000,2011669.00000,2.07000,0.00000,0.00000,1.00000
-629641.96572,-897670.37612,145.22500,498141187.77119,10.84000,1072750.00000,2.51000,0.00000,0.00000,1.00000
-631792.09622,-897103.15235,170.87000,498141187.81739,10.50000,424390.00000,2.04000,0.00000,0.00000,1.00000
-630930.21452,-897792.69865,156.00500,498141187.86359,10.02000,3076173.00000,1.88000,0.00000,0.00000,1.00000
-630845.81589,-898157.82365,160.42400,498141187.90979,9.59000,3112251.00000,1.36000,0.00000,0.00000,1.00000
-630733.70467,-899194.34242,194.16600,498141188.04838,8.99000,108580.00000,1.84000,0.00000,0.00000,1.00000
-630758.18613,-899514.04821,198.02900,498141188.09458,8.80000,153366.00000,2.72000,0.00000,0.00000,1.00000
-630812.90324,-899821.11218,198.93400,498141188.14078,8.69000,273679.00000,3.03000,0.00000,0.00000,1.00000
-630862.92843,-900130.16338,198.00000,498141188.18698,8.97000,292365.00000,2.29000,0.00000,0.00000,1.00000
-630903.53893,-900443.11853,194.44200,498141188.23318,9.08000,1112053.00000,2.13000,0.00000,0.00000,1.00000
-630898.44866,-900775.13759,189.60200,498141188.27938,9.31000,1791470.00000,2.29000,0.00000,0.00000,1.00000
-631074.81825,-901031.48350,186.63400,498141188.32557,9.66000,1811990.00000,2.63000,0.00000,0.00000,1.00000
-631691.41395,-901104.18024,177.50100,498141188.37177,10.08000,1480882.00000,3.21000,0.00000,0.00000,1.00000
-631735.37184,-901415.75047,176.83700,498141188.41797,10.65000,1563869.00000,5.39000,0.00000,0.00000,1.00000
-631942.64630,-901659.19876,176.24000,498141188.46417,11.39000,304494.00000,5.87000,0.00000,0.00000,1.00000
-632171.43470,-901893.67736,174.68100,498141188.51037,11.52000,331039.00000,8.57000,0.00000,0.00000,1.00000
-632328.97982,-902157.89348,175.25500,498141188.55657,11.13000,246550.00000,7.72000,0.00000,0.00000,1.00000
-631506.57579,-902830.81942,173.81300,498141188.60276,10.92000,298270.00000,7.36000,0.00000,0.00000,1.00000
-631110.94519,-903325.71653,172.98500,498141188.64896,10.97000,253452.00000,6.10000,0.00000,0.00000,1.00000
-630496.19965,-903911.99664,172.44400,498141188.69516,10.38000,418842.00000,5.28000,0.00000,0.00000,1.00000
-630136.17693,-904392.02674,172.49600,498141188.74136,9.70000,839605.00000,3.66000,0.00000,0.00000,1.00000
-630155.91202,-904713.69631,174.23900,498141188.78756,8.98000,1614936.00000,2.87000,0.00000,0.00000,1.00000
-632446.18193,-904088.50465,149.83800,498141188.83376,8.45000,2012963.00000,2.31000,0.00000,0.00000,1.00000
-630032.00582,-905425.14208,161.61400,498141188.87996,8.41000,3156806.00000,2.85000,0.00000,0.00000,1.00000
-629986.51206,-905773.99246,158.60800,498141188.92616,8.26000,2539166.00000,3.17000,0.00000,0.00000,1.00000
-630082.17159,-906063.99760,152.47000,498141188.97236,7.77000,2627584.00000,3.98000,0.00000,0.00000,1.00000
-636931.78046,-904527.39709,194.41000,498141189.15715,4.70000,841883.00000,2.55000,0.00000,0.00000,1.00000
-635933.83270,-905273.51960,195.65100,498141189.20335,5.35000,3027231.00000,30.47000,0.00000,0.00000,1.00000
-635846.02160,-905640.07787,195.72600,498141189.24955,5.98000,891768.00000,4.77000,0.00000,0.00000,1.00000
-635769.63735,-906001.87413,195.20900,498141189.29575,6.50000,367835.00000,5.61000,0.00000,0.00000,1.00000
-635656.28060,-906379.07771,194.24200,498141189.34195,6.96000,232888.00000,3.48000,0.00000,0.00000,1.00000
-635500.60885,-907763.72733,186.15700,498141189.52674,7.50000,1327840.00000,2.94000,0.00000,0.00000,1.00000
-635550.57806,-908072.81929,183.57200,498141189.57294,7.53000,575269.00000,2.67000,0.00000,0.00000,1.00000
-636623.04820,-907955.62922,173.05900,498141189.61914,7.99000,1231856.00000,2.47000,0.00000,0.00000,1.00000
-635666.69091,-908684.28081,168.81300,498141189.66534,8.25000,927687.00000,3.73000,0.00000,0.00000,1.00000
-635547.24437,-909063.99556,165.50900,498141189.71154,8.45000,1603607.00000,5.75000,0.00000,0.00000,1.00000
-635032.50108,-909608.50009,167.60500,498141189.75773,8.07000,968081.00000,4.54000,0.00000,0.00000,1.00000
-634736.91193,-910061.63156,165.14700,498141189.80393,7.73000,779228.00000,4.92000,0.00000,0.00000,1.00000
-638788.08933,-910682.50499,161.54800,498141190.12732,10.49000,539576.00000,3.97000,0.00000,0.00000,1.00000
-638983.92840,-910930.82512,160.95200,498141190.17352,10.49000,421557.00000,4.63000,0.00000,0.00000,1.00000
-638446.96141,-911484.60010,156.68200,498141190.21972,10.28000,1390554.00000,3.45000,0.00000,0.00000,1.00000
