-666721.59517,-900251.93328,250.47400,524217520.73313,9.95000,490457.00000,7.14000,0.00000,0.00000,0.00000
-666202.26261,-899916.86313,246.48400,524217520.82591,10.33000,908786.00000,7.64000,0.00000,0.00000,0.00000
-664566.53464,-901313.90866,254.92100,524217520.87230,10.58000,294526.00000,5.54000,0.00000,0.00000,0.00000
-665108.66145,-900234.72978,244.18200,524217520.91870,10.95000,890621.00000,4.83000,0.00000,0.00000,0.00000
-666922.36622,-897709.70657,234.48500,524217520.96509,11.41000,1059519.00000,5.84000,0.00000,0.00000,0.00000
-666803.86684,-897381.67914,232.52000,524217521.01148,11.64000,257439.00000,5.27000,0.00000,0.00000,0.00000
-666966.70217,-896733.75409,230.90100,524217521.05787,11.65000,410751.00000,7.14000,0.00000,0.00000,0.00000
-666562.54130,-896730.57237,230.63800,524217521.10426,10.93000,851822.00000,6.72000,0.00000,0.00000,0.00000
-666435.35981,-896412.42417,232.05900,524217521.15066,9.91000,2121768.00000,3.39000,0.00000,0.00000,0.00000
-667364.52597,-894893.18194,229.21900,524217521.19705,9.20000,2245847.00000,3.19000,0.00000,0.00000,0.00000
-667342.06683,-894455.98636,231.90400,524217521.24344,8.53000,1972656.00000,3.06000,0.00000,0.00000,0.00000
-667133.35696,-894230.58412,230.85800,524217521.28983,8.13000,530132.00000,4.46000,0.00000,0.00000,0.00000
-666879.76986,-894056.21109,229.91200,524217521.33622,7.50000,959371.00000,3.67000,0.00000,0.00000,0.00000
-664084.93078,-896771.09629,246.65000,524217521.38262,7.06000,1127279.00000,2.71000,0.00000,0.00000,0.00000
-664098.67645,-896292.73803,244.58300,524217521.42901,7.01000,399921.00000,5.68000,0.00000,0.00000,0.00000
-664190.12583,-895726.05955,245.22500,524217521.47540,7.06000,317727.00000,4.14000,0.00000,0.00000,0.00000
-662696.50689,-896498.65179,228.87000,524217521.56818,7.68000,3500486.00000,3.19000,0.00000,0.00000,0.00000
-662354.59357,-896424.63548,227.36800,524217521.61458,8.44000,2153124.00000,4.67000,0.00000,0.00000,0.00000
-661825.42778,-896563.46008,230.90400,524217521.66097,8.49000,399027.00000,6.83000,0.00000,0.00000,0.00000
-661822.32445,-896104.30669,232.52000,524217521.70736,7.84000,676030.00000,4.52000,0.00000,0.00000,0.00000
-662011.79082,-895426.25267,240.88900,524217521.75375,7.56000,1218593.00000,3.14000,0.00000,0.00000,0.00000
-663799.09143,-892931.83992,251.80200,524217521.80014,8.09000,1660490.00000,2.86000,0.00000,0.00000,0.00000
-662655.63461,-893769.03410,252.10200,524217521.84654,9.09000,1253146.00000,5.45000,0.00000,0.00000,0.00000
-661683.96683,-894410.90520,254.80400,524217521.89293,9.42000,1361373.00000,4.28000,0.00000,0.00000,0.00000
-662461.69626,-893064.20197,258.05600,524217521.93932,8.90000,3707969.00000,3.65000,0.00000,0.00000,0.00000
-662185.46205,-892915.55911,244.46200,524217521.98571,8.62000,2145630.00000,3.12000,0.00000,0.00000,0.00000
-661473.90672,-893261.73269,241.53300,524217522.03210,8.70000,1520242.00000,3.81000,0.00000,0.00000,0.00000
-661268.60521,-893032.45618,241.86000,524217522.07850,8.66000,3443599.00000,3.83000,0.00000,0.00000,0.00000
-661497.65056,-892309.49176,248.59500,524217522.12489,8.45000,764491.00000,4.62000,0.00000,0.00000,0.00000
-660236.39483,-893280.42435,246.87300,524217522.17128,8.41000,1238648.00000,5.58000,0.00000,0.00000,0.00000
-661067.74797,-891872.89447,254.52900,524217522.21767,8.54000,334531.00000,11.57000,0.00000,0.00000,0.00000
-661283.28557,-891165.30915,256.61900,524217522.26406,8.51000,772120.00000,6.38000,0.00000,0.00000,0.00000
-660640.76700,-891432.99902,251.54400,524217522.31046,8.35000,1610743.00000,5.69000,0.00000,0.00000,0.00000
-660712.49908,-890888.87770,251.11700,524217522.35685,8.53000,233348.00000,7.35000,0.00000,0.00000,0.00000
-659928.08548,-891317.82552,247.09000,524217522.40324,8.39000,991393.00000,8.32000,0.00000,0.00000,0.00000
-659965.08626,-890813.18562,238.91300,524217522.44963,8.14000,2250535.00000,5.42000,0.00000,0.00000,0.00000
-659493.87996,-890886.13779,238.13900,524217522.49603,7.75000,1602212.00000,3.77000,0.00000,0.00000,0.00000
-661697.24051,-887919.33745,269.57900,524217522.54242,7.84000,148480.00000,3.03000,0.00000,0.00000,0.00000
-659065.96288,-890447.31349,222.42100,524217522.58881,8.43000,166732.00000,2.43000,0.00000,0.00000,0.00000
-658497.74034,-890630.50632,213.82800,524217522.63521,8.98000,169841.00000,2.49000,0.00000,0.00000,0.00000
-658475.88264,-890192.78678,208.40400,524217522.68160,9.23000,73188.00000,2.24000,0.00000,0.00000,0.00000
-660292.25624,-887665.96698,262.90200,524217522.72799,9.24000,27306.00000,2.44000,0.00000,0.00000,0.00000
-659943.67863,-887599.59233,258.20900,524217522.77438,9.21000,25890.00000,2.96000,0.00000,0.00000,0.00000
-659604.74985,-887522.24569,254.62600,524217522.82078,9.37000,127998.00000,3.24000,0.00000,0.00000,0.00000
-659673.13704,-886981.99836,255.71000,524217522.86717,9.41000,226739.00000,3.83000,0.00000,0.00000,0.00000
-659040.78461,-887238.11129,249.71300,524217522.91356,9.34000,304600.00000,3.51000,0.00000,0.00000,0.00000
-658405.03942,-887498.06337,244.73200,524217522.95996,9.12000,244261.00000,3.90000,0.00000,0.00000,0.00000
-658249.01111,-887212.83148,243.59700,524217523.00635,8.85000,567868.00000,2.90000,0.00000,0.00000,0.00000
-654467.56877,-891047.10619,184.21500,524217523.05274,8.72000,661690.00000,3.25000,0.00000,0.00000,0.00000
-657561.49676,-887069.07828,236.99200,524217523.09914,8.66000,746609.00000,3.44000,0.00000,0.00000,0.00000
-653256.65888,-891497.83177,183.33800,524217523.14553,8.70000,1157456.00000,3.43000,0.00000,0.00000,0.00000
-656078.07139,-887829.66534,220.90900,524217523.19193,8.72000,3048885.00000,4.06000,0.00000,0.00000,0.00000
-656363.70384,-887042.61642,222.41600,524217523.23832,9.04000,637576.00000,5.61000,0.00000,0.00000,0.00000
-656026.21664,-886963.59448,219.71000,524217523.28471,9.51000,466353.00000,8.09000,0.00000,0.00000,0.00000
-657004.47271,-885389.57420,228.24800,524217523.33111,9.67000,752430.00000,4.09000,0.00000,0.00000,0.00000
-656373.05329,-885644.55131,225.38900,524217523.37750,9.78000,1599054.00000,3.60000,0.00000,0.00000,0.00000
-655951.56882,-885660.97400,232.55200,524217523.42390,9.68000,2713713.00000,3.71000,0.00000,0.00000,0.00000
-655379.02507,-885849.01724,231.01800,524217523.47029,9.54000,286270.00000,5.26000,0.00000,0.00000,0.00000
-654896.25795,-885935.05221,230.11300,524217523.51669,9.62000,255116.00000,6.38000,0.00000,0.00000,0.00000
-654382.59430,-886056.16863,228.94000,524217523.56308,9.70000,219238.00000,5.76000,0.00000,0.00000,0.00000
-653889.68731,-886153.70505,228.11300,524217523.60948,9.95000,831085.00000,5.93000,0.00000,0.00000,0.00000
-653372.64320,-886278.65039,223.42500,524217523.65587,10.44000,2508484.00000,6.91000,0.00000,0.00000,0.00000
-653116.73318,-886106.91846,225.71200,524217523.70227,10.68000,377391.00000,6.99000,0.00000,0.00000,0.00000
-654253.40311,-884353.15613,227.63700,524217523.74866,11.05000,445526.00000,7.28000,0.00000,0.00000,0.00000
-652493.41948,-885890.12299,222.23200,524217523.79506,11.31000,377862.00000,6.57000,0.00000,0.00000,0.00000
-651980.23306,-886010.66504,219.86000,524217523.84145,11.80000,467431.00000,7.66000,0.00000,0.00000,0.00000
-651822.31123,-885727.59620,217.99900,524217523.88785,11.98000,274416.00000,9.19000,0.00000,0.00000,0.00000
-652040.45117,-885017.39326,217.22100,524217523.93424,11.45000,828625.00000,7.28000,0.00000,0.00000,0.00000
-652986.98009,-883479.72804,221.12500,524217523.98064,10.68000,1465462.00000,4.81000,0.00000,0.00000,0.00000
-652567.46495,-883493.90123,219.88900,524217524.02703,10.45000,692656.00000,5.15000,0.00000,0.00000,0.00000
-652344.40225,-883284.88387,220.09400,524217524.07343,9.97000,291803.00000,4.68000,0.00000,0.00000,0.00000
-652033.98405,-883175.11781,216.74500,524217524.11982,9.67000,470378.00000,3.88000,0.00000,0.00000,0.00000
-651665.63373,-883131.13902,213.62000,524217524.16622,9.59000,510462.00000,4.44000,0.00000,0.00000,0.00000
-651413.13865,-882955.56200,209.18000,524217524.21261,9.69000,508241.00000,4.45000,0.00000,0.00000,0.00000
-651125.88889,-882819.45651,203.98100,524217524.25901,10.17000,341598.00000,7.69000,0.00000,0.00000,0.00000
-650959.81178,-882545.73729,201.52100,524217524.30540,10.64000,296738.00000,10.57000,0.00000,0.00000,0.00000
-651153.36573,-881863.51817,201.81700,524217524.35180,11.02000,237260.00000,11.30000,0.00000,0.00000,0.00000
-651046.66205,-881522.35570,202.21800,524217524.39819,10.92000,353127.00000,11.13000,0.00000,0.00000,0.00000
-650403.15416,-881790.90101,199.70300,524217524.44459,10.62000,1065956.00000,11.11000,0.00000,0.00000,0.00000
-650363.56025,-881373.52955,201.01300,524217524.49098,10.92000,1761316.00000,7.11000,0.00000,0.00000,0.00000
-649605.16191,-881772.56296,199.33600,524217524.53738,11.31000,2155871.00000,8.15000,0.00000,0.00000,0.00000
-648735.22891,-882298.22673,199.29600,524217524.58377,11.32000,2156940.00000,5.21000,0.00000,0.00000,0.00000
-647847.90589,-882843.61056,199.55900,524217524.63017,11.20000,1484596.00000,5.37000,0.00000,0.00000,0.00000
-646450.27505,-883968.46663,206.59800,524217524.67656,10.96000,1622273.00000,6.39000,0.00000,0.00000,0.00000
-646499.06797,-883450.71905,214.87100,524217524.72296,10.49000,1428264.00000,4.79000,0.00000,0.00000,0.00000
-645741.60365,-883848.52667,222.38400,524217524.76935,10.00000,2617246.00000,3.26000,0.00000,0.00000,0.00000
-652371.78554,-910398.78029,206.63000,524390174.36250,7.86000,613703.00000,4.35000,0.00000,0.00000,0.00000
-651901.73454,-910462.46198,202.83500,524390174.40885,7.62000,354021.00000,4.61000,0.00000,0.00000,0.00000
-651440.50747,-910516.39369,199.95100,524390174.45520,7.08000,298436.00000,4.13000,0.00000,0.00000,0.00000
-651158.34895,-910372.90494,194.65500,524390174.50155,6.18000,2307267.00000,4.04000,0.00000,0.00000,0.00000
-653326.15743,-907528.04705,177.05000,524390174.54790,5.24000,1226619.00000,3.77000,0.00000,0.00000,0.00000
-653324.61864,-907075.15460,183.25900,524390174.59425,4.04000,807261.00000,3.75000,0.00000,0.00000,0.00000
-653788.64263,-906108.93185,183.98000,524390174.64060,3.81000,1624465.00000,6.42000,0.00000,0.00000,0.00000
-653241.61630,-906257.55224,180.93700,524390174.68695,4.68000,1142158.00000,8.53000,0.00000,0.00000,0.00000
-652880.50205,-906201.15339,181.96100,524390174.73330,5.88000,1465216.00000,6.79000,0.00000,0.00000,0.00000
-652184.32637,-906514.18415,179.25300,524390174.77965,6.82000,1778654.00000,6.06000,0.00000,0.00000,0.00000
-652023.86315,-906236.55087,180.74800,524390174.82600,7.27000,1258544.00000,6.65000,0.00000,0.00000,0.00000
-651970.82369,-905840.46943,192.27000,524390174.87236,7.69000,6939801.00000,4.95000,0.00000,0.00000,0.00000
-651522.87923,-905879.78183,194.17700,524390174.91871,8.00000,943649.00000,4.83000,0.00000,0.00000,0.00000
-651218.68206,-905760.62475,196.64300,524390174.96506,8.22000,446865.00000,5.97000,0.00000,0.00000,0.00000
-650598.54207,-905989.76155,199.18500,524390175.01141,8.41000,203418.00000,6.63000,0.00000,0.00000,0.00000
-650572.50796,-905563.92689,198.94600,524390175.05777,8.82000,3683928.00000,5.43000,0.00000,0.00000,0.00000
-650305.10993,-905404.19609,205.25400,524390175.10412,8.98000,326208.00000,6.37000,0.00000,0.00000,0.00000
-650369.34563,-904878.85688,207.50300,524390175.15047,8.93000,289233.00000,8.06000,0.00000,0.00000,0.00000
-650262.37100,-904542.26930,208.46500,524390175.19682,9.03000,1729570.00000,4.45000,0.00000,0.00000,0.00000
-652581.30378,-901531.18763,204.14400,524390175.24317,9.23000,422372.00000,3.22000,0.00000,0.00000,0.00000
-648220.95821,-905883.63655,195.76200,524390175.28952,9.46000,980203.00000,4.11000,0.00000,0.00000,0.00000
-648550.63528,-905065.71285,191.06100,524390175.33588,9.44000,274415.00000,6.39000,0.00000,0.00000,0.00000
-651109.55257,-901790.30270,200.03500,524390175.38223,8.77000,1084160.00000,3.29000,0.00000,0.00000,0.00000
-646923.20180,-905950.60598,177.94300,524390175.42858,9.23000,1581941.00000,3.50000,0.00000,0.00000,0.00000
-646697.01736,-905745.41625,175.20800,524390175.47493,10.37000,3254684.00000,4.74000,0.00000,0.00000,0.00000
-645952.72691,-906111.27763,182.92500,524390175.52128,10.91000,1514586.00000,5.84000,0.00000,0.00000,0.00000
-646527.78570,-905022.96550,181.22000,524390175.56764,10.47000,955594.00000,4.00000,0.00000,0.00000,0.00000
-646533.69376,-904561.96785,184.92500,524390175.61399,10.11000,857541.00000,3.81000,0.00000,0.00000,0.00000
-648351.46557,-902103.90572,199.12800,524390175.66034,9.75000,4752429.00000,4.16000,0.00000,0.00000,0.00000
-646754.03514,-903410.16891,197.40300,524390175.70669,9.74000,904689.00000,6.52000,0.00000,0.00000,0.00000
-646479.80663,-903257.98697,199.14500,524390175.75305,9.51000,575337.00000,4.02000,0.00000,0.00000,0.00000
-646006.37290,-903325.32321,203.05300,524390175.79940,9.41000,4950623.00000,2.10000,0.00000,0.00000,0.00000
-646690.82149,-902116.51295,193.91300,524390175.84575,9.37000,842173.00000,2.62000,0.00000,0.00000,0.00000
-646494.59937,-901878.34328,195.08100,524390175.89210,9.28000,805797.00000,3.32000,0.00000,0.00000,0.00000
-646041.29806,-901923.52600,196.82000,524390175.93845,9.18000,1672903.00000,2.13000,0.00000,0.00000,0.00000
-647060.86349,-900345.37596,186.24100,524390175.98481,9.44000,1142374.00000,2.28000,0.00000,0.00000,0.00000
-646348.51268,-900676.08328,186.51800,524390176.03116,9.74000,1180636.00000,2.97000,0.00000,0.00000,0.00000
-645905.02435,-900710.44647,187.69400,524390176.07751,9.51000,2100277.00000,3.33000,0.00000,0.00000,0.00000
-645289.32728,-900934.60597,189.26000,524390176.12386,9.25000,520943.00000,3.90000,0.00000,0.00000,0.00000
-644837.49829,-900978.14823,190.54600,524390176.17021,9.15000,520206.00000,3.27000,0.00000,0.00000,0.00000
-644491.15915,-900905.42965,191.23200,524390176.21657,9.24000,1575213.00000,2.41000,0.00000,0.00000,0.00000
-645821.83968,-898984.54806,185.21600,524390176.26292,9.32000,2172568.00000,2.57000,0.00000,0.00000,0.00000
-644990.76139,-899446.07699,185.20700,524390176.30927,9.44000,738248.00000,3.02000,0.00000,0.00000,0.00000
-644360.83268,-899685.88316,186.19400,524390176.35562,9.44000,1290258.00000,3.77000,0.00000,0.00000,0.00000
-643638.16970,-900027.87092,188.44600,524390176.40197,9.78000,923877.00000,4.32000,0.00000,0.00000,0.00000
-643198.12734,-900058.41630,189.80600,524390176.44832,10.02000,826129.00000,4.51000,0.00000,0.00000,0.00000
-643844.40322,-898891.89439,186.92000,524390176.49468,10.06000,2892167.00000,4.29000,0.00000,0.00000,0.00000
-643436.74641,-898886.75091,188.50000,524390176.54103,10.09000,1211309.00000,6.28000,0.00000,0.00000,0.00000
-643131.63628,-898768.59846,190.16200,524390176.58738,10.15000,1348875.00000,6.28000,0.00000,0.00000,0.00000
-642401.12386,-899119.19452,193.35000,524390176.63373,9.90000,580495.00000,5.32000,0.00000,0.00000,0.00000
-642535.65814,-898516.62212,193.26300,524390176.68009,10.04000,746224.00000,4.99000,0.00000,0.00000,0.00000
-642337.51820,-898280.60220,194.14400,524390176.72644,10.07000,1083301.00000,4.87000,0.00000,0.00000,0.00000
-641719.36869,-898507.36604,195.28200,524390176.77279,10.07000,665263.00000,5.30000,0.00000,0.00000,0.00000
-641642.42372,-898137.79732,193.98300,524390176.81915,10.21000,923927.00000,7.50000,0.00000,0.00000,0.00000
-640882.46821,-898520.79037,194.64200,524390176.86550,9.53000,499292.00000,8.02000,0.00000,0.00000,0.00000
-640751.55358,-898210.68753,193.89800,524390176.91185,8.86000,418831.00000,5.68000,0.00000,0.00000,0.00000
-640799.26151,-897703.81936,191.24000,524390176.95820,8.61000,1201427.00000,4.65000,0.00000,0.00000,0.00000
-639945.07804,-898190.57169,191.25100,524390177.00456,8.62000,1731800.00000,3.35000,0.00000,0.00000,0.00000
-643315.69190,-894022.60130,179.81500,524390177.05091,8.77000,1081199.00000,3.47000,0.00000,0.00000,0.00000
-643349.18200,-893531.42884,180.76200,524390177.09726,9.20000,635082.00000,4.46000,0.00000,0.00000,0.00000
-642159.44805,-894388.01691,170.02600,524390177.14362,9.44000,1123424.00000,3.32000,0.00000,0.00000,0.00000
-637463.05717,-899107.64181,192.21300,524390177.18997,9.26000,2023765.00000,2.78000,0.00000,0.00000,0.00000
-641154.80443,-894586.34283,158.55600,524390177.23632,9.37000,1161777.00000,4.14000,0.00000,0.00000,0.00000
-640650.50562,-894687.66931,156.12000,524390177.28268,9.67000,1563839.00000,4.56000,0.00000,0.00000,0.00000
-637830.47445,-897340.03966,163.35400,524390177.32903,9.81000,3177623.00000,4.43000,0.00000,0.00000,0.00000
-637076.34648,-897716.44397,166.22700,524390177.37538,9.97000,789608.00000,5.67000,0.00000,0.00000,0.00000
-636655.92029,-897725.26697,166.05100,524390177.42174,10.19000,409038.00000,11.04000,0.00000,0.00000,0.00000
-637254.78295,-896611.34174,160.78100,524390177.46809,10.31000,526754.00000,7.52000,0.00000,0.00000,0.00000
-637200.95760,-896216.37279,158.46200,524390177.51445,10.74000,834708.00000,5.97000,0.00000,0.00000,0.00000
-637034.75587,-895945.19206,156.82000,524390177.56080,11.16000,344335.00000,9.39000,0.00000,0.00000,0.00000
-636949.04068,-895585.35829,155.99200,524390177.60715,10.73000,221959.00000,9.75000,0.00000,0.00000,0.00000
-636650.33596,-895460.11407,155.51100,524390177.65351,10.05000,1024748.00000,5.55000,0.00000,0.00000,0.00000
-636072.88936,-895641.90865,155.87000,524390177.69986,9.88000,1823827.00000,5.72000,0.00000,0.00000,0.00000
-635585.73798,-895724.22619,156.32700,524390177.74622,9.85000,2726221.00000,3.97000,0.00000,0.00000,0.00000
-634955.76499,-895963.83191,156.99600,524390177.79257,9.79000,1822590.00000,4.62000,0.00000,0.00000,0.00000
-634379.28800,-896144.51000,157.85000,524390177.83893,9.72000,537986.00000,4.10000,0.00000,0.00000,0.00000
-633103.43190,-897095.38764,165.56800,524390177.88528,9.73000,666539.00000,6.48000,0.00000,0.00000,0.00000
-632897.00452,-896868.48988,166.10500,524390177.93163,9.56000,271337.00000,3.60000,0.00000,0.00000,0.00000
-637514.77863,-891328.45282,174.41500,524390177.97799,9.82000,958000.00000,3.50000,0.00000,0.00000,0.00000
-636937.87131,-891509.69210,171.64300,524390178.02434,10.19000,1137141.00000,4.09000,0.00000,0.00000,0.00000
-636416.41517,-891629.84523,169.66400,524390178.07070,10.63000,1509006.00000,4.27000,0.00000,0.00000,0.00000
-636334.16885,-891266.26367,171.29200,524390178.11705,10.86000,328815.00000,4.04000,0.00000,0.00000,0.00000
-633190.12860,-894274.66331,186.20000,524390178.16340,10.91000,3999905.00000,4.53000,0.00000,0.00000,0.00000
-635218.62378,-891586.53547,165.96900,524390178.20976,10.99000,1341403.00000,5.14000,0.00000,0.00000,0.00000
-632010.21436,-894665.61330,188.54300,524390178.25611,11.03000,2096530.00000,6.91000,0.00000,0.00000,0.00000
-632513.95773,-893656.72073,182.96900,524390178.30247,11.27000,6983827.00000,7.22000,0.00000,0.00000,0.00000
-632940.15717,-892733.22995,176.55700,524390178.34882,11.18000,1578818.00000,7.85000,0.00000,0.00000,0.00000
-633327.10996,-891852.97444,176.25300,524390178.39517,10.78000,1636812.00000,7.21000,0.00000,0.00000,0.00000
-636345.92766,-888074.28175,178.64700,524390178.44153,10.27000,1140408.00000,4.40000,0.00000,0.00000,0.00000
-635504.04674,-888547.33726,175.63300,524390178.48788,9.88000,1766623.00000,3.44000,0.00000,0.00000,0.00000
-632946.94218,-890909.17682,181.92400,524390178.53424,9.58000,3448070.00000,3.89000,0.00000,0.00000,0.00000
-633268.13242,-890101.36645,180.77800,524390178.58059,9.54000,1554872.00000,7.39000,0.00000,0.00000,0.00000
-633590.30733,-889292.48769,179.07400,524390178.62694,9.98000,3173016.00000,6.76000,0.00000,0.00000,0.00000
-630063.26239,-905694.13506,155.37500,524562830.35649,6.30000,1113583.00000,2.97000,0.00000,0.00000,0.00000
-650760.29475,-881144.88427,205.06800,524783442.06402,12.61000,1638270.00000,7.76000,0.00000,0.00000,1.00000
-650526.06580,-881583.01025,203.64800,524783442.11023,12.16000,444214.00000,6.79000,0.00000,0.00000,1.00000
-650248.61763,-882040.45092,199.10600,524783442.15644,12.22000,1589690.00000,7.39000,0.00000,0.00000,1.00000
-651751.29084,-881702.75637,204.16200,524783442.20265,11.96000,494253.00000,4.95000,0.00000,0.00000,1.00000
-651384.07169,-882200.30570,201.69700,524783442.24886,11.60000,770578.00000,3.74000,0.00000,0.00000,1.00000
-649834.48074,-883225.91888,198.15000,524783442.29507,11.47000,3286490.00000,2.89000,0.00000,0.00000,1.00000
-646501.26314,-885047.94668,200.07700,524783442.34127,11.42000,1292846.00000,2.19000,0.00000,0.00000,1.00000
-654691.77649,-881723.44545,232.10000,524783442.38748,11.28000,1006111.00000,2.69000,0.00000,0.00000,1.00000
-654635.09396,-882082.30822,233.26800,524783442.43369,11.31000,178650.00000,5.17000,0.00000,0.00000,1.00000
-654055.75043,-882674.62171,229.76500,524783442.47990,11.22000,289815.00000,5.50000,0.00000,0.00000,1.00000
-654190.56699,-882947.94221,233.20800,524783442.52611,11.32000,339024.00000,4.74000,0.00000,0.00000,1.00000
-654247.60010,-883255.99498,231.23800,524783442.57232,11.53000,1121834.00000,4.28000,0.00000,0.00000,1.00000
-653802.56619,-883788.27759,225.20500,524783442.61853,11.91000,1150865.00000,6.01000,0.00000,0.00000,1.00000
-654013.86843,-884027.43487,224.46900,524783442.66473,12.74000,263555.00000,10.69000,0.00000,0.00000,1.00000
-653445.12323,-884614.96201,220.40600,524783442.71094,13.39000,77289.00000,14.32000,0.00000,0.00000,1.00000
-652086.97189,-885554.96631,216.92700,524783442.75715,13.20000,247658.00000,13.27000,0.00000,0.00000,1.00000
-652195.17472,-885840.15567,219.22600,524783442.80336,12.68000,337188.00000,9.11000,0.00000,0.00000,1.00000
-652494.23304,-886040.11657,222.01000,524783442.84957,12.83000,96350.00000,8.50000,0.00000,0.00000,1.00000
-652668.93248,-886295.61108,224.56500,524783442.89577,12.72000,261758.00000,8.59000,0.00000,0.00000,1.00000
-652840.31081,-886552.60106,226.42200,524783442.94198,12.75000,378494.00000,10.24000,0.00000,0.00000,1.00000
-653030.97411,-886800.97881,226.76000,524783442.98819,12.94000,282519.00000,10.49000,0.00000,0.00000,1.00000
-653042.07327,-887129.52719,225.97900,524783443.03440,12.79000,90897.00000,9.77000,0.00000,0.00000,1.00000
-653073.11988,-887449.16243,224.72900,524783443.08061,11.83000,203436.00000,7.84000,0.00000,0.00000,1.00000
-653339.60067,-887663.69940,221.88500,524783443.12681,11.19000,444364.00000,6.30000,0.00000,0.00000,1.00000
-653628.68689,-887868.12679,218.57400,524783443.17302,11.09000,2654961.00000,5.09000,0.00000,0.00000,1.00000
-654338.77166,-887884.62089,216.91900,524783443.21923,11.52000,728414.00000,6.79000,0.00000,0.00000,1.00000
-654827.38032,-887999.98243,217.02500,524783443.26544,11.74000,310415.00000,6.54000,0.00000,0.00000,1.00000
-655730.32752,-887930.37529,222.05700,524783443.31165,11.77000,449488.00000,4.98000,0.00000,0.00000,1.00000
-656426.42359,-887953.11003,228.70700,524783443.35785,11.77000,792707.00000,5.09000,0.00000,0.00000,1.00000
-656325.79305,-888331.58384,228.55600,524783443.40406,11.75000,3949240.00000,3.81000,0.00000,0.00000,1.00000
-656993.95607,-888366.80066,234.67400,524783443.45027,11.14000,4557389.00000,3.90000,0.00000,0.00000,1.00000
-657588.30826,-888434.98635,239.25900,524783443.49648,9.90000,714411.00000,5.11000,0.00000,0.00000,1.00000
-658808.49846,-888223.76185,247.46500,524783443.54269,9.57000,195870.00000,6.49000,0.00000,0.00000,1.00000
-659726.73268,-888147.35420,256.61900,524783443.58889,9.84000,161788.00000,3.79000,0.00000,0.00000,1.00000
-653885.11904,-891088.72756,183.85500,524783443.63510,11.92000,364873.00000,8.34000,0.00000,0.00000,1.00000
-654631.14962,-891089.21562,184.87300,524783443.68131,13.19000,625301.00000,15.42000,0.00000,0.00000,1.00000
-655413.11145,-891073.69145,187.47800,524783443.72752,12.77000,264574.00000,9.00000,0.00000,0.00000,1.00000
-654369.24277,-891873.13655,183.58500,524783443.77373,13.54000,399877.00000,7.65000,0.00000,0.00000,1.00000
-654272.53293,-892249.79576,182.75100,524783443.81993,13.67000,442320.00000,7.27000,0.00000,0.00000,1.00000
-653943.67512,-892730.06872,182.55600,524783443.86614,13.60000,269914.00000,7.74000,0.00000,0.00000,1.00000
-653768.46376,-893141.75445,183.38900,524783443.91235,12.82000,366305.00000,8.37000,0.00000,0.00000,1.00000
-653559.31828,-893568.57426,183.67200,524783443.95855,11.99000,279985.00000,8.58000,0.00000,0.00000,1.00000
-653575.66072,-893894.75466,183.76200,524783444.00476,11.81000,209398.00000,8.81000,0.00000,0.00000,1.00000
-653679.15544,-894182.06497,184.67200,524783444.05097,11.50000,282929.00000,9.08000,0.00000,0.00000,1.00000
-653905.69328,-894414.45120,183.53700,524783444.09718,11.16000,548738.00000,4.26000,0.00000,0.00000,1.00000
-654104.95604,-894659.00778,180.79000,524783444.14338,11.56000,411664.00000,7.28000,0.00000,0.00000,1.00000
-654465.20870,-894831.74980,178.36600,524783444.18959,11.84000,331528.00000,5.91000,0.00000,0.00000,1.00000
-655272.46968,-894804.99287,176.74400,524783444.23580,12.36000,577186.00000,8.32000,0.00000,0.00000,1.00000
-655457.78029,-895055.80805,178.55600,524783444.28200,12.22000,662650.00000,6.88000,0.00000,0.00000,1.00000
-655273.88426,-895471.35226,181.07000,524783444.32821,12.11000,1012618.00000,6.06000,0.00000,0.00000,1.00000
-655178.46643,-895847.42530,182.50000,524783444.37442,11.31000,517907.00000,5.22000,0.00000,0.00000,1.00000
-654957.30182,-896279.58278,181.51700,524783444.42062,9.83000,1028127.00000,3.40000,0.00000,0.00000,1.00000
-654233.87442,-896935.84215,177.63500,524783444.46683,10.48000,604518.00000,5.87000,0.00000,0.00000,1.00000
-653894.28550,-897420.82413,179.28400,524783444.51303,11.67000,1006849.00000,7.67000,0.00000,0.00000,1.00000
-655072.10243,-897228.80612,172.03100,524783444.55924,11.05000,668085.00000,5.75000,0.00000,0.00000,1.00000
-653643.53538,-898199.62000,189.34800,524783444.60545,10.28000,2535137.00000,3.96000,0.00000,0.00000,1.00000
-654470.75769,-898164.04629,181.29200,524783444.65165,10.23000,2611379.00000,5.19000,0.00000,0.00000,1.00000
-654189.69893,-898622.89896,185.22400,524783444.69786,11.23000,552627.00000,9.92000,0.00000,0.00000,1.00000
-654391.61033,-898866.29271,186.01400,524783444.74406,10.39000,195272.00000,8.00000,0.00000,0.00000,1.00000
-654407.93409,-899192.48010,193.50300,524783444.79027,9.28000,797967.00000,3.32000,0.00000,0.00000,1.00000
-664038.20516,-895229.23170,240.27300,524783444.83648,10.15000,1692864.00000,4.88000,0.00000,0.00000,1.00000
-664393.80733,-895404.11168,244.46100,524783444.88268,10.81000,1979195.00000,6.22000,0.00000,0.00000,1.00000
-654651.75251,-900084.10940,199.24900,524783444.92889,10.68000,1752387.00000,6.16000,0.00000,0.00000,1.00000
-654542.29549,-900466.38074,199.81600,524783444.97509,10.45000,919452.00000,5.71000,0.00000,0.00000,1.00000
-654758.82018,-900703.25284,199.24100,524783445.02130,10.62000,1510084.00000,5.56000,0.00000,0.00000,1.00000
-655478.29284,-900715.80658,193.95600,524783445.06750,10.25000,275640.00000,7.34000,0.00000,0.00000,1.00000
-655968.91793,-900830.43400,191.41100,524783445.11371,9.37000,1621840.00000,3.67000,0.00000,0.00000,1.00000
-659342.22947,-899659.21034,201.81800,524783445.15991,9.16000,1667775.00000,3.30000,0.00000,0.00000,1.00000
-656008.10881,-901479.89812,184.26100,524783445.20612,9.70000,1020245.00000,4.88000,0.00000,0.00000,1.00000
-656354.37866,-901658.92553,184.68600,524783445.25232,9.44000,1115750.00000,3.85000,0.00000,0.00000,1.00000
-656183.03385,-902068.80981,187.01300,524783445.29853,8.64000,2777153.00000,2.43000,0.00000,0.00000,1.00000
-654299.78603,-903242.15116,189.80800,524783445.34473,7.92000,3058893.00000,1.97000,0.00000,0.00000,1.00000
-662520.38758,-899909.07559,257.85000,524783445.39094,7.48000,268200.00000,5.37000,0.00000,0.00000,1.00000
-661972.57760,-900486.96945,253.85000,524783445.43714,7.10000,294217.00000,3.83000,0.00000,0.00000,1.00000
-661855.81133,-900872.57609,257.93700,524783445.48335,6.39000,1107915.00000,2.05000,0.00000,0.00000,1.00000
-661973.23006,-901153.73340,260.87300,524783445.52955,6.05000,431243.00000,2.62000,0.00000,0.00000,1.00000
-662046.74001,-901454.46032,261.09500,524783445.57575,6.17000,356495.00000,3.81000,0.00000,0.00000,1.00000
-661968.57205,-901822.84253,260.71100,524783445.62196,6.50000,189291.00000,4.83000,0.00000,0.00000,1.00000
-661640.92529,-902302.49284,259.56200,524783445.66816,6.45000,346228.00000,4.42000,0.00000,0.00000,1.00000
-661222.79710,-902822.50121,259.30000,524783445.71437,6.19000,3361623.00000,2.64000,0.00000,0.00000,1.00000
-662584.28724,-902548.77872,257.16800,524783445.76057,6.03000,805926.00000,2.17000,0.00000,0.00000,1.00000
-661776.94851,-903242.36549,257.25500,524783445.80677,5.88000,2766947.00000,2.88000,0.00000,0.00000,1.00000
-661266.99344,-903803.30780,255.62400,524783445.85298,5.80000,576345.00000,3.24000,0.00000,0.00000,1.00000
-662685.71662,-903504.11495,255.74500,524783445.89918,5.19000,3210998.00000,2.24000,0.00000,0.00000,1.00000
-659709.53980,-905164.80601,382.61300,524783445.94539,4.89000,35558.00000,4.23000,0.00000,0.00000,1.00000
-660121.59752,-905314.54720,385.13500,524783445.99159,3.48000,29221.00000,4.99000,0.00000,0.00000,1.00000
-664067.23573,-903888.58929,248.11500,524783446.03779,3.45000,7707445.00000,1.81000,0.00000,0.00000,1.00000
-662882.21901,-905084.07594,248.50200,524783446.13020,2.56000,2733629.00000,1.77000,0.00000,0.00000,1.00000
-660792.68602,-906349.27769,388.46500,524783446.17641,-3.77000,176469.00000,4.89000,0.00000,0.00000,1.00000
-659863.73214,-907430.41051,224.89300,524783446.26881,5.87000,2232389.00000,2.20000,0.00000,0.00000,1.00000
-635221.33502,-888354.60964,175.53100,524956095.11055,12.33000,1252373.00000,6.38000,0.00000,0.00000,1.00000
-635067.51627,-888751.75587,174.71700,524956095.15675,12.54000,1403231.00000,7.22000,0.00000,0.00000,1.00000
-634431.80117,-889355.42606,176.29400,524956095.20295,12.64000,1587835.00000,6.01000,0.00000,0.00000,1.00000
-634338.87325,-889726.45805,177.07000,524956095.24915,12.65000,1535828.00000,6.56000,0.00000,0.00000,1.00000
-634475.52073,-889999.12257,177.89100,524956095.29535,12.90000,237144.00000,9.36000,0.00000,0.00000,1.00000
-634938.12453,-890132.11661,176.99200,524956095.34155,12.78000,901631.00000,9.12000,0.00000,0.00000,1.00000
-635387.34015,-890270.84259,176.14000,524956095.38775,12.30000,840765.00000,5.99000,0.00000,0.00000,1.00000
-641079.13213,-888162.86410,219.17000,524956095.43395,11.70000,635109.00000,5.33000,0.00000,0.00000,1.00000
-635001.32978,-891098.69264,167.97500,524956095.48015,11.53000,1832858.00000,3.44000,0.00000,0.00000,1.00000
-634935.15950,-891458.27605,165.95200,524956095.52636,11.84000,1026959.00000,5.37000,0.00000,0.00000,1.00000
-634868.98988,-891817.86339,165.85200,524956095.57256,12.25000,1029274.00000,5.08000,0.00000,0.00000,1.00000
-639124.10104,-890325.83482,180.93700,524956095.61876,13.02000,1068851.00000,7.81000,0.00000,0.00000,1.00000
-638478.97532,-890933.53274,176.00400,524956095.66496,13.97000,304280.00000,13.32000,0.00000,0.00000,1.00000
-637732.08659,-891584.81841,173.48400,524956095.71116,12.46000,479006.00000,7.54000,0.00000,0.00000,1.00000
-636862.68447,-892288.56303,173.82300,524956095.75736,11.18000,3600380.00000,3.03000,0.00000,0.00000,1.00000
-636985.25803,-892567.28493,189.05100,524956095.80356,10.94000,357434.00000,4.48000,0.00000,0.00000,1.00000
-637190.17112,-892810.73707,191.42700,524956095.84976,11.02000,409721.00000,4.98000,0.00000,0.00000,1.00000
-637383.69908,-893059.06144,191.41000,524956095.89597,11.03000,855568.00000,5.33000,0.00000,0.00000,1.00000
-638596.01784,-892870.91229,182.14500,524956095.94217,10.88000,763762.00000,4.82000,0.00000,0.00000,1.00000
-639622.24895,-892762.49362,185.37300,524956095.98837,10.92000,286344.00000,9.14000,0.00000,0.00000,1.00000
-641878.07443,-892127.25689,202.22600,524956096.03457,9.99000,1505067.00000,4.01000,0.00000,0.00000,1.00000
-636281.51347,-894856.16726,157.14600,524956096.08077,10.09000,599459.00000,2.80000,0.00000,0.00000,1.00000
-637645.83826,-894602.96692,152.10100,524956096.12697,12.49000,591765.00000,10.68000,0.00000,0.00000,1.00000
-636841.25936,-895278.85646,155.06800,524956096.17317,12.60000,444074.00000,6.67000,0.00000,0.00000,1.00000
-636747.59694,-895650.19790,156.34900,524956096.21938,13.15000,2532463.00000,8.62000,0.00000,0.00000,1.00000
-640929.57280,-894190.03471,157.63300,524956096.26558,13.51000,1246268.00000,7.51000,0.00000,0.00000,1.00000
-642093.08073,-894022.85248,167.06800,524956096.31178,13.81000,964289.00000,8.24000,0.00000,0.00000,1.00000
-641480.63943,-894616.49659,163.30700,524956096.35798,13.85000,651519.00000,7.26000,0.00000,0.00000,1.00000
-639406.80644,-895836.11711,156.58400,524956096.40418,13.51000,724312.00000,7.52000,0.00000,0.00000,1.00000
-638013.74695,-896764.03231,158.91300,524956096.45038,13.24000,2214746.00000,7.40000,0.00000,0.00000,1.00000
-639906.30502,-896284.66740,164.98400,524956096.49658,12.73000,249383.00000,11.01000,0.00000,0.00000,1.00000
-640742.48088,-896257.77658,172.25800,524956096.54278,12.17000,146959.00000,8.93000,0.00000,0.00000,1.00000
-640725.79003,-896596.18412,175.40100,524956096.58898,11.17000,977252.00000,6.31000,0.00000,0.00000,1.00000
-641026.40957,-896798.69086,181.95700,524956096.63519,10.65000,2736480.00000,4.70000,0.00000,0.00000,1.00000
-639774.59707,-897666.08140,185.44000,524956096.68139,11.20000,196039.00000,7.36000,0.00000,0.00000,1.00000
-639216.32495,-898236.41690,188.41100,524956096.72759,11.27000,258727.00000,6.29000,0.00000,0.00000,1.00000
-639786.05844,-898323.65927,189.22900,524956096.77378,10.82000,577633.00000,3.49000,0.00000,0.00000,1.00000
-640970.33690,-898147.71111,191.41400,524956096.81998,10.40000,1438804.00000,3.11000,0.00000,0.00000,1.00000
-640656.40757,-898613.40894,192.58700,524956096.86618,9.79000,1283753.00000,2.39000,0.00000,0.00000,1.00000
-639513.01043,-899434.28174,204.54600,524956096.91238,9.63000,4308578.00000,1.90000,0.00000,0.00000,1.00000
-639819.63894,-899634.20004,203.82800,524956096.95858,9.66000,2109063.00000,2.90000,0.00000,0.00000,1.00000
-639983.68121,-899895.18987,205.07100,524956097.00478,9.37000,546526.00000,3.81000,0.00000,0.00000,1.00000
-639875.25303,-900272.84876,206.88000,524956097.05098,9.41000,418401.00000,3.31000,0.00000,0.00000,1.00000
-639548.58004,-900743.95433,209.50200,524956097.09718,9.17000,429302.00000,2.37000,0.00000,0.00000,1.00000
-643242.11948,-899493.61891,189.81300,524956097.14338,8.91000,2716471.00000,1.60000,0.00000,0.00000,1.00000
-643861.44256,-899559.66205,187.46100,524956097.18958,8.98000,2498128.00000,1.37000,0.00000,0.00000,1.00000
-644297.99618,-899703.99369,187.27200,524956097.23578,8.99000,2123356.00000,1.50000,0.00000,0.00000,1.00000
-643807.25675,-900245.40441,190.11700,524956097.28197,8.82000,5005526.00000,1.51000,0.00000,0.00000,1.00000
-644294.68472,-900367.95431,190.86000,524956097.32817,8.59000,3264209.00000,1.57000,0.00000,0.00000,1.00000
-640771.75519,-902207.60292,214.38000,524956097.37437,8.20000,929241.00000,1.89000,0.00000,0.00000,1.00000
-644482.84826,-900949.91272,192.74200,524956097.42057,7.64000,3236219.00000,1.48000,0.00000,0.00000,1.00000
-645052.60892,-901037.21801,196.78200,524956097.46677,7.48000,4224472.00000,1.49000,0.00000,0.00000,1.00000
-646261.74981,-900850.75414,204.86100,524956097.51297,7.27000,9124727.00000,1.46000,0.00000,0.00000,1.00000
-646948.00525,-900888.19287,211.28500,524956097.55917,7.07000,2380601.00000,1.77000,0.00000,0.00000,1.00000
-647478.29061,-900992.41359,213.62200,524956097.60536,7.05000,4746374.00000,1.30000,0.00000,0.00000,1.00000
-640971.87830,-904109.25680,194.30700,524956097.65156,7.70000,2926048.00000,1.56000,0.00000,0.00000,1.00000
-640441.59370,-904667.48208,192.49000,524956097.69776,8.70000,1758995.00000,1.86000,0.00000,0.00000,1.00000
-639673.58527,-905327.42265,189.96200,524956097.74396,9.32000,3470320.00000,1.84000,0.00000,0.00000,1.00000
-641640.01165,-904816.93267,192.28500,524956097.79015,9.68000,3987005.00000,1.79000,0.00000,0.00000,1.00000
-643305.78773,-904435.12105,206.84100,524956097.83635,9.49000,1998858.00000,1.87000,0.00000,0.00000,1.00000
-642966.32213,-904911.66906,202.03500,524956097.88255,9.48000,512305.00000,4.18000,0.00000,0.00000,1.00000
-642691.12393,-905360.70872,200.15300,524956097.92875,9.60000,438289.00000,3.84000,0.00000,0.00000,1.00000
-642629.49634,-905718.31270,195.87900,524956097.97495,9.73000,2789713.00000,3.41000,0.00000,0.00000,1.00000
-642700.44175,-906019.18278,193.14600,524956098.02114,10.13000,692806.00000,6.42000,0.00000,0.00000,1.00000
-642766.02890,-906322.34958,191.63300,524956098.06734,10.39000,275619.00000,7.05000,0.00000,0.00000,1.00000
-643027.12370,-906541.82832,189.59000,524956098.11354,10.43000,617719.00000,6.39000,0.00000,0.00000,1.00000
-643532.61862,-906656.71448,188.91300,524956098.15974,10.96000,1309999.00000,4.18000,0.00000,0.00000,1.00000
-644222.92149,-906692.52232,192.33400,524956098.20594,11.29000,590685.00000,5.41000,0.00000,0.00000,1.00000
-643902.81871,-907160.75277,189.98700,524956098.25213,11.44000,170833.00000,6.99000,0.00000,0.00000,1.00000
-643434.06096,-907692.60709,188.58700,524956098.29833,11.50000,332962.00000,6.29000,0.00000,0.00000,1.00000
-644092.90303,-907741.90108,188.00400,524956098.34453,11.60000,226113.00000,10.37000,0.00000,0.00000,1.00000
-644866.91599,-907741.89932,188.81600,524956098.39073,11.62000,1662789.00000,6.30000,0.00000,0.00000,1.00000
-645950.27749,-907609.52697,197.98800,524956098.43693,10.97000,3126150.00000,5.18000,0.00000,0.00000,1.00000
-646396.86987,-907749.66823,197.61400,524956098.48313,9.55000,777180.00000,4.78000,0.00000,0.00000,1.00000
-646880.97716,-907873.76310,195.73900,524956098.52933,8.44000,315826.00000,4.55000,0.00000,0.00000,1.00000
-647507.71612,-907936.82678,195.60800,524956098.57553,8.19000,769055.00000,5.11000,0.00000,0.00000,1.00000
-643100.13630,-910154.15005,150.71500,524956098.62173,9.90000,671339.00000,4.51000,0.00000,0.00000,1.00000
-643244.70352,-910423.52706,148.43100,524956098.66793,11.83000,505218.00000,9.42000,0.00000,0.00000,1.00000
-644229.05380,-910333.59874,148.68600,524956098.71412,12.21000,410141.00000,8.21000,0.00000,0.00000,1.00000
-644303.98315,-910632.78608,147.67200,524956098.76032,11.82000,672444.00000,8.72000,0.00000,0.00000,1.00000
-644306.57467,-910962.90397,147.81400,524956098.80652,11.01000,785404.00000,13.89000,0.00000,0.00000,1.00000
-644092.86128,-911385.58695,147.91300,524956098.85272,9.92000,458687.00000,11.63000,0.00000,0.00000,1.00000
-644074.01716,-911724.87990,149.10700,524956098.89892,8.84000,515224.00000,6.67000,0.00000,0.00000,1.00000
-644741.61959,-911770.50509,154.43900,524956098.94512,7.95000,2798580.00000,4.43000,0.00000,0.00000,1.00000
-644760.95315,-912093.47825,153.05500,524956098.99132,6.80000,1331900.00000,6.63000,0.00000,0.00000,1.00000
-646713.82551,-911589.23228,369.19400,524956099.03752,-8.48000,4150305.00000,6.47000,0.00000,0.00000,1.00000
-646114.57991,-912176.83860,364.17500,524956099.08371,-8.20000,2688139.00000,11.91000,0.00000,0.00000,1.00000
-650606.38625,-910586.28346,190.70000,524956099.12991,4.82000,595981.00000,4.78000,0.00000,0.00000,1.00000
-650602.24989,-910919.33705,196.48200,524956099.17611,5.56000,872415.00000,3.87000,0.00000,0.00000,1.00000
-650361.74502,-911353.52026,197.18300,524956099.22230,6.53000,306536.00000,5.02000,0.00000,0.00000,1.00000
