-666677.50957,-900557.38172,252.56700,460585736.18550,15.23000,287071.00000,7.37000,0.00000,0.00000,0.00000
-666030.43905,-900369.81792,248.78300,460585736.27801,14.94000,1326444.00000,5.99000,0.00000,0.00000,0.00000
-665240.52846,-900806.20445,248.69900,460585736.32427,14.91000,740247.00000,5.37000,0.00000,0.00000,0.00000
-665147.41499,-900450.48819,244.35100,460585736.37052,15.10000,1400008.00000,3.62000,0.00000,0.00000,0.00000
-667183.66504,-897674.05486,234.11500,460585736.41677,15.39000,1908511.00000,3.80000,0.00000,0.00000,0.00000
-667226.35768,-897163.97050,233.71400,460585736.46303,15.70000,417959.00000,5.72000,0.00000,0.00000,0.00000
-666942.09294,-897025.58107,230.85500,460585736.50928,15.87000,552906.00000,6.80000,0.00000,0.00000,0.00000
-663363.57628,-900631.93692,256.87800,460585736.55553,15.28000,187869.00000,5.97000,0.00000,0.00000,0.00000
-663573.86102,-899931.35397,254.79200,460585736.60179,14.47000,293397.00000,6.25000,0.00000,0.00000,0.00000
-663233.23829,-899856.96750,254.53900,460585736.64804,13.80000,1979521.00000,2.52000,0.00000,0.00000,0.00000
-667340.20604,-894726.88455,230.21500,460585736.69430,13.35000,789705.00000,2.89000,0.00000,0.00000,0.00000
-667112.77413,-894523.90642,229.57400,460585736.74055,12.96000,497076.00000,3.85000,0.00000,0.00000,0.00000
-666896.43730,-894308.36343,229.09800,460585736.78680,12.71000,475962.00000,4.58000,0.00000,0.00000,0.00000
-666854.87881,-893894.10236,232.02000,460585736.83306,12.00000,1041303.00000,2.55000,0.00000,0.00000,0.00000
-664208.15045,-896441.21115,244.77700,460585736.87931,11.50000,1194291.00000,2.77000,0.00000,0.00000,0.00000
-664164.67487,-896029.12066,243.21600,460585736.92557,11.41000,691674.00000,5.10000,0.00000,0.00000,0.00000
-664037.89544,-895711.73232,244.93600,460585736.97182,11.65000,433534.00000,3.79000,0.00000,0.00000,0.00000
-666878.94239,-892020.82379,232.83000,460585737.01807,11.74000,449632.00000,3.63000,0.00000,0.00000,0.00000
-662608.36968,-896413.56970,227.30000,460585737.06433,12.39000,3459424.00000,4.38000,0.00000,0.00000,0.00000
-662282.69717,-896322.21240,226.61500,460585737.11058,12.86000,2336394.00000,6.07000,0.00000,0.00000,0.00000
-661730.70096,-896488.09810,233.11900,460585737.15684,12.59000,2536321.00000,4.63000,0.00000,0.00000,0.00000
-661959.83583,-895766.22720,236.34600,460585737.20309,12.05000,1137903.00000,2.75000,0.00000,0.00000,0.00000
-661752.17456,-895540.77090,245.61900,460585737.24935,12.02000,1370255.00000,2.80000,0.00000,0.00000,0.00000
-661407.73667,-895470.74041,250.35400,460585737.29560,12.50000,2502208.00000,3.37000,0.00000,0.00000,0.00000
-661618.08379,-894770.24061,248.48600,460585737.34185,12.90000,694906.00000,4.97000,0.00000,0.00000,0.00000
-662498.75112,-893307.92592,260.19700,460585737.38811,12.52000,1741066.00000,4.49000,0.00000,0.00000,0.00000
-661679.03058,-893778.08216,259.55600,460585737.43436,11.94000,761242.00000,4.61000,0.00000,0.00000,0.00000
-661742.99625,-893243.95755,244.84600,460585737.48062,11.87000,526739.00000,3.93000,0.00000,0.00000,0.00000
-661581.56936,-892965.96930,245.19200,460585737.52687,12.07000,920814.00000,4.10000,0.00000,0.00000,0.00000
-661201.51680,-892936.44820,244.28000,460585737.57313,12.18000,2165677.00000,4.98000,0.00000,0.00000,0.00000
-660916.32959,-892799.11943,249.52600,460585737.61938,12.24000,1296903.00000,4.99000,0.00000,0.00000,0.00000
-660863.75302,-892397.45280,249.29100,460585737.66564,12.22000,2293012.00000,6.51000,0.00000,0.00000,0.00000
-660826.58897,-891978.29071,254.07100,460585737.71189,12.20000,376224.00000,9.79000,0.00000,0.00000,0.00000
-660932.45176,-891396.58770,255.23700,460585737.75815,12.15000,574880.00000,9.27000,0.00000,0.00000,0.00000
-660458.51068,-891473.76861,251.78000,460585737.80440,11.89000,343624.00000,9.01000,0.00000,0.00000,0.00000
-659750.03593,-891817.45235,248.74500,460585737.85066,11.57000,359007.00000,8.35000,0.00000,0.00000,0.00000
-659248.63085,-891925.80985,246.06700,460585737.89691,11.32000,1569058.00000,5.96000,0.00000,0.00000,0.00000
-660374.06055,-890185.58587,239.16500,460585737.94317,11.26000,1477813.00000,4.95000,0.00000,0.00000,0.00000
-659929.50064,-890229.38932,237.55500,460585737.98942,10.97000,1471036.00000,3.88000,0.00000,0.00000,0.00000
-659611.59735,-890129.23897,231.42000,460585738.03568,11.12000,633902.00000,3.26000,0.00000,0.00000,0.00000
-658750.44934,-890646.37221,218.40400,460585738.08194,11.47000,1275870.00000,3.14000,0.00000,0.00000,0.00000
-658669.01599,-890277.53354,215.19700,460585738.12819,12.07000,242471.00000,2.55000,0.00000,0.00000,0.00000
-658346.29881,-890182.85531,207.09700,460585738.17445,12.37000,68279.00000,2.20000,0.00000,0.00000,0.00000
-654953.84226,-893575.72910,177.27300,460585738.22070,12.58000,351267.00000,4.89000,0.00000,0.00000,0.00000
-654765.00765,-893328.88988,177.73000,460585738.26696,13.03000,248351.00000,6.12000,0.00000,0.00000,0.00000
-654658.06304,-892989.01291,178.62700,460585738.31322,13.35000,1129230.00000,3.00000,0.00000,0.00000,0.00000
-655253.93135,-891850.74408,180.48200,460585738.35947,13.64000,865043.00000,3.56000,0.00000,0.00000,0.00000
-658686.06970,-887490.12726,247.70900,460585738.40573,13.50000,311885.00000,3.08000,0.00000,0.00000,0.00000
-658437.05705,-887311.73659,246.52100,460585738.45199,13.18000,295769.00000,2.24000,0.00000,0.00000,0.00000
-654804.99779,-890976.73058,185.79900,460585738.49824,12.94000,631231.00000,3.30000,0.00000,0.00000,0.00000
-654312.70242,-891074.63083,184.60800,460585738.54450,12.97000,630055.00000,3.40000,0.00000,0.00000,0.00000
-653747.18859,-891255.70548,184.20700,460585738.59075,12.92000,370857.00000,4.12000,0.00000,0.00000,0.00000
-655900.79184,-888347.95158,227.49900,460585738.63701,13.04000,1287324.00000,3.05000,0.00000,0.00000,0.00000
-655499.09731,-888342.98410,223.64200,460585738.68327,13.32000,1287871.00000,3.80000,0.00000,0.00000,0.00000
-655583.86773,-887785.38329,218.38300,460585738.72953,13.70000,3173293.00000,5.17000,0.00000,0.00000,0.00000
-655734.61968,-887152.82650,219.62400,460585738.77578,14.10000,462138.00000,6.81000,0.00000,0.00000,0.00000
-655714.87620,-886713.98060,220.89500,460585738.82204,14.38000,775822.00000,5.11000,0.00000,0.00000,0.00000
-656017.33213,-885909.12328,231.83700,460585738.86830,14.32000,5624355.00000,3.47000,0.00000,0.00000,0.00000
-655532.81354,-885998.26890,231.01200,460585738.91455,14.18000,392945.00000,4.56000,0.00000,0.00000,0.00000
-654961.11176,-886186.43196,229.84900,460585738.96081,14.12000,260792.00000,4.74000,0.00000,0.00000,0.00000
-654393.73934,-886369.65648,228.65700,460585739.00707,14.25000,139379.00000,6.00000,0.00000,0.00000,0.00000
-654015.65655,-886337.86281,228.57900,460585739.05333,14.16000,373125.00000,5.07000,0.00000,0.00000,0.00000
-653568.21640,-886384.84289,227.85000,460585739.09958,14.24000,3663401.00000,4.31000,0.00000,0.00000,0.00000
-653088.49650,-886468.46262,226.79500,460585739.14584,14.50000,4055190.00000,4.98000,0.00000,0.00000,0.00000
-652182.49428,-887036.26149,221.63300,460585739.19210,15.17000,2480726.00000,5.08000,0.00000,0.00000,0.00000
-652021.16762,-886758.25226,224.21200,460585739.23835,15.70000,459133.00000,7.44000,0.00000,0.00000,0.00000
-652229.76902,-886060.08399,223.15100,460585739.28461,15.90000,684989.00000,6.30000,0.00000,0.00000,0.00000
-652927.75981,-884806.09814,222.62700,460585739.33087,16.04000,779644.00000,6.99000,0.00000,0.00000,0.00000
-651815.59953,-885608.00929,218.07400,460585739.37713,16.32000,218974.00000,9.26000,0.00000,0.00000,0.00000
-652441.84299,-884435.55737,219.19400,460585739.42339,16.23000,567802.00000,9.88000,0.00000,0.00000,0.00000
-652373.01453,-884052.52446,219.73600,460585739.46964,15.78000,933104.00000,10.64000,0.00000,0.00000,0.00000
-652469.88560,-883481.31318,222.05700,460585739.51590,15.51000,193209.00000,6.61000,0.00000,0.00000,0.00000
-652394.79751,-883105.39362,222.07400,460585739.56216,15.33000,911270.00000,5.21000,0.00000,0.00000,0.00000
-651747.00179,-883379.91457,216.99200,460585739.60842,14.97000,745092.00000,5.30000,0.00000,0.00000,0.00000
-651412.78934,-883298.29006,207.77200,460585739.65468,14.51000,4741233.00000,4.24000,0.00000,0.00000,0.00000
-650828.07122,-883501.13773,206.74200,460585739.70093,14.85000,677185.00000,5.01000,0.00000,0.00000,0.00000
-650773.72581,-883101.69939,204.07300,460585739.74719,15.20000,695238.00000,5.70000,0.00000,0.00000,0.00000
-650051.71592,-883460.43310,199.34300,460585739.79345,15.89000,365802.00000,8.62000,0.00000,0.00000,0.00000
-649812.38360,-883271.04023,197.74000,460585739.83971,16.77000,206075.00000,15.39000,0.00000,0.00000,0.00000
-649993.12147,-882604.65298,198.57700,460585739.88596,16.92000,101306.00000,15.74000,0.00000,0.00000,0.00000
-650111.23362,-882009.38144,200.31500,460585739.93222,16.93000,77812.00000,14.70000,0.00000,0.00000,0.00000
-650038.59018,-881630.73449,201.47400,460585739.97848,16.68000,757743.00000,10.43000,0.00000,0.00000,0.00000
-649263.59260,-882049.62148,200.30200,460585740.02474,17.10000,2083461.00000,7.91000,0.00000,0.00000,0.00000
-648130.66159,-882874.91173,201.09100,460585740.07100,16.76000,1458182.00000,6.41000,0.00000,0.00000,0.00000
-647310.84743,-883344.62998,205.70000,460585740.11725,16.02000,285234.00000,7.72000,0.00000,0.00000,0.00000
-646671.19566,-883609.74387,209.72100,460585740.16351,15.91000,352741.00000,8.17000,0.00000,0.00000,0.00000
-645995.41630,-883915.85418,217.61900,460585740.20977,15.22000,549187.00000,4.17000,0.00000,0.00000,0.00000
-645449.24678,-884074.82925,224.95100,460585740.25603,14.95000,1468533.00000,3.22000,0.00000,0.00000,0.00000
-645025.43893,-884094.86572,231.14200,460585740.30228,14.99000,747527.00000,3.58000,0.00000,0.00000,0.00000
-644669.54471,-884037.78214,234.28100,460585740.34854,15.23000,667563.00000,3.10000,0.00000,0.00000,0.00000
-651972.80313,-910736.53002,207.19500,460758390.07980,9.64000,447412.00000,4.57000,0.00000,0.00000,0.00000
-651606.14289,-910687.28491,202.99400,460758390.12602,9.03000,152933.00000,6.52000,0.00000,0.00000,0.00000
-651264.44566,-910610.49672,200.73100,460758390.17224,7.90000,640599.00000,3.64000,0.00000,0.00000,0.00000
-650961.92547,-910037.06860,178.66100,460758390.26467,6.39000,587522.00000,4.31000,0.00000,0.00000,0.00000
-653637.54333,-906634.04897,182.63100,460758390.31089,5.64000,698140.00000,5.05000,0.00000,0.00000,0.00000
-653818.22952,-905981.41349,185.81700,460758390.35711,6.78000,273685.00000,9.36000,0.00000,0.00000,0.00000
-653337.04659,-906058.46934,183.48500,460758390.40333,8.40000,793576.00000,8.96000,0.00000,0.00000,0.00000
-652427.47814,-906607.75235,180.08400,460758390.44955,9.38000,1693175.00000,7.14000,0.00000,0.00000,0.00000
-652225.33339,-906377.15931,181.12500,460758390.49577,10.06000,600098.00000,7.22000,0.00000,0.00000,0.00000
-651831.76704,-906357.58889,182.15600,460758390.54199,10.35000,1438720.00000,5.92000,0.00000,0.00000,0.00000
-651486.66205,-906284.59363,190.40000,460758390.58821,10.68000,1888653.00000,4.14000,0.00000,0.00000,0.00000
-651009.86212,-906356.74329,193.00700,460758390.63443,10.72000,513111.00000,4.17000,0.00000,0.00000,0.00000
-650717.64004,-906225.44085,195.69000,460758390.68065,11.26000,371347.00000,7.77000,0.00000,0.00000,0.00000
-650005.34921,-906557.13841,198.62000,460758390.72687,11.52000,410641.00000,6.92000,0.00000,0.00000,0.00000
-650318.25776,-905758.83654,202.12500,460758390.77309,11.59000,585909.00000,7.31000,0.00000,0.00000,0.00000
-650039.25939,-905612.95478,205.57700,460758390.81931,11.35000,388766.00000,5.20000,0.00000,0.00000,0.00000
-650183.26434,-905000.84242,208.62800,460758390.86554,11.08000,307463.00000,6.72000,0.00000,0.00000,0.00000
-650281.73131,-904438.90699,210.35600,460758390.91176,10.95000,1813932.00000,4.30000,0.00000,0.00000,0.00000
-648731.78367,-905693.84938,200.08700,460758390.95798,10.78000,1035823.00000,4.04000,0.00000,0.00000,0.00000
-648452.30147,-905548.48657,197.16400,460758391.00420,10.60000,596133.00000,4.05000,0.00000,0.00000,0.00000
-647908.92726,-905693.97862,194.38100,460758391.05042,10.81000,6767335.00000,3.44000,0.00000,0.00000,0.00000
-647246.55770,-905970.57676,191.11100,460758391.09664,10.88000,2236654.00000,3.05000,0.00000,0.00000,0.00000
-647194.24696,-905574.85798,173.88800,460758391.14286,11.85000,1844507.00000,3.78000,0.00000,0.00000,0.00000
-646922.59892,-905420.85017,172.22000,460758391.18908,13.08000,1756999.00000,5.10000,0.00000,0.00000,0.00000
-645710.85772,-906302.82378,185.10800,460758391.23530,13.77000,3386544.00000,4.84000,0.00000,0.00000,0.00000
-646047.85070,-905478.12250,183.29700,460758391.28152,13.65000,762389.00000,4.06000,0.00000,0.00000,0.00000
-646449.47422,-904582.19125,187.40900,460758391.32774,13.35000,1702251.00000,3.52000,0.00000,0.00000,0.00000
-646319.83753,-904271.69361,195.73800,460758391.37397,13.18000,423605.00000,4.60000,0.00000,0.00000,0.00000
-646781.67461,-903309.44175,195.62700,460758391.42019,13.02000,652109.00000,7.01000,0.00000,0.00000,0.00000
-646527.67868,-903136.01616,198.35500,460758391.46641,12.69000,1271742.00000,3.36000,0.00000,0.00000,0.00000
-647473.26581,-901640.68655,191.96500,460758391.51263,12.66000,1948766.00000,1.98000,0.00000,0.00000,0.00000
-646732.60005,-902003.59263,193.19700,460758391.55885,12.59000,1324851.00000,2.90000,0.00000,0.00000,0.00000
-646214.21587,-902121.52526,195.99100,460758391.60507,12.49000,1064927.00000,2.56000,0.00000,0.00000,0.00000
-645792.28397,-902133.15861,198.90700,460758391.65129,12.54000,1557955.00000,1.75000,0.00000,0.00000,0.00000
-647190.33004,-900139.33694,189.13300,460758391.69751,12.69000,1992164.00000,1.97000,0.00000,0.00000,0.00000
-646398.74641,-900558.32721,186.70600,460758391.74373,12.99000,2235969.00000,2.83000,0.00000,0.00000,0.00000
-645615.97333,-900967.61181,188.43800,460758391.78995,13.11000,938909.00000,3.20000,0.00000,0.00000,0.00000
-645132.36381,-901047.22492,189.76000,460758391.83617,13.21000,1188753.00000,3.33000,0.00000,0.00000,0.00000
-644805.92471,-900953.63895,191.25400,460758391.88239,13.19000,909385.00000,3.01000,0.00000,0.00000,0.00000
-644422.69417,-900922.63842,191.86500,460758391.92861,13.16000,1399518.00000,2.42000,0.00000,0.00000,0.00000
-644090.87746,-900834.98871,191.93200,460758391.97483,13.15000,3602807.00000,2.11000,0.00000,0.00000,0.00000
-644734.93211,-899672.11840,186.40300,460758392.02105,13.20000,5243963.00000,2.32000,0.00000,0.00000,0.00000
-644134.30806,-899880.65966,187.35000,460758392.06727,13.24000,1536424.00000,3.22000,0.00000,0.00000,0.00000
-643484.71011,-900143.12587,189.19400,460758392.11349,13.44000,646249.00000,3.99000,0.00000,0.00000,0.00000
-643556.37559,-899610.93776,188.08100,460758392.15971,13.77000,2501224.00000,4.07000,0.00000,0.00000,0.00000
-644024.67287,-898641.78780,187.29300,460758392.20593,13.94000,1458110.00000,3.47000,0.00000,0.00000,0.00000
-643426.01052,-898848.14952,188.92600,460758392.25215,14.09000,1413280.00000,3.34000,0.00000,0.00000,0.00000
-642962.48032,-898905.59390,190.90600,460758392.29837,14.01000,1365702.00000,3.43000,0.00000,0.00000,0.00000
-641990.67748,-899522.97366,195.80200,460758392.34459,13.88000,1888272.00000,2.85000,0.00000,0.00000,0.00000
-642367.43020,-898654.74280,193.98400,460758392.39081,13.82000,500169.00000,2.82000,0.00000,0.00000,0.00000
-639724.36502,-901113.07712,213.47500,460758392.43703,13.86000,2432886.00000,3.21000,0.00000,0.00000,0.00000
-639699.08695,-900687.70775,210.05900,460758392.48326,13.87000,3614969.00000,3.97000,0.00000,0.00000,0.00000
-639864.30240,-900052.51585,205.79200,460758392.52948,13.85000,3003925.00000,5.36000,0.00000,0.00000,0.00000
-641269.39898,-898051.56250,193.31500,460758392.57570,13.62000,639386.00000,5.33000,0.00000,0.00000,0.00000
-640613.91913,-898320.41839,193.60200,460758392.62192,13.30000,781944.00000,4.24000,0.00000,0.00000,0.00000
-640391.31776,-898112.43046,191.78700,460758392.66814,12.97000,448912.00000,3.92000,0.00000,0.00000,0.00000
-639897.92182,-898202.72941,191.39700,460758392.71436,12.79000,2346038.00000,2.70000,0.00000,0.00000,0.00000
-638861.44470,-898891.18917,193.51100,460758392.76059,12.85000,6336675.00000,2.07000,0.00000,0.00000,0.00000
-643322.25194,-893524.31247,179.65600,460758392.80681,12.99000,541658.00000,3.30000,0.00000,0.00000,0.00000
-637908.90517,-899033.97147,193.74300,460758392.85303,13.23000,1768133.00000,2.92000,0.00000,0.00000,0.00000
-638119.19013,-898349.19304,177.94200,460758392.89925,13.74000,2785874.00000,2.79000,0.00000,0.00000,0.00000
-637155.15812,-898957.79748,180.94400,460758392.94547,14.40000,2676185.00000,3.48000,0.00000,0.00000,0.00000
-638494.78517,-897029.21884,167.87300,460758392.99170,14.88000,1750222.00000,4.01000,0.00000,0.00000,0.00000
-637843.20400,-897293.70786,169.42100,460758393.03792,15.26000,1279726.00000,7.80000,0.00000,0.00000,0.00000
-637135.78225,-897619.66643,171.45900,460758393.08414,15.84000,377990.00000,10.18000,0.00000,0.00000,0.00000
-637021.42830,-897292.45730,170.29000,460758393.13036,16.32000,163435.00000,13.72000,0.00000,0.00000,0.00000
-637285.64547,-896548.33603,168.36900,460758393.17659,15.87000,348947.00000,8.45000,0.00000,0.00000,0.00000
-637042.01186,-896363.52535,168.21500,460758393.22281,15.81000,415620.00000,6.64000,0.00000,0.00000,0.00000
-636719.03701,-896266.08372,166.59000,460758393.26903,15.72000,759411.00000,5.60000,0.00000,0.00000,0.00000
-636567.96641,-895979.33034,164.89200,460758393.31526,15.45000,809950.00000,7.06000,0.00000,0.00000,0.00000
-636420.32922,-895688.80767,163.90900,460758393.36148,15.37000,1077202.00000,6.46000,0.00000,0.00000,0.00000
-635149.18135,-896635.49514,162.50300,460758393.40770,15.45000,4614621.00000,4.22000,0.00000,0.00000,0.00000
-633425.92536,-898079.91643,169.70000,460758393.45392,15.58000,4684088.00000,4.13000,0.00000,0.00000,0.00000
-634327.88737,-896633.63785,161.61400,460758393.50015,15.76000,1030657.00000,6.58000,0.00000,0.00000,0.00000
-633569.50955,-897015.58893,167.05500,460758393.54637,15.73000,663735.00000,6.06000,0.00000,0.00000,0.00000
-632782.72187,-897428.80170,173.50200,460758393.59259,15.22000,225480.00000,6.34000,0.00000,0.00000,0.00000
-632440.64807,-897352.34712,174.05500,460758393.63882,14.57000,318062.00000,4.55000,0.00000,0.00000,0.00000
-637912.99018,-890873.44345,176.66900,460758393.68504,14.26000,1913870.00000,3.62000,0.00000,0.00000,0.00000
-637593.49507,-890772.24905,175.72300,460758393.73126,14.45000,1144760.00000,4.69000,0.00000,0.00000,0.00000
-637309.25355,-890632.21824,175.62700,460758393.77749,14.95000,1110583.00000,5.31000,0.00000,0.00000,0.00000
-636459.38535,-891115.05624,170.40500,460758393.82371,15.32000,989513.00000,5.22000,0.00000,0.00000,0.00000
-635965.05298,-891206.36846,168.49800,460758393.86993,15.58000,1540592.00000,4.97000,0.00000,0.00000,0.00000
-635683.74334,-891063.06935,167.27100,460758393.91616,15.75000,1215760.00000,5.39000,0.00000,0.00000,0.00000
-632448.69412,-894172.00129,183.76500,460758393.96238,16.00000,2724111.00000,5.85000,0.00000,0.00000,0.00000
-632521.97963,-893638.27630,182.54900,460758394.00860,15.71000,1253613.00000,8.40000,0.00000,0.00000,0.00000
-633883.35386,-891686.37400,171.53100,460758394.05483,15.11000,447838.00000,6.03000,0.00000,0.00000,0.00000
-633572.18221,-891575.96831,173.68300,460758394.10105,14.33000,2904255.00000,6.55000,0.00000,0.00000,0.00000
-633276.19549,-891448.84230,177.76300,460758394.14727,13.85000,1748231.00000,3.47000,0.00000,0.00000,0.00000
-635986.81109,-888011.32084,177.14900,460758394.19349,13.59000,931555.00000,2.97000,0.00000,0.00000,0.00000
-632992.77218,-890854.86290,181.41500,460758394.23972,13.20000,781610.00000,3.47000,0.00000,0.00000,0.00000
-633076.85069,-890309.30571,180.33600,460758394.28594,13.01000,384174.00000,7.21000,0.00000,0.00000,0.00000
-633216.26860,-889702.81461,180.76000,460758394.33216,12.89000,5315515.00000,5.22000,0.00000,0.00000,0.00000
-653064.97474,-879995.37547,214.05000,461151658.07235,17.97000,1483240.00000,6.65000,0.00000,0.00000,1.00000
-653349.06321,-880201.56828,214.26500,461151658.11848,17.76000,681377.00000,6.03000,0.00000,0.00000,1.00000
-652248.96985,-881025.95148,206.48800,461151658.16462,17.06000,1271846.00000,4.88000,0.00000,0.00000,1.00000
-649801.12535,-882452.10065,198.41700,461151658.21075,16.77000,4739640.00000,4.06000,0.00000,0.00000,1.00000
-650885.58374,-882300.89368,200.16400,461151658.25689,16.58000,2556469.00000,3.19000,0.00000,0.00000,1.00000
-650579.82397,-882770.47773,199.93600,461151658.30303,16.37000,2311738.00000,2.15000,0.00000,0.00000,1.00000
-652961.50805,-882040.02736,213.51200,461151658.34916,16.24000,5269392.00000,2.30000,0.00000,0.00000,1.00000
-654312.28409,-881769.89344,226.00300,461151658.39530,16.14000,2969719.00000,2.39000,0.00000,0.00000,1.00000
-654414.36217,-882057.39258,228.31100,461151658.44143,16.01000,4291843.00000,3.47000,0.00000,0.00000,1.00000
-654623.36946,-882297.15031,233.57800,461151658.48757,16.08000,189547.00000,5.38000,0.00000,0.00000,1.00000
-654354.14525,-882750.44390,233.63600,461151658.53371,16.13000,334948.00000,4.75000,0.00000,0.00000,1.00000
-654444.26035,-883043.28311,235.87800,461151658.57984,16.24000,1440045.00000,4.65000,0.00000,0.00000,1.00000
-653569.29346,-883767.04179,223.58700,461151658.62598,16.50000,2358500.00000,4.23000,0.00000,0.00000,1.00000
-654094.49219,-883865.62185,224.24000,461151658.67211,16.93000,701465.00000,6.39000,0.00000,0.00000,1.00000
-654363.95997,-884078.38062,223.40500,461151658.71825,17.28000,738178.00000,9.94000,0.00000,0.00000,1.00000
-654707.14838,-884258.22300,224.93200,461151658.76439,17.35000,217020.00000,11.12000,0.00000,0.00000,1.00000
-653853.36376,-884972.49613,221.50300,461151658.81052,17.05000,106469.00000,12.60000,0.00000,0.00000,1.00000
-653348.27934,-885531.03883,222.23700,461151658.85666,16.66000,114963.00000,8.79000,0.00000,0.00000,1.00000
-653259.01892,-885903.93800,224.52200,461151658.90279,16.68000,127166.00000,10.36000,0.00000,0.00000,1.00000
-653341.14793,-886200.34499,226.80400,461151658.94893,16.42000,212469.00000,8.24000,0.00000,0.00000,1.00000
-653485.04428,-886469.16050,227.46100,461151658.99506,16.21000,162466.00000,7.50000,0.00000,0.00000,1.00000
-653643.55811,-886731.45709,227.27800,461151659.04120,16.32000,229323.00000,7.84000,0.00000,0.00000,1.00000
-653705.76030,-887036.76560,226.01800,461151659.08734,16.29000,381774.00000,7.95000,0.00000,0.00000,1.00000
-653846.33412,-887307.07211,224.35100,461151659.13347,15.59000,1135340.00000,5.16000,0.00000,0.00000,1.00000
-653957.02216,-887590.72223,220.01700,461151659.17961,15.11000,958743.00000,5.47000,0.00000,0.00000,1.00000
-654446.35742,-887705.36255,218.05500,461151659.22574,14.86000,1175202.00000,5.39000,0.00000,0.00000,1.00000
-654671.30109,-887938.01989,216.88300,461151659.27188,15.04000,700273.00000,5.51000,0.00000,0.00000,1.00000
-655611.03820,-887851.62425,219.78500,461151659.31802,14.98000,405415.00000,5.92000,0.00000,0.00000,1.00000
-656728.13315,-887686.07337,229.00700,461151659.36415,14.62000,418230.00000,4.20000,0.00000,0.00000,1.00000
-657174.93231,-887819.71472,235.40400,461151659.41029,14.87000,799795.00000,4.96000,0.00000,0.00000,1.00000
-656943.49963,-888256.09694,233.41200,461151659.45642,15.19000,3187210.00000,5.27000,0.00000,0.00000,1.00000
-657504.56494,-888338.74696,240.02700,461151659.50256,14.27000,170554.00000,5.11000,0.00000,0.00000,1.00000
-658703.38721,-888136.74418,247.37400,461151659.54869,13.34000,92861.00000,6.28000,0.00000,0.00000,1.00000
-659731.47488,-888010.95810,256.56600,461151659.59483,13.15000,645861.00000,4.07000,0.00000,0.00000,1.00000
-653630.03148,-891067.17374,184.86400,461151659.64097,13.92000,1414668.00000,4.37000,0.00000,0.00000,1.00000
-654170.53807,-891159.01383,183.99800,461151659.68710,15.19000,1264608.00000,7.75000,0.00000,0.00000,1.00000
-655716.93228,-890801.97973,187.70900,461151659.73324,15.52000,256080.00000,9.37000,0.00000,0.00000,1.00000
-655355.87566,-891296.16658,185.66800,461151659.77937,15.82000,451441.00000,6.34000,0.00000,0.00000,1.00000
-654992.14888,-891791.52563,183.09300,461151659.82551,16.43000,214954.00000,9.34000,0.00000,0.00000,1.00000
-654841.01644,-892192.00855,182.13500,461151659.87164,16.10000,184815.00000,9.30000,0.00000,0.00000,1.00000
-654591.55412,-892636.37353,182.42500,461151659.91778,15.39000,325830.00000,7.89000,0.00000,0.00000,1.00000
-654119.49896,-893180.04001,182.73700,461151659.96391,14.20000,278222.00000,5.60000,0.00000,0.00000,1.00000
-653602.91365,-893743.55602,183.74400,461151660.01005,13.62000,664686.00000,6.12000,0.00000,0.00000,1.00000
-653733.47144,-894018.32999,183.91700,461151660.05618,13.53000,703316.00000,5.34000,0.00000,0.00000,1.00000
-659496.74293,-891779.84255,244.81600,461151660.10232,13.47000,1335701.00000,5.10000,0.00000,0.00000,1.00000
-659333.00860,-892185.99532,245.60300,461151660.14845,13.56000,1185020.00000,4.11000,0.00000,0.00000,1.00000
-654426.12987,-894708.40448,179.06500,461151660.19459,13.62000,586244.00000,4.04000,0.00000,0.00000,1.00000
-654995.88822,-894787.26112,176.60600,461151660.24072,13.66000,352058.00000,5.64000,0.00000,0.00000,1.00000
-654442.71155,-895367.07347,175.43400,461151660.28686,13.49000,4082928.00000,3.98000,0.00000,0.00000,1.00000
-659722.47642,-893344.56549,248.28200,461151660.33299,13.01000,1237823.00000,3.32000,0.00000,0.00000,1.00000
-654880.57133,-895837.79838,180.81600,461151660.37912,12.74000,1045524.00000,2.66000,0.00000,0.00000,1.00000
-660951.02892,-893462.57756,249.22300,461151660.42526,12.45000,434044.00000,2.94000,0.00000,0.00000,1.00000
-661392.56132,-893598.66346,250.20000,461151660.47139,12.51000,906987.00000,3.10000,0.00000,0.00000,1.00000
-654268.82191,-897109.75363,176.50400,461151660.51753,13.35000,109021.00000,7.80000,0.00000,0.00000,1.00000
-654318.28889,-897420.70892,175.76600,461151660.56366,13.43000,1895414.00000,4.64000,0.00000,0.00000,1.00000
-654624.91887,-897616.95860,176.42000,461151660.60979,12.77000,738526.00000,4.05000,0.00000,0.00000,1.00000
-653890.97289,-898277.30958,189.07600,461151660.65593,12.67000,1114669.00000,4.22000,0.00000,0.00000,1.00000
-654124.48971,-898506.17075,186.64400,461151660.70206,12.73000,872906.00000,6.24000,0.00000,0.00000,1.00000
-654395.22391,-898718.44133,185.43000,461151660.74819,12.63000,106043.00000,7.75000,0.00000,0.00000,1.00000
-654539.05558,-898987.30244,189.52100,461151660.79433,11.92000,571952.00000,3.08000,0.00000,0.00000,1.00000
-654318.75468,-899418.56441,198.23600,461151660.84046,12.50000,496360.00000,2.82000,0.00000,0.00000,1.00000
-654392.13339,-899718.84542,199.97700,461151660.88659,13.31000,1541912.00000,4.33000,0.00000,0.00000,1.00000
-654286.09648,-900099.13131,204.09700,461151660.93273,13.70000,1205000.00000,4.51000,0.00000,0.00000,1.00000
-654725.59846,-900236.13976,201.17100,461151660.97886,13.53000,559960.00000,3.05000,0.00000,0.00000,1.00000
-654901.95460,-900490.50427,198.73100,461151661.02499,13.58000,205266.00000,3.98000,0.00000,0.00000,1.00000
-655180.64842,-900699.23258,196.57500,461151661.07113,13.17000,279729.00000,5.10000,0.00000,0.00000,1.00000
-660129.59388,-898825.19926,211.72300,461151661.11726,12.58000,744568.00000,3.10000,0.00000,0.00000,1.00000
-659444.13438,-899463.97618,203.79400,461151661.16339,12.20000,1492926.00000,2.58000,0.00000,0.00000,1.00000
-659504.89087,-899769.92277,202.91700,461151661.20952,12.09000,722230.00000,2.31000,0.00000,0.00000,1.00000
-656081.43749,-901629.59770,185.92800,461151661.25566,12.06000,2573469.00000,2.26000,0.00000,0.00000,1.00000
-655811.22536,-902083.09489,189.05200,461151661.30179,11.48000,4023191.00000,1.86000,0.00000,0.00000,1.00000
-654785.38495,-902873.47190,194.82900,461151661.34792,11.25000,1282280.00000,2.04000,0.00000,0.00000,1.00000
-662496.85517,-899767.83557,257.74000,461151661.39405,11.27000,602259.00000,3.86000,0.00000,0.00000,1.00000
-662277.20634,-900198.85779,255.88300,461151661.44019,11.54000,219830.00000,8.91000,0.00000,0.00000,1.00000
-661741.91227,-900770.64760,255.78600,461151661.48632,11.16000,468780.00000,3.10000,0.00000,0.00000,1.00000
-661926.25498,-901021.51108,260.72800,461151661.53245,10.89000,1023345.00000,3.00000,0.00000,0.00000,1.00000
-662017.57481,-901313.84850,261.34800,461151661.57858,11.28000,196229.00000,5.26000,0.00000,0.00000,1.00000
-662053.74757,-901630.79198,261.52400,461151661.62471,11.62000,236730.00000,4.27000,0.00000,0.00000,1.00000
-661953.02637,-902008.76882,260.92500,461151661.67085,11.98000,333261.00000,4.83000,0.00000,0.00000,1.00000
-661609.08988,-902495.19596,260.19300,461151661.71698,12.06000,378121.00000,4.45000,0.00000,0.00000,1.00000
-662786.24451,-902303.36993,258.02700,461151661.76311,12.03000,1156414.00000,2.98000,0.00000,0.00000,1.00000
-663029.07852,-902528.16398,257.80000,461151661.80924,11.90000,3065322.00000,2.77000,0.00000,0.00000,1.00000
-661910.27295,-903360.07448,257.62500,461151661.85537,11.98000,512837.00000,5.63000,0.00000,0.00000,1.00000
-661515.80066,-903869.00884,258.27200,461151661.90151,11.68000,632461.00000,3.26000,0.00000,0.00000,1.00000
-662660.41411,-903691.75305,256.43400,461151661.94764,11.05000,1507830.00000,2.57000,0.00000,0.00000,1.00000
-663225.54658,-903772.83577,254.14100,461151661.99377,10.56000,690649.00000,2.57000,0.00000,0.00000,1.00000
-663515.57670,-903976.60258,250.76200,461151662.03990,10.16000,2217254.00000,2.11000,0.00000,0.00000,1.00000
-660271.01884,-906755.19757,401.79700,461151662.22443,3.64000,145553.00000,3.27000,0.00000,0.00000,1.00000
-656461.23754,-908786.20918,219.44000,461151662.27056,7.27000,1009778.00000,1.91000,0.00000,0.00000,1.00000
-634561.99119,-888804.00005,175.81300,461324311.32277,15.57000,1053792.00000,7.55000,0.00000,0.00000,1.00000
-634396.89539,-889205.59166,176.56000,461324311.36892,15.73000,858713.00000,7.17000,0.00000,0.00000,1.00000
-634731.31910,-889393.17180,176.94200,461324311.41506,15.69000,1146062.00000,7.13000,0.00000,0.00000,1.00000
-634777.52547,-889704.22971,176.36300,461324311.46120,15.86000,234250.00000,10.34000,0.00000,0.00000,1.00000
-635078.51728,-889906.14847,176.58100,461324311.50735,16.10000,312355.00000,12.57000,0.00000,0.00000,1.00000
-635773.37430,-889939.31080,177.19400,461324311.55349,15.35000,536768.00000,5.32000,0.00000,0.00000,1.00000
-641055.39115,-888007.04154,219.97800,461324311.59963,14.81000,333004.00000,3.55000,0.00000,0.00000,1.00000
-641308.93592,-888229.33310,220.52300,461324311.64578,14.47000,452947.00000,4.07000,0.00000,0.00000,1.00000
-634719.63102,-891383.34932,166.14200,461324311.69192,14.60000,1862074.00000,3.55000,0.00000,0.00000,1.00000
-634584.58451,-891772.04338,165.67200,461324311.73806,15.14000,1248925.00000,4.80000,0.00000,0.00000,1.00000
-634633.44728,-892081.96022,167.36000,461324311.78421,15.79000,1392567.00000,5.63000,0.00000,0.00000,1.00000
-639513.31716,-890322.34713,181.55600,461324311.83035,16.38000,4882437.00000,6.75000,0.00000,0.00000,1.00000
-638464.14788,-891102.73554,176.37500,461324311.87649,16.52000,1720212.00000,7.83000,0.00000,0.00000,1.00000
-639507.46674,-890986.67541,176.09200,461324311.92264,15.28000,2177140.00000,4.59000,0.00000,0.00000,1.00000
-637227.07735,-892294.45290,187.09700,461324311.96878,14.66000,4060998.00000,3.00000,0.00000,0.00000,1.00000
-637277.95373,-892603.54100,190.43400,461324312.01493,14.87000,710169.00000,5.08000,0.00000,0.00000,1.00000
-637455.21693,-892858.48444,191.81400,461324312.06107,14.93000,1584195.00000,4.38000,0.00000,0.00000,1.00000
-637743.50413,-893065.89819,190.46600,461324312.10721,14.74000,4648191.00000,4.91000,0.00000,0.00000,1.00000
-639163.33819,-892788.61946,184.57700,461324312.15336,14.89000,1104180.00000,7.57000,0.00000,0.00000,1.00000
-641754.13761,-892009.72357,200.50400,461324312.19950,14.03000,192923.00000,5.69000,0.00000,0.00000,1.00000
-642283.18232,-892114.03416,205.40600,461324312.24564,13.44000,545732.00000,4.39000,0.00000,0.00000,1.00000
-638039.27669,-894262.75517,157.37600,461324312.29179,13.80000,555402.00000,4.00000,0.00000,0.00000,1.00000
-637878.11642,-894662.64890,157.25500,461324312.33793,14.80000,292121.00000,8.16000,0.00000,0.00000,1.00000
-637178.57139,-895293.12971,161.84700,461324312.38408,15.38000,1281677.00000,6.54000,0.00000,0.00000,1.00000
-637456.14553,-895505.12397,162.58700,461324312.43022,16.08000,2110884.00000,7.77000,0.00000,0.00000,1.00000
-642183.38836,-893811.43045,167.18300,461324312.47637,16.70000,2488972.00000,6.78000,0.00000,0.00000,1.00000
-642507.12967,-894003.69636,170.64900,461324312.52251,17.21000,1237996.00000,6.15000,0.00000,0.00000,1.00000
-640567.58650,-895165.29787,161.54600,461324312.56865,17.32000,967054.00000,6.28000,0.00000,0.00000,1.00000
-639898.11253,-895782.91749,162.65700,461324312.61480,17.52000,1379220.00000,6.63000,0.00000,0.00000,1.00000
-638741.03730,-896609.29517,167.25600,461324312.66094,17.08000,178523.00000,8.34000,0.00000,0.00000,1.00000
-640405.11255,-896227.60086,172.47800,461324312.70709,16.41000,370112.00000,8.55000,0.00000,0.00000,1.00000
-640755.58584,-896408.40438,176.20200,461324312.75323,16.09000,118958.00000,8.64000,0.00000,0.00000,1.00000
-640957.57852,-896652.80480,181.22500,461324312.79937,14.83000,768499.00000,5.20000,0.00000,0.00000,1.00000
-640659.27611,-897111.43370,187.73700,461324312.84551,14.72000,289163.00000,6.32000,0.00000,0.00000,1.00000
-640112.85504,-897676.31506,188.97200,461324312.89166,15.39000,249658.00000,7.48000,0.00000,0.00000,1.00000
-639857.35686,-898116.58672,191.19000,461324312.93780,14.79000,509980.00000,4.74000,0.00000,0.00000,1.00000
-640516.16336,-898165.38722,191.29600,461324312.98394,14.10000,1182034.00000,3.67000,0.00000,0.00000,1.00000
-641103.40881,-898244.83430,192.04800,461324313.03008,13.57000,2693374.00000,2.99000,0.00000,0.00000,1.00000
-640512.81133,-898828.59133,194.83000,461324313.07623,13.34000,5058508.00000,1.94000,0.00000,0.00000,1.00000
-639797.13288,-899465.86853,204.12000,461324313.12237,13.25000,3353832.00000,2.72000,0.00000,0.00000,1.00000
-639995.77167,-899711.70802,204.21500,461324313.16851,13.40000,699112.00000,4.17000,0.00000,0.00000,1.00000
-640055.95282,-900016.81442,206.13800,461324313.21465,13.31000,219926.00000,3.20000,0.00000,0.00000,1.00000
-639853.94335,-900434.16883,208.02600,461324313.26079,13.09000,245230.00000,4.09000,0.00000,0.00000,1.00000
-639592.40144,-900877.00117,211.53000,461324313.30694,12.89000,514747.00000,1.99000,0.00000,0.00000,1.00000
-639465.28634,-901262.26304,214.46100,461324313.35308,12.89000,1683732.00000,1.70000,0.00000,0.00000,1.00000
-643361.48657,-899925.23635,189.58700,461324313.39922,12.75000,5842922.00000,1.34000,0.00000,0.00000,1.00000
-643764.15380,-900083.74898,188.83800,461324313.44536,12.57000,6404879.00000,1.63000,0.00000,0.00000,1.00000
-644072.49245,-900282.63536,189.57400,461324313.49150,12.25000,4164723.00000,1.54000,0.00000,0.00000,1.00000
-644534.02291,-900415.95357,189.54900,461324313.53764,12.06000,2363400.00000,1.67000,0.00000,0.00000,1.00000
-644664.44205,-900691.03804,190.91200,461324313.58378,11.78000,3228740.00000,1.63000,0.00000,0.00000,1.00000
-645374.15187,-900718.11835,190.21100,461324313.62993,11.58000,5630948.00000,1.82000,0.00000,0.00000,1.00000
-646224.34958,-900685.06938,190.78900,461324313.67607,11.12000,2282762.00000,1.38000,0.00000,0.00000,1.00000
-646574.15086,-900866.25198,196.80300,461324313.72221,10.34000,1610126.00000,1.48000,0.00000,0.00000,1.00000
-645657.00208,-901589.78877,198.15300,461324313.76835,10.28000,7007221.00000,1.51000,0.00000,0.00000,1.00000
-647591.58302,-901092.54417,197.73300,461324313.81449,10.56000,1726841.00000,1.24000,0.00000,0.00000,1.00000
-647323.94091,-901538.05435,202.25500,461324313.86063,10.89000,4829794.00000,1.26000,0.00000,0.00000,1.00000
-643524.30354,-903495.37823,221.26700,461324313.90677,10.96000,675656.00000,1.84000,0.00000,0.00000,1.00000
-643935.64161,-903650.21363,220.78700,461324313.95291,11.23000,280709.00000,2.03000,0.00000,0.00000,1.00000
-648289.86619,-902117.38172,202.34300,461324313.99905,11.41000,1127484.00000,1.49000,0.00000,0.00000,1.00000
-648395.56178,-902403.06629,198.86300,461324314.04519,11.18000,512974.00000,1.97000,0.00000,0.00000,1.00000
-648770.17639,-902573.66724,198.85500,461324314.09133,11.32000,363993.00000,6.47000,0.00000,0.00000,1.00000
-643400.99590,-905202.57695,199.82600,461324314.13748,11.33000,350248.00000,3.05000,0.00000,0.00000,1.00000
-642726.62689,-905822.04332,194.55400,461324314.18362,11.36000,1402300.00000,3.09000,0.00000,0.00000,1.00000
-642789.43210,-906126.03328,192.35600,461324314.22976,11.33000,773966.00000,3.44000,0.00000,0.00000,1.00000
-643064.98178,-906339.01494,190.18200,461324314.27590,11.57000,630327.00000,4.04000,0.00000,0.00000,1.00000
-643569.30933,-906454.08164,189.38800,461324314.32204,11.87000,749044.00000,3.14000,0.00000,0.00000,1.00000
-644459.63994,-906403.98577,193.78300,461324314.36818,12.21000,493413.00000,2.63000,0.00000,0.00000,1.00000
-644267.57936,-906817.07118,190.81700,461324314.41432,12.52000,585532.00000,3.72000,0.00000,0.00000,1.00000
-643879.47794,-907314.00571,188.74000,461324314.46046,12.58000,257210.00000,5.55000,0.00000,0.00000,1.00000
-644023.90580,-907583.11015,187.70300,461324314.50661,12.26000,348089.00000,8.08000,0.00000,0.00000,1.00000
-644993.20176,-907499.26272,188.86000,461324314.55275,11.98000,1003890.00000,6.24000,0.00000,0.00000,1.00000
-645341.01353,-907681.35302,187.16400,461324314.59889,11.59000,1358292.00000,3.89000,0.00000,0.00000,1.00000
-646235.36563,-907629.58763,198.17000,461324314.64503,10.77000,2553904.00000,3.45000,0.00000,0.00000,1.00000
-646660.11748,-907778.76733,197.60700,461324314.69117,10.26000,592801.00000,3.18000,0.00000,0.00000,1.00000
-647267.51011,-907849.79852,196.60700,461324314.73731,10.11000,685676.00000,3.60000,0.00000,0.00000,1.00000
-647953.17976,-907887.34254,198.34700,461324314.78346,10.60000,476069.00000,2.96000,0.00000,0.00000,1.00000
-642799.48197,-910423.10026,149.97800,461324314.82960,11.26000,1585458.00000,3.62000,0.00000,0.00000,1.00000
-643594.21778,-910413.99664,148.62700,461324314.87574,11.79000,963373.00000,6.08000,0.00000,0.00000,1.00000
-644171.51920,-910497.93450,147.96800,461324314.92188,11.71000,1343119.00000,5.52000,0.00000,0.00000,1.00000
-644087.08782,-910864.92467,146.97600,461324314.96803,11.15000,1403693.00000,8.51000,0.00000,0.00000,1.00000
-644086.29667,-911196.14940,147.35800,461324315.01417,10.06000,1418493.00000,7.69000,0.00000,0.00000,1.00000
-644062.08165,-911537.38375,148.10800,461324315.06031,9.07000,655046.00000,6.33000,0.00000,0.00000,1.00000
-644209.15192,-911805.34894,150.38900,461324315.10645,8.02000,3407359.00000,3.60000,0.00000,0.00000,1.00000
-644571.67994,-911981.16903,153.56400,461324315.15259,6.97000,1439571.00000,4.95000,0.00000,0.00000,1.00000
-648217.96290,-910752.35864,359.75200,461324315.19873,-5.07000,2247575.00000,7.22000,0.00000,0.00000,1.00000
-645849.95678,-912096.16035,365.39100,461324315.24487,-5.21000,2549016.00000,6.17000,0.00000,0.00000,1.00000
-646599.68393,-912106.37855,378.32000,461324315.29101,-4.79000,2262254.00000,10.03000,0.00000,0.00000,1.00000
-650667.74933,-911028.07521,197.85800,461324315.38329,6.78000,608706.00000,4.05000,0.00000,0.00000,1.00000
-629344.79912,-902473.93859,165.67000,461496966.07424,14.23000,467171.00000,4.28000,0.00000,0.00000,1.00000
