-650498.95058,-880972.50073,202.38700,510125742.14836,8.89000,334289.00000,7.09000,0.00000,0.00000,1.00000
-649960.07379,-881549.37935,200.95000,510125742.19529,8.63000,604105.00000,4.11000,0.00000,0.00000,1.00000
-649939.79873,-881895.95037,202.13200,510125742.24222,8.42000,2758781.00000,3.32000,0.00000,0.00000,1.00000
-651343.37262,-881610.23245,203.98700,510125742.28916,8.88000,1898447.00000,4.37000,0.00000,0.00000,1.00000
-645214.80874,-884668.99325,203.02400,510125742.33609,9.32000,2869593.00000,4.71000,0.00000,0.00000,1.00000
-648034.82157,-883754.49057,196.60500,510125742.38302,9.93000,1840426.00000,6.58000,0.00000,0.00000,1.00000
-648625.42611,-883829.80196,195.31300,510125742.42995,10.40000,949002.00000,9.13000,0.00000,0.00000,1.00000
-649191.12068,-883916.19294,197.33200,510125742.47688,10.87000,47309.00000,12.65000,0.00000,0.00000,1.00000
-650431.03781,-883703.24032,202.69800,510125742.52381,10.32000,935816.00000,8.59000,0.00000,0.00000,1.00000
-650594.62889,-883968.18234,203.88200,510125742.57075,9.54000,2550943.00000,5.36000,0.00000,0.00000,1.00000
-651825.74717,-883759.13038,218.52800,510125742.61768,8.99000,667065.00000,6.36000,0.00000,0.00000,1.00000
-651344.75850,-884310.28101,216.73300,510125742.66461,8.68000,535537.00000,6.55000,0.00000,0.00000,1.00000
-651100.84656,-884756.14683,215.48900,510125742.71154,8.44000,556428.00000,4.39000,0.00000,0.00000,1.00000
-650765.99929,-885242.39336,215.20200,510125742.75847,8.15000,1407517.00000,3.94000,0.00000,0.00000,1.00000
-650643.98518,-885634.12707,215.57900,510125742.80541,7.73000,1960901.00000,3.87000,0.00000,0.00000,1.00000
-650622.33469,-885981.31014,215.70600,510125742.85234,7.67000,702593.00000,4.45000,0.00000,0.00000,1.00000
-650645.80635,-886308.46012,216.12100,510125742.89927,7.62000,667357.00000,4.45000,0.00000,0.00000,1.00000
-650678.02714,-886631.72250,217.93500,510125742.94620,7.71000,449392.00000,5.64000,0.00000,0.00000,1.00000
-650693.40971,-886962.46162,219.93000,510125742.99313,7.82000,423918.00000,5.19000,0.00000,0.00000,1.00000
-650509.40123,-887381.69861,222.20200,510125743.04007,8.04000,294881.00000,5.35000,0.00000,0.00000,1.00000
-650383.32608,-887775.22802,223.56500,510125743.08700,8.29000,753603.00000,4.79000,0.00000,0.00000,1.00000
-650311.80032,-888144.52599,225.11900,510125743.13393,8.38000,1077489.00000,4.17000,0.00000,0.00000,1.00000
-650302.24780,-888486.32971,225.38800,510125743.18086,8.34000,2384909.00000,3.46000,0.00000,0.00000,1.00000
-650717.74714,-888639.48398,219.86400,510125743.22779,7.68000,1398472.00000,2.87000,0.00000,0.00000,1.00000
-650856.38808,-888915.50417,214.72300,510125743.27473,7.22000,577066.00000,3.47000,0.00000,0.00000,1.00000
-651511.02971,-888962.51782,209.70100,510125743.32166,7.26000,622122.00000,4.92000,0.00000,0.00000,1.00000
-651870.62548,-889140.48537,206.72900,510125743.36859,7.87000,205586.00000,7.07000,0.00000,0.00000,1.00000
-652307.02072,-889284.37897,205.55300,510125743.41552,8.90000,116690.00000,11.14000,0.00000,0.00000,1.00000
-652595.20078,-889494.04541,207.30200,510125743.46245,9.35000,96502.00000,11.72000,0.00000,0.00000,1.00000
-652030.54677,-890082.21887,207.52900,510125743.50939,9.68000,119087.00000,11.55000,0.00000,0.00000,1.00000
-651855.25517,-890497.58206,208.11800,510125743.55632,9.71000,687241.00000,9.64000,0.00000,0.00000,1.00000
-652084.14785,-890733.55908,207.65900,510125743.60325,8.10000,872013.00000,4.79000,0.00000,0.00000,1.00000
-653572.83349,-890410.49555,203.00000,510125743.65018,7.88000,1249362.00000,4.43000,0.00000,0.00000,1.00000
-656934.27297,-889256.23673,222.82400,510125743.69711,8.37000,946908.00000,3.96000,0.00000,0.00000,1.00000
-651978.62378,-891793.08421,186.18500,510125743.74405,9.00000,509765.00000,5.07000,0.00000,0.00000,1.00000
-650958.47169,-892583.30600,185.54300,510125743.79098,9.21000,1141469.00000,7.29000,0.00000,0.00000,1.00000
-651624.59713,-892625.29657,184.73700,510125743.83791,8.84000,286410.00000,7.23000,0.00000,0.00000,1.00000
-652107.47675,-892748.59240,183.71400,510125743.88484,8.44000,348493.00000,5.72000,0.00000,0.00000,1.00000
-651938.19939,-893161.26383,182.40700,510125743.93177,8.67000,421293.00000,8.89000,0.00000,0.00000,1.00000
-651826.19003,-893548.53278,182.19700,510125743.97871,8.72000,611641.00000,6.78000,0.00000,0.00000,1.00000
-651646.12431,-893965.98235,182.81900,510125744.02564,8.79000,125573.00000,9.57000,0.00000,0.00000,1.00000
-649730.50295,-895153.37630,189.01400,510125744.07257,8.16000,173143.00000,9.11000,0.00000,0.00000,1.00000
-651304.84007,-894792.51521,183.74300,510125744.11951,7.64000,283002.00000,7.81000,0.00000,0.00000,1.00000
-651605.80802,-894996.54387,182.70300,510125744.16644,8.27000,74385.00000,10.79000,0.00000,0.00000,1.00000
-651527.45422,-895368.85400,182.94300,510125744.21337,7.97000,230813.00000,11.04000,0.00000,0.00000,1.00000
-651401.93722,-895762.09558,182.27400,510125744.26030,7.53000,256613.00000,6.32000,0.00000,0.00000,1.00000
-651190.16344,-896193.57670,182.43600,510125744.30724,7.18000,331486.00000,5.71000,0.00000,0.00000,1.00000
-651238.46411,-896509.69774,181.75200,510125744.35417,7.50000,584811.00000,6.56000,0.00000,0.00000,1.00000
-651439.03808,-896758.26520,183.76700,510125744.40110,8.15000,1460466.00000,5.10000,0.00000,0.00000,1.00000
-651852.52640,-896912.40245,184.31800,510125744.44803,8.16000,670227.00000,5.53000,0.00000,0.00000,1.00000
-652321.26162,-897042.03215,184.34000,510125744.49497,8.15000,1559655.00000,5.71000,0.00000,0.00000,1.00000
-653048.72934,-897056.90429,177.93600,510125744.54190,7.59000,3401577.00000,6.28000,0.00000,0.00000,1.00000
-652895.56300,-897462.39752,179.71100,510125744.58883,7.18000,618278.00000,4.84000,0.00000,0.00000,1.00000
-652526.77505,-897963.52027,181.20600,510125744.63576,7.36000,1659703.00000,4.65000,0.00000,0.00000,1.00000
-651131.79034,-898919.74808,191.86700,510125744.68269,7.36000,477054.00000,3.13000,0.00000,0.00000,1.00000
-652159.78379,-898801.36453,192.13300,510125744.72962,7.00000,1575440.00000,2.78000,0.00000,0.00000,1.00000
-652788.20997,-898860.19305,191.16000,510125744.77655,6.60000,1012035.00000,4.13000,0.00000,0.00000,1.00000
-653005.61358,-899101.31797,189.44200,510125744.82349,6.72000,3099589.00000,3.82000,0.00000,0.00000,1.00000
-654487.10431,-898781.82495,180.20900,510125744.87042,6.87000,2547994.00000,2.66000,0.00000,0.00000,1.00000
-654044.16742,-899315.81788,186.39600,510125744.91735,6.80000,1649928.00000,2.72000,0.00000,0.00000,1.00000
-654919.23320,-899265.29200,189.80000,510125744.96428,6.81000,2408103.00000,2.97000,0.00000,0.00000,1.00000
-659204.35324,-897702.29881,226.73200,510125745.01121,7.08000,3299378.00000,3.41000,0.00000,0.00000,1.00000
-654843.96193,-899973.78393,194.36100,510125745.05814,7.57000,1673105.00000,3.61000,0.00000,0.00000,1.00000
-656442.05010,-899602.62361,196.39700,510125745.10507,8.27000,3549151.00000,4.36000,0.00000,0.00000,1.00000
-655509.23070,-900353.88231,198.04200,510125745.15200,8.48000,1775469.00000,4.94000,0.00000,0.00000,1.00000
-657639.69011,-899746.65983,196.42700,510125745.19893,8.46000,2866713.00000,6.21000,0.00000,0.00000,1.00000
-656003.35003,-900809.88396,191.37500,510125745.24586,8.30000,453266.00000,8.15000,0.00000,0.00000,1.00000
-657710.66078,-900390.35058,193.83900,510125745.29280,8.84000,300978.00000,7.62000,0.00000,0.00000,1.00000
-656567.56235,-901234.83437,187.89800,510125745.33973,8.76000,447056.00000,7.35000,0.00000,0.00000,1.00000
-655153.52407,-902199.39976,185.39700,510125745.38666,9.26000,488898.00000,10.49000,0.00000,0.00000,1.00000
-655573.76063,-902350.62223,185.95000,510125745.43359,8.80000,649897.00000,11.81000,0.00000,0.00000,1.00000
-654967.66730,-902956.88931,187.22600,510125745.48052,7.60000,330208.00000,7.78000,0.00000,0.00000,1.00000
-654737.60418,-903396.43868,189.20600,510125745.52745,7.03000,440308.00000,9.21000,0.00000,0.00000,1.00000
-654713.73894,-903744.55544,190.86700,510125745.57438,6.20000,251057.00000,7.37000,0.00000,0.00000,1.00000
-654693.90799,-904090.87282,192.25700,510125745.62131,5.71000,271119.00000,6.19000,0.00000,0.00000,1.00000
-654713.17414,-904419.88002,193.77100,510125745.66824,4.84000,161888.00000,4.11000,0.00000,0.00000,1.00000
-661008.80659,-901966.13575,252.42900,510125745.71517,4.48000,406615.00000,3.52000,0.00000,0.00000,1.00000
-660660.85981,-902458.02129,250.71100,510125745.76210,4.49000,287133.00000,3.76000,0.00000,0.00000,1.00000
-655861.30876,-904923.49793,190.93700,510125745.80903,4.34000,1409109.00000,2.75000,0.00000,0.00000,1.00000
-660497.27152,-903205.74827,253.95400,510125745.85596,4.02000,1693412.00000,1.87000,0.00000,0.00000,1.00000
-653988.46847,-906428.74281,179.73400,510125745.90289,3.75000,575198.00000,2.47000,0.00000,0.00000,1.00000
-654042.06680,-906742.49656,180.95800,510125745.94982,3.44000,292094.00000,2.64000,0.00000,0.00000,1.00000
-654139.48268,-907036.83459,183.69900,510125745.99674,2.92000,471624.00000,1.83000,0.00000,0.00000,1.00000
-660664.01291,-904482.16465,257.38900,510125746.04367,2.36000,893555.00000,1.62000,0.00000,0.00000,1.00000
-662485.37122,-904012.26044,246.26100,510125746.09060,1.85000,9940818.00000,1.48000,0.00000,0.00000,1.00000
-660492.45957,-905233.38957,222.20000,510125746.13753,1.57000,3362300.00000,1.73000,0.00000,0.00000,1.00000
-661505.71892,-905121.77989,232.18500,510125746.18446,1.21000,5063285.00000,1.73000,0.00000,0.00000,1.00000
-654280.15508,-908662.04277,208.43300,510125746.23139,1.25000,1796110.00000,1.77000,0.00000,0.00000,1.00000
-655087.22728,-908641.88802,205.33000,510125746.27832,2.28000,913466.00000,2.80000,0.00000,0.00000,1.00000
-655790.52537,-908667.69693,210.04900,510125746.32525,3.59000,1160037.00000,2.08000,0.00000,0.00000,1.00000
-660208.63016,-907047.07043,223.56300,510125746.37217,5.05000,1829227.00000,3.28000,0.00000,0.00000,1.00000
-660476.53942,-907265.88315,230.25400,510125746.41910,6.30000,629994.00000,4.11000,0.00000,0.00000,1.00000
-659976.84089,-907824.92559,230.50400,510125746.46603,7.36000,397231.00000,6.21000,0.00000,0.00000,1.00000
-636404.88721,-887773.47065,179.70100,510298395.28636,9.79000,2760992.00000,7.46000,0.00000,0.00000,1.00000
-636653.43609,-888003.19485,181.03600,510298395.33333,9.90000,2714672.00000,5.49000,0.00000,0.00000,1.00000
-636882.31688,-888241.29408,181.02200,510298395.38030,9.79000,2930081.00000,4.91000,0.00000,0.00000,1.00000
-635085.36104,-889342.35557,172.99800,510298395.42728,9.79000,2546431.00000,4.87000,0.00000,0.00000,1.00000
-635741.64066,-889398.39247,175.80200,510298395.47425,9.79000,2872124.00000,4.83000,0.00000,0.00000,1.00000
-635916.90970,-889659.33400,176.00000,510298395.52123,9.59000,774539.00000,5.78000,0.00000,0.00000,1.00000
-636454.47374,-889765.95041,177.20400,510298395.56820,9.27000,1417652.00000,7.69000,0.00000,0.00000,1.00000
-635870.55159,-890350.25783,172.25100,510298395.61517,9.47000,605727.00000,10.52000,0.00000,0.00000,1.00000
-635912.16409,-890668.13196,170.43400,510298395.66215,10.42000,245823.00000,13.79000,0.00000,0.00000,1.00000
-636390.70712,-890799.91056,170.82300,510298395.70912,10.69000,279085.00000,12.77000,0.00000,0.00000,1.00000
-635840.68316,-891369.76896,166.38100,510298395.75610,10.35000,264870.00000,13.75000,0.00000,0.00000,1.00000
-635355.76402,-891911.87151,164.58700,510298395.80308,9.83000,330676.00000,7.22000,0.00000,0.00000,1.00000
-635464.52562,-892201.14806,166.30300,510298395.85005,9.29000,576245.00000,4.04000,0.00000,0.00000,1.00000
-632560.07191,-893773.52485,182.16100,510298395.89702,8.56000,3229516.00000,3.53000,0.00000,0.00000,1.00000
-633586.81205,-893671.89223,182.54300,510298395.94400,8.39000,213036.00000,5.63000,0.00000,0.00000,1.00000
-634348.25917,-893683.21831,185.47900,510298395.99098,9.08000,163915.00000,10.00000,0.00000,0.00000,1.00000
-634570.99606,-893923.96174,186.71000,510298396.03795,9.32000,74236.00000,11.85000,0.00000,0.00000,1.00000
-635305.99007,-893946.56507,186.23900,510298396.08493,9.28000,180401.00000,9.98000,0.00000,0.00000,1.00000
-635371.32005,-894254.34161,183.90300,510298396.13190,8.15000,209963.00000,5.55000,0.00000,0.00000,1.00000
-634785.26194,-894839.44875,177.96000,510298396.17887,7.72000,615884.00000,4.25000,0.00000,0.00000,1.00000
-639438.15910,-893193.81724,177.11000,510298396.22585,7.89000,420089.00000,5.24000,0.00000,0.00000,1.00000
-636568.83740,-894751.21150,157.63000,510298396.27283,7.95000,1129002.00000,3.31000,0.00000,0.00000,1.00000
-635270.24986,-895639.67747,152.05400,510298396.31980,8.77000,1800751.00000,3.36000,0.00000,0.00000,1.00000
-632805.87559,-897024.36683,165.57500,510298396.36678,8.46000,1251219.00000,4.08000,0.00000,0.00000,1.00000
-632767.34473,-897376.31777,167.82800,510298396.41375,8.50000,251619.00000,3.91000,0.00000,0.00000,1.00000
-633680.15249,-897323.30671,162.73000,510298396.46073,8.27000,411397.00000,5.10000,0.00000,0.00000,1.00000
-633938.83020,-897548.74988,162.71100,510298396.50770,7.91000,276541.00000,8.58000,0.00000,0.00000,1.00000
-633974.26008,-897869.23189,163.98600,510298396.55468,7.71000,218700.00000,8.80000,0.00000,0.00000,1.00000
-634263.46758,-898081.67440,164.30500,510298396.60165,7.45000,698889.00000,8.86000,0.00000,0.00000,1.00000
-633821.16696,-898605.48821,169.03300,510298396.64862,7.34000,388947.00000,5.31000,0.00000,0.00000,1.00000
-633598.05365,-899036.01353,172.85200,510298396.69560,7.30000,401120.00000,5.90000,0.00000,0.00000,1.00000
-634375.85127,-899040.51186,173.08200,510298396.74257,7.58000,609073.00000,6.69000,0.00000,0.00000,1.00000
-635272.39426,-898994.45723,174.57600,510298396.78955,7.28000,1346505.00000,3.72000,0.00000,0.00000,1.00000
-636527.24949,-898795.91519,174.11000,510298396.83652,6.87000,2128863.00000,2.43000,0.00000,0.00000,1.00000
-635774.82899,-899451.73383,190.43200,510298396.88350,6.55000,3620369.00000,2.48000,0.00000,0.00000,1.00000
-636002.96652,-899690.19993,194.25000,510298396.93047,6.13000,231815.00000,4.09000,0.00000,0.00000,1.00000
-637103.07808,-899557.52832,194.94900,510298396.97744,5.93000,150270.00000,4.68000,0.00000,0.00000,1.00000
-638199.80662,-899426.31298,198.81000,510298397.02442,6.01000,265320.00000,4.40000,0.00000,0.00000,1.00000
-638539.91754,-899617.14623,201.51000,510298397.07139,6.02000,902766.00000,4.34000,0.00000,0.00000,1.00000
-638531.22349,-899956.42204,201.65800,510298397.11836,5.97000,516314.00000,5.13000,0.00000,0.00000,1.00000
-638702.35824,-900219.15870,201.39300,510298397.16534,5.69000,429320.00000,4.01000,0.00000,0.00000,1.00000
-638937.28686,-900454.76779,203.05100,510298397.21231,5.60000,808083.00000,3.29000,0.00000,0.00000,1.00000
-638992.37249,-900766.90274,204.89400,510298397.25928,5.11000,854446.00000,2.40000,0.00000,0.00000,1.00000
-639105.13976,-901054.49559,207.55700,510298397.30626,4.39000,2212112.00000,1.91000,0.00000,0.00000,1.00000
-638623.43168,-901595.07678,215.44900,510298397.35323,3.96000,10175469.00000,1.89000,0.00000,0.00000,1.00000
-638900.40947,-901812.77530,218.67700,510298397.40020,3.60000,1648857.00000,2.25000,0.00000,0.00000,1.00000
-639083.75212,-902070.34990,222.67800,510298397.44717,3.36000,4977232.00000,1.88000,0.00000,0.00000,1.00000
-639255.54653,-902332.80714,222.36600,510298397.49415,3.34000,4879782.00000,1.49000,0.00000,0.00000,1.00000
-639610.59913,-902517.30002,211.18500,510298397.54112,3.17000,3328777.00000,1.98000,0.00000,0.00000,1.00000
-639760.01309,-902789.30335,209.55500,510298397.58809,3.04000,503728.00000,4.01000,0.00000,0.00000,1.00000
-639963.04032,-903038.48996,205.09200,510298397.63506,3.12000,2308197.00000,3.39000,0.00000,0.00000,1.00000
-639798.90843,-903443.90406,202.83100,510298397.68204,3.80000,927238.00000,4.39000,0.00000,0.00000,1.00000
-640219.77614,-903600.41201,203.24900,510298397.72901,4.46000,3141394.00000,4.13000,0.00000,0.00000,1.00000
-637420.35589,-905127.03719,193.59900,510298397.77598,4.39000,1805872.00000,3.33000,0.00000,0.00000,1.00000
-638149.33729,-905152.46738,191.46400,510298397.82295,4.79000,2191124.00000,3.43000,0.00000,0.00000,1.00000
-640359.88289,-904547.55731,195.15800,510298397.86993,5.69000,365404.00000,4.89000,0.00000,0.00000,1.00000
-640799.08070,-904696.27852,194.73600,510298397.91690,6.48000,819334.00000,5.04000,0.00000,0.00000,1.00000
-640870.42845,-905001.50129,192.56700,510298397.96387,6.76000,1212612.00000,6.25000,0.00000,0.00000,1.00000
-641507.80993,-905065.91915,193.57100,510298398.01085,6.86000,1537524.00000,4.33000,0.00000,0.00000,1.00000
-643672.21036,-904480.65100,211.26400,510298398.05782,6.71000,452078.00000,6.77000,0.00000,0.00000,1.00000
-642552.47680,-905292.66913,203.43500,510298398.10479,6.90000,412504.00000,6.30000,0.00000,0.00000,1.00000
-642798.28287,-905523.69409,197.04300,510298398.15177,6.58000,1747659.00000,3.68000,0.00000,0.00000,1.00000
-642788.87835,-905863.30449,194.07100,510298398.19874,6.31000,500014.00000,5.04000,0.00000,0.00000,1.00000
-642956.59497,-906127.55225,194.95600,510298398.24571,6.15000,725927.00000,4.82000,0.00000,0.00000,1.00000
-642903.07462,-906485.93559,191.10700,510298398.29269,6.42000,776031.00000,8.19000,0.00000,0.00000,1.00000
-642375.77547,-907045.84465,187.03700,510298398.33966,6.33000,479845.00000,9.10000,0.00000,0.00000,1.00000
-642410.46868,-907366.69465,184.77700,510298398.38663,6.37000,244400.00000,6.56000,0.00000,0.00000,1.00000
-642960.31467,-907468.39342,186.13400,510298398.43360,6.75000,411143.00000,5.41000,0.00000,0.00000,1.00000
-642259.23375,-908102.20040,178.73100,510298398.48058,7.01000,1020504.00000,6.88000,0.00000,0.00000,1.00000
-642309.52090,-908416.41180,177.77100,510298398.52755,7.12000,944353.00000,6.38000,0.00000,0.00000,1.00000
-642656.42159,-908604.46325,180.07300,510298398.57452,7.33000,389468.00000,5.98000,0.00000,0.00000,1.00000
-642461.66623,-909022.90044,179.28400,510298398.62150,7.41000,125298.00000,7.22000,0.00000,0.00000,1.00000
-643203.62841,-909042.92694,178.47000,510298398.66847,7.01000,499305.00000,4.78000,0.00000,0.00000,1.00000
-643983.61914,-909046.79271,176.89400,510298398.71545,6.72000,713216.00000,4.02000,0.00000,0.00000,1.00000
-645151.89702,-908885.49319,175.53000,510298398.76242,6.84000,1138234.00000,4.31000,0.00000,0.00000,1.00000
-642117.71510,-910511.56743,151.74600,510298398.80940,7.71000,1491646.00000,6.08000,0.00000,0.00000,1.00000
-641366.95510,-911166.42211,150.66300,510298398.85637,8.54000,1230376.00000,6.77000,0.00000,0.00000,1.00000
-640884.99511,-911706.94717,152.11500,510298398.90334,8.80000,1660683.00000,5.98000,0.00000,0.00000,1.00000
-644761.19627,-910394.15654,150.88300,510298398.95032,8.64000,1690350.00000,6.35000,0.00000,0.00000,1.00000
-643079.06843,-911780.72476,148.28700,510298399.04427,9.07000,378779.00000,8.50000,0.00000,0.00000,1.00000
-643552.92635,-911914.82672,148.85100,510298399.09124,8.80000,645212.00000,7.30000,0.00000,0.00000,1.00000
-650082.98786,-911487.29002,191.08400,510298399.42005,4.34000,4093911.00000,4.01000,0.00000,0.00000,1.00000
-667074.00730,-889013.89469,251.31200,511887665.58397,9.13000,686813.00000,6.22000,0.00000,0.00000,0.00000
-666762.55603,-888900.89125,250.49400,511887665.63107,9.08000,230235.00000,5.90000,0.00000,0.00000,0.00000
-666758.08440,-888432.92439,248.16600,511887665.67816,8.47000,284469.00000,3.88000,0.00000,0.00000,0.00000
-665528.95502,-886069.36188,270.35700,511887666.05493,9.26000,127888.00000,7.37000,0.00000,0.00000,0.00000
-665483.90928,-885648.38772,267.54700,511887666.10202,9.37000,341514.00000,8.79000,0.00000,0.00000,0.00000
-665444.18473,-885221.26717,263.80400,511887666.14912,9.14000,234060.00000,9.38000,0.00000,0.00000,0.00000
-664536.61702,-885324.44810,259.61500,511887666.24331,8.17000,1181448.00000,4.95000,0.00000,0.00000,0.00000
-663223.00705,-886370.04565,262.84500,511887666.29040,7.87000,1079664.00000,3.68000,0.00000,0.00000,0.00000
-662831.81762,-886349.24492,261.18900,511887666.33750,7.70000,518235.00000,3.77000,0.00000,0.00000,0.00000
-662094.93304,-886728.03705,261.58100,511887666.38459,7.73000,1289738.00000,3.20000,0.00000,0.00000,0.00000
-661853.09996,-886534.54620,253.29700,511887666.43169,7.94000,1435800.00000,3.42000,0.00000,0.00000,0.00000
-661550.87027,-886410.89632,251.95400,511887666.47879,8.19000,833060.00000,5.14000,0.00000,0.00000,0.00000
-661400.94183,-886111.17700,250.81500,511887666.52588,8.01000,265047.00000,5.61000,0.00000,0.00000,0.00000
-662877.46214,-883931.34214,251.59200,511887666.57298,7.70000,2586460.00000,2.60000,0.00000,0.00000,0.00000
-662700.95343,-883662.38090,250.87800,511887666.62007,8.06000,523937.00000,3.07000,0.00000,0.00000,0.00000
-662106.72967,-883876.28156,252.16900,511887666.66717,8.76000,612348.00000,6.68000,0.00000,0.00000,0.00000
-661563.74835,-884030.93031,254.15300,511887666.71427,9.04000,290323.00000,9.71000,0.00000,0.00000,0.00000
-661024.64441,-884181.10897,256.72600,511887666.76136,8.79000,86083.00000,6.02000,0.00000,0.00000,0.00000
-660751.92071,-884023.34062,256.11000,511887666.80846,8.67000,275623.00000,6.47000,0.00000,0.00000,0.00000
-664852.78762,-903335.42188,255.38200,512060317.63334,6.31000,551557.00000,2.49000,0.00000,0.00000,0.00000
-664792.39586,-902938.05222,257.75400,512060317.68044,5.99000,1355487.00000,2.87000,0.00000,0.00000,0.00000
-664518.58193,-902780.13579,258.01700,512060317.72753,5.70000,953880.00000,2.56000,0.00000,0.00000,0.00000
-664180.32883,-902694.47108,257.75900,512060317.77462,5.46000,2944921.00000,3.45000,0.00000,0.00000,0.00000
-663649.30594,-902825.09323,259.83300,512060317.82172,5.17000,471300.00000,3.64000,0.00000,0.00000,0.00000
-663073.53708,-903005.91196,258.81900,512060317.86881,5.19000,81597.00000,5.32000,0.00000,0.00000,0.00000
-662329.06472,-903375.94288,259.06500,512060317.91590,5.12000,215918.00000,5.41000,0.00000,0.00000,0.00000
-662493.93930,-902725.88798,258.27600,512060317.96299,4.87000,925659.00000,7.13000,0.00000,0.00000,0.00000
-662231.93635,-902554.71084,260.41200,512060318.01009,4.48000,465517.00000,5.09000,0.00000,0.00000,0.00000
-662119.43071,-902215.80048,261.22500,512060318.05718,4.40000,301636.00000,6.57000,0.00000,0.00000,0.00000
-662183.00478,-901679.40851,261.65100,512060318.10427,4.44000,215433.00000,5.58000,0.00000,0.00000,0.00000
-662088.70864,-901320.09856,261.00800,512060318.15137,4.24000,1077418.00000,4.39000,0.00000,0.00000,0.00000
-661921.14761,-901042.97971,254.50100,512060318.19846,4.02000,1280440.00000,5.97000,0.00000,0.00000,0.00000
-661978.33533,-900513.76161,255.78700,512060318.24555,3.27000,1156565.00000,4.29000,0.00000,0.00000,0.00000
-661937.17129,-900094.88003,254.87800,512060318.29264,2.73000,1895281.00000,3.04000,0.00000,0.00000,0.00000
-661939.29317,-899627.44980,253.45400,512060318.33974,2.48000,2383417.00000,2.73000,0.00000,0.00000,0.00000
-661708.30442,-899421.50119,248.92000,512060318.38683,2.34000,2929833.00000,1.87000,0.00000,0.00000,0.00000
-661333.22435,-899377.18161,240.65500,512060318.43392,2.62000,3936412.00000,1.64000,0.00000,0.00000,0.00000
-660411.23362,-899946.30025,223.50100,512060318.48102,3.06000,3445184.00000,1.62000,0.00000,0.00000,0.00000
-657716.94057,-902503.05480,208.40200,512060318.52811,4.03000,1445717.00000,2.43000,0.00000,0.00000,0.00000
-659734.81598,-899774.90757,205.76000,512060318.57520,5.38000,463294.00000,2.61000,0.00000,0.00000,0.00000
-660232.27191,-898751.93992,206.19700,512060318.62230,6.07000,961130.00000,2.30000,0.00000,0.00000,0.00000
-655299.63216,-903818.72886,189.20500,512060318.66939,6.35000,1469763.00000,1.82000,0.00000,0.00000,0.00000
-656995.05305,-901452.45296,186.15100,512060318.71649,6.67000,3553916.00000,2.07000,0.00000,0.00000,0.00000
-656559.89841,-901475.40750,183.80400,512060318.76358,7.11000,1891789.00000,2.70000,0.00000,0.00000,0.00000
-654639.56330,-903163.75716,187.14100,512060318.81067,7.65000,1520811.00000,2.61000,0.00000,0.00000,0.00000
-654142.89842,-903255.63429,187.91500,512060318.85777,8.13000,3404293.00000,2.42000,0.00000,0.00000,0.00000
-654242.99830,-902678.38234,186.32200,512060318.90486,8.39000,808873.00000,2.31000,0.00000,0.00000,0.00000
-655925.20665,-900327.08972,190.51100,512060318.95196,8.46000,561755.00000,6.14000,0.00000,0.00000,0.00000
-655613.05893,-900212.11587,192.24500,512060318.99905,8.29000,851015.00000,5.05000,0.00000,0.00000,0.00000
-655587.20823,-899776.09988,193.48200,512060319.04614,8.37000,1257840.00000,5.96000,0.00000,0.00000,0.00000
-654972.52775,-900000.34685,196.86100,512060319.09324,8.32000,182896.00000,6.55000,0.00000,0.00000,0.00000
-651797.57562,-903095.13037,197.28600,512060319.14033,8.09000,577132.00000,3.97000,0.00000,0.00000,0.00000
-653788.42372,-900398.03676,207.67900,512060319.18743,8.10000,5847360.00000,2.21000,0.00000,0.00000,0.00000
-654258.89775,-899405.55574,184.24100,512060319.23452,8.58000,3519543.00000,2.75000,0.00000,0.00000,0.00000
-653985.13482,-899247.55183,185.67600,512060319.28162,8.92000,3556821.00000,3.64000,0.00000,0.00000,0.00000
-654008.98488,-898755.82408,185.86700,512060319.32872,9.50000,2111352.00000,5.56000,0.00000,0.00000,0.00000
-653215.22993,-899180.80415,190.99100,512060319.37581,10.02000,883077.00000,7.84000,0.00000,0.00000,0.00000
-653131.84575,-898809.31993,191.64400,512060319.42291,10.20000,2832876.00000,4.70000,0.00000,0.00000,0.00000
-653021.39325,-898468.20637,184.90300,512060319.47000,10.51000,941682.00000,5.09000,0.00000,0.00000,0.00000
-652737.78704,-898321.20897,185.55800,512060319.51710,10.52000,482116.00000,6.02000,0.00000,0.00000,0.00000
-653519.76489,-896979.57261,181.95100,512060319.56419,10.43000,797023.00000,7.20000,0.00000,0.00000,0.00000
-653373.41814,-896678.70048,182.39900,512060319.61129,10.06000,1613857.00000,5.72000,0.00000,0.00000,0.00000
-652834.01478,-896818.52242,183.47700,512060319.65839,9.85000,4658531.00000,5.72000,0.00000,0.00000,0.00000
-652413.15760,-896825.40033,183.76900,512060319.70548,10.07000,1157386.00000,6.54000,0.00000,0.00000,0.00000
-652041.98859,-896776.57072,183.88300,512060319.75258,10.67000,690513.00000,7.27000,0.00000,0.00000,0.00000
-652502.73622,-895795.12522,181.06500,512060319.79968,10.90000,608926.00000,9.22000,0.00000,0.00000,0.00000
-652571.39210,-895253.24413,179.26800,512060319.84677,11.49000,535173.00000,11.25000,0.00000,0.00000,0.00000
-652802.88677,-894528.81481,181.78400,512060319.89387,11.16000,1697747.00000,8.17000,0.00000,0.00000,0.00000
-652323.99984,-894600.77475,182.13200,512060319.94097,10.86000,270446.00000,12.62000,0.00000,0.00000,0.00000
-651909.05877,-894601.02491,182.60500,512060319.98807,11.25000,186196.00000,15.65000,0.00000,0.00000,0.00000
-651726.33055,-894340.96691,183.20800,512060320.03517,11.24000,203576.00000,11.49000,0.00000,0.00000,0.00000
-651314.83773,-894337.35198,183.41400,512060320.08227,11.28000,194975.00000,11.16000,0.00000,0.00000,0.00000
-651114.88678,-894096.58590,183.55400,512060320.12937,11.65000,338466.00000,13.24000,0.00000,0.00000,0.00000
-651333.61381,-893386.52006,183.34600,512060320.17646,11.82000,43040.00000,15.44000,0.00000,0.00000,0.00000
-651425.41011,-892818.73899,183.48500,512060320.22356,11.63000,121239.00000,13.79000,0.00000,0.00000,0.00000
-651396.68318,-892386.08268,184.57500,512060320.27066,11.08000,539141.00000,8.42000,0.00000,0.00000,0.00000
-650971.42859,-892397.89579,184.67600,512060320.31776,10.67000,277587.00000,6.50000,0.00000,0.00000,0.00000
-650249.51827,-892742.24151,184.53100,512060320.36486,10.50000,536429.00000,6.95000,0.00000,0.00000,0.00000
-649540.88058,-893071.68052,184.25600,512060320.41196,10.44000,320539.00000,5.44000,0.00000,0.00000,0.00000
-648914.88937,-893308.46088,184.33000,512060320.45905,10.48000,188548.00000,5.85000,0.00000,0.00000,0.00000
-648327.76236,-893501.67206,184.59700,512060320.50615,10.77000,136667.00000,6.40000,0.00000,0.00000,0.00000
-647648.62609,-893797.98888,185.95400,512060320.55325,10.72000,128185.00000,5.77000,0.00000,0.00000,0.00000
-649861.93866,-890852.51053,204.58500,512060320.60035,10.64000,858318.00000,4.44000,0.00000,0.00000,0.00000
-650186.95890,-890023.41331,205.60900,512060320.64745,10.29000,487859.00000,4.96000,0.00000,0.00000,0.00000
-649402.59613,-890437.72965,202.24800,512060320.69454,10.05000,282159.00000,4.93000,0.00000,0.00000,0.00000
-648931.12709,-890501.35174,200.24900,512060320.74164,9.74000,1360343.00000,3.97000,0.00000,0.00000,0.00000
-650143.62994,-888677.61469,225.07400,512060320.78874,9.64000,283406.00000,2.68000,0.00000,0.00000,0.00000
-649741.04679,-888664.04114,224.83400,512060320.83584,9.72000,201603.00000,3.04000,0.00000,0.00000,0.00000
-649299.12210,-888694.58358,223.22500,512060320.88293,9.76000,226256.00000,3.09000,0.00000,0.00000,0.00000
-648760.26712,-888833.71750,219.81200,512060320.93003,9.58000,238981.00000,3.91000,0.00000,0.00000,0.00000
-648325.22517,-888856.52135,216.84300,512060320.97713,9.18000,323087.00000,3.33000,0.00000,0.00000,0.00000
-647769.15228,-889014.94932,212.11300,512060321.02423,9.03000,353530.00000,4.14000,0.00000,0.00000,0.00000
-646966.58269,-889449.59297,207.47500,512060321.07133,9.23000,252630.00000,6.06000,0.00000,0.00000,0.00000
-645675.42745,-890431.69874,207.55200,512060321.11842,9.58000,1352181.00000,7.38000,0.00000,0.00000,0.00000
-644889.54644,-890847.54727,209.60400,512060321.16552,9.58000,1401876.00000,5.66000,0.00000,0.00000,0.00000
-646479.12767,-888601.60570,190.66500,512060321.21262,9.86000,299707.00000,5.23000,0.00000,0.00000,0.00000
-646061.29987,-888605.09590,187.41300,512060321.25972,10.37000,286480.00000,6.83000,0.00000,0.00000,0.00000
-645357.10443,-888929.44851,186.73700,512060321.30681,11.32000,653548.00000,10.90000,0.00000,0.00000,0.00000
-645010.11845,-888853.52734,187.33300,512060321.35391,12.47000,418374.00000,12.49000,0.00000,0.00000,0.00000
-645443.99679,-887902.66733,187.86400,512060321.40101,12.40000,545466.00000,8.92000,0.00000,0.00000,0.00000
-645429.13303,-887454.60494,189.43900,512060321.44810,10.88000,809912.00000,6.03000,0.00000,0.00000,0.00000
-645177.12755,-887272.29669,191.56400,512060321.49520,9.53000,1946265.00000,3.44000,0.00000,0.00000,0.00000
-644869.52066,-887152.26824,188.18500,512060321.54230,8.87000,7301722.00000,1.91000,0.00000,0.00000,0.00000
-646168.85767,-885231.68570,194.20100,512060321.58939,8.30000,4627438.00000,1.41000,0.00000,0.00000,0.00000
-644092.92605,-887093.03956,227.28500,512060321.63649,7.86000,584373.00000,2.31000,0.00000,0.00000,0.00000
-643758.26446,-887003.31604,231.02400,512060321.68359,7.93000,1166252.00000,3.35000,0.00000,0.00000,0.00000
-643454.60391,-886878.86448,231.17900,512060321.73069,8.14000,237107.00000,4.98000,0.00000,0.00000,0.00000
-643244.43099,-886649.67693,229.76000,512060321.77778,8.69000,200244.00000,8.25000,0.00000,0.00000,0.00000
-643585.80944,-885802.55010,229.46100,512060321.82488,9.32000,144548.00000,12.95000,0.00000,0.00000,0.00000
-643917.35103,-884966.46981,232.01100,512060321.87198,8.58000,293622.00000,6.73000,0.00000,0.00000,0.00000
-643325.87996,-885164.49385,230.54000,512060321.91907,8.28000,3297132.00000,4.50000,0.00000,0.00000,0.00000
-643209.69418,-884830.02801,232.76700,512060321.96617,8.11000,2245283.00000,3.60000,0.00000,0.00000,0.00000
-642752.05389,-884878.11035,232.49700,512060322.01327,7.73000,1636115.00000,3.10000,0.00000,0.00000,0.00000
-649738.13764,-908854.27358,202.72200,512232972.29235,1.90000,280517.00000,2.66000,0.00000,0.00000,0.00000
-648010.94659,-909361.36810,184.19900,512232972.43361,2.93000,753398.00000,2.46000,0.00000,0.00000,0.00000
-647220.44844,-909763.95254,175.54200,512232972.48070,3.79000,1236874.00000,2.88000,0.00000,0.00000,0.00000
-646755.57332,-909812.37397,168.96900,512232972.52779,4.90000,673354.00000,2.76000,0.00000,0.00000,0.00000
-646110.10468,-910057.17483,161.07600,512232972.57487,6.00000,3802544.00000,3.30000,0.00000,0.00000,0.00000
-644447.61095,-911407.95808,149.71900,512232972.62196,6.87000,2655588.00000,4.02000,0.00000,0.00000,0.00000
-644293.35154,-911118.52312,147.36300,512232972.66905,7.56000,686451.00000,5.62000,0.00000,0.00000,0.00000
-644223.63108,-910737.13597,146.94800,512232972.71614,7.76000,303310.00000,7.49000,0.00000,0.00000,0.00000
-643942.31042,-910585.87141,147.22700,512232972.76323,7.75000,306320.00000,5.96000,0.00000,0.00000,0.00000
-643561.43976,-910542.86141,147.95300,512232972.81032,7.68000,643418.00000,4.26000,0.00000,0.00000,0.00000
-643365.15836,-910299.09959,148.99600,512232972.85741,7.59000,609199.00000,3.86000,0.00000,0.00000,0.00000
-642759.16248,-910500.87321,149.05300,512232972.90450,7.64000,685521.00000,3.66000,0.00000,0.00000,0.00000
-642110.63514,-910748.86359,149.63700,512232972.95159,7.75000,1060772.00000,3.72000,0.00000,0.00000,0.00000
-644614.73148,-907568.79982,188.89800,512232972.99868,7.68000,170141.00000,3.49000,0.00000,0.00000,0.00000
-644259.90025,-907497.49464,187.42800,512232973.04577,7.23000,62020.00000,6.08000,0.00000,0.00000,0.00000
-644136.18291,-907174.90959,189.62500,512232973.09286,6.65000,155745.00000,7.76000,0.00000,0.00000,0.00000
-644330.09560,-906506.91872,192.81800,512232973.13995,6.24000,252019.00000,6.86000,0.00000,0.00000,0.00000
-643947.26573,-906466.07558,191.97100,512232973.18704,6.15000,1372216.00000,3.03000,0.00000,0.00000,0.00000
-641366.36854,-908815.22402,175.48400,512232973.23412,6.40000,1812981.00000,2.54000,0.00000,0.00000,0.00000
-643431.72912,-906112.43353,191.24900,512232973.28121,6.41000,2621778.00000,2.36000,0.00000,0.00000,0.00000
-643107.93280,-906007.40785,191.55300,512232973.32830,6.47000,708772.00000,3.91000,0.00000,0.00000,0.00000
-642660.57588,-906036.72282,192.37800,512232973.37539,6.33000,548289.00000,4.65000,0.00000,0.00000,0.00000
-642470.33796,-905786.46780,195.66600,512232973.42248,6.30000,420459.00000,3.89000,0.00000,0.00000,0.00000
-642618.25986,-905168.55746,201.48000,512232973.46957,6.31000,290958.00000,4.40000,0.00000,0.00000,0.00000
-642559.59573,-904775.27264,204.02200,512232973.51666,6.12000,129147.00000,5.24000,0.00000,0.00000,0.00000
-641942.18988,-904989.49391,200.23500,512232973.56374,5.61000,425141.00000,3.75000,0.00000,0.00000,0.00000
-641592.40104,-904912.72397,196.07200,512232973.61083,5.24000,914970.00000,3.91000,0.00000,0.00000,0.00000
-641120.55837,-904968.66522,192.46900,512232973.65792,5.06000,1522859.00000,4.05000,0.00000,0.00000,0.00000
-640645.20215,-905028.40437,191.04500,512232973.70501,5.58000,1319294.00000,3.25000,0.00000,0.00000,0.00000
-640353.44241,-904888.54811,191.42300,512232973.75210,5.89000,2690036.00000,2.63000,0.00000,0.00000,0.00000
-640154.22219,-904648.06701,193.03700,512232973.79918,6.10000,1352154.00000,2.73000,0.00000,0.00000,0.00000
-639678.86905,-904707.79348,191.89000,512232973.84627,6.07000,489195.00000,3.79000,0.00000,0.00000,0.00000
-638912.85801,-905083.47879,190.15100,512232973.89336,5.78000,841900.00000,3.48000,0.00000,0.00000,0.00000
-640636.64262,-902752.55737,206.47600,512232973.94045,5.78000,2486691.00000,2.35000,0.00000,0.00000,0.00000
-639950.70061,-903041.22347,203.30600,512232973.98754,5.51000,1135295.00000,3.63000,0.00000,0.00000,0.00000
-639520.88368,-903051.45268,203.56800,512232974.03463,5.08000,3350425.00000,2.15000,0.00000,0.00000,0.00000
-637612.75485,-904668.59952,194.59700,512232974.08171,5.25000,375586.00000,2.58000,0.00000,0.00000,0.00000
-637271.96894,-904581.99553,194.57700,512232974.12880,5.65000,806221.00000,3.77000,0.00000,0.00000,0.00000
-637079.78337,-904333.89581,194.37400,512232974.17589,4.94000,236681.00000,4.13000,0.00000,0.00000,0.00000
-637576.48640,-903336.99709,193.56900,512232974.22298,3.76000,1847666.00000,1.96000,0.00000,0.00000,0.00000
-637740.50889,-902701.73561,198.78100,512232974.27007,3.44000,733948.00000,2.32000,0.00000,0.00000,0.00000
-637872.50594,-902101.27469,200.39600,512232974.31716,3.13000,731224.00000,2.31000,0.00000,0.00000,0.00000
-638076.54604,-901422.50453,198.10400,512232974.36425,2.85000,913152.00000,2.22000,0.00000,0.00000,0.00000
-637707.27162,-901366.90932,198.36900,512232974.41134,3.17000,505892.00000,3.33000,0.00000,0.00000,0.00000
-637251.45947,-901405.38838,196.13500,512232974.45842,3.84000,1194638.00000,8.49000,0.00000,0.00000,0.00000
-636641.04466,-901611.86958,195.96900,512232974.50551,4.06000,198088.00000,8.21000,0.00000,0.00000,0.00000
-636796.58047,-900985.87002,196.34800,512232974.55260,4.47000,198444.00000,10.83000,0.00000,0.00000,0.00000
-636555.38839,-900791.06601,197.74800,512232974.59969,4.52000,250034.00000,5.03000,0.00000,0.00000,0.00000
-636179.11081,-900743.05565,197.21400,512232974.64678,4.97000,173280.00000,3.50000,0.00000,0.00000,0.00000
-635807.85061,-900689.62220,195.62300,512232974.69387,5.52000,243825.00000,3.95000,0.00000,0.00000,0.00000
-635705.74022,-900343.63717,194.46400,512232974.74096,5.85000,311505.00000,4.29000,0.00000,0.00000,0.00000
-635586.13377,-900016.70917,194.92100,512232974.78805,6.11000,970500.00000,3.26000,0.00000,0.00000,0.00000
-635270.39568,-899902.89707,195.12600,512232974.83514,6.46000,1493271.00000,2.13000,0.00000,0.00000,0.00000
-633563.75593,-901300.60220,174.66800,512232974.88223,6.98000,3018366.00000,1.80000,0.00000,0.00000,0.00000
-633360.59044,-901064.44215,173.81300,512232974.92932,7.52000,1551633.00000,2.11000,0.00000,0.00000,0.00000
-632654.07586,-901375.25364,171.81600,512232974.97641,7.68000,2379476.00000,2.25000,0.00000,0.00000,0.00000
-633364.06466,-900146.82958,183.21000,512232975.02350,7.62000,1535199.00000,2.34000,0.00000,0.00000,0.00000
-632737.12339,-900371.17540,183.06200,512232975.07059,7.39000,459097.00000,4.08000,0.00000,0.00000,0.00000
-632166.21729,-900534.61314,184.87600,512232975.11768,7.38000,456651.00000,3.15000,0.00000,0.00000,0.00000
-631844.98849,-900426.75423,187.05700,512232975.16477,7.44000,1896314.00000,2.18000,0.00000,0.00000,0.00000
-631652.84595,-900178.61186,190.38800,512232975.21186,7.34000,3638220.00000,1.72000,0.00000,0.00000,0.00000
-631351.14059,-900049.53842,195.18800,512232975.25895,7.12000,1359329.00000,1.35000,0.00000,0.00000,0.00000
-631155.49797,-899805.20160,197.91600,512232975.30604,6.95000,572559.00000,1.99000,0.00000,0.00000,0.00000
-635187.27032,-894967.41995,172.16200,512232975.35313,6.81000,593735.00000,2.04000,0.00000,0.00000,0.00000
-634166.59835,-895619.68951,170.42900,512232975.40022,6.81000,404464.00000,2.94000,0.00000,0.00000,0.00000
-633634.74096,-895740.75552,172.38700,512232975.44732,6.96000,372643.00000,4.97000,0.00000,0.00000,0.00000
-632724.12354,-896273.35842,173.53200,512232975.49441,7.63000,129860.00000,7.47000,0.00000,0.00000,0.00000
-632910.25183,-895614.25790,179.53500,512232975.54150,7.21000,182115.00000,7.17000,0.00000,0.00000,0.00000
-632666.59939,-895422.16968,183.25700,512232975.58859,5.89000,321892.00000,5.28000,0.00000,0.00000,0.00000
-632522.01686,-895122.43027,186.45600,512232975.63568,5.42000,635582.00000,3.63000,0.00000,0.00000,0.00000
-632358.91923,-894842.79709,188.64500,512232975.68277,5.83000,404057.00000,2.17000,0.00000,0.00000,0.00000
-629051.96307,-897978.76036,123.71100,512232975.72986,6.56000,1665321.00000,2.47000,0.00000,0.00000,0.00000
-629143.08539,-897422.90071,124.71900,512232975.77696,7.03000,2694035.00000,2.55000,0.00000,0.00000,0.00000
-628311.46563,-897869.49685,141.06400,512232975.82405,7.28000,5216086.00000,2.94000,0.00000,0.00000,0.00000
-628849.45886,-896828.21744,132.88600,512232975.87114,7.67000,1119039.00000,3.30000,0.00000,0.00000,0.00000
-628852.01909,-896368.61120,133.52200,512232975.91823,7.80000,1186117.00000,3.57000,0.00000,0.00000,0.00000
-661204.63604,-881167.37843,262.76200,512453588.68339,9.57000,277649.00000,6.92000,0.00000,0.00000,1.00000
-661163.78483,-881525.53326,263.68100,512453588.73038,10.04000,629059.00000,7.76000,0.00000,0.00000,1.00000
-661202.11337,-881847.54288,264.38900,512453588.77736,10.21000,1038215.00000,7.58000,0.00000,0.00000,1.00000
-661269.95690,-882156.07370,265.84100,512453588.82435,9.97000,491648.00000,7.03000,0.00000,0.00000,1.00000
-661947.12401,-882186.48845,263.24200,512453588.87134,9.51000,5303689.00000,4.73000,0.00000,0.00000,1.00000
-662208.24022,-882406.80861,261.95200,512453588.91832,9.49000,461055.00000,5.60000,0.00000,0.00000,1.00000
-663364.53176,-882218.53025,264.81400,512453588.96531,9.95000,151887.00000,7.28000,0.00000,0.00000,1.00000
-660858.22696,-883701.98553,252.11700,512453589.01230,10.10000,401007.00000,6.15000,0.00000,0.00000,1.00000
-662802.35771,-883154.15540,255.99100,512453589.05928,10.16000,1405174.00000,6.62000,0.00000,0.00000,1.00000
-663661.40182,-883101.60053,258.70200,512453589.10627,9.50000,2444020.00000,5.37000,0.00000,0.00000,1.00000
-662853.49265,-883809.85154,255.95700,512453589.15326,9.27000,1343630.00000,5.76000,0.00000,0.00000,1.00000
-662343.52973,-884382.08930,253.10600,512453589.20024,8.98000,704829.00000,5.71000,0.00000,0.00000,1.00000
-662911.31350,-884462.45340,253.89200,512453589.24723,8.45000,143285.00000,7.77000,0.00000,0.00000,1.00000
-662584.54415,-884951.08858,253.52800,512453589.29422,7.66000,845868.00000,4.55000,0.00000,0.00000,1.00000
-663482.52327,-884880.78281,252.60100,512453589.34120,8.28000,745075.00000,4.58000,0.00000,0.00000,1.00000
-662626.24554,-885611.04632,249.25800,512453589.38819,8.93000,1999181.00000,4.79000,0.00000,0.00000,1.00000
-663235.65068,-885672.45297,250.48600,512453589.43517,8.83000,642550.00000,5.23000,0.00000,0.00000,1.00000
-663552.44778,-885867.38874,252.46500,512453589.48216,8.49000,1221702.00000,4.25000,0.00000,0.00000,1.00000
-661296.18274,-887236.41538,265.93400,512453589.52915,8.41000,1348846.00000,3.21000,0.00000,0.00000,1.00000
-661602.23200,-887436.25348,268.71800,512453589.57613,8.39000,417484.00000,4.68000,0.00000,0.00000,1.00000
-661925.05708,-887628.44119,270.54000,512453589.62312,8.31000,476107.00000,4.55000,0.00000,0.00000,1.00000
-662636.45063,-887643.33148,271.27100,512453589.67010,8.89000,243430.00000,5.73000,0.00000,0.00000,1.00000
-663228.40035,-887712.74853,272.65500,512453589.71709,8.88000,446283.00000,5.19000,0.00000,0.00000,1.00000
-663717.66617,-887829.01177,274.29200,512453589.76408,8.68000,344077.00000,5.50000,0.00000,0.00000,1.00000
-664153.91707,-887969.46165,275.14400,512453589.81106,8.05000,506449.00000,3.16000,0.00000,0.00000,1.00000
-664517.09855,-888143.24739,249.71500,512453589.85805,7.57000,957745.00000,2.03000,0.00000,0.00000,1.00000
-662659.34500,-889330.29653,243.18500,512453589.90503,7.90000,1252567.00000,5.81000,0.00000,0.00000,1.00000
-663052.65125,-889490.35359,242.89800,512453589.95202,8.61000,1268225.00000,4.83000,0.00000,0.00000,1.00000
-663532.53351,-889610.90636,241.19800,512453589.99900,8.86000,363879.00000,5.26000,0.00000,0.00000,1.00000
-663905.04122,-889780.46817,241.79100,512453590.04599,8.83000,378911.00000,3.83000,0.00000,0.00000,1.00000
-663116.39055,-890479.72008,246.60200,512453590.09297,8.69000,3108106.00000,3.24000,0.00000,0.00000,1.00000
-662408.96027,-891141.90661,252.05500,512453590.13996,8.85000,387907.00000,7.11000,0.00000,0.00000,1.00000
-663488.87776,-890988.77813,251.63400,512453590.18695,9.27000,899735.00000,10.04000,0.00000,0.00000,1.00000
-663697.59082,-891233.04069,253.83400,512453590.23393,8.97000,518138.00000,5.80000,0.00000,0.00000,1.00000
-663700.25799,-891571.30234,256.14700,512453590.28092,8.70000,611717.00000,5.27000,0.00000,0.00000,1.00000
-664186.17797,-891689.14090,260.17100,512453590.32790,8.16000,137711.00000,6.19000,0.00000,0.00000,1.00000
-663288.77803,-892437.95027,262.50400,512453590.37489,7.97000,354770.00000,4.89000,0.00000,0.00000,1.00000
-663495.47498,-892683.14168,265.50100,512453590.42187,8.59000,260437.00000,3.17000,0.00000,0.00000,1.00000
-661858.96512,-893768.97313,239.71700,512453590.46885,8.75000,1743970.00000,2.60000,0.00000,0.00000,1.00000
-667063.66662,-891734.60449,235.91800,512453590.51584,8.62000,609679.00000,4.48000,0.00000,0.00000,1.00000
-661346.00620,-895021.25146,250.94600,512453590.60981,7.94000,3484954.00000,2.57000,0.00000,0.00000,1.00000
-663256.81247,-895168.25878,225.77700,512453590.75077,8.83000,1752665.00000,4.06000,0.00000,0.00000,1.00000
-666968.74724,-894493.94844,243.02900,512453590.89172,9.37000,3695960.00000,3.94000,0.00000,0.00000,1.00000
-652174.69954,-901577.99146,399.12300,512453590.93871,9.54000,2216989.00000,4.59000,0.00000,0.00000,1.00000
-664036.53479,-896510.02667,244.80100,512453590.98569,9.37000,1222350.00000,5.41000,0.00000,0.00000,1.00000
-666217.44508,-895855.05051,244.73000,512453591.03267,9.05000,1172501.00000,6.02000,0.00000,0.00000,1.00000
-667417.00367,-895647.54228,229.78900,512453591.07966,8.93000,2644264.00000,4.08000,0.00000,0.00000,1.00000
-667627.46857,-897249.05919,230.65600,512453591.31458,9.34000,919071.00000,6.41000,0.00000,0.00000,1.00000
-667370.95134,-897705.51465,230.00100,512453591.36157,9.67000,514351.00000,6.74000,0.00000,0.00000,1.00000
-666221.74707,-900266.27537,249.23500,512453591.64347,9.15000,582931.00000,5.69000,0.00000,0.00000,1.00000
-642715.87085,-885031.87804,235.55000,512626241.49877,7.88000,273842.00000,5.11000,0.00000,0.00000,1.00000
-643123.97993,-885189.94641,233.29100,512626241.54572,8.27000,277333.00000,7.63000,0.00000,0.00000,1.00000
-643056.12104,-885556.64193,231.02600,512626241.59267,8.22000,157746.00000,6.70000,0.00000,0.00000,1.00000
-642876.85006,-885972.14959,229.28600,512626241.63963,8.59000,59225.00000,7.98000,0.00000,0.00000,1.00000
-643090.52662,-886215.46212,229.10100,512626241.68658,9.03000,216554.00000,6.55000,0.00000,0.00000,1.00000
-643161.06172,-886521.49848,229.30500,512626241.73353,9.22000,523482.00000,6.32000,0.00000,0.00000,1.00000
-643212.01269,-886836.11207,230.53400,512626241.78048,9.16000,156151.00000,4.06000,0.00000,0.00000,1.00000
-643316.97559,-887127.06025,231.53500,512626241.82743,8.75000,242667.00000,4.97000,0.00000,0.00000,1.00000
-643316.61169,-887464.17034,230.31000,512626241.87438,8.30000,479868.00000,2.07000,0.00000,0.00000,1.00000
-648547.91146,-885508.53065,194.18800,512626241.92134,8.52000,1191764.00000,3.02000,0.00000,0.00000,1.00000
-648223.44897,-885987.73080,192.15900,512626241.96829,9.29000,832247.00000,5.22000,0.00000,0.00000,1.00000
-647212.93789,-886767.59096,188.54000,512626242.01524,10.05000,823849.00000,5.35000,0.00000,0.00000,1.00000
-646364.46909,-887476.39283,186.64000,512626242.06219,10.87000,834327.00000,6.14000,0.00000,0.00000,1.00000
-646082.52592,-887936.92881,186.44400,512626242.10914,11.43000,760233.00000,9.27000,0.00000,0.00000,1.00000
-644025.32528,-889175.29602,186.43500,512626242.15610,11.91000,1660095.00000,9.12000,0.00000,0.00000,1.00000
-647886.68113,-887820.30616,199.99100,512626242.20305,12.25000,390657.00000,8.18000,0.00000,0.00000,1.00000
-645083.35752,-889385.64742,187.42500,512626242.25000,12.20000,601392.00000,12.47000,0.00000,0.00000,1.00000
-645541.46281,-889521.89178,191.82500,512626242.29696,11.47000,1864474.00000,5.62000,0.00000,0.00000,1.00000
-647941.56167,-888807.24917,211.75000,512626242.34391,11.22000,390063.00000,6.57000,0.00000,0.00000,1.00000
-646488.04587,-889781.10123,208.53900,512626242.39086,12.09000,251141.00000,8.57000,0.00000,0.00000,1.00000
-644644.20656,-890925.88462,207.25900,512626242.43782,12.60000,708712.00000,10.68000,0.00000,0.00000,1.00000
-645125.93955,-891051.79241,207.56500,512626242.48477,11.25000,1795918.00000,7.35000,0.00000,0.00000,1.00000
-644985.75613,-891450.15980,206.27400,512626242.53172,9.25000,889678.00000,4.37000,0.00000,0.00000,1.00000
-646456.78129,-891142.68472,198.82100,512626242.57867,8.81000,575074.00000,4.98000,0.00000,0.00000,1.00000
-646467.20260,-891475.10764,193.33700,512626242.62563,10.31000,237724.00000,9.27000,0.00000,0.00000,1.00000
-647464.20767,-891375.31169,194.28000,512626242.67258,11.18000,420761.00000,10.93000,0.00000,0.00000,1.00000
-647902.07109,-891520.46319,194.47100,512626242.71953,11.47000,978316.00000,7.24000,0.00000,0.00000,1.00000
-648029.97470,-891801.41114,194.31300,512626242.76649,11.33000,2017815.00000,6.26000,0.00000,0.00000,1.00000
-648318.60496,-892011.96056,194.60100,512626242.81344,10.62000,2319639.00000,5.82000,0.00000,0.00000,1.00000
-648000.13671,-892488.45402,190.24400,512626242.86039,10.01000,529717.00000,7.20000,0.00000,0.00000,1.00000
-646333.70721,-893555.38015,183.59800,512626242.90734,10.40000,293684.00000,7.79000,0.00000,0.00000,1.00000
-645626.88477,-894201.93389,184.16500,512626242.95430,11.03000,269763.00000,6.49000,0.00000,0.00000,1.00000
-645720.99434,-894497.66466,186.83300,512626243.00125,10.98000,2705008.00000,3.72000,0.00000,0.00000,1.00000
-645720.56664,-894834.81395,192.53000,512626243.04820,10.72000,327173.00000,4.66000,0.00000,0.00000,1.00000
-645716.75262,-895173.44564,193.34200,512626243.09516,10.15000,302311.00000,5.94000,0.00000,0.00000,1.00000
-645851.37524,-895451.43466,192.81900,512626243.14211,9.87000,324336.00000,5.02000,0.00000,0.00000,1.00000
-645898.21137,-895767.89248,192.42400,512626243.18907,10.20000,405726.00000,5.51000,0.00000,0.00000,1.00000
-646079.42782,-896025.47691,192.16200,512626243.23602,10.21000,236529.00000,5.88000,0.00000,0.00000,1.00000
-646320.07412,-896257.03920,191.11500,512626243.28297,10.81000,302135.00000,5.58000,0.00000,0.00000,1.00000
-646703.22834,-896426.20591,190.60700,512626243.32992,10.93000,292404.00000,6.13000,0.00000,0.00000,1.00000
-647075.57921,-896600.11095,188.89000,512626243.37688,10.22000,311465.00000,5.32000,0.00000,0.00000,1.00000
-647469.54126,-896764.55464,186.81400,512626243.42383,10.53000,213690.00000,7.05000,0.00000,0.00000,1.00000
-647850.00192,-896934.91577,186.79300,512626243.47078,10.21000,125509.00000,7.17000,0.00000,0.00000,1.00000
-647963.68482,-897222.10058,186.22000,512626243.51774,9.64000,287136.00000,6.95000,0.00000,0.00000,1.00000
-648141.52696,-897481.19268,185.41100,512626243.56469,9.64000,113744.00000,6.69000,0.00000,0.00000,1.00000
-648120.80562,-897827.23756,184.40100,512626243.61164,10.09000,260502.00000,7.50000,0.00000,0.00000,1.00000
-648274.33337,-898096.98259,185.76300,512626243.65859,10.62000,264418.00000,7.40000,0.00000,0.00000,1.00000
-648295.48039,-898424.69204,186.53600,512626243.70555,10.46000,283457.00000,9.13000,0.00000,0.00000,1.00000
-648264.61362,-898775.17348,187.18100,512626243.75250,9.90000,396795.00000,6.77000,0.00000,0.00000,1.00000
-648058.81581,-899202.24487,186.43100,512626243.79945,9.07000,620618.00000,5.80000,0.00000,0.00000,1.00000
-647877.32072,-899618.66497,185.31600,512626243.84641,8.86000,592875.00000,5.53000,0.00000,0.00000,1.00000
-647808.62062,-899985.70411,186.33100,512626243.89336,9.07000,292596.00000,5.55000,0.00000,0.00000,1.00000
-647847.31653,-900305.72413,189.63200,512626243.94031,9.44000,330622.00000,4.59000,0.00000,0.00000,1.00000
-647526.67401,-900783.04014,193.45700,512626243.98726,9.41000,499004.00000,5.43000,0.00000,0.00000,1.00000
-647168.87525,-901276.62052,194.81600,512626244.03422,9.47000,1173732.00000,6.59000,0.00000,0.00000,1.00000
-647745.19478,-901361.27876,193.01500,512626244.08117,9.48000,1246255.00000,6.22000,0.00000,0.00000,1.00000
-648786.22583,-901242.50845,193.91200,512626244.12812,9.54000,290487.00000,6.05000,0.00000,0.00000,1.00000
-649688.11881,-901184.65586,198.14600,512626244.17507,9.80000,501936.00000,5.35000,0.00000,0.00000,1.00000
-650104.37101,-901339.40438,202.45000,512626244.22202,9.73000,444649.00000,6.42000,0.00000,0.00000,1.00000
-650243.69087,-901615.37791,203.24600,512626244.26898,9.26000,589410.00000,8.98000,0.00000,0.00000,1.00000
-650967.27054,-901635.59233,203.30800,512626244.31593,8.49000,524077.00000,6.45000,0.00000,0.00000,1.00000
-651330.84175,-901813.41118,202.56600,512626244.36288,8.22000,641300.00000,4.43000,0.00000,0.00000,1.00000
-651657.27523,-902007.50111,201.42200,512626244.40983,8.21000,594643.00000,3.39000,0.00000,0.00000,1.00000
-652004.64153,-902192.41092,198.01500,512626244.45678,7.79000,1489265.00000,2.34000,0.00000,0.00000,1.00000
-652197.34354,-902445.04254,192.15700,512626244.50373,7.83000,622274.00000,2.04000,0.00000,0.00000,1.00000
-652486.62865,-902655.38548,188.21700,512626244.55068,8.30000,2187095.00000,2.13000,0.00000,0.00000,1.00000
-652755.65091,-902874.62451,187.69200,512626244.59763,8.60000,914276.00000,2.11000,0.00000,0.00000,1.00000
-653521.15990,-902876.52171,186.12200,512626244.64458,8.96000,3493877.00000,2.33000,0.00000,0.00000,1.00000
-653272.73781,-903322.25239,187.78100,512626244.69153,8.92000,1776806.00000,2.09000,0.00000,0.00000,1.00000
-650258.82517,-904978.34319,206.64300,512626244.73849,8.88000,3533268.00000,2.50000,0.00000,0.00000,1.00000
-650154.93625,-905360.74956,206.53700,512626244.78544,8.98000,2113998.00000,2.81000,0.00000,0.00000,1.00000
-650194.92526,-905680.19567,204.19000,512626244.83239,8.43000,1542306.00000,3.37000,0.00000,0.00000,1.00000
-650436.88803,-905911.26509,199.02500,512626244.87934,8.12000,551040.00000,4.71000,0.00000,0.00000,1.00000
-651236.15563,-905898.45923,192.39300,512626244.92629,8.06000,1558329.00000,6.15000,0.00000,0.00000,1.00000
-652013.81305,-905895.09621,189.21500,512626244.97324,8.11000,1262952.00000,7.28000,0.00000,0.00000,1.00000
-652709.07150,-905927.80510,187.65500,512626245.02019,8.54000,854021.00000,5.64000,0.00000,0.00000,1.00000
-653311.79281,-906001.01804,184.33500,512626245.06714,8.57000,807374.00000,6.72000,0.00000,0.00000,1.00000
-652959.97234,-906491.93943,179.89400,512626245.11409,8.33000,705996.00000,7.78000,0.00000,0.00000,1.00000
-652399.39229,-907074.20799,179.36600,512626245.16104,7.95000,385627.00000,7.64000,0.00000,0.00000,1.00000
-652817.68418,-907228.13786,178.67500,512626245.20799,6.98000,1497082.00000,6.04000,0.00000,0.00000,1.00000
-654319.57571,-906907.91302,183.37700,512626245.25494,5.10000,387711.00000,4.07000,0.00000,0.00000,1.00000
-654809.47552,-907030.51187,186.46600,512626245.30189,3.72000,1498335.00000,4.40000,0.00000,0.00000,1.00000
-655330.43874,-907139.51211,191.69300,512626245.34883,2.37000,2488081.00000,3.82000,0.00000,0.00000,1.00000
-656761.35415,-906850.33832,205.24300,512626245.39578,1.81000,2120308.00000,4.12000,0.00000,0.00000,1.00000
-656027.82969,-907508.30316,202.39800,512626245.44273,1.64000,1128334.00000,4.98000,0.00000,0.00000,1.00000
-654618.05630,-908462.14082,198.37100,512626245.48968,2.89000,681372.00000,6.10000,0.00000,0.00000,1.00000
-653939.88797,-909095.80964,199.43000,512626245.53663,5.65000,327676.00000,6.65000,0.00000,0.00000,1.00000
-654170.35307,-909331.93709,208.90400,512626245.58357,7.97000,898310.00000,5.81000,0.00000,0.00000,1.00000
-654118.42758,-909691.59724,212.07600,512626245.63052,8.78000,332513.00000,6.40000,0.00000,0.00000,1.00000
-654177.96819,-910002.48740,215.52000,512626245.67747,8.97000,282491.00000,6.78000,0.00000,0.00000,1.00000
