-667055.09047,-890105.35808,252.52800,480071770.56569,12.93000,1146819.00000,4.43000,0.00000,0.00000,0.00000
-666555.81144,-890217.23180,256.07200,480071770.61186,13.06000,421041.00000,6.23000,0.00000,0.00000,0.00000
-666347.08854,-889993.30988,256.57800,480071770.65803,13.09000,768260.00000,5.97000,0.00000,0.00000,0.00000
-665817.32020,-890140.40469,258.91500,480071770.70420,13.05000,476429.00000,6.47000,0.00000,0.00000,0.00000
-665763.38987,-889737.57656,255.15300,480071770.75037,12.71000,502829.00000,5.55000,0.00000,0.00000,0.00000
-665838.55326,-889185.57865,250.43900,480071770.79653,12.01000,286368.00000,4.54000,0.00000,0.00000,0.00000
-665951.55784,-886729.45266,273.03600,480071771.02737,11.71000,270500.00000,7.64000,0.00000,0.00000,0.00000
-665369.43267,-886937.08096,273.96400,480071771.07354,11.76000,210089.00000,8.00000,0.00000,0.00000,0.00000
-665016.40317,-886879.93137,274.16700,480071771.11971,11.24000,312112.00000,5.82000,0.00000,0.00000,0.00000
-664653.37598,-886834.35200,272.78500,480071771.16588,11.18000,1626904.00000,4.91000,0.00000,0.00000,0.00000
-664210.32208,-886881.23211,271.30900,480071771.21205,11.47000,3268168.00000,4.98000,0.00000,0.00000,0.00000
-664971.43091,-885536.67981,261.77600,480071771.25821,12.02000,3727702.00000,5.99000,0.00000,0.00000,0.00000
-664627.46684,-885469.08628,260.43900,480071771.30438,12.09000,2084013.00000,7.11000,0.00000,0.00000,0.00000
-662723.00184,-887204.56916,269.99500,480071771.35055,11.70000,665347.00000,5.77000,0.00000,0.00000,0.00000
-663479.38973,-885865.55070,262.71700,480071771.39672,11.48000,531475.00000,4.44000,0.00000,0.00000,0.00000
-662444.71001,-886596.00414,263.50900,480071771.44289,11.10000,2606370.00000,3.79000,0.00000,0.00000,0.00000
-662776.68896,-885747.39395,258.83800,480071771.48906,10.90000,1587000.00000,3.15000,0.00000,0.00000,0.00000
-661894.88057,-886301.18179,250.22900,480071771.53522,10.84000,1304305.00000,3.27000,0.00000,0.00000,0.00000
-661165.51260,-886678.78545,254.42100,480071771.58139,11.23000,458521.00000,4.18000,0.00000,0.00000,0.00000
-661248.37700,-886118.01112,252.56900,480071771.62756,11.55000,575692.00000,4.74000,0.00000,0.00000,0.00000
-662787.04127,-883875.31228,251.31900,480071771.67373,11.07000,1404658.00000,3.21000,0.00000,0.00000,0.00000
-661972.43893,-884351.45093,252.42400,480071771.71990,11.23000,454891.00000,5.69000,0.00000,0.00000,0.00000
-661608.00371,-884307.48844,254.11300,480071771.76607,11.15000,267691.00000,5.30000,0.00000,0.00000,0.00000
-660967.26962,-884582.71165,257.85400,480071771.81224,11.09000,865563.00000,4.39000,0.00000,0.00000,0.00000
-660716.20872,-884407.74829,259.08300,480071771.85841,11.01000,709424.00000,4.53000,0.00000,0.00000,0.00000
-660913.41832,-883714.92520,256.55600,480071771.90457,10.95000,1215865.00000,4.63000,0.00000,0.00000,0.00000
-661875.67371,-881208.34011,266.51200,480071772.04308,11.26000,159568.00000,6.91000,0.00000,0.00000,0.00000
-659257.99446,-908168.73758,230.87100,480244422.90558,9.35000,643772.00000,2.50000,0.00000,0.00000,0.00000
-662928.50936,-903595.84517,257.53600,480244422.95176,8.88000,299478.00000,3.27000,0.00000,0.00000,0.00000
-662353.34589,-903783.39718,257.87700,480244422.99794,8.46000,721867.00000,3.74000,0.00000,0.00000,0.00000
-662004.01600,-903717.70784,258.40400,480244423.04411,8.00000,1308653.00000,3.54000,0.00000,0.00000,0.00000
-662205.73548,-903034.17959,256.66500,480244423.09029,7.87000,3562348.00000,3.45000,0.00000,0.00000,0.00000
-661989.68864,-902819.05968,257.65300,480244423.13647,7.72000,595911.00000,5.71000,0.00000,0.00000,0.00000
-661765.39715,-902613.17427,259.69900,480244423.18264,7.36000,288378.00000,5.77000,0.00000,0.00000,0.00000
-661504.77756,-902448.04969,259.30400,480244423.22882,7.06000,223900.00000,9.24000,0.00000,0.00000,0.00000
-661583.88478,-901902.00361,259.05600,480244423.27500,6.66000,330978.00000,6.67000,0.00000,0.00000,0.00000
-661461.87422,-901581.46896,258.55700,480244423.32117,6.37000,1221848.00000,4.58000,0.00000,0.00000,0.00000
-661545.85665,-901029.98606,252.65900,480244423.36735,6.34000,6335348.00000,4.63000,0.00000,0.00000,0.00000
-661438.87999,-900692.60635,251.53700,480244423.41353,5.98000,725168.00000,6.06000,0.00000,0.00000,0.00000
-661459.36317,-900212.31146,251.29100,480244423.45970,4.99000,345172.00000,4.97000,0.00000,0.00000,0.00000
-661262.74429,-899975.44593,246.59000,480244423.50588,4.43000,905201.00000,3.22000,0.00000,0.00000,0.00000
-660683.25863,-900167.83280,236.17300,480244423.55206,4.20000,705135.00000,2.83000,0.00000,0.00000,0.00000
-660042.69602,-900428.67743,224.11500,480244423.59824,4.34000,1688774.00000,2.52000,0.00000,0.00000,0.00000
-659937.20939,-900089.65556,217.18700,480244423.64441,5.27000,2031822.00000,2.66000,0.00000,0.00000,0.00000
-659565.61822,-900048.92812,209.99400,480244423.69059,6.94000,518454.00000,3.69000,0.00000,0.00000,0.00000
-659358.34654,-899824.01322,203.97500,480244423.73677,8.25000,1068289.00000,3.82000,0.00000,0.00000,0.00000
-659270.29985,-899465.42433,202.49400,480244423.78294,9.00000,2427179.00000,3.26000,0.00000,0.00000,0.00000
-657147.88628,-901387.31832,188.70800,480244423.82912,9.50000,581594.00000,4.28000,0.00000,0.00000,0.00000
-656689.98055,-901443.30381,185.41300,480244423.87530,9.92000,388455.00000,4.77000,0.00000,0.00000,0.00000
-656288.79093,-901435.70555,184.23700,480244423.92148,9.99000,553886.00000,4.49000,0.00000,0.00000,0.00000
-655903.59709,-901410.16786,184.75100,480244423.96766,10.05000,1225136.00000,3.67000,0.00000,0.00000,0.00000
-656568.87653,-900207.21970,191.59600,480244424.01384,9.95000,4409176.00000,2.65000,0.00000,0.00000,0.00000
-655980.09921,-900409.88154,191.96400,480244424.06001,9.93000,1103130.00000,4.32000,0.00000,0.00000,0.00000
-655519.78532,-900468.55794,193.97500,480244424.10619,10.00000,951781.00000,4.23000,0.00000,0.00000,0.00000
-655499.13510,-900034.43381,195.68200,480244424.15237,10.29000,941292.00000,5.45000,0.00000,0.00000,0.00000
-654940.40922,-900203.38474,196.45200,480244424.19855,10.30000,1247647.00000,5.06000,0.00000,0.00000,0.00000
-653820.33524,-901001.44004,206.01400,480244424.24473,10.12000,1489703.00000,3.51000,0.00000,0.00000,0.00000
-651414.94575,-903239.79617,202.02600,480244424.29091,10.23000,2597254.00000,3.05000,0.00000,0.00000,0.00000
-652948.58495,-901063.89452,189.54800,480244424.33709,10.27000,631833.00000,2.91000,0.00000,0.00000,0.00000
-652329.73966,-901300.15447,196.49700,480244424.38327,10.37000,812645.00000,3.00000,0.00000,0.00000,0.00000
-651634.28665,-901622.24282,202.15100,480244424.42944,10.44000,870394.00000,4.03000,0.00000,0.00000,0.00000
-652225.94700,-900501.97592,195.13200,480244424.47562,10.60000,1245237.00000,4.62000,0.00000,0.00000,0.00000
-652307.13309,-899953.76121,194.82100,480244424.52180,10.83000,936704.00000,5.62000,0.00000,0.00000,0.00000
-652254.51903,-899555.49997,194.11200,480244424.56798,11.02000,1502098.00000,5.15000,0.00000,0.00000,0.00000
-653972.33376,-897173.25460,177.22200,480244424.61417,11.42000,1039380.00000,4.90000,0.00000,0.00000,0.00000
-652327.68010,-898559.08412,181.39000,480244424.66034,11.87000,1395930.00000,9.73000,0.00000,0.00000,0.00000
-652042.37900,-898421.58067,184.10600,480244424.70652,11.69000,813163.00000,6.55000,0.00000,0.00000,0.00000
-652522.08247,-897426.83686,182.86200,480244424.75271,11.71000,2450933.00000,4.68000,0.00000,0.00000,0.00000
-651938.14193,-897623.98399,179.91200,480244424.79889,11.81000,2228553.00000,4.19000,0.00000,0.00000,0.00000
-651424.48394,-897742.34843,177.07400,480244424.84507,12.00000,294026.00000,6.50000,0.00000,0.00000,0.00000
-652232.41972,-896379.84050,177.01200,480244424.89125,11.86000,509504.00000,5.62000,0.00000,0.00000,0.00000
-651705.68800,-896512.86503,178.98200,480244424.93743,11.89000,1995198.00000,5.86000,0.00000,0.00000,0.00000
-650909.40489,-896947.91092,182.62000,480244424.98361,12.24000,1117525.00000,7.38000,0.00000,0.00000,0.00000
-651017.28775,-896369.85180,182.93100,480244425.02979,12.43000,130257.00000,10.24000,0.00000,0.00000,0.00000
-651078.14727,-895844.48716,183.60100,480244425.07598,12.41000,612490.00000,6.28000,0.00000,0.00000,0.00000
-650851.52228,-895641.25092,184.80500,480244425.12216,12.46000,450603.00000,5.56000,0.00000,0.00000,0.00000
-650545.38248,-895527.09352,185.00900,480244425.16834,12.60000,426828.00000,8.37000,0.00000,0.00000,0.00000
-650411.84510,-895219.56318,185.49400,480244425.21452,12.59000,341415.00000,6.98000,0.00000,0.00000,0.00000
-650117.82992,-895091.81793,185.84300,480244425.26070,12.74000,442687.00000,5.41000,0.00000,0.00000,0.00000
-649724.91470,-895074.88755,184.47700,480244425.30689,12.92000,954796.00000,6.08000,0.00000,0.00000,0.00000
-649275.76713,-895120.95906,186.60400,480244425.35307,13.04000,382759.00000,6.80000,0.00000,0.00000,0.00000
-648875.09839,-895112.71010,186.75000,480244425.39925,13.16000,412282.00000,9.01000,0.00000,0.00000,0.00000
-649028.09919,-894484.16236,185.31000,480244425.44543,13.15000,163365.00000,9.57000,0.00000,0.00000,0.00000
-649149.10509,-893891.46202,184.90800,480244425.49161,13.19000,199467.00000,10.45000,0.00000,0.00000,0.00000
-649141.64188,-893442.71409,185.28700,480244425.53780,13.18000,591696.00000,8.17000,0.00000,0.00000,0.00000
-648926.67519,-893226.43909,185.60700,480244425.58398,13.13000,367713.00000,6.97000,0.00000,0.00000,0.00000
-649314.82972,-892334.48416,186.44100,480244425.63016,13.12000,362268.00000,6.19000,0.00000,0.00000,0.00000
-651865.15524,-889020.11585,205.67000,480244425.67634,12.81000,1685563.00000,5.14000,0.00000,0.00000,0.00000
-646670.65277,-894382.41435,186.67300,480244425.72252,12.54000,2751601.00000,3.88000,0.00000,0.00000,0.00000
-646340.30487,-894295.37892,188.99300,480244425.76870,12.37000,662690.00000,3.35000,0.00000,0.00000,0.00000
-645826.17395,-894414.18010,187.32200,480244425.81489,12.39000,941030.00000,4.19000,0.00000,0.00000,0.00000
-645568.06027,-894246.22581,185.44000,480244425.86107,12.43000,478237.00000,4.56000,0.00000,0.00000,0.00000
-645039.38477,-894381.30812,185.32400,480244425.90725,12.17000,965638.00000,3.06000,0.00000,0.00000,0.00000
-647435.89066,-891239.86422,192.41700,480244425.95343,11.90000,1081912.00000,2.23000,0.00000,0.00000,0.00000
-647040.58705,-891225.61207,191.36000,480244425.99961,11.61000,2180719.00000,1.99000,0.00000,0.00000,0.00000
-648522.96926,-889108.02081,219.41200,480244426.04579,11.41000,767699.00000,2.10000,0.00000,0.00000,0.00000
-648026.86567,-889206.74450,216.15600,480244426.09198,11.23000,428459.00000,2.25000,0.00000,0.00000,0.00000
-647347.00221,-889511.27453,211.57500,480244426.13816,11.15000,218822.00000,3.64000,0.00000,0.00000,0.00000
-646333.55690,-890189.41251,208.18500,480244426.18434,11.01000,219554.00000,5.50000,0.00000,0.00000,0.00000
-645305.56113,-890883.84440,208.76100,480244426.23052,10.79000,734394.00000,4.19000,0.00000,0.00000,0.00000
-644682.38850,-891124.78969,210.39300,480244426.27670,10.74000,1361786.00000,2.92000,0.00000,0.00000,0.00000
-646512.56729,-888617.90174,189.11800,480244426.32288,10.84000,776983.00000,3.37000,0.00000,0.00000,0.00000
-646130.38764,-888588.98198,185.28900,480244426.36906,11.07000,1580068.00000,5.45000,0.00000,0.00000,0.00000
-644913.75474,-889494.65737,185.22500,480244426.41524,11.57000,952033.00000,5.09000,0.00000,0.00000,0.00000
-644151.42109,-889891.46537,186.73700,480244426.46142,12.28000,451236.00000,7.62000,0.00000,0.00000,0.00000
-643849.70909,-889772.36378,187.52000,480244426.50760,13.39000,232625.00000,10.90000,0.00000,0.00000,0.00000
-644250.59332,-888866.42648,188.31600,480244426.55379,13.76000,195852.00000,11.20000,0.00000,0.00000,0.00000
-644349.39349,-888298.79625,190.47500,480244426.59997,12.60000,1914096.00000,5.13000,0.00000,0.00000,0.00000
-642184.76956,-890265.98100,187.58600,480244426.64615,11.91000,2712123.00000,2.98000,0.00000,0.00000,0.00000
-641233.27086,-890874.49930,187.03200,480244426.69233,11.59000,3035380.00000,2.53000,0.00000,0.00000,0.00000
-640671.63870,-891046.43893,186.59600,480244426.73851,11.25000,919843.00000,2.16000,0.00000,0.00000,0.00000
-640259.84267,-891050.58839,184.88200,480244426.78469,11.13000,1287217.00000,2.28000,0.00000,0.00000,0.00000
-639672.48632,-891251.29539,183.13700,480244426.83087,11.23000,1510564.00000,2.61000,0.00000,0.00000,0.00000
-642953.33171,-887120.56229,230.37800,480244426.87705,11.18000,716269.00000,2.60000,0.00000,0.00000,0.00000
-642696.26130,-886951.50878,229.00300,480244426.92323,11.10000,228858.00000,4.12000,0.00000,0.00000,0.00000
-642717.98563,-886470.25400,228.21500,480244426.96941,10.89000,154509.00000,7.05000,0.00000,0.00000,0.00000
-643012.69050,-885683.33754,230.61400,480244427.01560,10.84000,166614.00000,6.35000,0.00000,0.00000,0.00000
-643081.44857,-885149.43717,233.22900,480244427.06178,10.78000,145990.00000,6.29000,0.00000,0.00000,0.00000
-642807.42304,-884999.39553,233.96900,480244427.10796,10.51000,571798.00000,5.16000,0.00000,0.00000,0.00000
-642374.85714,-885026.89680,233.87800,480244427.15414,10.25000,3340430.00000,2.25000,0.00000,0.00000,0.00000
-647096.40880,-909674.93194,175.75700,480417077.30745,4.29000,880545.00000,2.58000,0.00000,0.00000,0.00000
-645367.41737,-911104.88362,154.78300,480417077.35364,5.80000,4921657.00000,3.28000,0.00000,0.00000,0.00000
-645797.15146,-910187.89727,157.64300,480417077.39984,7.18000,327594.00000,5.14000,0.00000,0.00000,0.00000
-644891.56234,-910722.58877,150.37700,480417077.44603,7.99000,756454.00000,7.21000,0.00000,0.00000,0.00000
-644539.23617,-910655.80957,148.42200,480417077.49223,8.50000,419917.00000,7.30000,0.00000,0.00000,0.00000
-644000.01532,-910792.19582,147.74300,480417077.53842,8.80000,321580.00000,8.12000,0.00000,0.00000,0.00000
-643812.39018,-910546.36535,148.34600,480417077.58462,9.03000,297505.00000,7.15000,0.00000,0.00000,0.00000
-643497.03557,-910439.35623,148.47700,480417077.63082,9.18000,703199.00000,5.25000,0.00000,0.00000,0.00000
-643213.74710,-910297.51685,149.21500,480417077.67702,9.12000,989173.00000,4.05000,0.00000,0.00000,0.00000
-642556.16646,-910562.52156,149.19700,480417077.72321,9.44000,297859.00000,5.13000,0.00000,0.00000,0.00000
-641860.59957,-910868.77472,149.91500,480417077.76941,9.54000,818711.00000,6.25000,0.00000,0.00000,0.00000
-644088.76852,-907997.00624,186.09600,480417077.81561,9.17000,240015.00000,3.55000,0.00000,0.00000,0.00000
-643521.47712,-908163.91602,185.88500,480417077.86180,9.05000,270102.00000,4.46000,0.00000,0.00000,0.00000
-643148.45249,-908119.62192,187.63700,480417077.90800,8.82000,336852.00000,3.65000,0.00000,0.00000,0.00000
-643312.42656,-907491.63553,189.19900,480417077.95420,8.84000,605282.00000,5.28000,0.00000,0.00000,0.00000
-643594.74364,-906735.01030,190.71400,480417078.00039,8.90000,2090615.00000,4.22000,0.00000,0.00000,0.00000
-643571.34213,-906310.70886,192.27200,480417078.04659,9.16000,5854538.00000,3.88000,0.00000,0.00000,0.00000
-643284.15110,-906173.17210,192.12300,480417078.09279,9.12000,1966351.00000,5.74000,0.00000,0.00000,0.00000
-642961.44607,-906074.21078,192.49200,480417078.13898,9.15000,1668015.00000,5.60000,0.00000,0.00000,0.00000
-642353.23840,-906285.57380,192.51600,480417078.18518,8.78000,1131821.00000,4.36000,0.00000,0.00000,0.00000
-642358.93828,-905829.67755,197.72700,480417078.23138,8.24000,558435.00000,3.11000,0.00000,0.00000,0.00000
-642130.91791,-905627.80861,199.39900,480417078.27757,7.91000,4974327.00000,2.51000,0.00000,0.00000,0.00000
-642018.77409,-905299.99243,201.54800,480417078.32377,7.54000,3079340.00000,3.14000,0.00000,0.00000,0.00000
-641710.39334,-905185.47565,199.60300,480417078.36996,7.12000,858654.00000,4.07000,0.00000,0.00000,0.00000
-641187.51713,-905304.08561,194.90000,480417078.41616,6.72000,273522.00000,4.10000,0.00000,0.00000,0.00000
-640750.92781,-905328.90547,191.75100,480417078.46236,6.65000,296645.00000,6.97000,0.00000,0.00000,0.00000
-640588.01125,-905056.27757,192.01900,480417078.50855,6.68000,278880.00000,5.60000,0.00000,0.00000,0.00000
-640333.87106,-904882.80307,192.64700,480417078.55475,6.75000,1078680.00000,4.36000,0.00000,0.00000,0.00000
-640138.90936,-904645.02166,194.02000,480417078.60094,6.79000,291838.00000,3.95000,0.00000,0.00000,0.00000
-639422.21483,-904974.20953,191.51800,480417078.64714,6.85000,214632.00000,6.48000,0.00000,0.00000,0.00000
-638793.29149,-905208.00217,191.11600,480417078.69334,6.86000,281753.00000,5.23000,0.00000,0.00000,0.00000
-638732.96372,-904823.91111,192.95300,480417078.73953,6.62000,2561423.00000,2.78000,0.00000,0.00000,0.00000
-640248.16820,-902727.69973,208.07700,480417078.78573,6.35000,1066867.00000,3.46000,0.00000,0.00000,0.00000
-639562.07892,-903023.65949,206.00100,480417078.83192,6.19000,1015957.00000,3.39000,0.00000,0.00000,0.00000
-637732.38950,-904562.26113,195.89500,480417078.87812,6.39000,509903.00000,4.49000,0.00000,0.00000,0.00000
-637207.52247,-904682.95241,195.56400,480417078.92432,6.72000,273816.00000,6.03000,0.00000,0.00000,0.00000
-636826.65464,-904647.16081,195.35100,480417078.97051,5.99000,457913.00000,8.01000,0.00000,0.00000,0.00000
-637170.24569,-903824.21468,195.98400,480417079.01671,4.41000,1466641.00000,3.34000,0.00000,0.00000,0.00000
-638285.09087,-902163.22263,207.03100,480417079.06291,3.46000,1398453.00000,1.91000,0.00000,0.00000,0.00000
-637667.04207,-902385.17220,203.42100,480417079.10910,3.33000,1726058.00000,2.00000,0.00000,0.00000,0.00000
-637550.52356,-902062.16988,200.87000,480417079.15530,3.24000,5483382.00000,1.73000,0.00000,0.00000,0.00000
-637643.61140,-901511.44056,196.95500,480417079.20150,3.23000,2230138.00000,2.20000,0.00000,0.00000,0.00000
-637199.63988,-901544.23951,196.14600,480417079.24769,3.89000,654247.00000,3.30000,0.00000,0.00000,0.00000
-637025.43429,-901283.94043,194.60600,480417079.29389,4.87000,641385.00000,7.36000,0.00000,0.00000,0.00000
-636183.47521,-901749.13748,194.74300,480417079.34009,5.12000,260053.00000,5.86000,0.00000,0.00000,0.00000
-636325.39017,-901145.38546,196.63600,480417079.38629,5.36000,234781.00000,4.65000,0.00000,0.00000,0.00000
-636076.70828,-900965.98274,197.76800,480417079.43248,6.01000,550756.00000,3.00000,0.00000,0.00000,0.00000
-635711.16357,-900913.56961,196.15900,480417079.47868,7.08000,385218.00000,3.14000,0.00000,0.00000,0.00000
-635492.58355,-900701.49010,194.62700,480417079.52488,7.88000,452183.00000,3.80000,0.00000,0.00000,0.00000
-635379.04747,-900375.27313,193.58900,480417079.57107,8.49000,139937.00000,3.49000,0.00000,0.00000,0.00000
-635206.32953,-900113.36561,194.78000,480417079.61727,8.82000,1799946.00000,2.16000,0.00000,0.00000,0.00000
-633936.77465,-901043.00044,178.47600,480417079.66347,9.28000,4999370.00000,1.64000,0.00000,0.00000,0.00000
-633357.65877,-901222.55606,175.48200,480417079.70967,9.66000,1295965.00000,2.47000,0.00000,0.00000,0.00000
-633063.11338,-901092.94450,174.26900,480417079.75587,9.88000,1354758.00000,2.80000,0.00000,0.00000,0.00000
-633411.23075,-900265.25397,184.28800,480417079.80206,10.05000,2688373.00000,2.61000,0.00000,0.00000,0.00000
-632685.14470,-900604.44500,183.08400,480417079.84826,10.09000,685165.00000,3.40000,0.00000,0.00000,0.00000
-632111.45309,-900778.07178,184.31800,480417079.89446,10.17000,532867.00000,3.53000,0.00000,0.00000,0.00000
-631763.65722,-900706.32228,186.25100,480417079.94066,10.14000,796678.00000,2.20000,0.00000,0.00000,0.00000
-631567.77078,-900469.55899,188.81300,480417079.98686,9.90000,2642325.00000,2.07000,0.00000,0.00000,0.00000
-631361.53079,-900244.04226,192.83600,480417080.03305,9.71000,2041105.00000,1.70000,0.00000,0.00000,0.00000
-631154.31104,-900019.60012,196.88500,480417080.07925,9.44000,2218381.00000,1.51000,0.00000,0.00000,0.00000
-630994.43814,-899743.73222,198.72600,480417080.12545,9.29000,259479.00000,2.23000,0.00000,0.00000,0.00000
-634768.52966,-895194.76955,170.68800,480417080.17165,9.13000,535645.00000,1.95000,0.00000,0.00000,0.00000
-633382.54157,-896250.82959,165.82000,480417080.21785,8.64000,396612.00000,2.34000,0.00000,0.00000,0.00000
-633200.97407,-895998.58244,170.63200,480417080.26405,8.22000,2041615.00000,2.35000,0.00000,0.00000,0.00000
-631781.90518,-897090.46110,171.11700,480417080.31025,8.46000,898964.00000,8.35000,0.00000,0.00000,0.00000
-632256.82156,-896125.15177,177.47700,480417080.35645,8.17000,247260.00000,5.14000,0.00000,0.00000,0.00000
-632460.95113,-895453.97159,184.05800,480417080.40265,7.84000,620739.00000,2.96000,0.00000,0.00000,0.00000
-632301.59173,-895177.60084,186.56700,480417080.44884,8.28000,496808.00000,2.64000,0.00000,0.00000,0.00000
-628752.66010,-898133.03615,148.73700,480417080.54124,9.52000,1618347.00000,1.99000,0.00000,0.00000,0.00000
-628382.67517,-898085.36706,145.74200,480417080.58744,10.11000,597605.00000,2.36000,0.00000,0.00000,0.00000
-628467.50466,-897543.79057,145.12000,480417080.63364,10.59000,2767394.00000,3.01000,0.00000,0.00000,0.00000
-628738.79399,-896799.71744,134.75900,480417080.67984,10.64000,1467702.00000,2.40000,0.00000,0.00000,0.00000
-629158.05492,-895894.96328,152.90900,480417080.72604,10.77000,1537232.00000,2.84000,0.00000,0.00000,0.00000
-630254.56070,-894254.74520,159.41400,480417080.77224,10.88000,886741.00000,2.97000,0.00000,0.00000,0.00000
-662456.84705,-882001.13844,267.48700,480637692.31972,11.65000,283909.00000,5.37000,0.00000,0.00000,1.00000
-663257.35577,-882306.75071,260.21300,480637692.41238,12.03000,3339954.00000,5.14000,0.00000,0.00000,1.00000
-663676.10018,-882786.60466,260.97800,480637692.50503,12.07000,1990451.00000,5.43000,0.00000,0.00000,1.00000
-660507.25990,-884568.24992,257.34100,480637692.55135,11.78000,2010899.00000,4.78000,0.00000,0.00000,1.00000
-660655.19743,-884836.19264,257.33100,480637692.59768,11.48000,3018586.00000,5.64000,0.00000,0.00000,1.00000
-663124.82266,-884044.67090,253.86500,480637692.64400,11.15000,1520479.00000,7.06000,0.00000,0.00000,1.00000
-664081.30037,-884279.14248,260.87200,480637692.73665,10.78000,1275204.00000,4.43000,0.00000,0.00000,1.00000
-662977.80066,-885118.20071,247.22300,480637692.78298,11.57000,1299598.00000,6.38000,0.00000,0.00000,1.00000
-663199.44408,-885352.53975,247.65900,480637692.82931,12.39000,2009834.00000,6.48000,0.00000,0.00000,1.00000
-662187.48091,-886149.76277,251.13400,480637692.87563,12.19000,733296.00000,5.41000,0.00000,0.00000,1.00000
-663148.07468,-886046.92131,253.07100,480637692.92196,11.64000,388331.00000,6.11000,0.00000,0.00000,1.00000
-661515.99310,-887127.05506,265.85100,480637692.96828,11.31000,6771088.00000,3.43000,0.00000,0.00000,1.00000
-661917.54222,-887279.30541,268.32300,480637693.01461,11.26000,600166.00000,4.43000,0.00000,0.00000,1.00000
-662356.27314,-887414.59359,270.25500,480637693.06093,11.30000,380977.00000,7.80000,0.00000,0.00000,1.00000
-662858.74368,-887520.80988,271.37000,480637693.10726,11.54000,295880.00000,6.01000,0.00000,0.00000,1.00000
-663454.16888,-887584.62272,272.97500,480637693.15358,11.32000,215958.00000,6.15000,0.00000,0.00000,1.00000
-663805.25416,-887759.90401,275.05100,480637693.19991,10.99000,628392.00000,3.89000,0.00000,0.00000,1.00000
-664242.00875,-887896.12908,274.99900,480637693.24623,10.84000,618551.00000,3.41000,0.00000,0.00000,1.00000
-664488.86901,-888118.97366,272.55700,480637693.29256,10.71000,3128093.00000,2.08000,0.00000,0.00000,1.00000
-662761.75416,-889242.36032,242.87900,480637693.33888,10.97000,954000.00000,3.83000,0.00000,0.00000,1.00000
-663195.18231,-889380.08750,242.96800,480637693.38521,12.12000,1005308.00000,7.78000,0.00000,0.00000,1.00000
-664061.55315,-889320.33760,241.55300,480637693.43153,12.89000,1207140.00000,8.60000,0.00000,0.00000,1.00000
-664178.26466,-889602.56661,242.04500,480637693.47786,13.03000,253872.00000,8.64000,0.00000,0.00000,1.00000
-663158.18450,-890403.34293,247.05700,480637693.52418,12.85000,565595.00000,5.27000,0.00000,0.00000,1.00000
-663327.34608,-890661.64509,250.48400,480637693.57051,12.84000,261442.00000,9.06000,0.00000,0.00000,1.00000
-664012.44221,-890684.61010,250.42400,480637693.61683,12.59000,627536.00000,7.72000,0.00000,0.00000,1.00000
-663436.56828,-891282.73526,250.98000,480637693.66316,12.34000,432081.00000,6.90000,0.00000,0.00000,1.00000
-663679.43054,-891507.42458,252.94200,480637693.70948,12.01000,1036991.00000,4.40000,0.00000,0.00000,1.00000
-664610.88336,-891418.04444,258.29800,480637693.75581,11.59000,1067615.00000,3.53000,0.00000,0.00000,1.00000
-664007.10986,-892028.88478,260.86600,480637693.80213,11.58000,132788.00000,4.63000,0.00000,0.00000,1.00000
-660897.63648,-895124.11144,253.58400,480637694.03376,12.75000,2573744.00000,3.43000,0.00000,0.00000,1.00000
-666496.16203,-894248.43355,230.08100,480637694.26538,12.55000,1564133.00000,4.27000,0.00000,0.00000,1.00000
-666811.46704,-895446.55937,226.76400,480637694.45068,13.02000,915584.00000,4.16000,0.00000,0.00000,1.00000
-667126.05916,-895638.60391,227.85000,480637694.49701,12.98000,1277217.00000,4.08000,0.00000,0.00000,1.00000
-667148.41994,-895963.87876,230.50300,480637694.54334,12.93000,290952.00000,6.42000,0.00000,0.00000,1.00000
-667418.50502,-896176.20639,231.98600,480637694.58966,13.34000,240499.00000,6.60000,0.00000,0.00000,1.00000
-667715.82877,-896376.12872,231.95100,480637694.63599,13.45000,1897302.00000,5.39000,0.00000,0.00000,1.00000
-642873.82831,-884895.66220,237.07300,480810344.55372,11.25000,349498.00000,3.11000,0.00000,0.00000,1.00000
-643506.04371,-884951.99909,234.16500,480810344.60009,11.26000,294641.00000,4.07000,0.00000,0.00000,1.00000
-643646.03763,-885224.09709,232.39000,480810344.64646,11.58000,239099.00000,3.36000,0.00000,0.00000,1.00000
-643445.59968,-885645.38913,229.53900,480810344.69283,12.00000,262842.00000,3.57000,0.00000,0.00000,1.00000
-643438.45353,-885981.98298,228.78300,480810344.73921,12.29000,528554.00000,3.30000,0.00000,0.00000,1.00000
-643430.62973,-886318.86090,228.96000,480810344.78558,12.48000,164577.00000,2.76000,0.00000,0.00000,1.00000
-643396.71734,-886667.17237,230.05300,480810344.83195,12.63000,219048.00000,3.07000,0.00000,0.00000,1.00000
-643412.29433,-886993.79332,230.89900,480810344.87832,12.84000,290777.00000,2.07000,0.00000,0.00000,1.00000
-649024.24929,-884867.57524,198.43800,480810344.92469,13.16000,1181079.00000,3.52000,0.00000,0.00000,1.00000
-648485.36585,-885437.28655,194.10300,480810344.97107,13.56000,505176.00000,5.47000,0.00000,0.00000,1.00000
-648309.67230,-885847.81095,192.77900,480810345.01744,14.20000,325770.00000,7.66000,0.00000,0.00000,1.00000
-647836.97062,-886388.48713,192.18700,480810345.06381,14.54000,678653.00000,9.09000,0.00000,0.00000,1.00000
-647873.94827,-886705.77557,194.90300,480810345.11019,14.90000,667109.00000,8.98000,0.00000,0.00000,1.00000
-644447.42199,-888540.88937,188.69800,480810345.15656,15.68000,1485673.00000,9.29000,0.00000,0.00000,1.00000
-648611.45275,-887049.55507,200.22400,480810345.20293,15.82000,1624997.00000,8.22000,0.00000,0.00000,1.00000
-646538.75628,-888291.38200,188.80300,480810345.24930,15.62000,282106.00000,9.17000,0.00000,0.00000,1.00000
-645373.03152,-889135.67757,186.40200,480810345.29568,14.94000,340907.00000,8.69000,0.00000,0.00000,1.00000
-648690.24171,-888015.53961,212.67300,480810345.34205,14.01000,1935081.00000,3.61000,0.00000,0.00000,1.00000
-648539.91475,-888414.91026,214.88300,480810345.38843,13.41000,2660392.00000,3.60000,0.00000,0.00000,1.00000
-648413.00727,-888804.03184,217.13000,480810345.43480,13.21000,1022168.00000,4.21000,0.00000,0.00000,1.00000
-648429.25616,-889130.42559,216.63900,480810345.48117,13.60000,1126837.00000,6.68000,0.00000,0.00000,1.00000
-648394.65117,-889479.07732,216.45600,480810345.52755,13.70000,193348.00000,8.65000,0.00000,0.00000,1.00000
-646930.59091,-890454.06462,209.52100,480810345.57392,12.67000,485778.00000,7.09000,0.00000,0.00000,1.00000
-647079.26739,-890722.40699,204.07600,480810345.62030,11.60000,387847.00000,4.53000,0.00000,0.00000,1.00000
-647602.55215,-890826.63212,199.44700,480810345.66667,12.15000,273227.00000,5.36000,0.00000,0.00000,1.00000
-648181.36331,-890906.53437,196.26700,480810345.71304,13.29000,1639013.00000,6.09000,0.00000,0.00000,1.00000
-648392.91532,-891147.33643,195.90300,480810345.75942,13.83000,730072.00000,4.40000,0.00000,0.00000,1.00000
-648550.92658,-891411.59414,201.13600,480810345.80579,13.74000,3669982.00000,4.14000,0.00000,0.00000,1.00000
-648741.07044,-891661.78877,202.11100,480810345.85217,13.52000,4183806.00000,4.05000,0.00000,0.00000,1.00000
-649024.20872,-891871.24634,199.95500,480810345.89854,13.06000,1674542.00000,3.73000,0.00000,0.00000,1.00000
-648200.88527,-892565.42015,186.76700,480810345.94491,13.13000,723015.00000,6.42000,0.00000,0.00000,1.00000
-647386.88138,-893255.49595,182.19900,480810345.99129,14.40000,389044.00000,10.20000,0.00000,0.00000,1.00000
-646394.23105,-894023.79132,182.73200,480810346.03766,13.98000,324152.00000,7.50000,0.00000,0.00000,1.00000
-646635.19078,-894251.70078,184.90400,480810346.08404,13.27000,3526410.00000,3.53000,0.00000,0.00000,1.00000
-646134.91557,-894804.29768,192.07300,480810346.13041,13.33000,1688107.00000,4.79000,0.00000,0.00000,1.00000
-646248.09225,-895088.19002,192.33400,480810346.17678,13.21000,1981042.00000,4.16000,0.00000,0.00000,1.00000
-646242.19097,-895424.24863,191.75700,480810346.22316,13.25000,1440745.00000,4.91000,0.00000,0.00000,1.00000
-646523.95446,-895634.30575,191.21000,480810346.26953,13.33000,328445.00000,4.89000,0.00000,0.00000,1.00000
-646801.03741,-895846.42195,190.22400,480810346.31591,13.19000,262249.00000,6.11000,0.00000,0.00000,1.00000
-647185.83253,-896011.36423,189.73300,480810346.36228,13.19000,346625.00000,7.85000,0.00000,0.00000,1.00000
-647563.27231,-896179.53231,189.54900,480810346.40866,12.99000,143507.00000,6.17000,0.00000,0.00000,1.00000
-647851.72694,-896386.67291,187.91700,480810346.45503,12.77000,249729.00000,5.21000,0.00000,0.00000,1.00000
-648298.08028,-896524.66574,186.72900,480810346.50141,13.02000,159631.00000,7.18000,0.00000,0.00000,1.00000
-648552.42126,-896746.76002,187.24400,480810346.54778,12.76000,214521.00000,6.36000,0.00000,0.00000,1.00000
-648616.08777,-897052.36398,186.42700,480810346.59415,12.53000,247612.00000,6.58000,0.00000,0.00000,1.00000
-648757.36391,-897323.98573,185.54300,480810346.64053,12.44000,228426.00000,5.60000,0.00000,0.00000,1.00000
-648829.04764,-897626.06944,185.02400,480810346.68690,12.71000,285117.00000,9.04000,0.00000,0.00000,1.00000
-648965.63645,-897899.75010,186.80300,480810346.73328,12.66000,89453.00000,6.60000,0.00000,0.00000,1.00000
-649101.55009,-898173.71489,187.11200,480810346.77965,12.66000,134988.00000,8.55000,0.00000,0.00000,1.00000
-648932.36567,-898581.27914,187.02500,480810346.82603,12.28000,106643.00000,6.19000,0.00000,0.00000,1.00000
-648881.60016,-898936.98637,185.47300,480810346.87240,12.32000,507108.00000,6.66000,0.00000,0.00000,1.00000
-648532.41723,-899423.35086,184.51000,480810346.91878,12.87000,193949.00000,6.41000,0.00000,0.00000,1.00000
-648636.20448,-899711.38391,185.84900,480810346.96515,12.63000,298610.00000,5.85000,0.00000,0.00000,1.00000
-648861.10278,-899946.39458,188.92000,480810347.01153,11.96000,260636.00000,6.11000,0.00000,0.00000,1.00000
-648697.24389,-900351.59593,191.44600,480810347.05790,12.18000,224386.00000,8.99000,0.00000,0.00000,1.00000
-649027.17282,-900540.61237,190.69600,480810347.10427,12.87000,159271.00000,7.56000,0.00000,0.00000,1.00000
-649211.24881,-900793.50646,189.96300,480810347.15065,12.93000,429824.00000,8.96000,0.00000,0.00000,1.00000
-649982.12406,-900789.48007,190.83900,480810347.19702,11.83000,1494012.00000,5.51000,0.00000,0.00000,1.00000
-650723.55733,-900798.34715,201.07700,480810347.24339,11.65000,1521579.00000,4.87000,0.00000,0.00000,1.00000
-651260.91993,-900896.57896,204.93400,480810347.28977,11.77000,233605.00000,9.03000,0.00000,0.00000,1.00000
-650701.61492,-901474.92237,205.72800,480810347.33614,11.71000,112087.00000,8.41000,0.00000,0.00000,1.00000
-651218.22752,-901582.22840,204.54100,480810347.38251,11.28000,772714.00000,8.02000,0.00000,0.00000,1.00000
-651382.89568,-901843.62629,203.47700,480810347.42889,10.84000,279275.00000,5.02000,0.00000,0.00000,1.00000
-651496.03444,-902127.57381,202.33600,480810347.47526,10.52000,467204.00000,2.93000,0.00000,0.00000,1.00000
-652406.78986,-902062.36308,197.36100,480810347.52163,10.41000,1666388.00000,2.21000,0.00000,0.00000,1.00000
-652474.44234,-902366.23904,192.03300,480810347.56800,10.61000,754277.00000,2.66000,0.00000,0.00000,1.00000
-652727.45175,-902588.98805,188.55100,480810347.61438,10.94000,742750.00000,2.48000,0.00000,0.00000,1.00000
-652665.27377,-902949.69837,188.23100,480810347.66075,11.16000,1716091.00000,2.23000,0.00000,0.00000,1.00000
-658277.70352,-900826.15889,197.73000,480810347.70712,10.91000,1086621.00000,2.10000,0.00000,0.00000,1.00000
-652629.23103,-903632.45434,189.50000,480810347.75350,10.68000,5035513.00000,1.81000,0.00000,0.00000,1.00000
-650315.30560,-904978.71754,206.73800,480810347.79987,10.69000,3020746.00000,2.63000,0.00000,0.00000,1.00000
-650254.43106,-905338.81948,206.02000,480810347.84624,10.35000,610065.00000,4.15000,0.00000,0.00000,1.00000
-656704.66120,-902849.00343,198.30500,480810347.89262,9.67000,435987.00000,3.98000,0.00000,0.00000,1.00000
-650922.96686,-905713.16433,198.59500,480810347.93899,8.92000,213439.00000,4.97000,0.00000,0.00000,1.00000
-651548.66793,-905772.79787,194.07000,480810347.98536,8.58000,327769.00000,6.15000,0.00000,0.00000,1.00000
-652595.30924,-905648.22255,191.23700,480810348.03173,8.47000,162130.00000,6.70000,0.00000,0.00000,1.00000
-650151.40544,-907051.20279,195.17000,480810348.07811,8.63000,1347982.00000,4.89000,0.00000,0.00000,1.00000
-652343.72604,-906425.29043,179.79300,480810348.12448,8.73000,1910982.00000,5.75000,0.00000,0.00000,1.00000
-653132.74771,-906413.46873,179.47000,480810348.17085,8.48000,2261334.00000,6.13000,0.00000,0.00000,1.00000
-652759.99518,-906910.06674,180.79300,480810348.21723,8.08000,963250.00000,7.05000,0.00000,0.00000,1.00000
-653697.59262,-906833.23546,178.72200,480810348.26360,6.70000,4990530.00000,4.64000,0.00000,0.00000,1.00000
-649359.65286,-909064.85520,200.21100,480810348.30997,4.73000,2232120.00000,3.06000,0.00000,0.00000,1.00000
-657420.82543,-905870.82113,363.33800,480810348.35634,-5.52000,1560816.00000,2.84000,0.00000,0.00000,1.00000
-653512.85026,-907914.52720,386.75200,480810348.40271,-5.17000,3877478.00000,4.12000,0.00000,0.00000,1.00000
-655591.61062,-907338.35950,384.58000,480810348.44908,-5.09000,3790091.00000,4.09000,0.00000,0.00000,1.00000
-653314.20101,-908668.37680,392.30000,480810348.49545,-5.32000,3947263.00000,4.81000,0.00000,0.00000,1.00000
-655388.08229,-908094.39141,202.37300,480810348.54182,2.77000,523954.00000,5.00000,0.00000,0.00000,1.00000
-654463.18803,-908832.56866,201.30600,480810348.58819,6.01000,425951.00000,7.35000,0.00000,0.00000,1.00000
-654526.75316,-909138.23145,209.55000,480810348.63456,9.13000,1417196.00000,5.15000,0.00000,0.00000,1.00000
-654801.79173,-909351.34952,212.72600,480810348.68093,11.27000,231638.00000,7.76000,0.00000,0.00000,1.00000
-654881.41121,-909649.97345,215.78300,480810348.72730,12.67000,355910.00000,8.32000,0.00000,0.00000,1.00000
-631836.87798,-890863.69988,163.36100,480982997.69501,13.06000,984990.00000,3.62000,0.00000,0.00000,1.00000
-629437.51536,-893861.84754,137.58100,480982997.97356,12.20000,625379.00000,4.15000,0.00000,0.00000,1.00000
-629569.42021,-894137.99276,137.77200,480982998.01998,12.23000,656474.00000,3.18000,0.00000,0.00000,1.00000
-632065.13754,-894415.57058,185.96400,480982998.20568,11.52000,2707498.00000,2.46000,0.00000,0.00000,1.00000
-633223.75360,-894923.52521,155.09300,480982998.34495,11.27000,1697621.00000,1.93000,0.00000,0.00000,1.00000
-632300.38122,-895643.17370,182.69600,480982998.39138,10.92000,2397178.00000,2.10000,0.00000,0.00000,1.00000
-632282.03765,-895982.48694,178.96600,480982998.43780,10.69000,1823069.00000,2.01000,0.00000,0.00000,1.00000
-632229.99596,-896335.95733,175.81700,480982998.48422,10.45000,681908.00000,2.59000,0.00000,0.00000,1.00000
-631994.67406,-896766.44249,172.61800,480982998.53065,10.36000,734749.00000,2.49000,0.00000,0.00000,1.00000
-631783.59794,-897186.73476,170.99500,480982998.57707,10.51000,610525.00000,2.66000,0.00000,0.00000,1.00000
-633671.56503,-896725.06730,155.21600,480982998.62349,10.25000,2902259.00000,2.30000,0.00000,0.00000,1.00000
-633182.15525,-897262.31378,160.52100,480982998.66992,10.02000,5662152.00000,1.67000,0.00000,0.00000,1.00000
-635742.01030,-896518.34025,158.20200,480982998.71634,9.97000,4856798.00000,1.54000,0.00000,0.00000,1.00000
-633315.21254,-897869.62841,164.56000,480982998.76276,10.05000,5212104.00000,1.45000,0.00000,0.00000,1.00000
-634217.34364,-897822.21465,161.94700,480982998.80919,10.21000,5351384.00000,1.61000,0.00000,0.00000,1.00000
-633246.78051,-898561.60199,168.35800,480982998.85561,10.13000,6335539.00000,1.62000,0.00000,0.00000,1.00000
-630820.71788,-899912.36677,198.82600,480982998.90203,10.16000,375938.00000,1.83000,0.00000,0.00000,1.00000
-630881.15408,-900218.55317,197.02800,480982998.94845,10.12000,318182.00000,1.63000,0.00000,0.00000,1.00000
-633045.37379,-899641.01221,174.67200,480982998.99488,10.06000,3414872.00000,1.69000,0.00000,0.00000,1.00000
-631879.38148,-900462.41025,181.90100,480982999.04130,10.21000,2191139.00000,2.88000,0.00000,0.00000,1.00000
-632181.74175,-900666.99566,183.24300,480982999.08772,10.55000,562057.00000,6.31000,0.00000,0.00000,1.00000
-633870.25154,-900289.31672,186.15400,480982999.13415,10.71000,494365.00000,5.88000,0.00000,0.00000,1.00000
-633802.66829,-900649.30975,182.43400,480982999.18057,10.70000,1041674.00000,3.63000,0.00000,0.00000,1.00000
-634187.26139,-900819.37794,180.10000,480982999.22699,10.83000,651242.00000,3.77000,0.00000,0.00000,1.00000
-635307.01422,-900680.62842,193.21700,480982999.27342,10.60000,3133512.00000,4.53000,0.00000,0.00000,1.00000
-635494.81931,-900933.35427,194.85400,480982999.31984,10.26000,3724021.00000,3.31000,0.00000,0.00000,1.00000
-633173.07859,-902240.14474,173.86000,480982999.36626,10.19000,1439013.00000,3.81000,0.00000,0.00000,1.00000
-632701.11638,-902769.96042,171.25200,480982999.41269,10.22000,928685.00000,3.88000,0.00000,0.00000,1.00000
-632143.54639,-903335.71146,168.61500,480982999.45911,9.98000,449070.00000,3.85000,0.00000,0.00000,1.00000
-630698.39942,-904274.16453,172.10100,480982999.50553,9.45000,358273.00000,3.75000,0.00000,0.00000,1.00000
-630560.64238,-904663.56927,168.57900,480982999.55195,8.52000,4213055.00000,2.80000,0.00000,0.00000,1.00000
-630962.02481,-904826.58749,159.99000,480982999.59838,7.96000,2123964.00000,3.09000,0.00000,0.00000,1.00000
-630946.92167,-905164.49859,156.42800,480982999.64480,7.27000,713936.00000,3.15000,0.00000,0.00000,1.00000
-630834.75720,-905543.15642,152.81300,480982999.69122,6.38000,1238642.00000,2.98000,0.00000,0.00000,1.00000
-631093.27592,-905766.16508,149.18300,480982999.73765,5.49000,406875.00000,2.56000,0.00000,0.00000,1.00000
-637722.66113,-903313.92017,205.21800,480982999.78407,4.76000,836778.00000,3.84000,0.00000,0.00000,1.00000
-640422.27653,-902511.72842,209.16800,480982999.83049,4.20000,1433234.00000,2.39000,0.00000,0.00000,1.00000
-640690.30855,-902730.82239,209.95600,480982999.87691,4.47000,373548.00000,5.30000,0.00000,0.00000,1.00000
-636915.31415,-904647.84415,195.40200,480982999.92334,5.19000,659659.00000,8.58000,0.00000,0.00000,1.00000
-636382.66359,-905203.14099,193.42500,480982999.96976,6.35000,2012682.00000,5.43000,0.00000,0.00000,1.00000
-635986.12807,-905701.26079,195.85200,480983000.01618,6.41000,683322.00000,5.73000,0.00000,0.00000,1.00000
-635884.10692,-906075.69713,195.43700,480983000.06261,6.69000,880584.00000,4.41000,0.00000,0.00000,1.00000
-640118.46324,-904629.27333,194.76600,480983000.10903,7.37000,880314.00000,3.12000,0.00000,0.00000,1.00000
-635966.50835,-906704.31796,189.55000,480983000.15545,7.86000,3056749.00000,2.31000,0.00000,0.00000,1.00000
-636446.80879,-906834.28504,187.26700,480983000.20188,8.55000,1384454.00000,4.05000,0.00000,0.00000,1.00000
-636075.17611,-907321.90946,186.19600,480983000.24830,8.76000,499063.00000,5.70000,0.00000,0.00000,1.00000
-636057.38992,-907660.98743,185.09300,480983000.29472,8.79000,2339991.00000,4.26000,0.00000,0.00000,1.00000
-636929.96944,-907626.26658,177.97100,480983000.34114,9.09000,1069846.00000,5.65000,0.00000,0.00000,1.00000
-637111.00924,-907881.87276,177.33200,480983000.38757,9.54000,231070.00000,7.27000,0.00000,0.00000,1.00000
-638064.47035,-907813.20366,178.94500,480983000.43399,9.32000,250791.00000,6.09000,0.00000,0.00000,1.00000
-637942.90007,-908195.87180,173.33700,480983000.48041,8.99000,1105992.00000,7.53000,0.00000,0.00000,1.00000
-637787.60526,-908592.68542,171.49300,480983000.52684,8.77000,289859.00000,6.08000,0.00000,0.00000,1.00000
-637678.82393,-908969.98478,168.51200,480983000.57326,9.09000,349856.00000,5.63000,0.00000,0.00000,1.00000
-638063.41743,-909140.14545,168.04500,480983000.61968,9.89000,473000.00000,7.57000,0.00000,0.00000,1.00000
-638469.58580,-909301.26158,169.22500,480983000.66610,10.67000,239169.00000,9.08000,0.00000,0.00000,1.00000
-638645.23650,-909559.16478,169.81000,480983000.71253,11.26000,294985.00000,10.09000,0.00000,0.00000,1.00000
-638794.59779,-909828.10344,170.36500,480983000.75895,11.62000,929221.00000,7.21000,0.00000,0.00000,1.00000
-638345.38990,-910348.28673,166.78000,480983000.80538,12.17000,700302.00000,7.30000,0.00000,0.00000,1.00000
-638672.70152,-910542.52760,166.10000,480983000.85180,12.27000,337163.00000,7.95000,0.00000,0.00000,1.00000
-639688.24311,-910447.88910,167.60900,480983000.89822,11.61000,819754.00000,6.15000,0.00000,0.00000,1.00000
