-660939.32131,-881039.15106,260.82500,505124743.90671,12.47000,242041.00000,7.03000,0.00000,0.00000,1.00000
-660832.34395,-881423.95657,261.25700,505124743.95318,12.36000,293080.00000,5.25000,0.00000,0.00000,1.00000
-661236.65138,-881576.15101,260.63600,505124743.99964,12.11000,2924138.00000,5.17000,0.00000,0.00000,1.00000
-661771.43436,-881668.99063,262.99500,505124744.04610,11.63000,2310392.00000,5.53000,0.00000,0.00000,1.00000
-661119.20185,-882301.84998,265.54900,505124744.09257,11.28000,3904928.00000,3.99000,0.00000,0.00000,1.00000
-661307.13577,-882552.47571,263.99300,505124744.13903,11.26000,2594566.00000,3.71000,0.00000,0.00000,1.00000
-661877.90692,-882628.97065,257.97500,505124744.18550,11.57000,939870.00000,5.30000,0.00000,0.00000,1.00000
-661402.08573,-883181.55211,254.75200,505124744.23196,11.81000,674983.00000,5.13000,0.00000,0.00000,1.00000
-663218.48980,-882691.42088,258.22600,505124744.27842,11.73000,1204363.00000,5.24000,0.00000,0.00000,1.00000
-663162.10048,-883053.22283,256.86400,505124744.32489,11.25000,337497.00000,5.09000,0.00000,0.00000,1.00000
-662220.21710,-883817.79549,252.42100,505124744.37135,10.91000,520971.00000,4.79000,0.00000,0.00000,1.00000
-662890.83588,-883848.88307,254.16800,505124744.41781,10.67000,334817.00000,4.80000,0.00000,0.00000,1.00000
-662289.81622,-884458.39325,250.54400,505124744.46428,10.34000,383414.00000,5.20000,0.00000,0.00000,1.00000
-662459.10376,-884717.53738,252.30400,505124744.51074,10.23000,558788.00000,5.91000,0.00000,0.00000,1.00000
-663151.03138,-884738.95192,254.35600,505124744.55720,10.27000,424729.00000,4.48000,0.00000,0.00000,1.00000
-662942.81956,-885169.78698,250.42600,505124744.60366,10.86000,564538.00000,4.73000,0.00000,0.00000,1.00000
-662409.01046,-885748.69044,247.65800,505124744.65013,11.39000,594301.00000,4.94000,0.00000,0.00000,1.00000
-663050.35311,-885793.14560,249.03000,505124744.69659,11.09000,330266.00000,5.90000,0.00000,0.00000,1.00000
-663175.01466,-886072.58106,251.02400,505124744.74305,10.48000,1579322.00000,2.83000,0.00000,0.00000,1.00000
-661260.92517,-887279.15951,266.21100,505124744.78952,10.14000,972397.00000,2.61000,0.00000,0.00000,1.00000
-661550.02877,-887483.79941,269.24300,505124744.83598,10.02000,445489.00000,3.61000,0.00000,0.00000,1.00000
-661844.46297,-887686.02374,270.34400,505124744.88244,10.29000,536337.00000,5.36000,0.00000,0.00000,1.00000
-662455.82170,-887744.13141,270.92100,505124744.92891,10.46000,568269.00000,4.43000,0.00000,0.00000,1.00000
-663120.45293,-887778.02887,272.66600,505124744.97537,10.39000,381470.00000,4.14000,0.00000,0.00000,1.00000
-663601.99064,-887895.19315,273.94100,505124745.02183,10.19000,869499.00000,3.38000,0.00000,0.00000,1.00000
-664107.49639,-888001.44575,274.40400,505124745.06829,10.17000,1777019.00000,2.57000,0.00000,0.00000,1.00000
-664064.43677,-888357.15209,250.48400,505124745.11476,10.12000,617779.00000,1.91000,0.00000,0.00000,1.00000
-663083.10169,-889139.47863,244.47400,505124745.16122,10.68000,694797.00000,5.29000,0.00000,0.00000,1.00000
-663002.65568,-889512.16261,243.33900,505124745.20768,11.28000,1242448.00000,4.10000,0.00000,0.00000,1.00000
-663494.20570,-889624.79694,240.47600,505124745.25414,11.68000,1022619.00000,3.56000,0.00000,0.00000,1.00000
-663612.18363,-889907.27002,241.13900,505124745.30060,11.67000,1150030.00000,3.21000,0.00000,0.00000,1.00000
-662411.70552,-890789.15831,248.05800,505124745.34706,11.50000,2721980.00000,3.00000,0.00000,0.00000,1.00000
-662161.44810,-891239.03720,250.94700,505124745.39353,12.04000,892801.00000,6.96000,0.00000,0.00000,1.00000
-663398.09910,-891012.93810,252.53600,505124745.43999,12.31000,159407.00000,9.26000,0.00000,0.00000,1.00000
-663943.56522,-891101.06633,254.93800,505124745.48645,11.81000,848846.00000,6.07000,0.00000,0.00000,1.00000
-664369.16736,-891243.69298,258.78000,505124745.53291,11.38000,1121905.00000,4.92000,0.00000,0.00000,1.00000
-663820.58561,-891829.20022,259.87700,505124745.57937,10.93000,237384.00000,5.57000,0.00000,0.00000,1.00000
-663138.81458,-892475.22931,262.44300,505124745.62584,10.79000,468682.00000,3.79000,0.00000,0.00000,1.00000
-663393.95429,-892695.36539,265.36500,505124745.67230,11.13000,249783.00000,2.51000,0.00000,0.00000,1.00000
-667137.34432,-891665.90678,236.52900,505124745.76522,11.52000,773900.00000,3.27000,0.00000,0.00000,1.00000
-661711.47253,-894804.45286,248.57700,505124745.85815,11.31000,3458857.00000,2.09000,0.00000,0.00000,1.00000
-665837.99637,-894273.35049,226.96800,505124746.04399,12.21000,906813.00000,3.75000,0.00000,0.00000,1.00000
-667321.84733,-893935.03581,232.97600,505124746.09046,12.90000,1756335.00000,5.23000,0.00000,0.00000,1.00000
-666962.30884,-894434.58496,230.54600,505124746.13692,12.93000,2327231.00000,4.28000,0.00000,0.00000,1.00000
-664829.31690,-896076.23081,237.88400,505124746.22984,12.79000,3785594.00000,3.63000,0.00000,0.00000,1.00000
-665276.24623,-896209.22461,239.77000,505124746.27630,12.46000,5038573.00000,3.28000,0.00000,0.00000,1.00000
-667450.17784,-895893.49459,229.99900,505124746.36922,12.40000,1928083.00000,4.80000,0.00000,0.00000,1.00000
-667614.72784,-896154.83543,233.81300,505124746.41568,12.87000,993799.00000,7.63000,0.00000,0.00000,1.00000
-667162.63220,-897032.53953,233.00800,505124746.50861,13.14000,545094.00000,6.48000,0.00000,0.00000,1.00000
-667232.61640,-897336.85175,232.07700,505124746.55507,12.80000,2566913.00000,4.86000,0.00000,0.00000,1.00000
-666167.04139,-898157.16863,228.79000,505124746.60153,12.84000,4372090.00000,3.82000,0.00000,0.00000,1.00000
-666823.78034,-898194.86582,231.58300,505124746.64799,12.77000,1675112.00000,3.76000,0.00000,0.00000,1.00000
-667152.15558,-898381.75267,234.79000,505124746.69445,12.53000,1601486.00000,3.37000,0.00000,0.00000,1.00000
-665763.55635,-899684.87284,243.19700,505124746.78737,12.82000,1952059.00000,3.95000,0.00000,0.00000,1.00000
-665228.09474,-900264.23292,247.08300,505124746.83383,12.91000,1485223.00000,4.59000,0.00000,0.00000,1.00000
-666444.98323,-900383.57110,251.08800,505124746.92675,13.13000,4065561.00000,4.93000,0.00000,0.00000,1.00000
-642594.61255,-885178.28870,234.44200,505297396.63440,10.42000,391249.00000,3.93000,0.00000,0.00000,1.00000
-642849.55520,-885400.46144,232.15800,505297396.68082,10.67000,217009.00000,6.15000,0.00000,0.00000,1.00000
-642797.79343,-885756.61415,230.35600,505297396.72724,10.99000,326669.00000,7.36000,0.00000,0.00000,1.00000
-642716.55789,-886125.63732,228.87300,505297396.77365,11.21000,196188.00000,6.23000,0.00000,0.00000,1.00000
-642848.94244,-886401.34759,228.52700,505297396.82007,11.41000,153373.00000,5.83000,0.00000,0.00000,1.00000
-643032.89602,-886654.54524,229.18300,505297396.86649,11.46000,300817.00000,4.81000,0.00000,0.00000,1.00000
-643138.49710,-886941.96999,230.64800,505297396.91291,11.30000,394870.00000,3.70000,0.00000,0.00000,1.00000
-643238.73666,-887231.73418,231.30800,505297396.95932,11.18000,1120165.00000,2.89000,0.00000,0.00000,1.00000
-643233.16270,-887567.71226,229.11300,505297397.00574,11.18000,662616.00000,1.94000,0.00000,0.00000,1.00000
-648644.50032,-885537.68926,193.82800,505297397.05216,11.42000,1218021.00000,3.09000,0.00000,0.00000,1.00000
-647866.72519,-886211.04066,189.71900,505297397.09858,11.74000,645737.00000,3.28000,0.00000,0.00000,1.00000
-647782.78529,-886581.29868,191.55700,505297397.14499,12.30000,1273042.00000,4.31000,0.00000,0.00000,1.00000
-646958.11448,-887275.09709,188.47100,505297397.19141,12.96000,749192.00000,5.69000,0.00000,0.00000,1.00000
-646614.98144,-887758.54848,187.59100,505297397.23783,13.55000,984908.00000,7.34000,0.00000,0.00000,1.00000
-645933.60686,-888389.70227,186.31600,505297397.28425,14.10000,1265567.00000,6.89000,0.00000,0.00000,1.00000
-644118.96626,-889515.71500,187.14700,505297397.33067,14.19000,430226.00000,6.79000,0.00000,0.00000,1.00000
-646595.53028,-888767.77317,193.43700,505297397.37709,14.24000,359883.00000,8.91000,0.00000,0.00000,1.00000
-646640.83597,-889081.56287,196.31800,505297397.42350,13.49000,1348539.00000,7.00000,0.00000,0.00000,1.00000
-646884.36541,-889308.79009,205.81100,505297397.46992,12.81000,493941.00000,5.72000,0.00000,0.00000,1.00000
-645769.63575,-890129.14075,205.14300,505297397.51634,13.16000,124103.00000,8.95000,0.00000,0.00000,1.00000
-644997.81557,-890799.71789,205.74800,505297397.56276,13.04000,518418.00000,8.13000,0.00000,0.00000,1.00000
-645579.60646,-890879.25085,206.24300,505297397.60918,12.27000,1146133.00000,5.53000,0.00000,0.00000,1.00000
-645952.42963,-891050.02803,203.19000,505297397.65559,11.21000,2351326.00000,4.01000,0.00000,0.00000,1.00000
-646528.89001,-891131.90452,196.77700,505297397.70201,10.99000,1027301.00000,4.21000,0.00000,0.00000,1.00000
-646225.89574,-891597.76476,191.90700,505297397.74843,11.82000,295479.00000,8.06000,0.00000,0.00000,1.00000
-646575.29256,-891778.80345,191.31400,505297397.79485,12.54000,139056.00000,10.63000,0.00000,0.00000,1.00000
-647497.36641,-891709.78262,192.71100,505297397.84127,12.78000,1220959.00000,9.67000,0.00000,0.00000,1.00000
-648176.29731,-891746.94075,197.14900,505297397.88769,12.63000,1614614.00000,6.06000,0.00000,0.00000,1.00000
-648111.75128,-892108.71103,194.93900,505297397.93411,12.59000,590209.00000,6.63000,0.00000,0.00000,1.00000
-647582.34036,-892673.42354,189.88900,505297397.98053,12.54000,801534.00000,6.64000,0.00000,0.00000,1.00000
-646078.31212,-893663.61681,183.41500,505297398.02695,12.66000,246205.00000,6.65000,0.00000,0.00000,1.00000
-645405.51000,-894290.87982,184.15800,505297398.07337,12.72000,476152.00000,5.23000,0.00000,0.00000,1.00000
-645467.52069,-894597.35354,188.11800,505297398.11979,12.52000,1783186.00000,3.15000,0.00000,0.00000,1.00000
-645577.76822,-894882.79488,192.09900,505297398.16620,12.30000,555600.00000,3.89000,0.00000,0.00000,1.00000
-645548.67675,-895229.04062,193.11000,505297398.21262,12.37000,160328.00000,5.35000,0.00000,0.00000,1.00000
-645575.17374,-895551.01715,193.19500,505297398.25904,12.32000,283634.00000,4.84000,0.00000,0.00000,1.00000
-645656.60228,-895849.02885,192.50200,505297398.30546,12.22000,345148.00000,5.58000,0.00000,0.00000,1.00000
-645762.81513,-896136.22663,192.43100,505297398.35188,12.10000,448041.00000,5.99000,0.00000,0.00000,1.00000
-645950.07842,-896388.05017,191.52900,505297398.39830,12.20000,332362.00000,5.72000,0.00000,0.00000,1.00000
-646345.67122,-896548.94538,190.85800,505297398.44472,12.39000,213300.00000,5.90000,0.00000,0.00000,1.00000
-646635.42387,-896756.04117,189.17400,505297398.49114,12.20000,269133.00000,6.75000,0.00000,0.00000,1.00000
-647014.94760,-896923.96479,186.73800,505297398.53755,12.30000,202524.00000,6.64000,0.00000,0.00000,1.00000
-647297.33661,-897134.28450,186.38300,505297398.58397,12.46000,145613.00000,7.05000,0.00000,0.00000,1.00000
-647554.26348,-897355.70489,186.13100,505297398.63039,12.12000,175559.00000,6.64000,0.00000,0.00000,1.00000
-647610.23067,-897664.84826,185.02600,505297398.67681,12.26000,108072.00000,6.89000,0.00000,0.00000,1.00000
-647653.46103,-897979.54139,184.15200,505297398.72323,12.48000,128180.00000,7.66000,0.00000,0.00000,1.00000
-647884.26277,-898212.37817,185.08900,505297398.76965,12.36000,234697.00000,7.52000,0.00000,0.00000,1.00000
-647871.89076,-898551.34543,186.20700,505297398.81606,12.25000,149299.00000,8.01000,0.00000,0.00000,1.00000
-647771.75231,-898928.60511,187.00500,505297398.86248,12.39000,309614.00000,7.74000,0.00000,0.00000,1.00000
-647766.74243,-899264.35268,186.97700,505297398.90890,12.32000,228340.00000,6.49000,0.00000,0.00000,1.00000
-647535.28600,-899698.90292,185.92500,505297398.95532,12.34000,397551.00000,7.19000,0.00000,0.00000,1.00000
-647411.00906,-900086.67114,186.52800,505297399.00174,12.07000,316240.00000,6.51000,0.00000,0.00000,1.00000
-647465.60780,-900396.38930,189.15100,505297399.04815,11.89000,238693.00000,6.54000,0.00000,0.00000,1.00000
-647344.68043,-900782.68943,193.27400,505297399.09457,11.82000,266472.00000,5.57000,0.00000,0.00000,1.00000
-646358.18997,-901546.63372,197.94500,505297399.14099,12.22000,293329.00000,7.89000,0.00000,0.00000,1.00000
-646855.59426,-901663.14458,195.41400,505297399.18740,12.08000,1086944.00000,7.02000,0.00000,0.00000,1.00000
-647608.27060,-901668.31655,194.94000,505297399.23382,11.50000,898884.00000,5.46000,0.00000,0.00000,1.00000
-648559.92542,-901586.66812,197.42400,505297399.28024,11.73000,366825.00000,5.82000,0.00000,0.00000,1.00000
-649398.35339,-901554.41880,201.08700,505297399.32665,11.82000,1584747.00000,4.70000,0.00000,0.00000,1.00000
-649848.87790,-901691.40782,202.00200,505297399.37307,11.64000,595226.00000,5.83000,0.00000,0.00000,1.00000
-650240.46275,-901854.13744,202.42100,505297399.41949,11.25000,330007.00000,4.53000,0.00000,0.00000,1.00000
-650711.08668,-901982.35650,202.42200,505297399.46590,10.94000,603283.00000,3.02000,0.00000,0.00000,1.00000
-651335.15317,-902043.66314,201.05600,505297399.51232,10.91000,471372.00000,2.95000,0.00000,0.00000,1.00000
-651689.89486,-902222.46155,198.72500,505297399.55873,10.56000,1158613.00000,2.13000,0.00000,0.00000,1.00000
-652187.36315,-902339.01116,193.28900,505297399.60515,10.48000,1293461.00000,1.94000,0.00000,0.00000,1.00000
-658695.86644,-899832.77116,232.75800,505297399.65157,10.66000,1101374.00000,2.27000,0.00000,0.00000,1.00000
-657302.06821,-900774.60792,212.18600,505297399.69798,10.62000,694716.00000,1.78000,0.00000,0.00000,1.00000
-657500.73591,-901021.55310,212.73100,505297399.74440,10.35000,1031570.00000,1.84000,0.00000,0.00000,1.00000
-657310.14585,-901438.35044,209.01400,505297399.79081,9.98000,1548627.00000,1.72000,0.00000,0.00000,1.00000
-650246.58103,-904853.45027,207.61000,505297399.83723,9.73000,1994380.00000,2.02000,0.00000,0.00000,1.00000
-649995.61997,-905296.45517,206.67300,505297399.88365,9.68000,447392.00000,3.73000,0.00000,0.00000,1.00000
-649953.70270,-905648.29664,206.14600,505297399.93006,9.50000,679123.00000,3.22000,0.00000,0.00000,1.00000
-650004.23206,-905959.80132,202.96500,505297399.97648,9.18000,355158.00000,3.41000,0.00000,0.00000,1.00000
-649829.62944,-906369.48913,199.95800,505297400.02289,8.86000,522453.00000,4.40000,0.00000,0.00000,1.00000
-651244.32300,-906086.03216,190.12400,505297400.06931,8.86000,3132916.00000,4.27000,0.00000,0.00000,1.00000
-651302.89668,-906394.04215,186.78800,505297400.11573,9.03000,472109.00000,5.40000,0.00000,0.00000,1.00000
-652422.15089,-906239.45078,184.22000,505297400.16214,9.14000,374170.00000,5.23000,0.00000,0.00000,1.00000
-652830.49121,-906394.91292,181.35100,505297400.20856,9.01000,588459.00000,6.40000,0.00000,0.00000,1.00000
-652399.25807,-906916.55447,178.55700,505297400.25497,8.55000,237654.00000,7.79000,0.00000,0.00000,1.00000
-652225.30392,-907325.96294,180.06300,505297400.30139,7.12000,803881.00000,5.06000,0.00000,0.00000,1.00000
-652456.07709,-907558.88118,179.17800,505297400.34780,5.77000,1192983.00000,3.55000,0.00000,0.00000,1.00000
-654647.46130,-906936.74518,185.15700,505297400.39421,4.39000,2800417.00000,3.19000,0.00000,0.00000,1.00000
-652701.02098,-908119.16580,374.23100,505297400.44063,-6.30000,2792042.00000,7.74000,0.00000,0.00000,1.00000
-653846.14792,-907953.32453,369.84300,505297400.48704,-6.05000,2637647.00000,6.43000,0.00000,0.00000,1.00000
-651966.71819,-909106.43747,369.90800,505297400.53345,-6.08000,3803112.00000,8.63000,0.00000,0.00000,1.00000
-654350.30953,-908400.58515,194.86700,505297400.57987,1.51000,1585618.00000,5.72000,0.00000,0.00000,1.00000
-653853.36182,-908950.84466,198.38800,505297400.62628,4.06000,647074.00000,5.84000,0.00000,0.00000,1.00000
-653755.76834,-909326.94171,205.34100,505297400.67269,7.42000,1724200.00000,4.31000,0.00000,0.00000,1.00000
-653926.87692,-909585.86872,210.05600,505297400.71910,10.22000,257333.00000,6.86000,0.00000,0.00000,1.00000
-653927.79011,-909919.01767,212.68200,505297400.76552,11.27000,401069.00000,6.16000,0.00000,0.00000,1.00000
-629209.84546,-894343.48708,136.43800,505470050.39346,12.39000,279239.00000,3.99000,0.00000,0.00000,1.00000
-629418.41873,-895911.81685,145.68000,505470050.62534,11.22000,1460473.00000,2.12000,0.00000,0.00000,1.00000
-632263.90898,-895382.60368,184.89300,505470050.71810,10.75000,1301004.00000,1.81000,0.00000,0.00000,1.00000
-628707.95624,-897533.76220,121.91200,505470050.81085,10.39000,2365735.00000,1.92000,0.00000,0.00000,1.00000
-629383.05675,-897582.24490,140.47600,505470050.85722,10.23000,1275904.00000,2.05000,0.00000,0.00000,1.00000
-633039.77967,-896382.34087,152.37400,505470050.90360,10.07000,2375924.00000,1.78000,0.00000,0.00000,1.00000
-632090.66307,-897110.90917,151.08000,505470050.94997,10.10000,4273331.00000,1.84000,0.00000,0.00000,1.00000
-631952.61065,-897499.84100,154.35000,505470050.99635,9.68000,2500107.00000,1.76000,0.00000,0.00000,1.00000
-632045.62635,-897792.04626,161.18800,505470051.04272,9.16000,3748424.00000,1.34000,0.00000,0.00000,1.00000
-630942.18501,-898585.13657,183.61100,505470051.08910,8.68000,1504218.00000,1.41000,0.00000,0.00000,1.00000
-630869.48173,-898946.69255,188.01700,505470051.13547,8.36000,2064784.00000,1.52000,0.00000,0.00000,1.00000
-630775.21197,-899317.26693,195.46800,505470051.18185,8.31000,601696.00000,1.52000,0.00000,0.00000,1.00000
-630773.25114,-899649.22322,199.05000,505470051.22822,8.42000,302581.00000,1.91000,0.00000,0.00000,1.00000
-630804.27862,-899967.33549,198.93300,505470051.27459,8.54000,350146.00000,2.08000,0.00000,0.00000,1.00000
-630899.31180,-900258.68136,196.70800,505470051.32097,8.77000,2703757.00000,1.66000,0.00000,0.00000,1.00000
-630974.80858,-900558.20133,192.14700,505470051.36734,9.13000,3085761.00000,1.82000,0.00000,0.00000,1.00000
-631116.98824,-900829.80001,188.46300,505470051.41372,9.39000,5016718.00000,2.51000,0.00000,0.00000,1.00000
-631752.31691,-900895.00459,180.79100,505470051.46009,9.92000,3217423.00000,3.80000,0.00000,0.00000,1.00000
-631994.20107,-901124.87774,182.67600,505470051.50646,10.53000,298704.00000,6.03000,0.00000,0.00000,1.00000
-633996.44936,-900617.94971,187.90300,505470051.55284,10.55000,695180.00000,4.51000,0.00000,0.00000,1.00000
-633396.92599,-901200.02983,178.79100,505470051.59921,10.74000,1274131.00000,5.61000,0.00000,0.00000,1.00000
-633573.47983,-901457.27803,177.92500,505470051.64559,10.93000,1031574.00000,6.60000,0.00000,0.00000,1.00000
-633944.72635,-901633.03640,179.54200,505470051.69196,10.80000,335258.00000,6.14000,0.00000,0.00000,1.00000
-633103.96581,-902316.05712,175.21600,505470051.73834,10.71000,322507.00000,7.04000,0.00000,0.00000,1.00000
-632741.53237,-902798.87606,172.73200,505470051.78471,10.80000,365193.00000,6.93000,0.00000,0.00000,1.00000
-633670.62495,-902741.17850,173.35000,505470051.83108,10.30000,280908.00000,5.62000,0.00000,0.00000,1.00000
-644189.31930,-898669.31176,303.45400,505470051.87746,9.37000,3313040.00000,3.52000,0.00000,0.00000,1.00000
-632171.58960,-904030.75772,155.44800,505470051.92383,8.52000,476767.00000,2.81000,0.00000,0.00000,1.00000
-630185.34949,-905192.97174,165.46100,505470051.97021,8.03000,5558847.00000,2.57000,0.00000,0.00000,1.00000
-630376.67155,-905444.02565,160.14600,505470052.01658,7.52000,1291012.00000,2.94000,0.00000,0.00000,1.00000
-630476.35343,-905733.41369,154.00600,505470052.06295,6.97000,1005683.00000,3.16000,0.00000,0.00000,1.00000
-637778.41062,-903008.97170,209.25200,505470052.10933,5.87000,241136.00000,3.61000,0.00000,0.00000,1.00000
-636753.04715,-903769.25644,199.45200,505470052.15570,4.89000,304362.00000,2.78000,0.00000,0.00000,1.00000
-631020.67303,-906498.98695,139.96900,505470052.20208,4.15000,720565.00000,2.26000,0.00000,0.00000,1.00000
-637102.78516,-904285.22974,196.46000,505470052.24845,3.96000,302885.00000,3.69000,0.00000,0.00000,1.00000
-636933.02804,-904687.44142,194.52300,505470052.29482,4.54000,1731250.00000,5.71000,0.00000,0.00000,1.00000
-636331.36917,-905270.36620,192.99200,505470052.34120,5.53000,518856.00000,3.42000,0.00000,0.00000,1.00000
-635875.22295,-905792.38416,195.67600,505470052.38757,5.96000,604192.00000,5.39000,0.00000,0.00000,1.00000
-635784.93986,-906161.30608,195.06100,505470052.43394,6.19000,481458.00000,4.31000,0.00000,0.00000,1.00000
-635716.88287,-906520.91749,194.09900,505470052.48032,6.60000,1317629.00000,3.38000,0.00000,0.00000,1.00000
-636427.73207,-906885.79151,186.26600,505470052.57306,7.32000,2936580.00000,2.95000,0.00000,0.00000,1.00000
-635929.78852,-907425.25941,184.65300,505470052.61944,7.51000,1538651.00000,3.69000,0.00000,0.00000,1.00000
-635694.61340,-907854.78515,184.23600,505470052.66581,7.54000,1049112.00000,2.86000,0.00000,0.00000,1.00000
-637042.24827,-907622.15407,176.23600,505470052.71218,7.85000,2355434.00000,3.24000,0.00000,0.00000,1.00000
-636207.37130,-908302.56214,172.19600,505470052.75855,8.16000,762152.00000,6.44000,0.00000,0.00000,1.00000
-635981.60955,-908728.13583,170.27800,505470052.80493,8.43000,218177.00000,8.91000,0.00000,0.00000,1.00000
-635871.07825,-909105.51767,168.53700,505470052.85130,8.49000,373176.00000,11.07000,0.00000,0.00000,1.00000
-635713.36140,-909502.62251,167.88600,505470052.89767,8.00000,2852844.00000,4.41000,0.00000,0.00000,1.00000
-639760.43808,-908140.80185,175.31700,505470052.94405,8.15000,1224677.00000,4.51000,0.00000,0.00000,1.00000
-635395.22384,-910297.95556,161.73900,505470052.99042,8.61000,1067584.00000,5.91000,0.00000,0.00000,1.00000
-635662.69847,-910517.21622,161.17400,505470053.03679,9.47000,234759.00000,7.48000,0.00000,0.00000,1.00000
-635738.11542,-910816.79267,161.36700,505470053.08317,9.97000,606942.00000,7.78000,0.00000,0.00000,1.00000
-638122.03870,-911475.44715,155.92700,505470053.31503,10.66000,1549126.00000,5.97000,0.00000,0.00000,1.00000
-665848.61431,-900314.77801,247.59900,507059323.48957,4.34000,2667062.00000,3.77000,0.00000,0.00000,0.00000
-665742.26731,-899973.96298,243.73000,507059323.53575,4.33000,680375.00000,3.66000,0.00000,0.00000,0.00000
-665663.26631,-899601.90850,239.94700,507059323.58194,4.35000,289017.00000,4.76000,0.00000,0.00000,0.00000
-665171.29611,-899701.64619,240.74300,507059323.62812,4.61000,292395.00000,5.82000,0.00000,0.00000,0.00000
-664891.81556,-899558.61815,241.52300,507059323.67431,4.81000,687226.00000,4.67000,0.00000,0.00000,0.00000
-665651.75519,-898228.20592,233.72200,507059323.72049,4.67000,435989.00000,4.05000,0.00000,0.00000,0.00000
-666615.52849,-896664.89219,231.61900,507059323.76667,4.54000,626566.00000,4.13000,0.00000,0.00000,0.00000
-665701.02680,-897247.38324,233.51100,507059323.81286,4.53000,1013241.00000,7.81000,0.00000,0.00000,0.00000
-665372.17062,-897160.79892,237.91900,507059323.85904,4.18000,978361.00000,3.82000,0.00000,0.00000,0.00000
-666096.59100,-895870.96403,229.16900,507059323.90523,3.84000,2638641.00000,2.63000,0.00000,0.00000,0.00000
-666681.44733,-894740.58202,228.36400,507059323.95141,3.82000,1657227.00000,3.04000,0.00000,0.00000,0.00000
-666796.73431,-894146.63283,229.94900,507059323.99760,3.80000,762492.00000,3.44000,0.00000,0.00000,0.00000
-664223.17425,-896624.29940,248.44100,507059324.04378,3.85000,899146.00000,4.91000,0.00000,0.00000,0.00000
-664104.40023,-896297.72249,248.20800,507059324.08997,3.61000,287689.00000,4.72000,0.00000,0.00000,0.00000
-663964.02611,-895995.82425,240.96000,507059324.13615,3.23000,1954722.00000,3.35000,0.00000,0.00000,0.00000
-665000.74974,-894349.38805,232.31000,507059324.18234,3.03000,2111579.00000,2.96000,0.00000,0.00000,0.00000
-666332.42239,-892365.96113,233.29300,507059324.22852,2.75000,461100.00000,3.39000,0.00000,0.00000,0.00000
-661739.79756,-897149.64107,233.56900,507059324.27471,2.68000,2306787.00000,3.08000,0.00000,0.00000,0.00000
-661701.15014,-896731.56305,231.57700,507059324.32089,2.67000,2495921.00000,2.13000,0.00000,0.00000,0.00000
-664208.71018,-893405.29202,269.55400,507059324.36708,2.88000,642688.00000,2.32000,0.00000,0.00000,0.00000
-663980.60393,-893203.65361,269.72200,507059324.41326,3.24000,1253882.00000,3.13000,0.00000,0.00000,0.00000
-664216.29938,-892472.24878,260.65800,507059324.45945,3.87000,1112636.00000,3.36000,0.00000,0.00000,0.00000
-663790.10335,-892496.86902,261.77300,507059324.50563,4.42000,957237.00000,4.17000,0.00000,0.00000,0.00000
-660792.85507,-895457.91348,256.31300,507059324.55182,4.63000,751679.00000,3.27000,0.00000,0.00000,0.00000
-663023.58168,-892448.04598,260.41500,507059324.59800,4.94000,1313946.00000,3.40000,0.00000,0.00000,0.00000
-659701.50144,-895779.89600,258.13900,507059324.64419,4.99000,2058147.00000,3.41000,0.00000,0.00000,0.00000
-662775.08009,-891807.56016,252.61700,507059324.69037,4.73000,1357342.00000,4.16000,0.00000,0.00000,0.00000
-662617.97448,-891524.83548,251.33100,507059324.73656,4.68000,751660.00000,5.99000,0.00000,0.00000,0.00000
-661955.79175,-891818.96236,253.24900,507059324.78274,4.53000,839522.00000,6.73000,0.00000,0.00000,0.00000
-661954.59040,-891358.20069,253.64700,507059324.82893,4.52000,267349.00000,9.02000,0.00000,0.00000,0.00000
-663124.70475,-889559.70260,257.23000,507059324.87511,4.19000,662550.00000,4.51000,0.00000,0.00000,0.00000
-663649.66433,-888498.02274,262.39300,507059324.92130,4.16000,626623.00000,3.54000,0.00000,0.00000,0.00000
-662426.33479,-889433.07827,256.89300,507059324.96748,4.21000,1117571.00000,3.64000,0.00000,0.00000,0.00000
-660990.45839,-890610.77670,244.86900,507059325.01367,4.15000,1926952.00000,2.77000,0.00000,0.00000,0.00000
-660933.15256,-890214.11659,243.94000,507059325.05985,4.11000,2210115.00000,3.12000,0.00000,0.00000,0.00000
-662697.09981,-887737.57130,271.27500,507059325.10604,3.70000,122332.00000,3.10000,0.00000,0.00000,0.00000
-662349.60898,-887672.33689,270.80100,507059325.15222,3.29000,206674.00000,4.82000,0.00000,0.00000,0.00000
-661923.45508,-887696.93474,270.29400,507059325.19841,3.06000,200033.00000,3.68000,0.00000,0.00000,0.00000
-661525.60593,-887689.21170,270.26500,507059325.24459,2.75000,333743.00000,2.61000,0.00000,0.00000,0.00000
-661128.71262,-887680.37980,269.07400,507059325.29078,2.63000,248994.00000,2.80000,0.00000,0.00000,0.00000
-660822.48271,-887568.02354,266.45800,507059325.33696,2.53000,245343.00000,3.52000,0.00000,0.00000,0.00000
-660478.82835,-887498.37412,263.13000,507059325.38315,2.64000,273067.00000,2.90000,0.00000,0.00000,0.00000
-660215.76692,-887336.70916,259.51200,507059325.42933,2.98000,237839.00000,3.14000,0.00000,0.00000,0.00000
-660075.97820,-887034.27412,257.28700,507059325.47552,3.11000,289631.00000,3.97000,0.00000,0.00000,0.00000
-660073.86878,-886574.65111,256.42700,507059325.52170,3.16000,746860.00000,2.75000,0.00000,0.00000,0.00000
-659228.00404,-887078.47313,247.27200,507059325.56789,3.21000,1590485.00000,2.84000,0.00000,0.00000,0.00000
-659101.17866,-886761.24608,244.46900,507059325.61408,3.50000,587224.00000,3.84000,0.00000,0.00000,0.00000
-658235.13564,-887288.06421,239.85200,507059325.66026,3.92000,929318.00000,5.01000,0.00000,0.00000,0.00000
-658180.26311,-886888.66503,236.62000,507059325.70645,4.07000,520641.00000,3.86000,0.00000,0.00000,0.00000
-657305.08372,-887425.87394,232.28200,507059325.75263,4.33000,2216030.00000,3.66000,0.00000,0.00000,0.00000
-656847.25216,-887486.57032,227.36300,507059325.79882,4.54000,907668.00000,3.87000,0.00000,0.00000,0.00000
-656340.95115,-887602.56039,223.32400,507059325.84501,4.70000,989966.00000,4.04000,0.00000,0.00000,0.00000
-656077.89309,-887440.87482,220.61800,507059325.89119,4.70000,905652.00000,3.21000,0.00000,0.00000,0.00000
-658945.03099,-883705.46375,243.41800,507059325.93738,4.93000,934894.00000,3.07000,0.00000,0.00000,0.00000
-658646.01631,-883584.87184,242.39600,507059325.98356,5.44000,367649.00000,3.64000,0.00000,0.00000,0.00000
-658499.55688,-883290.12745,242.54300,507059326.02975,5.51000,349013.00000,4.46000,0.00000,0.00000,0.00000
-658283.04661,-883075.32306,242.25600,507059326.07594,5.47000,462397.00000,5.81000,0.00000,0.00000,0.00000
-657639.61434,-883347.96030,238.15600,507059326.12213,5.75000,824905.00000,8.41000,0.00000,0.00000,0.00000
-657567.02678,-882968.85740,238.34900,507059326.16831,6.06000,833221.00000,6.74000,0.00000,0.00000,0.00000
-657086.70012,-883055.28334,235.44700,507059326.21450,6.28000,2019550.00000,6.02000,0.00000,0.00000,0.00000
-655850.77044,-884004.24513,229.15200,507059326.26069,6.60000,3054837.00000,5.21000,0.00000,0.00000,0.00000
-656603.80110,-882682.63510,239.44000,507059326.30687,6.59000,8799482.00000,3.87000,0.00000,0.00000,0.00000
-653981.39004,-885214.27316,223.91600,507059326.35306,6.53000,1090144.00000,3.64000,0.00000,0.00000,0.00000
-655815.34121,-882658.83741,239.85300,507059326.39925,6.23000,2598943.00000,3.26000,0.00000,0.00000,0.00000
-655558.56586,-882490.02447,235.92000,507059326.44544,6.24000,3992171.00000,2.55000,0.00000,0.00000,0.00000
-655024.48734,-882637.75005,236.98200,507059326.49162,6.30000,695668.00000,4.55000,0.00000,0.00000,0.00000
-655320.36138,-881838.06848,238.49200,507059326.53781,6.16000,163966.00000,6.93000,0.00000,0.00000,0.00000
-655214.69994,-881496.74665,237.00200,507059326.58400,5.83000,1803107.00000,3.53000,0.00000,0.00000,0.00000
-654125.08795,-882278.58671,228.84000,507059326.63019,5.56000,1668246.00000,3.08000,0.00000,0.00000,0.00000
-653840.48692,-882141.52472,225.53400,507059326.67638,5.59000,776320.00000,3.08000,0.00000,0.00000,0.00000
-653266.09869,-882335.20837,220.70400,507059326.72256,5.52000,485181.00000,3.67000,0.00000,0.00000,0.00000
-652878.82547,-882315.32910,217.26300,507059326.76875,5.35000,888388.00000,3.96000,0.00000,0.00000,0.00000
-652315.93761,-882495.85718,213.42200,507059326.81494,5.11000,786503.00000,3.26000,0.00000,0.00000,0.00000
-651850.44841,-882565.22650,208.68400,507059326.86113,4.77000,2189696.00000,3.17000,0.00000,0.00000,0.00000
-651734.72930,-882235.39466,205.78700,507059326.90732,4.66000,553082.00000,3.14000,0.00000,0.00000,0.00000
-651525.93599,-882011.79408,203.07000,507059326.95350,4.50000,3266935.00000,2.45000,0.00000,0.00000,0.00000
-650902.51673,-881799.50552,199.84500,507059327.04588,4.64000,4468728.00000,2.37000,0.00000,0.00000,0.00000
-650604.96476,-881677.20391,200.03100,507059327.09207,4.67000,4478509.00000,2.44000,0.00000,0.00000,0.00000
-649731.61945,-882211.98311,197.91400,507059327.13826,4.71000,922492.00000,2.95000,0.00000,0.00000,0.00000
-649389.91638,-882140.04040,197.69400,507059327.18444,4.89000,897546.00000,3.20000,0.00000,0.00000,0.00000
-647995.36309,-882345.78685,205.41800,507059327.32301,5.99000,346354.00000,10.29000,0.00000,0.00000,0.00000
-646782.22627,-882806.30329,214.08100,507059327.41538,6.66000,239222.00000,6.73000,0.00000,0.00000,0.00000
-655091.75313,-909694.92413,217.76300,507231976.67548,10.34000,265783.00000,8.46000,0.00000,0.00000,0.00000
-654920.38326,-909430.42102,214.37900,507231976.72165,9.49000,429924.00000,7.12000,0.00000,0.00000,0.00000
-654699.72715,-909220.49070,211.42000,507231976.76783,8.89000,586485.00000,5.89000,0.00000,0.00000,0.00000
-654332.23162,-909173.28893,207.99100,507231976.81401,8.17000,613755.00000,4.98000,0.00000,0.00000,0.00000
-654084.25719,-908993.64284,203.49200,507231976.86019,7.64000,239570.00000,5.23000,0.00000,0.00000,0.00000
-654158.77347,-908456.67726,197.23800,507231976.90636,7.32000,446114.00000,5.41000,0.00000,0.00000,0.00000
-655216.88891,-906829.96041,188.74100,507231976.95254,7.26000,480680.00000,5.42000,0.00000,0.00000,0.00000
-655593.43111,-905958.39961,187.31100,507231976.99872,7.72000,458554.00000,6.30000,0.00000,0.00000,0.00000
-654558.03513,-906651.21508,180.07700,507231977.04490,7.78000,2105977.00000,4.61000,0.00000,0.00000,0.00000
-654247.13822,-906541.28597,178.94600,507231977.09108,8.17000,1131158.00000,6.36000,0.00000,0.00000,0.00000
-653840.13698,-906537.85156,181.10400,507231977.13726,8.81000,483933.00000,7.81000,0.00000,0.00000,0.00000
-653682.45145,-906258.18934,181.04000,507231977.18344,8.69000,1128719.00000,7.68000,0.00000,0.00000,0.00000
-654618.13777,-904767.20395,195.19000,507231977.22961,8.17000,2365851.00000,4.37000,0.00000,0.00000,0.00000
-654219.93043,-904754.03669,195.16000,507231977.27579,7.93000,3536041.00000,4.96000,0.00000,0.00000,0.00000
-653838.80301,-904721.94669,195.31500,507231977.32197,8.05000,1073365.00000,5.06000,0.00000,0.00000,0.00000
-653442.54911,-904706.60619,194.77300,507231977.36815,8.46000,763731.00000,5.97000,0.00000,0.00000,0.00000
-653004.32855,-904737.73556,195.46300,507231977.41433,8.59000,1342225.00000,5.60000,0.00000,0.00000,0.00000
-652644.66566,-904681.84568,196.95300,507231977.46051,8.79000,286323.00000,7.72000,0.00000,0.00000,0.00000
-652186.93265,-904734.58340,198.76100,507231977.50669,9.17000,290242.00000,6.20000,0.00000,0.00000,0.00000
-651658.45071,-904865.67963,200.72800,507231977.55287,9.81000,414828.00000,5.92000,0.00000,0.00000,0.00000
-651234.87021,-904880.56870,202.24000,507231977.59905,10.16000,1713095.00000,6.18000,0.00000,0.00000,0.00000
-651021.58321,-904662.51162,203.81000,507231977.64523,10.13000,673860.00000,8.49000,0.00000,0.00000,0.00000
-652780.43757,-902259.89474,192.64000,507231977.69141,9.72000,983507.00000,5.31000,0.00000,0.00000,0.00000
-651833.34881,-902854.74126,199.40200,507231977.73759,9.46000,2273958.00000,4.62000,0.00000,0.00000,0.00000
-652231.41279,-901959.50822,202.52800,507231977.78377,9.34000,473601.00000,6.54000,0.00000,0.00000,0.00000
-652218.17934,-901519.88962,204.21000,507231977.82995,8.89000,227472.00000,9.03000,0.00000,0.00000,0.00000
-651694.60781,-901645.58128,204.50600,507231977.87613,8.29000,205990.00000,8.00000,0.00000,0.00000,0.00000
-651497.43928,-901409.70580,204.58200,507231977.92231,7.87000,1079846.00000,7.75000,0.00000,0.00000,0.00000
-650902.62866,-901614.28398,204.56700,507231977.96849,7.25000,285323.00000,4.51000,0.00000,0.00000,0.00000
-650398.08233,-901718.87344,204.17000,507231978.01467,6.97000,703609.00000,3.18000,0.00000,0.00000,0.00000
-646199.04699,-905915.05318,179.51600,507231978.06085,7.00000,340577.00000,3.19000,0.00000,0.00000,0.00000
-651242.15051,-899875.49587,187.20900,507231978.10703,7.06000,822608.00000,3.91000,0.00000,0.00000,0.00000
-650570.24946,-900165.46748,186.46500,507231978.15321,7.37000,1736068.00000,3.25000,0.00000,0.00000,0.00000
-649416.25266,-900989.34726,186.44800,507231978.19939,7.67000,2487405.00000,2.89000,0.00000,0.00000,0.00000
-648426.19649,-901631.60719,197.60800,507231978.24557,7.78000,8167305.00000,3.06000,0.00000,0.00000,0.00000
-647501.01991,-902201.97007,197.98200,507231978.29175,8.12000,374402.00000,5.39000,0.00000,0.00000,0.00000
-646725.14914,-902606.95862,199.60400,507231978.33793,8.44000,1942887.00000,6.44000,0.00000,0.00000,0.00000
-646945.69665,-901908.49959,195.92400,507231978.38411,8.09000,1418279.00000,5.24000,0.00000,0.00000,0.00000
-646563.61227,-901877.39118,197.31800,507231978.43029,7.96000,1744310.00000,4.61000,0.00000,0.00000,0.00000
-648057.25884,-899769.12085,185.04900,507231978.47647,8.31000,1056184.00000,3.84000,0.00000,0.00000,0.00000
-647456.08629,-899980.65069,186.16000,507231978.52265,8.88000,492268.00000,7.36000,0.00000,0.00000,0.00000
-646894.93024,-900147.86950,187.29400,507231978.56883,8.91000,415898.00000,7.19000,0.00000,0.00000,0.00000
-646303.51599,-900348.57246,189.18800,507231978.61501,8.57000,821844.00000,6.72000,0.00000,0.00000,0.00000
-646057.58258,-900166.69978,189.15100,507231978.66119,8.70000,828141.00000,6.50000,0.00000,0.00000,0.00000
-645896.56862,-899890.82003,187.91100,507231978.70737,8.83000,256110.00000,7.25000,0.00000,0.00000,0.00000
-645349.55440,-900042.33343,188.21800,507231978.75355,9.12000,174175.00000,8.87000,0.00000,0.00000,0.00000
-644933.31728,-900049.02811,188.36500,507231978.79974,9.37000,171759.00000,10.48000,0.00000,0.00000,0.00000
-644785.96638,-899758.00203,188.26400,507231978.84592,9.57000,337019.00000,9.57000,0.00000,0.00000,0.00000
-645475.03225,-898540.87125,185.72200,507231978.89210,10.13000,119107.00000,11.10000,0.00000,0.00000,0.00000
-645911.80618,-897603.09762,186.95600,507231978.93828,9.72000,646870.00000,11.60000,0.00000,0.00000,0.00000
-645936.23507,-897121.89639,188.09000,507231978.98446,9.18000,526465.00000,7.54000,0.00000,0.00000,0.00000
-645293.60771,-897379.30968,186.10300,507231979.03064,9.17000,1304395.00000,8.02000,0.00000,0.00000,0.00000
-644982.80030,-897269.30244,186.01600,507231979.07682,9.30000,440550.00000,7.74000,0.00000,0.00000,0.00000
-644003.44200,-897899.49241,187.06000,507231979.12300,9.15000,943194.00000,8.76000,0.00000,0.00000,0.00000
-643582.35132,-897911.58000,188.32500,507231979.16918,8.89000,1804285.00000,7.18000,0.00000,0.00000,0.00000
-643697.56619,-897329.88408,190.04100,507231979.21537,9.09000,1535668.00000,6.51000,0.00000,0.00000,0.00000
-644042.14247,-896494.26712,194.11800,507231979.26155,9.05000,1163623.00000,6.73000,0.00000,0.00000,0.00000
-643820.64618,-896285.37656,194.30300,507231979.30773,8.86000,761071.00000,5.93000,0.00000,0.00000,0.00000
-642977.92796,-896764.24159,190.71800,507231979.35391,8.78000,2381898.00000,6.50000,0.00000,0.00000,0.00000
-642714.46602,-896601.80366,190.74400,507231979.40009,8.76000,3712683.00000,5.25000,0.00000,0.00000,0.00000
-642311.43131,-896593.87456,191.24700,507231979.44628,8.69000,4049482.00000,4.81000,0.00000,0.00000,0.00000
-643061.07616,-895309.87103,182.07200,507231979.49246,8.76000,1602326.00000,6.90000,0.00000,0.00000,0.00000
-642409.16738,-895577.47999,180.90500,507231979.53864,9.34000,1023126.00000,10.87000,0.00000,0.00000,0.00000
-644192.90606,-893148.70717,186.29700,507231979.58482,9.49000,233556.00000,9.53000,0.00000,0.00000,0.00000
-642670.43115,-894380.12579,175.28800,507231979.63100,8.57000,2435654.00000,4.91000,0.00000,0.00000,0.00000
-640941.90775,-895839.48026,169.60000,507231979.67718,8.05000,1759168.00000,4.36000,0.00000,0.00000,0.00000
-640829.27208,-895510.11946,166.04400,507231979.72336,7.67000,476590.00000,3.61000,0.00000,0.00000,0.00000
-639594.08781,-896423.25977,165.05500,507231979.76954,7.46000,446512.00000,4.27000,0.00000,0.00000,0.00000
-639512.66907,-896059.30197,159.97800,507231979.81573,7.31000,458284.00000,4.64000,0.00000,0.00000,0.00000
-639825.13906,-895259.39036,155.07900,507231979.86191,7.21000,312725.00000,5.15000,0.00000,0.00000,0.00000
-639682.73533,-894962.96266,153.68800,507231979.90809,6.90000,455922.00000,5.67000,0.00000,0.00000,0.00000
-639118.63695,-895133.27197,154.32300,507231979.95427,6.64000,255841.00000,4.20000,0.00000,0.00000,0.00000
-638624.81701,-895225.78231,154.38700,507231980.00046,6.60000,575766.00000,4.15000,0.00000,0.00000,0.00000
-638454.11463,-894960.68761,152.66000,507231980.04664,6.63000,192442.00000,3.65000,0.00000,0.00000,0.00000
-641070.69528,-891610.54472,192.24400,507231980.09282,6.70000,7976872.00000,3.55000,0.00000,0.00000,0.00000
-641658.40660,-890506.00913,185.96900,507231980.13900,6.99000,735196.00000,6.50000,0.00000,0.00000,0.00000
-641435.50209,-890298.75115,187.05300,507231980.18518,7.04000,911544.00000,7.44000,0.00000,0.00000,0.00000
-640844.63115,-890498.77647,185.12900,507231980.23137,7.09000,794172.00000,7.67000,0.00000,0.00000,0.00000
-640126.86641,-890839.23400,183.02400,507231980.27755,6.87000,988219.00000,5.54000,0.00000,0.00000,0.00000
-639619.43943,-890946.86935,181.40000,507231980.32373,7.00000,1250889.00000,5.23000,0.00000,0.00000,0.00000
-638974.86559,-891206.27957,180.08200,507231980.36991,7.07000,1269872.00000,4.50000,0.00000,0.00000,0.00000
-637672.87467,-892193.23456,189.32800,507231980.41609,7.54000,3064191.00000,3.91000,0.00000,0.00000,0.00000
-637935.10567,-891449.05757,177.21100,507231980.46228,7.82000,983192.00000,3.65000,0.00000,0.00000,0.00000
-637045.50751,-891979.56982,184.17700,507231980.50846,7.92000,2279846.00000,3.10000,0.00000,0.00000,0.00000
-636790.87645,-891807.37359,180.18800,507231980.55464,7.90000,1824723.00000,3.13000,0.00000,0.00000,0.00000
-636471.82999,-891706.48504,176.46700,507231980.60082,8.12000,2587414.00000,2.98000,0.00000,0.00000,0.00000
-635252.72739,-892601.55680,174.56900,507231980.64700,8.28000,481745.00000,3.50000,0.00000,0.00000,0.00000
-634636.88699,-892829.02285,172.54900,507231980.69318,8.24000,2256845.00000,4.20000,0.00000,0.00000,0.00000
-634249.97862,-892803.17226,172.21500,507231980.73937,8.37000,258601.00000,6.38000,0.00000,0.00000,0.00000
-634434.66252,-892144.87859,168.83000,507231980.78555,8.06000,728677.00000,5.61000,0.00000,0.00000,0.00000
-633990.66050,-892182.21589,170.73500,507231980.83173,7.46000,389340.00000,4.76000,0.00000,0.00000,0.00000
-633828.79105,-891907.37256,171.27300,507231980.87791,7.23000,344095.00000,4.75000,0.00000,0.00000,0.00000
-636034.24034,-889013.13845,175.60100,507231980.92409,7.46000,406013.00000,7.81000,0.00000,0.00000,0.00000
-635314.49847,-889355.64327,175.09900,507231980.97028,7.97000,256337.00000,10.01000,0.00000,0.00000,0.00000
-634295.53659,-890029.18107,177.88100,507231981.01646,8.53000,177847.00000,12.16000,0.00000,0.00000,0.00000
-633983.82921,-889920.15023,178.74600,507231981.06264,8.74000,249618.00000,12.46000,0.00000,0.00000,0.00000
-634202.70235,-889224.09209,178.47300,507231981.10882,8.10000,326599.00000,7.51000,0.00000,0.00000,0.00000
-634027.17801,-888964.38639,179.29200,507231981.15501,7.56000,128489.00000,8.08000,0.00000,0.00000,0.00000
-637727.20207,-910935.75381,157.90300,507404631.38312,5.45000,674123.00000,7.86000,0.00000,0.00000,0.00000
-638204.38749,-909976.37204,166.75500,507404631.42930,4.93000,307917.00000,5.20000,0.00000,0.00000,0.00000
-636864.33337,-910969.12069,162.30700,507404631.47548,4.73000,276503.00000,7.43000,0.00000,0.00000,0.00000
-636379.56940,-911043.08261,163.80900,507404631.52166,4.92000,452963.00000,5.82000,0.00000,0.00000,0.00000
-636262.43820,-910722.14186,161.93700,507404631.56784,5.31000,804184.00000,7.04000,0.00000,0.00000,0.00000
-636521.86524,-909996.72468,164.99400,507404631.61402,5.49000,479154.00000,8.49000,0.00000,0.00000,0.00000
-636961.39168,-909077.88300,168.05900,507404631.66020,5.23000,299567.00000,9.37000,0.00000,0.00000,0.00000
-637219.32987,-908354.10077,172.90100,507404631.70638,5.10000,487238.00000,9.75000,0.00000,0.00000,0.00000
-636743.51643,-908418.46345,172.06100,507404631.75256,5.15000,282500.00000,9.08000,0.00000,0.00000,0.00000
-636865.52662,-907840.70298,175.77300,507404631.79875,4.63000,1398504.00000,6.84000,0.00000,0.00000,0.00000
-636465.61905,-907823.52792,176.20000,507404631.84493,4.25000,2194793.00000,4.48000,0.00000,0.00000,0.00000
-634191.33372,-909819.52863,163.01800,507404631.89111,3.51000,523039.00000,3.27000,0.00000,0.00000,0.00000
-631748.88749,-905742.42972,138.96600,507404632.58382,3.57000,4427465.00000,2.53000,0.00000,0.00000,0.00000
-631630.32622,-905423.11916,147.56700,507404632.63000,3.39000,942591.00000,3.13000,0.00000,0.00000,0.00000
-631804.01673,-904789.97655,152.83600,507404632.67619,3.59000,947159.00000,3.28000,0.00000,0.00000,0.00000
-631375.84834,-904803.13120,157.90000,507404632.72237,3.90000,431657.00000,3.18000,0.00000,0.00000,0.00000
-631248.36900,-904493.39225,158.45300,507404632.76855,4.40000,2203176.00000,4.55000,0.00000,0.00000,0.00000
-630757.67974,-904573.65771,164.81500,507404632.81473,4.65000,3334990.00000,2.90000,0.00000,0.00000,0.00000
-629833.86660,-904672.33577,172.57400,507404632.90710,5.11000,2013174.00000,2.27000,0.00000,0.00000,0.00000
-629645.86389,-904427.59254,172.18300,507404632.95328,5.53000,2894916.00000,2.98000,0.00000,0.00000,0.00000
-630632.35221,-902921.85293,168.10600,507404632.99946,5.78000,1693684.00000,3.26000,0.00000,0.00000,0.00000
-630443.36360,-902678.18985,170.29100,507404633.04564,5.80000,398588.00000,3.92000,0.00000,0.00000,0.00000
-629532.42924,-903209.63920,167.31800,507404633.09182,5.75000,520953.00000,3.27000,0.00000,0.00000,0.00000
-628952.94349,-903385.20844,163.10900,507404633.13801,5.65000,1989089.00000,3.14000,0.00000,0.00000,0.00000
