-299950.018 -500675.034
-299949.971 -500799.953
-299949.975 -500924.961
-299825.013 -501050.014
-299824.995 -501175.004
-299824.989 -501299.979
-299824.967 -501424.955
-299700.006 -501550.011
-299699.972 -501674.964
-299699.997 -501800.001
-299574.985 -501924.984
-299574.998 -502049.999
-299575.005 -502175.009
-299450.007 -502300.008
-299450.002 -502424.995
-299449.991 -502549.978
-299449.973 -502674.957
-299324.976 -502799.959
-299325.002 -502925.008
-299324.976 -503049.954
-299199.984 -503174.978
-299199.993 -503300.000
-299200.004 -503425.012
-299074.972 -503549.958
-299075.027 -503675.042
-299075.012 -503800.032
-298949.994 -503924.994
-298949.977 -504049.957
-298950.008 -504175.009
-298824.997 -504299.993
-298825.017 -504425.022
-298700.025 -504550.040
-298575.012 -504550.016
-298449.974 -504674.968
-298324.993 -504674.991
-298199.974 -504799.964
-298075.025 -504800.036
-297950.004 -504800.001
-297824.979 -504924.972
-297699.990 -504924.985
-297574.983 -505049.977
-297450.026 -505050.038
-297324.973 -505174.963
-297200.019 -505300.025
-297075.014 -505300.018
-296950.005 -505425.018
-296824.983 -505549.967
-296699.994 -505549.981
-296574.973 -505674.962
-296450.015 -505675.025
-296325.012 -505800.027
-296199.987 -505924.983
-296074.981 -505924.978
-295949.975 -506049.956
-295825.000 -506050.000
-295700.002 -506175.004
-295574.975 -506299.968
-295450.015 -506300.033
-295325.005 -506425.019
-295199.974 -506549.960
-295074.974 -506549.952
-294950.007 -506675.013
-294824.975 -506674.965
-294699.970 -506799.954
-294574.969 -506799.954
-294449.981 -506924.965
-294325.011 -506925.013
-294199.978 -507049.957
-294074.975 -507049.965
-293950.013 -507175.025
-293824.987 -507174.987
-293699.987 -507299.974
-293574.992 -507299.985
-293450.000 -507425.000
-293324.981 -507424.965
-293199.998 -507550.007
-293075.009 -507550.020
-292949.988 -507674.990
-292824.976 -507674.958
-292700.001 -507675.006
-292574.981 -507799.971
-292449.982 -507799.974
-292324.975 -507799.958
-292200.010 -507925.013
-292074.971 -507924.956
-291949.987 -507924.971
-291825.013 -508050.025
-291699.996 -508049.999
-291574.972 -508049.954
-291449.994 -508049.985
-291325.004 -508175.008
-291199.993 -508174.998
-291074.983 -508174.964
-290949.993 -508299.983
-290825.004 -508300.003
-290699.999 -508300.009
-290575.009 -508425.023
-290449.988 -508424.979
-290325.005 -508425.015
-290200.014 -508550.025
-290075.007 -508550.015
-289949.992 -508549.988
-289824.992 -508674.997
-289700.007 -508675.018
-289575.014 -508675.020
-289450.014 -508800.026
-289324.988 -508799.987
-289200.007 -508800.025
-289075.020 -508800.043
-288950.024 -508800.043
-288825.012 -508800.029
-288699.992 -508799.996
-288575.017 -508800.040
-288449.982 -508799.969
-288324.983 -508799.980
-288199.977 -508799.972
-288075.023 -508675.034
-287950.001 -508675.002
-287825.025 -508675.045
-287699.987 -508674.975
-287575.005 -508550.019
-287450.005 -508550.020
-287324.998 -508550.001
-287200.013 -508425.022
-287199.985 -508299.982
-287074.999 -508175.006
-286950.009 -508050.028
-286949.991 -507924.986
-286825.000 -507800.010
-286824.980 -507674.968
-286699.998 -507549.989
-286700.020 -507425.047
-286700.002 -507299.995
-286575.013 -507175.028
-286574.983 -507049.981
-286575.010 -506925.019
-286574.979 -506799.959
-286574.995 -506674.989
-286575.006 -506550.015
-286449.977 -506424.970
-286449.994 -506299.991
-286450.006 -506175.007
-286450.013 -506050.019
-286450.014 -505925.027
-286450.018 -505800.025
-286325.001 -505674.999
-286325.003 -505549.998
-286325.000 -505424.992
-286324.991 -505299.981
-286450.019 -505175.044
-286450.007 -505050.007
-286449.981 -504924.971
-286450.012 -504800.020
-286574.991 -504674.990
-286575.011 -504550.018
-286575.024 -504425.041
-286700.015 -504300.031
-286700.017 -504175.033
-286824.980 -504049.961
-286950.019 -503925.037
-286950.004 -503800.000
-287075.006 -503675.019
-287199.995 -503549.989
-287325.007 -503425.013
-287449.996 -503299.992
-287700.022 -503175.047
-287575.008 -503175.025
-287825.004 -503050.003
-287950.009 -502925.013
-288074.992 -502799.979
-288324.993 -502674.986
-288199.998 -502674.999
-288450.015 -502550.028
-288575.014 -502425.024
-288824.976 -502299.961
-288699.983 -502299.980
-288950.014 -502175.033
-289074.976 -502049.966
-289325.006 -501925.021
-289200.024 -501925.043
-289450.016 -501800.024
-289574.995 -501674.988
-289824.986 -501549.971
-289699.997 -501550.005
-289950.004 -501425.010
-290075.000 -501300.004
-290199.974 -501174.952
-290324.971 -501049.955
-290575.003 -500925.009
-290450.001 -500925.006
-290699.994 -500799.987
-290825.009 -500675.019
-290950.002 -500550.006
-291075.027 -500425.042
-291200.022 -500300.037
-291324.990 -500299.977
-291449.993 -500174.998
-291574.981 -500049.969
-291699.994 -499924.993
-291824.984 -499799.972
-291949.998 -499675.005
-292074.990 -499549.992
-292200.015 -499425.028
-292325.009 -499300.023
-292449.981 -499174.973
-292574.986 -499049.971
-292700.014 -498925.022
-292825.021 -498800.028
-292825.015 -498675.037
-292949.984 -498549.984
-293074.987 -498424.980
-293200.013 -498300.029
-293325.017 -498175.032
-293449.991 -498049.994
-293574.997 -497925.005
-293699.994 -497924.983
-293825.009 -497800.019
-293950.002 -497675.009
-294074.972 -497549.954
-294200.023 -497425.045
-294324.996 -497424.992
-294450.009 -497300.009
-294574.990 -497174.987
-294700.006 -497050.012
-294824.971 -497049.955
-294950.004 -496925.000
-295075.006 -496800.004
-295199.977 -496674.968
-295324.982 -496549.979
-295450.024 -496175.039
-295449.997 -496299.993
-295450.020 -496425.038
-295574.982 -495799.969
-295574.967 -495924.955
-295575.009 -496050.026
-295699.967 -495424.956
-295699.981 -495549.963
-295699.979 -495674.972
-295825.014 -495175.034
-295824.985 -495299.970
-295950.018 -494925.025
-295949.994 -495049.989
-296075.018 -494675.034
-296075.007 -494800.020
-296199.975 -494424.956
-296199.978 -494549.965
-296325.010 -494300.015
-296450.014 -494175.032
-296575.021 -493925.030
-296574.996 -494050.004
-296700.021 -493800.035
-296824.999 -493674.994
-296950.002 -493550.006
-297074.983 -493424.972
-297199.989 -493299.989
-297324.973 -493174.961
-297449.991 -492924.982
-297449.990 -493049.979
-297575.019 -492800.040
-297699.968 -492674.957
-297825.007 -492550.015
-297950.016 -492425.032
-298075.002 -492300.003
-298200.014 -492175.025
-298325.003 -492050.001
-298450.018 -491925.029
-298575.011 -491800.011
-298699.985 -491549.969
-298699.973 -491674.951
-298825.022 -491425.036
-298949.980 -491299.963
-299074.995 -491049.999
-299075.021 -491175.035
-299200.006 -490925.006
-299324.987 -490799.972
-299449.993 -490674.989
-299574.977 -490549.960
-299700.009 -490550.008
-299825.004 -490425.003
-299950.005 -490425.009
-300075.000 -490424.995
-300199.979 -490424.969
-300325.008 -490425.016
-300449.974 -490424.951
-300574.981 -490424.965
-300699.972 -490424.966
-300824.980 -490549.972
-300950.023 -490550.037
-301075.018 -490675.040
-301199.990 -490674.988
-301324.989 -490799.977
-301449.981 -490924.966
-301574.967 -491049.955
-301700.020 -491175.028
-301825.002 -491300.013
-301949.995 -491424.989
-301949.976 -491549.971
-301950.016 -491675.037
-301950.000 -491800.000
-301949.977 -491924.959
-301950.004 -492050.007
-301949.975 -492174.952
-302074.975 -492299.953
-302074.997 -492424.992
-302075.012 -492550.027
-302074.971 -492674.960
-302074.988 -492799.976
-302074.990 -492924.993
-302075.001 -493049.996
-302074.997 -493174.999
-302074.995 -493299.993
-302074.985 -493424.983
-302074.977 -493549.963
-302199.999 -493675.005
-302199.985 -493799.986
-302199.972 -493924.957
-302200.009 -494050.018
-302199.983 -494174.981
-302200.015 -494300.027
-302199.983 -494424.977
-302074.980 -494549.968
-302074.991 -494674.988
-302074.995 -494800.003
-302075.001 -494925.009
-302075.000 -495050.010
-302075.001 -495175.003
-301949.975 -495299.963
-301950.019 -495425.025
-301949.991 -495549.995
-301949.973 -495674.951
-301825.003 -495800.005
-301825.020 -495925.036
-301824.982 -496049.965
-301824.985 -496174.987
-301700.022 -496300.038
-301700.021 -496425.032
-301700.013 -496550.022
-301574.999 -496675.000
-301574.978 -496799.967
-301449.983 -496924.978
-301450.006 -497050.015
-301450.030 -497175.043
-301324.984 -497299.981
-301324.996 -497424.986
-301199.970 -497549.958
-301200.017 -497675.038
-301075.020 -497800.039
-300949.993 -497924.998
-300950.020 -498050.037
-300825.013 -498175.030
-300699.984 -498299.977
-300699.984 -498424.980
-300574.976 -498549.961
-300449.993 -498674.994
-300449.975 -498799.956
-300325.012 -498925.023
-300324.981 -499049.961
-300199.982 -499174.969
-300199.986 -499299.984
-300075.016 -499425.020
-300075.007 -499550.012
-300075.000 -499674.994
-300074.987 -499799.972
-299950.008 -499925.016
-299949.982 -500049.971
-299950.006 -500175.015
-299949.977 -500299.957
-299949.997 -500424.987
-299950.010 -500550.013
-299950.018 -500675.034
