-311551.10176,-489410.85448,154.36600,481191126.52027,11.09000,313266.00000,5.01000,0.00000,0.00000,0.00000
-311276.86938,-489272.63098,154.58900,481191126.56669,11.21000,557736.00000,4.90000,0.00000,0.00000,0.00000
-310956.04668,-489201.14651,153.82700,481191126.61311,11.08000,247725.00000,5.10000,0.00000,0.00000,0.00000
-310745.87299,-488971.13024,153.21600,481191126.65953,11.24000,272845.00000,5.36000,0.00000,0.00000,0.00000
-310703.34914,-488500.94991,152.81400,481191126.70595,11.23000,305191.00000,5.43000,0.00000,0.00000,0.00000
-310501.08697,-488259.61292,152.45400,481191126.75238,11.33000,688733.00000,3.93000,0.00000,0.00000,0.00000
-310165.71311,-488208.98411,151.42100,481191126.79879,11.43000,438028.00000,4.99000,0.00000,0.00000,0.00000
-309739.23270,-488288.85834,150.31500,481191126.84521,11.55000,292369.00000,6.21000,0.00000,0.00000,0.00000
-309115.97904,-488650.60783,150.22500,481191126.89164,11.70000,339934.00000,6.96000,0.00000,0.00000,0.00000
-308419.08618,-489117.82986,152.74500,481191126.93806,11.71000,816377.00000,5.95000,0.00000,0.00000,0.00000
-308974.80661,-487790.69437,145.93400,481191126.98448,11.05000,2362200.00000,4.83000,0.00000,0.00000,0.00000
-308913.16919,-487347.92064,146.25700,481191127.03090,10.63000,384085.00000,3.95000,0.00000,0.00000,0.00000
-309579.98564,-485861.68118,147.43000,481191127.07732,10.32000,541297.00000,3.27000,0.00000,0.00000,0.00000
-309675.62266,-485193.66413,147.79100,481191127.12374,10.22000,2167615.00000,3.77000,0.00000,0.00000,0.00000
-309149.72743,-485415.94901,145.67200,481191127.17016,10.32000,668319.00000,3.78000,0.00000,0.00000,0.00000
-306779.10548,-487749.54373,161.99100,481191127.26300,9.86000,663164.00000,3.26000,0.00000,0.00000,0.00000
-306913.43460,-487026.10744,161.19100,481191127.30942,9.80000,622101.00000,3.68000,0.00000,0.00000,0.00000
-306949.58986,-486443.30975,162.31400,481191127.35584,9.78000,391721.00000,4.39000,0.00000,0.00000,0.00000
-306949.96967,-485911.76168,162.77100,481191127.40226,9.65000,385478.00000,3.52000,0.00000,0.00000,0.00000
-306988.62941,-485325.39751,164.45000,481191127.44868,9.59000,436782.00000,3.26000,0.00000,0.00000,0.00000
-304614.55945,-488194.59519,145.72500,481191127.49510,9.80000,452440.00000,3.51000,0.00000,0.00000,0.00000
-304206.35620,-488248.18836,145.63900,481191127.54152,9.81000,843002.00000,4.08000,0.00000,0.00000,0.00000
-306569.17652,-484333.20060,165.14800,481191127.58794,9.62000,1351835.00000,3.19000,0.00000,0.00000,0.00000
-306398.16546,-484047.14968,161.65100,481191127.63436,9.78000,2207149.00000,2.88000,0.00000,0.00000,0.00000
-306292.05801,-483668.14021,159.82100,481191127.68078,10.15000,860075.00000,3.71000,0.00000,0.00000,0.00000
-306260.44014,-483182.48279,158.18600,481191127.72720,10.55000,376246.00000,5.31000,0.00000,0.00000,0.00000
-305668.80041,-483498.85175,155.23300,481191127.77362,10.43000,102308.00000,8.69000,0.00000,0.00000,0.00000
-304309.49532,-484914.59008,154.21000,481191127.82004,10.73000,91329.00000,9.33000,0.00000,0.00000,0.00000
-303784.81534,-485135.00663,155.52800,481191127.86646,10.75000,288072.00000,11.31000,0.00000,0.00000,0.00000
-303506.03875,-485003.26555,156.98300,481191127.91289,10.20000,243090.00000,9.23000,0.00000,0.00000,0.00000
-303582.60567,-484362.67110,158.56600,481191127.95931,9.72000,132023.00000,7.50000,0.00000,0.00000,0.00000
-303654.18736,-483729.23983,159.52600,481191128.00573,9.75000,301771.00000,9.87000,0.00000,0.00000,0.00000
-303740.33930,-483074.96758,161.41600,481191128.05215,9.41000,253422.00000,6.29000,0.00000,0.00000,0.00000
-303504.01501,-482882.45370,163.83400,481191128.09857,9.06000,356547.00000,5.86000,0.00000,0.00000,0.00000
-303234.41809,-482737.61779,165.08500,481191128.14499,8.88000,147496.00000,5.47000,0.00000,0.00000,0.00000
-302956.91071,-482604.08975,165.37800,481191128.19141,8.92000,157753.00000,6.13000,0.00000,0.00000,0.00000
-302772.62194,-482337.11286,165.09600,481191128.23783,8.95000,141428.00000,7.52000,0.00000,0.00000,0.00000
-302593.31940,-482062.97041,166.49300,481191128.28425,9.00000,349307.00000,5.35000,0.00000,0.00000,0.00000
-302141.47739,-482179.09239,164.60400,481191128.33067,9.14000,376903.00000,5.80000,0.00000,0.00000,0.00000
-301898.09498,-481996.69616,163.76600,481191128.37709,9.51000,152443.00000,7.32000,0.00000,0.00000,0.00000
-301666.78617,-481797.03143,163.88900,481191128.42351,9.45000,165196.00000,7.54000,0.00000,0.00000,0.00000
-301347.25508,-481723.66402,164.11900,481191128.46993,9.35000,190807.00000,7.69000,0.00000,0.00000,0.00000
-301017.33412,-481665.20335,164.45700,481191128.51635,9.26000,196301.00000,6.86000,0.00000,0.00000,0.00000
-300820.56953,-481416.08349,164.75000,481191128.56277,9.04000,242306.00000,9.80000,0.00000,0.00000,0.00000
-300558.46881,-481260.49313,166.04700,481191128.60919,8.57000,181935.00000,4.99000,0.00000,0.00000,0.00000
-300173.19537,-481281.25434,167.65400,481191128.65562,8.52000,308724.00000,5.11000,0.00000,0.00000,0.00000
-299804.14767,-481278.76849,166.95400,481191128.70204,8.55000,376504.00000,5.67000,0.00000,0.00000,0.00000
-299507.51798,-481172.63211,166.06600,481191128.74846,8.76000,199312.00000,6.09000,0.00000,0.00000,0.00000
-299240.84633,-481023.58815,165.43100,481191128.79488,8.96000,200224.00000,5.94000,0.00000,0.00000,0.00000
-299060.73327,-480750.61802,164.37300,481191128.84130,8.88000,157094.00000,6.50000,0.00000,0.00000,0.00000
-298847.33435,-480525.31408,164.23300,481191128.88772,8.97000,202115.00000,5.49000,0.00000,0.00000,0.00000
-309895.87661,-485722.21154,150.75800,481244872.64960,10.93000,1246287.00000,4.36000,0.00000,0.00000,1.00000
-309992.28579,-486014.49630,149.01200,481244872.69610,10.90000,842600.00000,4.13000,0.00000,0.00000,1.00000
-305213.68435,-487150.93124,173.69800,481244872.74261,11.12000,2220525.00000,4.94000,0.00000,0.00000,1.00000
-310473.72465,-486858.12711,148.34100,481244872.83563,11.40000,168209.00000,7.37000,0.00000,0.00000,1.00000
-310579.45673,-487148.81643,148.86000,481244872.88214,11.19000,503594.00000,6.66000,0.00000,0.00000,1.00000
-309949.38621,-487566.89493,149.25500,481244872.92864,10.87000,1876525.00000,5.01000,0.00000,0.00000,1.00000
-309940.37233,-487877.45553,149.81900,481244872.97515,10.95000,2164916.00000,5.14000,0.00000,0.00000,1.00000
-309928.48073,-488188.50474,149.24900,481244873.02166,10.97000,3290837.00000,4.96000,0.00000,0.00000,1.00000
-310848.17816,-488338.28419,152.86400,481244873.06817,10.78000,728556.00000,4.52000,0.00000,0.00000,1.00000
-311257.97727,-488576.34476,153.57600,481244873.11468,10.99000,685267.00000,4.95000,0.00000,0.00000,1.00000
-311426.09131,-488856.24764,154.10600,481244873.16118,10.92000,818151.00000,4.20000,0.00000,0.00000,1.00000
-311469.41582,-489157.74626,150.33100,481244873.20769,10.86000,2209163.00000,3.79000,0.00000,0.00000,1.00000
-311543.58424,-489453.92071,145.25800,481244873.25420,11.02000,1864792.00000,4.62000,0.00000,0.00000,1.00000
-311196.04878,-489823.07598,153.86800,481244873.30071,11.35000,2916107.00000,5.32000,0.00000,0.00000,1.00000
-311186.29973,-490133.76909,152.92800,481244873.34722,11.57000,575080.00000,6.69000,0.00000,0.00000,1.00000
-311279.81601,-490426.58118,152.61500,481244873.39372,11.76000,578558.00000,8.94000,0.00000,0.00000,1.00000
-311579.16167,-490683.77519,152.62500,481244873.44023,11.80000,329607.00000,7.88000,0.00000,0.00000,1.00000
-311456.80805,-493485.91568,146.93800,481244873.85879,11.28000,1936870.00000,5.03000,0.00000,0.00000,1.00000
-310895.49713,-493892.00757,147.23600,481244873.90530,11.14000,1278037.00000,6.48000,0.00000,0.00000,1.00000
-310598.10542,-494252.42825,147.64100,481244873.95181,11.21000,471246.00000,7.22000,0.00000,0.00000,1.00000
-310742.51392,-494536.44647,145.78600,481244873.99831,11.23000,725597.00000,8.45000,0.00000,0.00000,1.00000
-310607.92784,-494868.71338,146.10100,481244874.04482,11.12000,413538.00000,7.30000,0.00000,0.00000,1.00000
-309887.60382,-495611.26466,144.86100,481244874.13784,10.42000,2845335.00000,4.39000,0.00000,0.00000,1.00000
-310530.46913,-495809.07493,143.55000,481244874.18434,10.06000,598141.00000,4.53000,0.00000,0.00000,1.00000
-308871.97536,-496713.79209,145.96600,481244874.27736,9.46000,668735.00000,4.19000,0.00000,0.00000,1.00000
-308893.71786,-497019.01195,145.44200,481244874.32387,9.20000,287413.00000,4.09000,0.00000,0.00000,1.00000
-308966.60302,-497624.35523,145.68300,481244874.41688,8.33000,388402.00000,3.80000,0.00000,0.00000,1.00000
-308868.56207,-497950.28055,146.19000,481244874.46339,8.00000,1535516.00000,2.86000,0.00000,0.00000,1.00000
-308934.77354,-498247.80720,147.80100,481244874.50989,7.86000,1081293.00000,2.66000,0.00000,0.00000,1.00000
-309015.32025,-498542.85977,147.90700,481244874.55640,7.87000,1074831.00000,2.36000,0.00000,0.00000,1.00000
-311630.01318,-498110.52192,145.28900,481363778.51597,6.25000,1979923.00000,4.81000,0.00000,0.00000,0.00000
-311621.28869,-497602.15987,146.10500,481363778.56244,7.17000,2665193.00000,4.66000,0.00000,0.00000,0.00000
-311270.88815,-497047.53280,147.34600,481363778.65537,8.89000,389448.00000,6.13000,0.00000,0.00000,0.00000
-310473.34317,-497633.89508,142.53300,481363778.70184,9.71000,187818.00000,8.23000,0.00000,0.00000,0.00000
-309623.04402,-498293.43036,140.37500,481363778.74831,9.82000,556879.00000,5.85000,0.00000,0.00000,0.00000
-309666.63711,-497712.46200,139.00500,481363778.79478,9.98000,298554.00000,5.46000,0.00000,0.00000,0.00000
-309594.99739,-497291.44040,138.58200,481363778.84125,9.86000,362414.00000,5.34000,0.00000,0.00000,0.00000
-309403.43169,-497036.83699,139.29500,481363778.88772,9.67000,697280.00000,3.69000,0.00000,0.00000,0.00000
-309285.86673,-496679.54858,140.22100,481363778.93419,9.49000,1302876.00000,3.12000,0.00000,0.00000,0.00000
-308450.43045,-497318.38972,144.54900,481363778.98066,9.45000,1482186.00000,2.75000,0.00000,0.00000,0.00000
-308115.97333,-497262.05708,148.35500,481363779.02713,9.41000,1742603.00000,3.60000,0.00000,0.00000,0.00000
-308142.15640,-496705.30811,152.46700,481363779.07359,9.10000,696249.00000,2.84000,0.00000,0.00000,0.00000
-308011.41536,-496366.31594,156.11000,481363779.12006,8.71000,3418695.00000,2.76000,0.00000,0.00000,0.00000
-307801.14936,-496137.67277,158.76400,481363779.16653,8.46000,1262280.00000,2.30000,0.00000,0.00000,0.00000
-307588.33267,-495912.56597,160.11300,481363779.21300,8.49000,1147062.00000,2.03000,0.00000,0.00000,0.00000
-307339.79811,-495737.02719,158.49900,481363779.25947,8.57000,5681417.00000,2.04000,0.00000,0.00000,0.00000
-307209.92057,-495396.84765,155.57800,481363779.30594,8.75000,3872810.00000,1.92000,0.00000,0.00000,0.00000
-307031.13503,-495124.51909,152.94100,481363779.35241,9.05000,2674066.00000,2.38000,0.00000,0.00000,0.00000
-306875.74913,-494819.74402,150.43500,481363779.39888,9.30000,1037435.00000,2.37000,0.00000,0.00000,0.00000
-306647.21594,-494616.46753,148.08000,481363779.44535,9.42000,543912.00000,3.44000,0.00000,0.00000,0.00000
-306513.52743,-494281.60168,147.55800,481363779.49182,9.30000,641006.00000,3.46000,0.00000,0.00000,0.00000
-306343.69117,-493996.89854,148.23000,481363779.53828,9.34000,1048191.00000,3.38000,0.00000,0.00000,0.00000
-306178.53105,-493705.69625,149.18500,481363779.58475,9.19000,1195264.00000,3.36000,0.00000,0.00000,0.00000
-305946.60308,-493507.13999,149.17200,481363779.63122,9.23000,1701349.00000,3.49000,0.00000,0.00000,0.00000
-305709.13869,-493316.23791,148.61800,481363779.67769,9.25000,1333025.00000,3.82000,0.00000,0.00000,0.00000
-305447.44321,-493158.98519,148.55600,481363779.72416,9.33000,2460258.00000,4.11000,0.00000,0.00000,0.00000
-305095.14227,-493127.39537,147.17700,481363779.77063,9.36000,437428.00000,4.05000,0.00000,0.00000,0.00000
-304783.68079,-493039.16938,146.76800,481363779.81710,9.14000,656389.00000,4.47000,0.00000,0.00000,0.00000
-304543.24183,-492852.38691,145.92300,481363779.86357,8.98000,730446.00000,4.13000,0.00000,0.00000,0.00000
-304389.58648,-492545.24765,145.10000,481363779.91004,8.73000,626759.00000,3.80000,0.00000,0.00000,0.00000
-304483.49266,-491894.70328,143.56800,481363779.95651,8.73000,2730615.00000,3.14000,0.00000,0.00000,0.00000
-304228.60436,-491727.98762,143.25900,481363780.00298,9.26000,2667673.00000,2.77000,0.00000,0.00000,0.00000
-304316.56745,-491085.70656,142.75300,481363780.04945,9.49000,1840457.00000,2.22000,0.00000,0.00000,0.00000
-301534.92102,-494423.80613,111.87800,481363780.09592,9.63000,2398824.00000,2.26000,0.00000,0.00000,0.00000
-301382.11745,-494115.45902,111.40800,481363780.14239,9.83000,1424751.00000,2.64000,0.00000,0.00000,0.00000
-301424.15641,-493536.87541,112.86500,481363780.18886,9.83000,1352662.00000,2.61000,0.00000,0.00000,0.00000
-301378.56118,-493079.83728,114.51000,481363780.23533,10.16000,499268.00000,3.55000,0.00000,0.00000,0.00000
-301229.59392,-492766.17881,117.13100,481363780.28180,10.22000,614637.00000,4.12000,0.00000,0.00000,0.00000
-301101.47633,-492423.61442,119.61100,481363780.32827,10.29000,424744.00000,6.41000,0.00000,0.00000,0.00000
-300858.49493,-492240.34607,121.64800,481363780.37475,10.43000,462742.00000,6.51000,0.00000,0.00000,0.00000
-300588.71894,-492094.25594,121.57100,481363780.42122,10.35000,410928.00000,7.10000,0.00000,0.00000,0.00000
-300358.08413,-491893.88602,122.21900,481363780.46769,10.14000,621233.00000,4.71000,0.00000,0.00000,0.00000
-302034.54204,-489048.58163,144.20400,481363780.51416,10.06000,3723480.00000,2.78000,0.00000,0.00000,0.00000
-301726.50642,-488955.60368,143.38700,481363780.56063,9.86000,2838606.00000,3.10000,0.00000,0.00000,0.00000
-301282.34147,-489051.41716,141.42400,481363780.60710,9.70000,293117.00000,5.46000,0.00000,0.00000,0.00000
-300827.96016,-489161.38299,140.73500,481363780.65357,9.63000,194160.00000,5.90000,0.00000,0.00000,0.00000
-300295.72324,-489379.30783,140.12400,481363780.70004,9.55000,427539.00000,4.96000,0.00000,0.00000,0.00000
-299909.82831,-489394.27296,139.17500,481363780.74651,9.45000,1318126.00000,6.06000,0.00000,0.00000,0.00000
-299595.83187,-489309.54164,140.18300,481363780.79298,9.42000,303215.00000,5.86000,0.00000,0.00000,0.00000
-299434.13525,-489013.58883,141.15000,481363780.83946,9.54000,288108.00000,4.55000,0.00000,0.00000,0.00000
-299263.93840,-488729.44171,141.45600,481363780.88593,9.58000,752830.00000,4.89000,0.00000,0.00000,0.00000
-299062.68716,-488488.36053,141.54600,481363780.93240,9.52000,311039.00000,5.50000,0.00000,0.00000,0.00000
-298918.02394,-488168.82015,142.01900,481363780.97887,9.57000,258783.00000,5.44000,0.00000,0.00000,0.00000
-299063.93613,-487446.34586,144.60400,481363781.02534,9.51000,264047.00000,5.79000,0.00000,0.00000,0.00000
-297824.60146,-488644.70061,135.73600,481363781.07181,9.49000,2650551.00000,3.95000,0.00000,0.00000,0.00000
-296587.34965,-489840.11464,132.48700,481363781.11828,9.33000,1794583.00000,3.65000,0.00000,0.00000,0.00000
-298529.56052,-486626.95843,149.95700,481363781.16475,9.18000,1534410.00000,3.55000,0.00000,0.00000,0.00000
-298154.31445,-486627.16109,150.81200,481363781.21122,8.85000,868352.00000,3.16000,0.00000,0.00000,0.00000
-297735.25058,-486688.11768,150.21300,481363781.25769,8.78000,2221090.00000,4.85000,0.00000,0.00000,0.00000
-297390.21005,-486646.41913,150.60900,481363781.30417,8.66000,294326.00000,4.89000,0.00000,0.00000,0.00000
-296982.21137,-486692.03476,149.54600,481363781.35064,8.60000,257292.00000,6.23000,0.00000,0.00000,0.00000
-296563.14195,-486752.97202,148.33600,481363781.39711,8.65000,208725.00000,6.62000,0.00000,0.00000,0.00000
-296220.65873,-486707.72396,147.01000,481363781.44358,9.12000,385205.00000,8.12000,0.00000,0.00000,0.00000
-295824.13607,-486737.38660,145.76800,481363781.49005,9.38000,130839.00000,7.76000,0.00000,0.00000,0.00000
-295760.34824,-486305.76081,146.36200,481363781.53652,9.16000,102668.00000,9.63000,0.00000,0.00000,0.00000
-296114.38244,-485294.85854,150.09700,481363781.58299,8.92000,185909.00000,5.96000,0.00000,0.00000,0.00000
-295463.85692,-485676.67996,146.74800,481363781.62946,8.83000,1334560.00000,3.38000,0.00000,0.00000,0.00000
-294980.10383,-485827.28589,155.16900,481363781.67593,8.97000,3438945.00000,2.15000,0.00000,0.00000,0.00000
-294624.43086,-485800.30447,155.46000,481363781.72240,8.93000,278363.00000,3.37000,0.00000,0.00000,0.00000
-294415.13618,-485570.41249,155.32800,481363781.76888,8.85000,127804.00000,3.87000,0.00000,0.00000,0.00000
-291313.53271,-489349.88671,135.80700,481363781.81535,8.63000,996594.00000,3.42000,0.00000,0.00000,0.00000
-293965.91611,-485153.08974,154.04600,481363781.86182,8.31000,5391462.00000,2.22000,0.00000,0.00000,0.00000
-292756.23610,-486309.94308,140.03100,481363781.90829,8.72000,472316.00000,4.88000,0.00000,0.00000,0.00000
-292684.38539,-485889.50484,139.07500,481363781.95476,9.95000,586755.00000,8.49000,0.00000,0.00000,0.00000
-292018.91929,-486291.92413,138.29300,481363782.00123,10.36000,333339.00000,10.90000,0.00000,0.00000,0.00000
-291652.59957,-486279.66479,138.15000,481363782.04770,10.37000,223011.00000,7.77000,0.00000,0.00000,0.00000
-291156.06387,-486447.90175,137.87400,481363782.09417,9.98000,595483.00000,6.59000,0.00000,0.00000,0.00000
-291149.75871,-485936.62961,136.31000,481363782.14064,9.25000,738786.00000,5.36000,0.00000,0.00000,0.00000
-290737.47591,-485988.06662,134.81100,481363782.18712,8.95000,1133826.00000,5.41000,0.00000,0.00000,0.00000
-301661.92422,-480670.66685,165.54600,481417524.44509,9.36000,471272.00000,5.89000,0.00000,0.00000,1.00000
-302077.79680,-480913.55955,165.24100,481417524.49165,9.29000,163529.00000,9.80000,0.00000,0.00000,1.00000
-302490.78668,-481156.90239,165.26500,481417524.53821,9.41000,133820.00000,7.63000,0.00000,0.00000,1.00000
-302646.92196,-481440.77961,164.95100,481417524.58477,9.28000,337911.00000,5.80000,0.00000,0.00000,1.00000
-302725.34862,-481736.91329,164.78800,481417524.63133,9.36000,230046.00000,5.78000,0.00000,0.00000,1.00000
-302686.49921,-482051.55821,164.63700,481417524.67789,9.28000,369096.00000,4.87000,0.00000,0.00000,1.00000
-302565.61649,-482379.12926,165.44800,481417524.72445,9.12000,627824.00000,3.64000,0.00000,0.00000,1.00000
-302537.54916,-482692.06185,165.08300,481417524.77101,9.21000,886239.00000,3.56000,0.00000,0.00000,1.00000
-302493.65714,-483007.50880,164.80400,481417524.81757,9.28000,523596.00000,4.09000,0.00000,0.00000,1.00000
-302392.19730,-483332.02325,164.00700,481417524.86414,9.20000,457436.00000,3.47000,0.00000,0.00000,1.00000
-302296.48969,-483655.62955,163.58100,481417524.91070,9.23000,795680.00000,3.53000,0.00000,0.00000,1.00000
-305727.89423,-483422.95851,156.57400,481417524.95726,9.45000,577470.00000,4.64000,0.00000,0.00000,1.00000
-305683.99700,-483738.42985,156.74000,481417525.00382,9.55000,414325.00000,4.47000,0.00000,0.00000,1.00000
-305510.57596,-484074.31902,156.82200,481417525.05038,9.69000,581038.00000,4.61000,0.00000,0.00000,1.00000
-305664.54962,-484358.58123,156.24200,481417525.09694,9.80000,1998741.00000,5.19000,0.00000,0.00000,1.00000
-304797.48438,-484803.84266,155.29200,481417525.14350,9.71000,564640.00000,3.61000,0.00000,0.00000,1.00000
-303124.53544,-485376.14117,153.18800,481417525.19006,9.58000,2136684.00000,3.69000,0.00000,0.00000,1.00000
-304865.80045,-485410.13449,153.85200,481417525.23662,9.64000,3720899.00000,3.83000,0.00000,0.00000,1.00000
-304970.11244,-485702.22128,153.17600,481417525.28318,9.41000,4542120.00000,3.92000,0.00000,0.00000,1.00000
-303231.66423,-486284.82427,152.01900,481417525.32975,9.40000,1362836.00000,3.74000,0.00000,0.00000,1.00000
-303505.05561,-486550.24519,151.45100,481417525.37631,9.51000,944107.00000,3.73000,0.00000,0.00000,1.00000
-303230.14780,-486902.09430,150.81400,481417525.42287,9.54000,1048753.00000,4.12000,0.00000,0.00000,1.00000
-304328.14925,-487037.53996,148.28300,481417525.46943,9.75000,1457012.00000,4.14000,0.00000,0.00000,1.00000
-304030.21752,-487393.03239,146.59500,481417525.51599,9.87000,2005247.00000,4.53000,0.00000,0.00000,1.00000
-304592.14572,-487612.98937,149.83200,481417525.56255,9.81000,568058.00000,4.35000,0.00000,0.00000,1.00000
-305710.29914,-487745.29587,154.10500,481417525.60911,9.90000,308474.00000,4.37000,0.00000,0.00000,1.00000
-305319.53102,-488115.41156,152.24700,481417525.65567,9.97000,393167.00000,4.67000,0.00000,0.00000,1.00000
-305290.70559,-488428.50223,152.22400,481417525.70223,9.85000,877045.00000,4.46000,0.00000,0.00000,1.00000
-305274.10332,-488739.66122,153.19900,481417525.74880,9.83000,706675.00000,4.44000,0.00000,0.00000,1.00000
-305764.78852,-488970.87501,156.63200,481417525.79536,9.55000,626292.00000,3.40000,0.00000,0.00000,1.00000
-304660.91985,-489453.35400,152.21200,481417525.84192,9.44000,1930858.00000,3.42000,0.00000,0.00000,1.00000
-306298.59983,-489503.86608,160.53600,481417525.88848,9.29000,2287209.00000,3.35000,0.00000,0.00000,1.00000
-304973.82589,-490021.13013,149.72300,481417525.93505,9.29000,2098446.00000,3.87000,0.00000,0.00000,1.00000
-305101.13122,-490309.61527,150.49600,481417525.98161,9.46000,2620618.00000,3.34000,0.00000,0.00000,1.00000
-305196.77604,-490603.08622,148.85000,481417526.02817,9.51000,2505174.00000,3.98000,0.00000,0.00000,1.00000
-304317.37067,-491050.15105,148.32600,481417526.07473,9.56000,1157931.00000,3.53000,0.00000,0.00000,1.00000
-304984.36074,-491253.61793,146.77600,481417526.12129,9.70000,709498.00000,4.23000,0.00000,0.00000,1.00000
-304713.72275,-491604.78567,146.34500,481417526.16786,9.91000,134501.00000,4.87000,0.00000,0.00000,1.00000
-305210.16649,-491835.12705,147.02400,481417526.21442,10.01000,165662.00000,5.87000,0.00000,0.00000,1.00000
-305433.16865,-492108.55053,147.65000,481417526.26098,9.90000,284239.00000,6.73000,0.00000,0.00000,1.00000
-305332.34703,-492432.97458,147.95000,481417526.30754,10.01000,251783.00000,4.79000,0.00000,0.00000,1.00000
-305365.36296,-492736.30822,148.27700,481417526.35410,10.13000,149250.00000,5.38000,0.00000,0.00000,1.00000
-305393.34610,-493040.44497,148.24100,481417526.40066,10.28000,250906.00000,4.86000,0.00000,0.00000,1.00000
-305453.70850,-493339.48068,148.28000,481417526.44723,10.20000,494178.00000,4.51000,0.00000,0.00000,1.00000
-305563.71918,-493630.69748,148.20600,481417526.49379,10.00000,3035048.00000,3.33000,0.00000,0.00000,1.00000
-305612.56592,-493931.54917,147.32700,481417526.54035,10.15000,1083171.00000,3.62000,0.00000,0.00000,1.00000
-305595.20350,-494242.82325,146.23800,481417526.58691,10.12000,420294.00000,4.11000,0.00000,0.00000,1.00000
-305860.65065,-494509.57423,145.68400,481417526.63348,10.27000,168258.00000,6.16000,0.00000,0.00000,1.00000
-306828.44665,-494665.76496,149.12200,481417526.68004,10.44000,256948.00000,5.14000,0.00000,0.00000,1.00000
-306711.77933,-494992.67913,145.97100,481417526.72660,10.32000,952479.00000,5.05000,0.00000,0.00000,1.00000
-306173.40286,-495385.97656,142.28100,481417526.77316,10.05000,739241.00000,4.44000,0.00000,0.00000,1.00000
-305665.23895,-495774.50435,138.93300,481417526.81972,9.75000,326694.00000,4.13000,0.00000,0.00000,1.00000
-305345.61243,-496133.35336,136.56000,481417526.86629,9.53000,379721.00000,3.89000,0.00000,0.00000,1.00000
-305575.79440,-496405.67426,135.05400,481417526.91285,9.36000,287894.00000,3.79000,0.00000,0.00000,1.00000
-305105.75264,-496788.18482,131.71800,481417526.95941,9.44000,410899.00000,3.35000,0.00000,0.00000,1.00000
-305108.51381,-497096.28221,129.31500,481417527.00597,9.64000,423289.00000,3.66000,0.00000,0.00000,1.00000
-305118.47942,-497403.26956,125.79300,481417527.05253,9.74000,532031.00000,3.19000,0.00000,0.00000,1.00000
-304701.67002,-497777.38703,122.10300,481417527.09910,9.94000,2535512.00000,3.55000,0.00000,0.00000,1.00000
-304821.72636,-498067.02690,119.47100,481417527.14566,9.79000,1503280.00000,3.79000,0.00000,0.00000,1.00000
-304440.88381,-498435.47076,116.76100,481417527.19222,9.71000,299588.00000,3.52000,0.00000,0.00000,1.00000
-306860.32339,-498363.37731,119.86600,481417527.23878,9.71000,291035.00000,3.94000,0.00000,0.00000,1.00000
-303916.68183,-499135.00281,113.66500,481417527.28535,9.52000,3060811.00000,2.81000,0.00000,0.00000,1.00000
-307491.15773,-498881.24908,139.67300,481417527.33191,9.39000,1963998.00000,2.92000,0.00000,0.00000,1.00000
-307204.60668,-499234.88229,135.80700,481417527.37847,9.35000,1716625.00000,3.70000,0.00000,0.00000,1.00000
-307251.98156,-499535.99647,134.38300,481417527.42504,9.46000,426002.00000,6.22000,0.00000,0.00000,1.00000
-306727.92453,-499926.98642,131.25300,481417527.47160,9.63000,147033.00000,5.88000,0.00000,0.00000,1.00000
-305795.79371,-500382.13932,126.93500,481417527.51816,9.99000,766287.00000,6.26000,0.00000,0.00000,1.00000
-306590.19538,-500565.76120,126.05500,481417527.56472,10.35000,1049993.00000,9.52000,0.00000,0.00000,1.00000
-305031.91168,-501119.36437,125.56100,481417527.61129,10.12000,1512839.00000,7.02000,0.00000,0.00000,1.00000
-305070.62384,-501421.82649,126.40600,481417527.65785,9.97000,2871373.00000,6.15000,0.00000,0.00000,1.00000
-305631.10787,-501642.23694,126.72100,481417527.70442,9.50000,651515.00000,5.06000,0.00000,0.00000,1.00000
-305677.02135,-501943.57472,124.40600,481417527.75098,9.40000,3661309.00000,5.15000,0.00000,0.00000,1.00000
-305974.09705,-502205.40726,124.67700,481417527.79754,8.93000,4799298.00000,3.84000,0.00000,0.00000,1.00000
-305799.05048,-502541.48165,121.77000,481417527.84411,8.73000,3491596.00000,4.37000,0.00000,0.00000,1.00000
-304168.73540,-503106.32857,116.26100,481417527.89067,8.87000,3889205.00000,4.37000,0.00000,0.00000,1.00000
-304847.26118,-503308.21304,114.76700,481417527.93723,9.26000,283380.00000,6.68000,0.00000,0.00000,1.00000
-307130.05460,-503257.91624,115.79600,481417527.98380,9.59000,190463.00000,6.91000,0.00000,0.00000,1.00000
-309651.79424,-503170.04373,127.01300,481417528.03036,9.79000,493387.00000,5.88000,0.00000,0.00000,1.00000
-308812.70619,-505770.59151,113.22400,481417528.40288,10.56000,185211.00000,7.09000,0.00000,0.00000,1.00000
-308818.29161,-506078.30299,111.47600,481417528.44944,10.66000,201934.00000,6.38000,0.00000,0.00000,1.00000
-308208.47151,-506482.69422,107.72500,481417528.49601,10.91000,234243.00000,6.01000,0.00000,0.00000,1.00000
-308620.71197,-506726.50395,107.41000,481417528.54257,10.55000,248621.00000,6.85000,0.00000,0.00000,1.00000
-308118.13030,-507114.04688,103.67800,481417528.58914,10.47000,413900.00000,7.35000,0.00000,0.00000,1.00000
-307344.90286,-507544.09413,100.29100,481417528.63570,10.11000,315744.00000,7.79000,0.00000,0.00000,1.00000
-306310.38133,-508015.16399,100.34000,481417528.68227,9.65000,1814421.00000,5.44000,0.00000,0.00000,1.00000
-306138.15073,-508350.78342,101.20100,481417528.72883,9.42000,1487732.00000,4.94000,0.00000,0.00000,1.00000
-305625.45637,-508739.86227,102.23300,481417528.77540,9.37000,934101.00000,4.85000,0.00000,0.00000,1.00000
-305179.70041,-509118.42146,103.03300,481417528.82196,9.62000,296759.00000,7.31000,0.00000,0.00000,1.00000
-304683.55375,-509504.88183,105.30200,481417528.86853,9.89000,677167.00000,5.80000,0.00000,0.00000,1.00000
-304211.68648,-511121.69252,109.35800,481417529.10135,10.87000,778872.00000,5.26000,0.00000,0.00000,1.00000
-304853.49951,-511329.47623,107.37100,481417529.14791,11.13000,378832.00000,7.85000,0.00000,0.00000,1.00000
-304884.21995,-511633.20379,109.12600,481417529.19448,11.30000,411133.00000,6.71000,0.00000,0.00000,1.00000
-305392.87580,-511861.89997,109.57600,481417529.24104,11.64000,1201901.00000,6.86000,0.00000,0.00000,1.00000
-306776.03728,-510319.97049,98.01800,481536430.67662,11.40000,122105.00000,7.06000,0.00000,0.00000,0.00000
-306811.88354,-509761.35179,97.83500,481536430.72315,10.75000,1241949.00000,4.50000,0.00000,0.00000,0.00000
-307053.48473,-508415.68741,100.80500,481536430.81619,10.71000,259972.00000,5.34000,0.00000,0.00000,0.00000
-306440.16522,-508729.91501,101.68000,481536430.86271,10.98000,314319.00000,7.71000,0.00000,0.00000,0.00000
-306506.00603,-508131.00570,99.69700,481536430.90923,10.91000,291028.00000,6.59000,0.00000,0.00000,0.00000
-306410.20751,-507749.42260,98.98500,481536430.95576,10.79000,485625.00000,4.68000,0.00000,0.00000,0.00000
-305910.29391,-507911.15194,98.93600,481536431.00228,10.41000,2429668.00000,3.81000,0.00000,0.00000,0.00000
-306138.23575,-507094.33539,100.40600,481536431.04880,9.80000,833459.00000,4.20000,0.00000,0.00000,0.00000
-306923.23588,-505528.57136,103.18600,481536431.09532,8.56000,1428432.00000,4.31000,0.00000,0.00000,0.00000
-307033.41598,-504870.09199,107.05600,481536431.14184,7.25000,3717843.00000,4.13000,0.00000,0.00000,0.00000
-304707.59952,-507486.60997,102.87800,481536431.18837,6.19000,2042498.00000,3.97000,0.00000,0.00000,0.00000
-303029.19990,-509232.58047,120.84100,481536431.23489,5.77000,1799410.00000,4.16000,0.00000,0.00000,0.00000
-308213.03428,-501753.21610,122.21400,481536431.28141,5.99000,437310.00000,4.96000,0.00000,0.00000,0.00000
-307335.15177,-502423.18774,116.47100,481536431.32793,6.41000,917537.00000,3.59000,0.00000,0.00000,0.00000
-304293.65000,-506001.74526,105.93000,481536431.37445,7.55000,1280613.00000,6.11000,0.00000,0.00000,0.00000
-303904.99532,-506013.90411,106.05400,481536431.42098,8.48000,2245275.00000,5.06000,0.00000,0.00000,0.00000
-303173.02438,-506487.52977,108.51400,481536431.46750,9.08000,398539.00000,3.73000,0.00000,0.00000,0.00000
-303437.08860,-505622.26076,109.48000,481536431.51402,9.82000,464302.00000,4.82000,0.00000,0.00000,0.00000
-303258.75824,-505351.66644,108.83600,481536431.56054,10.25000,486528.00000,7.18000,0.00000,0.00000,0.00000
-303823.98656,-504081.59819,110.34400,481536431.60706,10.31000,476711.00000,8.26000,0.00000,0.00000,0.00000
-303734.75468,-503691.26051,110.98700,481536431.65359,10.27000,368670.00000,7.60000,0.00000,0.00000,0.00000
-303034.95470,-504121.64816,110.26100,481536431.70011,10.03000,752534.00000,5.07000,0.00000,0.00000,0.00000
-304016.05596,-502292.59486,124.12800,481536431.74663,9.78000,1505171.00000,4.13000,0.00000,0.00000,0.00000
-303517.04084,-502453.10543,124.80300,481536431.79316,9.52000,455595.00000,3.89000,0.00000,0.00000,0.00000
-303115.37337,-502482.76764,123.22000,481536431.83968,9.63000,226037.00000,4.03000,0.00000,0.00000,0.00000
-302864.49584,-502309.72779,121.95100,481536431.88620,9.94000,291991.00000,4.23000,0.00000,0.00000,0.00000
-302542.77858,-502231.89159,121.40500,481536431.93272,10.07000,645850.00000,3.49000,0.00000,0.00000,0.00000
-299411.76346,-505929.80538,109.75200,481536431.97925,10.39000,1263444.00000,3.30000,0.00000,0.00000,0.00000
-298930.93959,-506065.72905,110.86800,481536432.02577,10.72000,808045.00000,3.90000,0.00000,0.00000,0.00000
-298866.05513,-505642.67228,106.98600,481536432.07229,11.18000,1049238.00000,4.58000,0.00000,0.00000,0.00000
-299044.13322,-504893.08865,101.63800,481536432.11882,11.52000,1264067.00000,4.67000,0.00000,0.00000,0.00000
-299219.61961,-504147.02320,97.38400,481536432.16534,11.68000,282940.00000,5.70000,0.00000,0.00000,0.00000
-299157.36259,-503720.45247,95.39900,481536432.21186,11.79000,351462.00000,7.06000,0.00000,0.00000,0.00000
-298933.42667,-503511.16295,95.32100,481536432.25839,11.62000,406021.00000,6.95000,0.00000,0.00000,0.00000
-298901.17814,-503044.29748,95.02400,481536432.30491,11.59000,295682.00000,6.16000,0.00000,0.00000,0.00000
-298798.07621,-502672.62279,95.18500,481536432.35143,11.52000,593261.00000,4.85000,0.00000,0.00000,0.00000
-298571.54883,-502466.85218,95.15800,481536432.39795,11.44000,415863.00000,5.39000,0.00000,0.00000,0.00000
-298297.63436,-502324.73229,94.65100,481536432.44448,11.30000,319090.00000,5.31000,0.00000,0.00000,0.00000
-298015.89835,-502193.12718,94.15500,481536432.49100,11.12000,612918.00000,3.92000,0.00000,0.00000,0.00000
-297219.08330,-502753.65563,94.80300,481536432.53753,11.41000,2108604.00000,3.51000,0.00000,0.00000,0.00000
-298385.65142,-500675.89128,95.89200,481536432.58405,11.61000,2696231.00000,3.14000,0.00000,0.00000,0.00000
-298789.38188,-499623.20767,97.43100,481536432.63057,12.00000,613535.00000,3.62000,0.00000,0.00000,0.00000
-299474.32930,-498192.65751,103.94000,481536432.67710,12.30000,760251.00000,3.99000,0.00000,0.00000,0.00000
-299039.62818,-498266.65777,104.14500,481536432.72362,12.31000,346657.00000,4.91000,0.00000,0.00000,0.00000
-298622.30884,-498317.28707,105.01400,481536432.77015,11.91000,303816.00000,4.65000,0.00000,0.00000,0.00000
-298365.81145,-498151.81821,107.97400,481536432.81667,11.50000,652931.00000,4.68000,0.00000,0.00000,0.00000
-298017.59605,-498109.57035,110.50400,481536432.86319,11.20000,299863.00000,4.32000,0.00000,0.00000,0.00000
-297463.36493,-498344.16535,111.49800,481536432.90972,11.15000,271965.00000,4.84000,0.00000,0.00000,0.00000
-297122.55048,-498291.98683,111.93700,481536432.95624,11.25000,120158.00000,6.73000,0.00000,0.00000,0.00000
-296925.61729,-498046.49567,111.88600,481536433.00276,11.36000,238917.00000,8.46000,0.00000,0.00000,0.00000
-296821.27223,-497676.60890,113.05200,481536433.04929,11.15000,286173.00000,6.41000,0.00000,0.00000,0.00000
-296703.44483,-497324.81376,115.14400,481536433.09581,10.97000,239839.00000,5.22000,0.00000,0.00000,0.00000
-296289.61531,-497370.74912,116.49300,481536433.14233,10.77000,329033.00000,5.76000,0.00000,0.00000,0.00000
-295742.33554,-497595.96449,117.69900,481536433.18886,10.67000,245643.00000,5.20000,0.00000,0.00000,0.00000
-295224.60371,-497781.44945,120.16600,481536433.23538,10.35000,409980.00000,4.26000,0.00000,0.00000,0.00000
-294899.88051,-497707.64065,124.03300,481536433.28190,10.03000,556442.00000,3.49000,0.00000,0.00000,0.00000
-294564.72136,-497647.83789,128.74500,481536433.32843,9.56000,672328.00000,2.98000,0.00000,0.00000,0.00000
-294301.28609,-497491.67060,133.16100,481536433.37495,9.19000,1387092.00000,2.86000,0.00000,0.00000,0.00000
-294072.63728,-497288.79745,136.47600,481536433.42147,8.94000,694127.00000,2.85000,0.00000,0.00000,0.00000
-293890.06575,-497024.02245,137.87900,481536433.46799,8.78000,588295.00000,3.31000,0.00000,0.00000,0.00000
-293740.09546,-496715.44429,137.57400,481536433.51452,8.88000,370976.00000,3.49000,0.00000,0.00000,0.00000
-293571.44001,-496431.98167,137.16600,481536433.56104,9.10000,1703340.00000,3.53000,0.00000,0.00000,0.00000
-293381.49176,-496177.13671,135.70400,481536433.60756,9.59000,381266.00000,3.34000,0.00000,0.00000,0.00000
-293186.75501,-495928.70057,134.26200,481536433.65409,10.05000,227446.00000,4.28000,0.00000,0.00000,0.00000
-293068.10279,-495578.08387,132.92400,481536433.70061,10.21000,235201.00000,4.45000,0.00000,0.00000,0.00000
-292821.20682,-495399.72097,130.93700,481536433.74713,10.51000,176934.00000,6.07000,0.00000,0.00000,0.00000
-292793.41782,-494927.05667,129.98200,481536433.79365,10.75000,239402.00000,9.39000,0.00000,0.00000,0.00000
-293003.86335,-494134.39560,130.36100,481536433.84018,10.78000,196601.00000,7.10000,0.00000,0.00000,0.00000
-292441.80557,-494379.39404,127.96700,481536433.88670,11.00000,230559.00000,8.25000,0.00000,0.00000,0.00000
-291710.18680,-494852.11125,126.68700,481536433.93322,11.28000,124033.00000,11.17000,0.00000,0.00000,0.00000
-290829.43656,-495525.10286,127.37500,481536433.97975,11.12000,380251.00000,7.06000,0.00000,0.00000,0.00000
-290274.30609,-495760.72129,129.67300,481536434.02627,11.03000,1781813.00000,5.19000,0.00000,0.00000,0.00000
-290120.01921,-495457.98154,125.46200,481536434.07279,10.63000,3042096.00000,5.08000,0.00000,0.00000,0.00000
-289867.04382,-495287.76603,128.31300,481536434.11932,10.18000,5135294.00000,4.28000,0.00000,0.00000,0.00000
-289853.63389,-494795.83142,132.09900,481536434.16584,9.88000,268387.00000,5.63000,0.00000,0.00000,0.00000
-290143.68868,-493896.33900,133.62000,481536434.21236,9.33000,475115.00000,4.29000,0.00000,0.00000,0.00000
-290002.46298,-493576.08493,138.18200,481536434.25889,9.13000,3679671.00000,3.15000,0.00000,0.00000,0.00000
-289975.57500,-493102.25658,140.33700,481536434.30541,8.95000,984265.00000,2.38000,0.00000,0.00000,0.00000
-289554.80035,-493157.43820,146.14400,481536434.35193,8.80000,3757707.00000,1.75000,0.00000,0.00000,0.00000
-289290.54131,-493002.41186,146.96700,481536434.39845,8.75000,1140705.00000,2.25000,0.00000,0.00000,0.00000
-289085.41693,-492767.98678,146.48600,481536434.44498,8.76000,501180.00000,2.85000,0.00000,0.00000,0.00000
-288918.98569,-492481.58812,145.44100,481536434.49150,8.56000,732874.00000,3.05000,0.00000,0.00000,0.00000
-288672.55828,-492302.61743,143.38000,481536434.53802,8.42000,345827.00000,3.37000,0.00000,0.00000,0.00000
-288430.04736,-492118.39403,141.54400,481536434.58455,8.41000,337115.00000,3.94000,0.00000,0.00000,0.00000
-288208.84278,-491905.56079,139.77200,481536434.63107,8.55000,320810.00000,3.73000,0.00000,0.00000,0.00000
-288028.07978,-491638.42696,136.81400,481536434.67759,8.83000,303191.00000,5.91000,0.00000,0.00000,0.00000
-287780.79056,-491460.62303,134.93900,481536434.72412,9.16000,299521.00000,5.57000,0.00000,0.00000,0.00000
-287329.13861,-491557.21534,132.98900,481536434.77064,9.49000,282329.00000,7.29000,0.00000,0.00000,0.00000
-287395.78112,-490957.86893,132.33400,481536434.81716,9.52000,276687.00000,7.20000,0.00000,0.00000,0.00000
-287216.32689,-490688.97878,131.74700,481536434.86369,9.40000,415153.00000,6.89000,0.00000,0.00000,0.00000
-286368.99591,-491316.86614,129.77300,481536434.91021,9.62000,250838.00000,7.06000,0.00000,0.00000,0.00000
-296070.78163,-481391.73434,158.87200,481590177.07989,7.38000,241409.00000,4.11000,0.00000,0.00000,1.00000
-295693.69539,-481753.51891,156.06800,481590177.12651,7.62000,467117.00000,5.26000,0.00000,0.00000,1.00000
-295253.09214,-482124.34062,153.01400,481590177.17312,8.14000,544309.00000,6.02000,0.00000,0.00000,1.00000
-295003.74823,-482467.94829,152.85100,481590177.21974,8.29000,246661.00000,5.63000,0.00000,0.00000,1.00000
-295403.99470,-482719.11405,152.99900,481590177.26635,8.33000,325827.00000,5.48000,0.00000,0.00000,1.00000
-296370.83713,-482889.67579,155.41200,481590177.31297,8.43000,283908.00000,7.17000,0.00000,0.00000,1.00000
-296974.62745,-483111.89743,157.36900,481590177.35959,8.75000,145894.00000,8.34000,0.00000,0.00000,1.00000
-296707.22920,-483458.07467,156.49500,481590177.40620,8.77000,317468.00000,10.94000,0.00000,0.00000,1.00000
-295834.24830,-483890.39541,154.56200,481590177.45282,8.41000,206223.00000,8.59000,0.00000,0.00000,1.00000
-295248.52789,-484281.82618,154.11000,481590177.49944,8.23000,414306.00000,5.62000,0.00000,0.00000,1.00000
-294916.87773,-484637.12096,154.82800,481590177.54605,8.21000,1005689.00000,4.19000,0.00000,0.00000,1.00000
-294770.71734,-484966.02427,155.79500,481590177.59267,8.22000,5322407.00000,3.29000,0.00000,0.00000,1.00000
-296190.86090,-485072.17214,150.05400,481590177.63929,8.30000,445376.00000,3.73000,0.00000,0.00000,1.00000
-296227.32165,-485375.12225,149.36500,481590177.68590,8.50000,322173.00000,4.24000,0.00000,0.00000,1.00000
-296008.25844,-485714.41012,148.33700,481590177.73252,8.55000,234922.00000,5.41000,0.00000,0.00000,1.00000
-295968.91736,-486028.12807,147.60900,481590177.77914,8.84000,241903.00000,6.54000,0.00000,0.00000,1.00000
-295774.39123,-486363.92627,146.67900,481590177.82575,9.10000,211930.00000,7.97000,0.00000,0.00000,1.00000
-295885.18098,-486656.29735,146.53300,481590177.87237,9.42000,227272.00000,8.72000,0.00000,0.00000,1.00000
-295848.71873,-486969.60703,146.27800,481590177.91899,9.35000,161726.00000,7.79000,0.00000,0.00000,1.00000
-296033.13187,-487251.51772,146.13300,481590177.96561,9.07000,218466.00000,8.10000,0.00000,0.00000,1.00000
-295780.84558,-487595.51740,145.50400,481590178.01222,9.03000,2618411.00000,5.71000,0.00000,0.00000,1.00000
-295558.14804,-487935.30380,144.92900,481590178.05884,9.04000,491662.00000,4.97000,0.00000,0.00000,1.00000
-295274.81386,-488283.71237,144.50500,481590178.10546,9.06000,1740307.00000,3.51000,0.00000,0.00000,1.00000
-295082.42281,-488619.18079,138.73900,481590178.15207,9.03000,5784075.00000,3.15000,0.00000,0.00000,1.00000
-294904.46579,-488952.60119,138.12800,481590178.19869,9.23000,4212989.00000,3.50000,0.00000,0.00000,1.00000
-295981.78975,-489107.62174,133.08200,481590178.24531,9.39000,759219.00000,3.68000,0.00000,0.00000,1.00000
-296064.41552,-489404.01523,132.62600,481590178.29193,9.48000,1472665.00000,4.17000,0.00000,0.00000,1.00000
-295345.05691,-489814.36466,132.58600,481590178.33855,9.60000,1068311.00000,5.28000,0.00000,0.00000,1.00000
-295027.76680,-490167.57898,132.25900,481590178.38516,9.89000,1754788.00000,5.20000,0.00000,0.00000,1.00000
-294786.98769,-490509.91182,132.88100,481590178.43178,10.08000,883442.00000,7.97000,0.00000,0.00000,1.00000
-294993.03444,-490788.76400,133.34300,481590178.47840,9.94000,156360.00000,5.81000,0.00000,0.00000,1.00000
-295347.06305,-491046.59968,133.81800,481590178.52502,9.81000,662671.00000,5.07000,0.00000,0.00000,1.00000
-295479.47823,-491335.91909,132.79200,481590178.57164,9.76000,1457153.00000,4.20000,0.00000,0.00000,1.00000
-295614.78278,-491624.83329,130.54000,481590178.61825,9.83000,1763802.00000,4.29000,0.00000,0.00000,1.00000
-295934.16124,-491887.60225,130.11400,481590178.66487,9.57000,2368210.00000,4.79000,0.00000,0.00000,1.00000
-295356.97313,-492277.71643,131.38300,481590178.71149,9.55000,4725820.00000,3.33000,0.00000,0.00000,1.00000
-295076.46958,-492625.68297,132.30500,481590178.75811,9.63000,1782336.00000,2.88000,0.00000,0.00000,1.00000
-294547.63935,-493008.91094,134.60700,481590178.80473,9.68000,555374.00000,3.39000,0.00000,0.00000,1.00000
-294713.97355,-493293.42321,135.04500,481590178.85134,9.74000,364400.00000,2.66000,0.00000,0.00000,1.00000
-294965.47820,-493565.82942,134.67200,481590178.89796,9.80000,332151.00000,2.59000,0.00000,0.00000,1.00000
-295006.19925,-493868.18282,134.73600,481590178.94458,9.90000,378879.00000,2.94000,0.00000,0.00000,1.00000
-297505.69563,-493821.41449,118.42800,481590178.99120,10.07000,1247991.00000,2.76000,0.00000,0.00000,1.00000
-295082.58174,-494473.60464,134.99900,481590179.03782,10.16000,391962.00000,2.83000,0.00000,0.00000,1.00000
-297779.17402,-494398.90014,118.06100,481590179.08444,10.25000,674209.00000,3.15000,0.00000,0.00000,1.00000
-297336.93145,-494769.83220,117.66200,481590179.13105,10.15000,1006478.00000,3.35000,0.00000,0.00000,1.00000
-297228.21101,-495093.41811,117.96200,481590179.17767,10.37000,1603902.00000,2.77000,0.00000,0.00000,1.00000
-296738.31669,-495471.10998,117.67400,481590179.22429,10.54000,1199962.00000,2.88000,0.00000,0.00000,1.00000
-296563.17476,-495804.12018,118.75500,481590179.27091,10.55000,864157.00000,2.75000,0.00000,0.00000,1.00000
-296073.27320,-496181.79888,119.08400,481590179.31753,10.71000,800337.00000,3.04000,0.00000,0.00000,1.00000
-301719.11512,-495688.57301,118.83700,481590179.36415,10.78000,1345719.00000,2.67000,0.00000,0.00000,1.00000
-301278.26515,-496059.34618,120.59000,481590179.41077,10.77000,1971941.00000,2.30000,0.00000,0.00000,1.00000
-301204.94090,-496377.93803,116.38900,481590179.45739,10.93000,2422945.00000,2.97000,0.00000,0.00000,1.00000
-301257.91105,-496678.59197,117.78300,481590179.50401,11.08000,2716034.00000,3.28000,0.00000,0.00000,1.00000
-296410.31936,-497674.68070,112.69100,481590179.55063,11.19000,3492291.00000,3.41000,0.00000,0.00000,1.00000
-295906.67116,-498054.28161,112.88900,481590179.59725,11.17000,3277630.00000,3.60000,0.00000,0.00000,1.00000
-295475.21621,-498423.64010,113.12700,481590179.64386,11.21000,8737337.00000,3.80000,0.00000,0.00000,1.00000
-295159.98123,-498776.49032,113.23700,481590179.69048,11.16000,2642410.00000,5.21000,0.00000,0.00000,1.00000
-294654.87359,-499156.27412,113.63900,481590179.73710,11.28000,2696745.00000,5.69000,0.00000,0.00000,1.00000
-294645.01544,-499465.80926,112.96200,481590179.78372,11.49000,1747060.00000,5.61000,0.00000,0.00000,1.00000
-295114.52191,-499707.35227,110.44100,481590179.83034,11.44000,4176007.00000,5.70000,0.00000,0.00000,1.00000
-295514.72551,-499958.73178,108.40800,481590179.87696,11.59000,4376949.00000,4.65000,0.00000,0.00000,1.00000
-295182.85783,-500313.93391,103.20900,481590179.92358,11.77000,835555.00000,4.22000,0.00000,0.00000,1.00000
-296058.11303,-500497.94767,99.67100,481590179.97020,11.92000,809467.00000,5.54000,0.00000,0.00000,1.00000
-297620.70701,-500584.51028,97.90400,481590180.01682,12.35000,605037.00000,7.24000,0.00000,0.00000,1.00000
-297140.11087,-500960.81807,96.72400,481590180.06344,12.46000,683795.00000,7.98000,0.00000,0.00000,1.00000
-296460.24313,-501365.37464,96.05900,481590180.11006,12.41000,278653.00000,8.06000,0.00000,0.00000,1.00000
-296991.85726,-501598.15299,94.54000,481590180.15668,12.52000,1448952.00000,7.77000,0.00000,0.00000,1.00000
-297933.56779,-501772.79746,94.28900,481590180.20330,12.40000,1857198.00000,8.04000,0.00000,0.00000,1.00000
-297491.93624,-502143.56136,93.43200,481590180.24992,12.80000,1200248.00000,8.00000,0.00000,0.00000,1.00000
-296849.59088,-502542.78215,93.79400,481590180.29654,12.95000,4252302.00000,6.49000,0.00000,0.00000,1.00000
-296041.91457,-502965.44227,98.00400,481590180.34316,12.91000,581419.00000,6.84000,0.00000,0.00000,1.00000
-296901.30093,-503151.76992,97.73300,481590180.38978,12.72000,476818.00000,7.45000,0.00000,0.00000,1.00000
-298724.56514,-503201.50518,101.04900,481590180.43640,12.29000,795114.00000,6.89000,0.00000,0.00000,1.00000
-297826.61984,-503636.94678,100.48200,481590180.48302,12.14000,1274659.00000,6.07000,0.00000,0.00000,1.00000
-297013.87306,-504060.30478,100.53200,481590180.52964,12.13000,1230712.00000,4.84000,0.00000,0.00000,1.00000
-296730.33838,-504408.64255,100.51800,481590180.57626,11.94000,1731672.00000,4.63000,0.00000,0.00000,1.00000
-297191.90555,-504651.38939,99.54800,481590180.62288,11.87000,2968062.00000,5.22000,0.00000,0.00000,1.00000
-299040.45332,-504697.60103,100.55500,481590180.66951,11.97000,630283.00000,6.90000,0.00000,0.00000,1.00000
-298502.04490,-505082.07333,99.84600,481590180.71613,11.54000,1262138.00000,6.41000,0.00000,0.00000,1.00000
-296807.70213,-505630.31268,107.05500,481590180.76275,11.26000,5796679.00000,5.09000,0.00000,0.00000,1.00000
-297180.45422,-505885.65264,106.93600,481590180.80937,11.24000,649036.00000,5.65000,0.00000,0.00000,1.00000
-297958.25458,-506083.61666,107.15200,481590180.85599,11.16000,290310.00000,6.49000,0.00000,0.00000,1.00000
-298216.21891,-506355.24718,106.12800,481590180.90261,11.16000,1006641.00000,7.24000,0.00000,0.00000,1.00000
-298103.77670,-506679.32667,104.18600,481590180.94923,11.29000,289666.00000,7.83000,0.00000,0.00000,1.00000
-298911.19397,-506873.12926,105.13600,481590180.99585,11.23000,281237.00000,8.38000,0.00000,0.00000,1.00000
-299540.26227,-507092.17763,105.48700,481590181.04247,11.07000,1315033.00000,6.41000,0.00000,0.00000,1.00000
-298627.81457,-507529.59612,106.98800,481590181.08909,11.08000,1758769.00000,5.56000,0.00000,0.00000,1.00000
-299045.33389,-507778.63384,107.60800,481590181.13571,10.88000,1468840.00000,6.65000,0.00000,0.00000,1.00000
-299795.70325,-507980.52921,109.34400,481590181.18233,10.65000,619238.00000,6.30000,0.00000,0.00000,1.00000
-298863.04249,-508420.79477,103.67900,481590181.22895,10.46000,2131127.00000,6.51000,0.00000,0.00000,1.00000
-298539.02931,-508774.84419,102.65500,481590181.27557,10.32000,1176747.00000,6.82000,0.00000,0.00000,1.00000
-297892.25832,-509174.58184,101.66800,481590181.32219,9.93000,1560475.00000,5.29000,0.00000,0.00000,1.00000
-297557.41078,-509530.16708,101.49500,481590181.36881,9.63000,642848.00000,5.45000,0.00000,0.00000,1.00000
-298338.10453,-509727.79355,100.98400,481590181.41543,9.50000,391777.00000,5.21000,0.00000,0.00000,1.00000
-297025.59944,-510221.77090,99.38400,481590181.46205,9.35000,3019776.00000,4.02000,0.00000,0.00000,1.00000
-298820.04425,-510275.90291,106.64000,481590181.50867,9.33000,5426923.00000,4.06000,0.00000,0.00000,1.00000
-299356.69316,-510508.11574,108.40800,481590181.55529,9.45000,3053306.00000,5.86000,0.00000,0.00000,1.00000
-300530.17887,-510650.16803,112.13900,481590181.60191,9.77000,793869.00000,5.51000,0.00000,0.00000,1.00000
-300900.74573,-510905.89572,115.62700,481590181.64853,9.79000,994417.00000,4.17000,0.00000,0.00000,1.00000
-300757.22647,-511234.38688,113.35400,481590181.69515,9.77000,1977300.00000,4.82000,0.00000,0.00000,1.00000
-299566.73827,-511711.07819,107.59300,481590181.74177,9.69000,1697072.00000,6.05000,0.00000,0.00000,1.00000
-299222.47403,-512067.97017,105.49100,481590181.78839,9.71000,954252.00000,6.45000,0.00000,0.00000,1.00000
-299325.88451,-512361.51160,104.67700,481590181.83501,9.95000,724698.00000,7.16000,0.00000,0.00000,1.00000
-299221.33796,-512684.48103,103.82600,481590181.88163,10.18000,808226.00000,8.23000,0.00000,0.00000,1.00000
-299224.37356,-512992.22198,103.58600,481590181.92825,10.05000,529434.00000,6.60000,0.00000,0.00000,1.00000
-298962.40913,-513337.46188,102.81800,481590181.97487,10.19000,1173393.00000,5.62000,0.00000,0.00000,1.00000
-299169.05896,-513616.38677,103.63400,481590182.02149,10.23000,2190739.00000,4.51000,0.00000,0.00000,1.00000
-299995.24858,-513807.67902,107.61900,481590182.06811,10.36000,2316859.00000,3.45000,0.00000,0.00000,1.00000
-300120.30045,-514098.16317,110.18900,481590182.11473,10.57000,722713.00000,5.37000,0.00000,0.00000,1.00000
-299795.50951,-514452.28599,107.40100,481590182.16135,10.96000,70166.00000,9.22000,0.00000,0.00000,1.00000
-300563.21585,-514651.87255,108.54700,481590182.20797,11.04000,84091.00000,9.59000,0.00000,0.00000,1.00000
-302332.82454,-513820.56336,114.01400,481709083.45442,9.93000,1384500.00000,7.00000,0.00000,0.00000,0.00000
-302770.26713,-512749.88715,115.60500,481709083.50099,9.72000,338418.00000,5.64000,0.00000,0.00000,0.00000
-298931.49895,-515748.03591,108.51000,481709083.68729,9.07000,380741.00000,3.90000,0.00000,0.00000,0.00000
-298638.15275,-515629.42799,108.37900,481709083.73387,8.72000,261083.00000,3.66000,0.00000,0.00000,0.00000
-298356.78901,-515495.21935,106.94600,481709083.78044,8.47000,406586.00000,3.41000,0.00000,0.00000,0.00000
-301077.35278,-511450.45311,119.37500,481709083.82702,8.36000,1795055.00000,2.97000,0.00000,0.00000,0.00000
-301005.90911,-511042.84103,116.40300,481709083.87359,8.38000,3409909.00000,2.61000,0.00000,0.00000,0.00000
-300692.63732,-510950.26217,112.48700,481709083.92017,8.74000,6521762.00000,2.76000,0.00000,0.00000,0.00000
-300467.66337,-510742.64354,110.01400,481709083.96674,8.98000,2531815.00000,4.39000,0.00000,0.00000,0.00000
-300313.69071,-510442.55017,111.06700,481709084.01332,8.95000,4447556.00000,3.25000,0.00000,0.00000,0.00000
-299750.59235,-510675.39941,107.91500,481709084.05990,8.85000,2219554.00000,3.60000,0.00000,0.00000,0.00000
-299411.57176,-510616.32637,108.50700,481709084.10647,8.97000,834031.00000,4.52000,0.00000,0.00000,0.00000
-299603.73754,-509865.37722,110.03400,481709084.15305,9.14000,524156.00000,4.77000,0.00000,0.00000,0.00000
-299461.74833,-509549.66795,111.46100,481709084.19963,9.25000,1336417.00000,3.61000,0.00000,0.00000,0.00000
-298994.93812,-509657.06634,111.60700,481709084.24620,9.40000,2724181.00000,3.46000,0.00000,0.00000,0.00000
-298590.69365,-509682.95186,110.40800,481709084.29278,9.51000,1453816.00000,2.57000,0.00000,0.00000,0.00000
-298127.42911,-509785.71429,107.02000,481709084.33935,9.87000,2248612.00000,3.51000,0.00000,0.00000,0.00000
-297965.48391,-509496.01021,104.42500,481709084.38593,10.29000,438801.00000,4.58000,0.00000,0.00000,0.00000
-298098.21189,-508822.51269,103.63400,481709084.43251,10.54000,427905.00000,6.19000,0.00000,0.00000,0.00000
-298470.58148,-507836.90000,106.04200,481709084.47908,10.67000,1141364.00000,5.91000,0.00000,0.00000,0.00000
-298113.83157,-507800.93881,105.41000,481709084.52566,10.60000,1709701.00000,4.58000,0.00000,0.00000,0.00000
-297931.49811,-507537.84163,106.16800,481709084.57224,10.83000,314225.00000,5.35000,0.00000,0.00000,0.00000
-297236.13262,-507942.86733,103.85600,481709084.61881,11.29000,282122.00000,9.95000,0.00000,0.00000,0.00000
-296234.53860,-508746.70184,102.59000,481709084.66539,11.47000,266459.00000,6.83000,0.00000,0.00000,0.00000
-295676.73375,-508972.54603,101.07100,481709084.71197,11.96000,645148.00000,8.42000,0.00000,0.00000,0.00000
-295106.05734,-509215.14559,103.13100,481709084.75854,11.99000,590549.00000,7.24000,0.00000,0.00000,0.00000
-295047.53689,-508790.75580,103.72200,481709084.80512,12.46000,1367906.00000,6.72000,0.00000,0.00000,0.00000
-295096.87129,-508225.93049,104.43600,481709084.85170,12.55000,843500.00000,7.05000,0.00000,0.00000,0.00000
-295145.31876,-507662.25695,105.69000,481709084.89828,12.66000,1129884.00000,6.32000,0.00000,0.00000,0.00000
-294933.24943,-507437.85104,106.96800,481709084.94485,12.39000,1178091.00000,6.11000,0.00000,0.00000,0.00000
-294576.49609,-507401.85511,107.66100,481709084.99143,12.20000,715207.00000,6.03000,0.00000,0.00000,0.00000
-294418.13855,-507107.51957,108.15100,481709085.03801,12.11000,746391.00000,5.70000,0.00000,0.00000,0.00000
-294227.37780,-506855.36398,108.43500,481709085.08458,11.98000,1579952.00000,5.45000,0.00000,0.00000,0.00000
-293757.89635,-506966.15681,108.19200,481709085.13116,11.96000,652511.00000,6.07000,0.00000,0.00000,0.00000
-293398.48455,-506933.61980,108.27800,481709085.17774,12.04000,1082272.00000,6.35000,0.00000,0.00000,0.00000
-292560.60429,-507524.07690,109.45200,481709085.22431,11.90000,714989.00000,6.11000,0.00000,0.00000,0.00000
-291656.57690,-508200.62084,113.35500,481709085.27089,11.84000,618375.00000,6.24000,0.00000,0.00000,0.00000
-290842.19888,-508760.40277,118.83200,481709085.31747,11.75000,2990541.00000,5.12000,0.00000,0.00000,0.00000
-290316.33012,-508944.54152,122.44600,481709085.36405,11.80000,6445073.00000,5.23000,0.00000,0.00000,0.00000
-291025.71073,-507520.40014,108.16300,481709085.41062,11.73000,1510947.00000,4.20000,0.00000,0.00000,0.00000
-290659.18538,-507497.07773,108.27100,481709085.45720,11.87000,1514456.00000,5.61000,0.00000,0.00000,0.00000
-289867.43343,-508027.38060,112.91700,481709085.50378,12.38000,461408.00000,8.65000,0.00000,0.00000,0.00000
-290224.42910,-507062.08246,107.83900,481709085.55035,12.83000,196570.00000,11.77000,0.00000,0.00000,0.00000
-291063.49177,-505469.19859,103.98200,481709085.59693,12.38000,256541.00000,8.03000,0.00000,0.00000,0.00000
-291191.90635,-504801.52415,104.49300,481709085.64351,12.18000,416402.00000,6.96000,0.00000,0.00000,0.00000
-291053.55792,-504481.17126,105.40900,481709085.69008,12.06000,1104313.00000,5.36000,0.00000,0.00000,0.00000
-290910.77194,-504166.59480,106.29900,481709085.73666,11.81000,2057066.00000,5.58000,0.00000,0.00000,0.00000
-290686.31770,-503958.35366,107.36500,481709085.78324,11.72000,2802150.00000,4.50000,0.00000,0.00000,0.00000
-290420.58573,-503803.85661,108.40400,481709085.82982,11.86000,1977140.00000,4.94000,0.00000,0.00000,0.00000
-290199.23734,-503591.55915,109.85700,481709085.87639,11.60000,4046385.00000,4.12000,0.00000,0.00000,0.00000
-289947.70773,-503418.55843,111.93100,481709085.92297,11.29000,1668358.00000,5.34000,0.00000,0.00000,0.00000
-289816.03003,-503089.53611,114.59200,481709085.96955,11.18000,3141144.00000,5.12000,0.00000,0.00000,0.00000
-289567.61627,-502912.49771,118.07600,481709086.01612,10.89000,846667.00000,4.19000,0.00000,0.00000,0.00000
-289113.67349,-503002.98751,121.55000,481709086.06270,10.59000,1344087.00000,4.24000,0.00000,0.00000,0.00000
-288754.28580,-502970.39666,124.75300,481709086.10928,10.37000,388931.00000,3.92000,0.00000,0.00000,0.00000
-288381.57364,-502955.12521,128.00200,481709086.15586,10.24000,496376.00000,4.07000,0.00000,0.00000,0.00000
-288087.44500,-502837.59119,129.97700,481709086.20243,10.16000,332837.00000,4.56000,0.00000,0.00000,0.00000
-287965.10150,-502496.42783,131.55400,481709086.24901,10.17000,359041.00000,6.11000,0.00000,0.00000,0.00000
-287835.66748,-502164.51735,132.31600,481709086.29559,10.19000,755505.00000,7.33000,0.00000,0.00000,0.00000
-287584.16115,-501991.50926,133.24700,481709086.34216,10.09000,693760.00000,4.80000,0.00000,0.00000,0.00000
-287252.31061,-501923.08434,132.87700,481709086.38874,10.25000,233269.00000,5.24000,0.00000,0.00000,0.00000
-287001.68771,-501748.90586,132.57500,481709086.43531,10.32000,337569.00000,7.86000,0.00000,0.00000,0.00000
-287006.76880,-501241.91768,132.46600,481709086.48189,10.05000,62626.00000,8.64000,0.00000,0.00000,0.00000
-286914.19627,-500862.05671,132.29500,481709086.52847,10.07000,216620.00000,9.75000,0.00000,0.00000,0.00000
-286399.44285,-501031.66131,132.41000,481709086.57504,9.97000,90990.00000,9.91000,0.00000,0.00000,0.00000
-285747.50741,-501379.78491,132.84400,481709086.62162,9.67000,187958.00000,9.46000,0.00000,0.00000,0.00000
-285272.70428,-501497.37799,133.85700,481709086.66820,9.40000,514561.00000,5.93000,0.00000,0.00000,0.00000
-285182.79726,-501114.03582,132.90900,481709086.71478,9.17000,409430.00000,5.37000,0.00000,0.00000,0.00000
-284727.52627,-501206.19764,134.97900,481709086.76135,9.04000,765530.00000,4.22000,0.00000,0.00000,0.00000
-284604.77648,-500865.61311,135.30600,481709086.80793,8.90000,256039.00000,4.43000,0.00000,0.00000,0.00000
-284708.00271,-500230.94851,134.49300,481709086.85451,8.93000,300053.00000,4.70000,0.00000,0.00000,0.00000
-284739.31830,-499689.89273,133.93900,481709086.90108,8.93000,280609.00000,3.42000,0.00000,0.00000,0.00000
-284734.66664,-499195.61681,133.75300,481709086.94766,9.11000,482835.00000,4.20000,0.00000,0.00000,0.00000
-284622.59164,-498841.17678,134.37600,481709086.99424,9.43000,1570485.00000,2.38000,0.00000,0.00000,0.00000
-284266.33704,-498804.49018,132.61600,481709087.04081,9.65000,2230348.00000,2.02000,0.00000,0.00000,0.00000
-283907.41302,-498771.25792,130.06600,481709087.08739,9.83000,6479903.00000,2.52000,0.00000,0.00000,0.00000
-283600.43978,-498670.43675,128.20600,481709087.13397,9.96000,7642978.00000,3.09000,0.00000,0.00000,0.00000
-283395.13577,-498437.30881,127.21500,481709087.18054,10.03000,3047351.00000,3.59000,0.00000,0.00000,0.00000
-283188.94778,-498205.33980,128.60900,481709087.22712,10.07000,3594588.00000,4.07000,0.00000,0.00000,0.00000
-282825.14842,-498178.46644,127.91800,481709087.27370,9.98000,904885.00000,5.10000,0.00000,0.00000,0.00000
-282369.87987,-498270.58918,130.22200,481709087.32028,9.86000,438174.00000,5.71000,0.00000,0.00000,0.00000
-281755.65729,-498569.52311,133.44000,481709087.36685,9.65000,753199.00000,6.49000,0.00000,0.00000,0.00000
-281386.96713,-498548.98153,134.00900,481709087.41343,9.53000,151786.00000,8.48000,0.00000,0.00000,0.00000
-281375.70053,-498063.38348,133.57500,481709087.46001,9.27000,380766.00000,8.23000,0.00000,0.00000,0.00000
-281463.45911,-497448.97106,133.37800,481709087.50658,9.23000,249082.00000,6.23000,0.00000,0.00000,0.00000
-281350.52627,-497095.67216,132.89200,481709087.55316,9.14000,196834.00000,5.61000,0.00000,0.00000,0.00000
-281199.85808,-496791.48574,132.77600,481709087.59974,8.91000,402957.00000,5.59000,0.00000,0.00000,0.00000
-280959.94210,-496603.40706,132.76800,481709087.64632,8.72000,570382.00000,4.11000,0.00000,0.00000,0.00000
-280645.42580,-496512.36976,133.96000,481709087.69289,8.66000,694516.00000,3.65000,0.00000,0.00000,0.00000
-280333.57750,-496417.87020,133.86700,481709087.73947,8.53000,1145883.00000,3.05000,0.00000,0.00000,0.00000
-293262.96517,-485376.40152,147.12300,481762830.31636,9.21000,325357.00000,5.30000,0.00000,0.00000,1.00000
-292387.05522,-486103.23041,140.79400,481762830.40971,8.91000,564665.00000,6.02000,0.00000,0.00000,1.00000
-289411.55340,-487096.18334,122.37600,481762830.50307,9.06000,4998017.00000,4.05000,0.00000,0.00000,1.00000
-287403.34718,-489813.35281,124.94200,481762830.87648,8.34000,2352295.00000,2.97000,0.00000,0.00000,1.00000
-288157.04076,-490025.68116,124.10200,481762830.92316,8.37000,2255991.00000,2.68000,0.00000,0.00000,1.00000
-288746.36636,-490258.86303,137.93500,481762830.96984,8.53000,1042268.00000,3.50000,0.00000,0.00000,1.00000
-289256.80325,-490502.04104,137.16300,481762831.01651,8.84000,4045143.00000,3.93000,0.00000,0.00000,1.00000
-289148.93375,-490823.53887,135.78700,481762831.06319,8.98000,1125282.00000,3.67000,0.00000,0.00000,1.00000
-287656.76927,-491320.38290,127.90200,481762831.10987,9.01000,1685926.00000,4.29000,0.00000,0.00000,1.00000
-287780.57235,-491612.53078,129.06800,481762831.15655,8.90000,1179947.00000,3.58000,0.00000,0.00000,1.00000
-287735.67280,-491926.03670,130.81600,481762831.20322,8.69000,1310040.00000,3.35000,0.00000,0.00000,1.00000
-288222.92206,-492172.15809,134.36600,481762831.24990,8.72000,445172.00000,2.64000,0.00000,0.00000,1.00000
-288979.48859,-492384.19542,145.54000,481762831.29658,8.63000,6323268.00000,2.46000,0.00000,0.00000,1.00000
-288975.85795,-492692.48905,145.90300,481762831.34325,8.64000,6086688.00000,2.71000,0.00000,0.00000,1.00000
-287720.42455,-493159.28285,135.81900,481762831.38993,8.62000,4077958.00000,2.24000,0.00000,0.00000,1.00000
-293867.55988,-492688.76777,137.36800,481762831.43661,8.73000,311863.00000,3.15000,0.00000,0.00000,1.00000
-293100.07139,-493093.82907,131.40500,481762831.48328,8.78000,269003.00000,3.59000,0.00000,0.00000,1.00000
-292486.06941,-493479.44227,127.65300,481762831.52996,8.90000,348133.00000,3.30000,0.00000,0.00000,1.00000
-292208.01259,-493822.51115,127.22700,481762831.57664,8.93000,821363.00000,3.54000,0.00000,0.00000,1.00000
-287691.35082,-494702.09453,129.75400,481762831.62332,9.14000,2318328.00000,2.97000,0.00000,0.00000,1.00000
-288209.73227,-494944.31583,129.32400,481762831.66999,9.39000,788256.00000,3.56000,0.00000,0.00000,1.00000
-287958.46181,-495283.94544,124.92600,481762831.71667,9.56000,1851727.00000,3.10000,0.00000,0.00000,1.00000
-287030.19859,-495709.23971,121.65000,481762831.76335,9.77000,2394608.00000,3.72000,0.00000,0.00000,1.00000
-286948.34057,-496027.42279,120.36000,481762831.81002,9.72000,2576854.00000,3.19000,0.00000,0.00000,1.00000
-287513.78601,-496263.70354,119.62000,481762831.85670,10.00000,1755887.00000,3.53000,0.00000,0.00000,1.00000
-288177.70265,-496487.52768,119.42500,481762831.90338,10.22000,1210299.00000,3.49000,0.00000,0.00000,1.00000
-288696.09114,-496729.77614,118.18700,481762831.95006,10.16000,2258077.00000,3.39000,0.00000,0.00000,1.00000
-288832.16584,-497020.39952,122.05700,481762831.99673,10.23000,2091386.00000,2.91000,0.00000,0.00000,1.00000
-287755.43255,-497464.43055,134.98900,481762832.04341,10.15000,3549763.00000,3.12000,0.00000,0.00000,1.00000
-287764.79837,-497771.08284,134.15900,481762832.09009,10.16000,1977336.00000,3.57000,0.00000,0.00000,1.00000
-287765.46561,-498078.82102,134.28400,481762832.13676,10.12000,483495.00000,3.74000,0.00000,0.00000,1.00000
-287832.02339,-498378.23458,134.25900,481762832.18344,10.05000,615705.00000,3.70000,0.00000,0.00000,1.00000
-287923.19632,-498674.53378,134.39200,481762832.23012,9.78000,506715.00000,4.45000,0.00000,0.00000,1.00000
-287857.96755,-498990.60675,135.19900,481762832.27679,9.71000,758950.00000,3.65000,0.00000,0.00000,1.00000
-287883.24792,-499295.24194,135.18100,481762832.32347,9.42000,990795.00000,4.38000,0.00000,0.00000,1.00000
-288014.96183,-499586.42575,135.14200,481762832.37015,9.24000,4646962.00000,3.69000,0.00000,0.00000,1.00000
-287739.02026,-499929.14960,128.42800,481762832.41683,9.18000,2057012.00000,3.13000,0.00000,0.00000,1.00000
-287923.59021,-500213.65369,127.93700,481762832.46351,9.27000,1699218.00000,3.79000,0.00000,0.00000,1.00000
-288028.50795,-500508.22519,129.05300,481762832.51018,9.18000,2477575.00000,3.98000,0.00000,0.00000,1.00000
-287882.89547,-500834.46844,132.60800,481762832.55686,9.10000,690052.00000,4.78000,0.00000,0.00000,1.00000
-287895.12646,-501140.75774,133.03100,481762832.60354,9.00000,450114.00000,4.36000,0.00000,0.00000,1.00000
-287831.32534,-501456.65840,129.26600,481762832.65022,9.01000,3981021.00000,3.52000,0.00000,0.00000,1.00000
-287826.89681,-501765.04972,132.11900,481762832.69690,8.95000,2419416.00000,3.08000,0.00000,0.00000,1.00000
-287660.99681,-502093.84932,133.29000,481762832.74357,9.03000,1502904.00000,3.15000,0.00000,0.00000,1.00000
-287578.36249,-502412.12829,132.49000,481762832.79025,9.00000,337325.00000,2.87000,0.00000,0.00000,1.00000
-287418.24478,-502740.19136,132.11800,481762832.83693,9.00000,311679.00000,3.25000,0.00000,0.00000,1.00000
-287415.98071,-503048.31559,132.05800,481762832.88361,9.17000,441868.00000,3.28000,0.00000,0.00000,1.00000
-287214.58041,-503381.58549,131.64300,481762832.93028,9.17000,284757.00000,3.63000,0.00000,0.00000,1.00000
-286992.18502,-503717.51583,131.96700,481762832.97696,9.30000,1494870.00000,2.86000,0.00000,0.00000,1.00000
-286759.64208,-504054.71651,131.33700,481762833.02364,9.31000,1077020.00000,2.29000,0.00000,0.00000,1.00000
-286516.23256,-504393.28749,130.83100,481762833.07032,9.38000,2403693.00000,2.23000,0.00000,0.00000,1.00000
-286285.12898,-504730.30229,130.30600,481762833.11700,9.51000,2637686.00000,2.18000,0.00000,0.00000,1.00000
-289085.88872,-504684.39551,107.83600,481762833.16368,9.74000,2197374.00000,2.16000,0.00000,0.00000,1.00000
-289053.91980,-504996.27848,106.67300,481762833.21035,9.81000,1161562.00000,2.32000,0.00000,0.00000,1.00000
-288930.70624,-505319.68819,106.01200,481762833.25703,10.06000,957636.00000,3.24000,0.00000,0.00000,1.00000
-288592.41750,-505670.25235,106.05400,481762833.30371,10.41000,1036792.00000,3.88000,0.00000,0.00000,1.00000
-288396.78213,-506002.79846,106.13200,481762833.35039,10.45000,1022289.00000,3.84000,0.00000,0.00000,1.00000
-288147.55451,-506342.10979,106.52100,481762833.39707,10.52000,640169.00000,3.48000,0.00000,0.00000,1.00000
-287900.49959,-506681.14736,107.58900,481762833.44374,10.67000,375500.00000,3.73000,0.00000,0.00000,1.00000
-287819.26694,-506999.24073,108.20800,481762833.49042,10.73000,415143.00000,4.44000,0.00000,0.00000,1.00000
-287912.55930,-507295.31523,108.39900,481762833.53710,10.85000,726267.00000,7.12000,0.00000,0.00000,1.00000
-288009.46456,-507590.92208,109.53400,481762833.58378,11.03000,271170.00000,6.97000,0.00000,0.00000,1.00000
-287436.53684,-507971.08631,113.14700,481762833.63046,11.22000,272127.00000,7.16000,0.00000,0.00000,1.00000
-287549.37399,-508264.68360,115.71100,481762833.67714,11.19000,312124.00000,6.52000,0.00000,0.00000,1.00000
-289516.76085,-508324.21770,114.74900,481762833.72382,11.02000,449377.00000,5.96000,0.00000,0.00000,1.00000
-288593.32595,-508748.60868,114.89800,481762833.77050,10.76000,561125.00000,6.31000,0.00000,0.00000,1.00000
-288402.00548,-509080.59131,115.76000,481762833.81717,10.53000,563109.00000,5.79000,0.00000,0.00000,1.00000
-288168.68155,-509417.87079,116.75600,481762833.86385,10.22000,787747.00000,4.29000,0.00000,0.00000,1.00000
-287831.07767,-509768.30741,117.59200,481762833.91053,10.07000,2309583.00000,3.20000,0.00000,0.00000,1.00000
-287671.61808,-510096.26977,119.36900,481762833.95721,9.91000,1897211.00000,2.81000,0.00000,0.00000,1.00000
-287942.29798,-510369.94940,119.48100,481762834.00389,9.88000,1879214.00000,2.56000,0.00000,0.00000,1.00000
-288121.01501,-510655.24821,119.55200,481762834.05056,9.88000,2873829.00000,2.23000,0.00000,0.00000,1.00000
-288435.14761,-510923.45841,121.15300,481762834.09724,9.82000,3150584.00000,1.79000,0.00000,0.00000,1.00000
-288408.21809,-511234.69273,134.94900,481762834.14392,9.74000,2227944.00000,2.00000,0.00000,0.00000,1.00000
-288535.51110,-511526.47656,135.64400,481762834.19060,9.53000,2561905.00000,2.23000,0.00000,0.00000,1.00000
-289025.59819,-511772.49415,135.63500,481762834.23727,9.31000,304563.00000,2.68000,0.00000,0.00000,1.00000
-288787.18461,-512110.40793,132.96900,481762834.28395,9.22000,946759.00000,3.34000,0.00000,0.00000,1.00000
-288274.31326,-512482.92765,133.72000,481762834.33063,9.11000,288180.00000,4.23000,0.00000,0.00000,1.00000
-287654.25724,-512868.94657,135.18500,481762834.37730,8.89000,890606.00000,4.45000,0.00000,0.00000,1.00000
-287867.70589,-513149.85831,134.47300,481762834.42398,8.66000,1387545.00000,3.21000,0.00000,0.00000,1.00000
-288280.30204,-513405.66695,133.32500,481762834.47066,8.57000,1037706.00000,2.17000,0.00000,0.00000,1.00000
-289474.29464,-513562.96257,151.40900,481762834.51734,8.49000,535375.00000,1.85000,0.00000,0.00000,1.00000
-289474.84800,-513870.74723,152.06500,481762834.56401,8.42000,1800110.00000,1.91000,0.00000,0.00000,1.00000
-289556.49977,-514168.30076,152.83100,481762834.61069,8.40000,1205687.00000,1.59000,0.00000,0.00000,1.00000
-289530.96866,-514479.35564,153.64000,481762834.65737,8.31000,2737360.00000,1.46000,0.00000,0.00000,1.00000
-289480.82135,-514793.52618,153.83800,481762834.70404,8.18000,1096425.00000,1.57000,0.00000,0.00000,1.00000
-289491.49375,-515100.02302,151.93400,481762834.75072,8.29000,325555.00000,1.84000,0.00000,0.00000,1.00000
-289400.05705,-515419.39202,149.68200,481762834.79740,8.32000,379856.00000,2.03000,0.00000,0.00000,1.00000
-289213.74898,-515750.71425,147.08200,481762834.84407,8.23000,1155557.00000,1.80000,0.00000,0.00000,1.00000
-289241.06976,-516055.11739,143.74900,481762834.89075,8.23000,299933.00000,2.98000,0.00000,0.00000,1.00000
-289448.70898,-516336.79115,143.71600,481762834.93743,8.22000,168593.00000,3.28000,0.00000,0.00000,1.00000
-289146.52296,-516682.70693,144.03300,481762834.98411,8.25000,1285445.00000,1.62000,0.00000,0.00000,1.00000
-288872.56660,-517025.06193,139.85200,481762835.03078,8.23000,2039929.00000,1.98000,0.00000,0.00000,1.00000
-288614.54698,-517365.41490,138.51700,481762835.07746,8.19000,795147.00000,2.39000,0.00000,0.00000,1.00000
-289175.58207,-517602.58022,133.32900,481762835.12414,8.22000,548763.00000,4.01000,0.00000,0.00000,1.00000
-289899.57566,-517819.22450,130.44800,481762835.17081,8.39000,1019887.00000,6.32000,0.00000,0.00000,1.00000
-289590.84705,-518165.95267,131.21200,481762835.21749,8.51000,561207.00000,6.04000,0.00000,0.00000,1.00000
-289088.75803,-518537.03739,133.65900,481762835.26417,8.36000,827007.00000,6.82000,0.00000,0.00000,1.00000
-289534.65321,-518788.72396,134.00500,481762835.31085,8.21000,183353.00000,7.51000,0.00000,0.00000,1.00000
-291997.33518,-518286.31510,132.19800,481881737.87269,9.37000,1382028.00000,2.39000,0.00000,0.00000,0.00000
-291723.23018,-518140.82023,131.16900,481881737.91932,9.35000,1962390.00000,3.07000,0.00000,0.00000,0.00000
-291604.48170,-517799.20888,129.88000,481881737.96596,9.17000,1149680.00000,3.93000,0.00000,0.00000,0.00000
-291421.87032,-517538.21046,128.93300,481881738.01259,9.10000,1160357.00000,4.53000,0.00000,0.00000,0.00000
-291150.93879,-517388.70184,128.18600,481881738.05922,8.91000,1320109.00000,4.70000,0.00000,0.00000,0.00000
-290940.70603,-517162.57430,127.91200,481881738.10585,8.82000,1220480.00000,5.25000,0.00000,0.00000,0.00000
-290647.13444,-517041.64735,128.22100,481881738.15249,8.82000,1267497.00000,5.72000,0.00000,0.00000,0.00000
-290539.73142,-516685.74024,129.54800,481881738.19912,8.47000,1003676.00000,3.91000,0.00000,0.00000,0.00000
-290256.13235,-516552.23502,131.02900,481881738.24575,8.08000,1829695.00000,3.46000,0.00000,0.00000,0.00000
-289670.84459,-516799.45504,133.62100,481881738.29238,7.96000,2024486.00000,2.73000,0.00000,0.00000,0.00000
-290547.77538,-515201.29568,142.61700,481881738.33902,7.87000,1853615.00000,3.30000,0.00000,0.00000,0.00000
-290036.78809,-515354.75626,142.14400,481881738.38565,7.71000,2615599.00000,2.65000,0.00000,0.00000,0.00000
-289748.67302,-515226.96730,143.93400,481881738.43228,7.74000,2039088.00000,1.79000,0.00000,0.00000,0.00000
-289800.73104,-514669.83613,153.25800,481881738.47891,7.73000,2376757.00000,2.13000,0.00000,0.00000,0.00000
-289552.02398,-514492.30794,153.88600,481881738.52555,7.69000,4265574.00000,2.07000,0.00000,0.00000,0.00000
-289380.77349,-514217.02017,152.71000,481881738.57218,7.77000,1390935.00000,2.20000,0.00000,0.00000,0.00000
-289333.18955,-513785.67385,151.46600,481881738.61881,7.73000,494674.00000,2.37000,0.00000,0.00000,0.00000
-289326.38690,-513302.89129,150.49700,481881738.66544,7.78000,365794.00000,2.53000,0.00000,0.00000,0.00000
-289139.29250,-513047.60835,148.59600,481881738.71208,7.84000,1853317.00000,1.80000,0.00000,0.00000,0.00000
-288931.36722,-512818.62091,145.17600,481881738.75871,8.10000,409214.00000,2.40000,0.00000,0.00000,0.00000
-288591.62142,-512755.97759,141.47800,481881738.80534,8.31000,367598.00000,2.80000,0.00000,0.00000,0.00000
-288243.71733,-512703.61760,138.64100,481881738.85198,8.42000,231619.00000,4.11000,0.00000,0.00000,0.00000
-287774.40932,-512804.45972,136.56000,481881738.89861,8.57000,84457.00000,5.19000,0.00000,0.00000,0.00000
-287241.22149,-512985.89451,136.36000,481881738.94524,8.81000,165836.00000,7.90000,0.00000,0.00000,0.00000
-286732.48832,-513136.44146,137.91700,481881738.99187,8.67000,292578.00000,5.63000,0.00000,0.00000,0.00000
-286339.28254,-513141.23077,140.82100,481881739.03851,8.39000,305309.00000,3.61000,0.00000,0.00000,0.00000
-286058.42023,-513004.24287,142.84100,481881739.08514,8.51000,1672534.00000,4.05000,0.00000,0.00000,0.00000
-285791.15180,-512850.12012,141.30300,481881739.13177,8.67000,6738377.00000,2.20000,0.00000,0.00000,0.00000
-285546.98847,-512666.84113,139.94000,481881739.17841,8.87000,1359012.00000,2.08000,0.00000,0.00000,0.00000
-285396.15563,-512365.81946,136.39700,481881739.22504,9.10000,5833323.00000,2.19000,0.00000,0.00000,0.00000
-285346.80465,-511936.76614,128.61000,481881739.27167,9.47000,1331939.00000,2.77000,0.00000,0.00000,0.00000
-285128.92494,-511720.32481,131.89800,481881739.31831,9.63000,4536461.00000,2.57000,0.00000,0.00000,0.00000
-285011.62629,-511376.99411,131.27200,481881739.36494,9.61000,3910136.00000,2.75000,0.00000,0.00000,0.00000
-284828.64156,-511116.55214,131.43800,481881739.41158,9.50000,1335662.00000,2.72000,0.00000,0.00000,0.00000
-284557.75744,-510966.97968,132.16300,481881739.45821,9.34000,2647906.00000,2.65000,0.00000,0.00000,0.00000
-284362.08929,-510722.53659,131.83000,481881739.50484,9.34000,757567.00000,2.82000,0.00000,0.00000,0.00000
-284187.26723,-510451.80402,131.97000,481881739.55148,9.32000,250614.00000,4.07000,0.00000,0.00000,0.00000
-283973.02662,-510230.78892,132.47200,481881739.59811,9.31000,292808.00000,5.14000,0.00000,0.00000,0.00000
-283822.66449,-509929.16985,132.76500,481881739.64474,9.22000,307011.00000,3.66000,0.00000,0.00000,0.00000
-283680.92327,-509616.70877,133.23300,481881739.69138,9.18000,175710.00000,4.56000,0.00000,0.00000,0.00000
-283537.37580,-509306.53623,133.58100,481881739.73801,9.32000,168406.00000,5.92000,0.00000,0.00000,0.00000
-283400.17575,-508988.36785,134.64700,481881739.78465,9.24000,364928.00000,4.88000,0.00000,0.00000,0.00000
-283264.78161,-508667.89631,134.92700,481881739.83128,8.95000,242323.00000,5.44000,0.00000,0.00000,0.00000
-283290.24230,-508144.53918,136.20600,481881739.87792,8.79000,245498.00000,6.74000,0.00000,0.00000,0.00000
-283336.09270,-507595.46193,137.79200,481881739.92455,8.47000,280000.00000,6.23000,0.00000,0.00000,0.00000
-283217.48551,-507253.86609,138.23800,481881739.97118,8.39000,552222.00000,3.38000,0.00000,0.00000,0.00000
-282901.77978,-507160.86678,136.88800,481881740.01782,8.76000,833005.00000,2.97000,0.00000,0.00000,0.00000
-282568.86288,-507089.59449,134.67100,481881740.06445,8.96000,4001876.00000,2.67000,0.00000,0.00000,0.00000
-282196.52428,-507068.03478,131.06600,481881740.11109,9.18000,1281158.00000,3.25000,0.00000,0.00000,0.00000
-281747.60241,-507143.04473,124.25900,481881740.15772,9.32000,6172909.00000,3.02000,0.00000,0.00000,0.00000
-281433.25276,-507048.32429,121.67200,481881740.20435,9.68000,2252563.00000,3.40000,0.00000,0.00000,0.00000
-281093.98225,-506985.03500,119.37700,481881740.25099,9.92000,1314363.00000,3.55000,0.00000,0.00000,0.00000
-280766.48970,-506906.88108,117.20900,481881740.29762,10.04000,4531560.00000,3.41000,0.00000,0.00000,0.00000
-280345.64802,-506946.45016,115.17700,481881740.34426,10.24000,1356709.00000,3.88000,0.00000,0.00000,0.00000
-279741.73431,-507216.91089,113.77200,481881740.39089,10.07000,2601911.00000,3.47000,0.00000,0.00000,0.00000
-280229.00412,-506111.19070,121.23400,481881740.43753,10.00000,4647398.00000,3.26000,0.00000,0.00000,0.00000
-279922.81815,-506006.17078,120.34700,481881740.48416,10.16000,5263237.00000,3.45000,0.00000,0.00000,0.00000
-279570.86374,-505958.86871,119.77800,481881740.53080,10.24000,771892.00000,3.82000,0.00000,0.00000,0.00000
-279171.77700,-505970.99125,118.58700,481881740.57743,10.18000,1162810.00000,3.56000,0.00000,0.00000,0.00000
-278729.64190,-506037.40666,117.53000,481881740.62407,10.37000,427267.00000,4.94000,0.00000,0.00000,0.00000
-278338.70730,-506039.23358,116.56600,481881740.67070,10.64000,135999.00000,5.71000,0.00000,0.00000,0.00000
-278482.52438,-505366.72650,116.03100,481881740.71734,10.59000,171146.00000,6.68000,0.00000,0.00000,0.00000
-278506.69997,-504845.07931,114.85400,481881740.76397,10.55000,688259.00000,6.41000,0.00000,0.00000,0.00000
-279014.41712,-503713.68513,116.86900,481881740.81061,10.16000,683675.00000,4.53000,0.00000,0.00000,0.00000
-276609.08843,-506255.67650,113.56600,481881740.85725,9.54000,824343.00000,4.54000,0.00000,0.00000,0.00000
-278470.93946,-503416.76214,124.10100,481881740.90388,9.09000,1562338.00000,4.43000,0.00000,0.00000,0.00000
-277844.54597,-503224.39299,124.03300,481881740.99716,8.71000,1076069.00000,3.21000,0.00000,0.00000,0.00000
-277835.21680,-502745.05899,123.73200,481881741.04379,8.71000,1187964.00000,3.14000,0.00000,0.00000,0.00000
-277913.35361,-502155.42922,123.69200,481881741.09043,8.97000,1647717.00000,3.12000,0.00000,0.00000,0.00000
-282956.44645,-494186.00280,125.46600,481935485.34336,8.33000,1014627.00000,3.68000,0.00000,0.00000,1.00000
-282678.76087,-494524.46512,126.41100,481935485.39009,8.39000,1197119.00000,3.19000,0.00000,0.00000,1.00000
-281912.47305,-494917.21010,126.61900,481935485.43682,8.30000,767765.00000,2.95000,0.00000,0.00000,1.00000
-281999.95657,-495215.07696,128.03400,481935485.48355,8.39000,890763.00000,2.56000,0.00000,0.00000,1.00000
-281554.56201,-495572.15976,128.88400,481935485.53029,8.08000,2909672.00000,2.08000,0.00000,0.00000,1.00000
-279969.68814,-496978.52395,133.01900,481935485.71721,8.49000,273699.00000,4.24000,0.00000,0.00000,1.00000
-280004.88621,-497282.18602,130.86400,481935485.76394,8.92000,322891.00000,5.61000,0.00000,0.00000,1.00000
-280161.32001,-497572.38338,131.50400,481935485.81068,9.01000,115313.00000,5.18000,0.00000,0.00000,1.00000
-280381.63728,-497855.48326,132.81600,481935485.85741,8.84000,282690.00000,4.20000,0.00000,0.00000,1.00000
-280461.84168,-498154.15906,133.18500,481935485.90414,8.88000,168584.00000,4.06000,0.00000,0.00000,1.00000
-280523.89211,-498454.84549,133.87300,481935485.95087,8.91000,484825.00000,3.73000,0.00000,0.00000,1.00000
-280441.46161,-498771.57057,134.66900,481935485.99761,9.17000,709411.00000,2.86000,0.00000,0.00000,1.00000
-281972.26145,-498909.20765,122.47100,481935486.04434,9.38000,573744.00000,3.44000,0.00000,0.00000,1.00000
-282395.86858,-499169.77210,124.23700,481935486.09107,9.32000,677516.00000,5.20000,0.00000,0.00000,1.00000
-282222.67757,-499496.57953,123.72400,481935486.13780,9.35000,283967.00000,5.06000,0.00000,0.00000,1.00000
-282368.21483,-499788.01262,123.37800,481935486.18454,9.26000,425786.00000,5.52000,0.00000,0.00000,1.00000
-282273.44315,-500106.14020,122.65700,481935486.23127,8.94000,294087.00000,5.57000,0.00000,0.00000,1.00000
-283024.48518,-500330.37687,125.31400,481935486.27800,9.12000,359395.00000,4.80000,0.00000,0.00000,1.00000
-282311.84731,-500717.06821,123.17500,481935486.32474,9.23000,376382.00000,4.63000,0.00000,0.00000,1.00000
-282477.71152,-501006.25072,120.98600,481935486.37147,9.28000,2290006.00000,4.12000,0.00000,0.00000,1.00000
-282289.99831,-501334.68576,118.71200,481935486.41820,9.36000,1977046.00000,3.50000,0.00000,0.00000,1.00000
-282191.57633,-501653.20050,117.00600,481935486.46494,9.31000,1399428.00000,3.80000,0.00000,0.00000,1.00000
-279645.65710,-502243.24229,126.21700,481935486.51167,9.33000,3776729.00000,3.74000,0.00000,0.00000,1.00000
-279481.15478,-502569.06894,125.58700,481935486.55840,9.45000,799739.00000,4.84000,0.00000,0.00000,1.00000
-278761.95391,-502956.40938,126.14000,481935486.60513,9.67000,3080368.00000,3.96000,0.00000,0.00000,1.00000
-281588.02791,-502950.53501,112.70200,481935486.65187,10.07000,1235129.00000,4.07000,0.00000,0.00000,1.00000
-281350.90811,-503284.42359,112.67400,481935486.69860,10.19000,1087856.00000,4.56000,0.00000,0.00000,1.00000
-281505.12920,-503574.90611,113.91900,481935486.74533,10.11000,2668087.00000,4.41000,0.00000,0.00000,1.00000
-281616.51568,-503870.14839,114.37600,481935486.79207,10.15000,2214815.00000,4.78000,0.00000,0.00000,1.00000
-281058.47123,-504239.62480,114.45200,481935486.83880,10.51000,1344160.00000,6.17000,0.00000,0.00000,1.00000
-281350.63581,-504514.80976,115.56400,481935486.88553,10.81000,966925.00000,10.13000,0.00000,0.00000,1.00000
-283347.58708,-504600.98524,125.90500,481935486.93226,10.34000,562811.00000,6.53000,0.00000,0.00000,1.00000
-283077.06086,-504938.58858,125.07500,481935486.97900,10.03000,95977.00000,7.82000,0.00000,0.00000,1.00000
-283224.73205,-505229.81349,127.33900,481935487.02573,9.80000,262114.00000,7.25000,0.00000,0.00000,1.00000
-283221.39107,-505537.79439,127.75100,481935487.07246,9.72000,617327.00000,7.41000,0.00000,0.00000,1.00000
-283464.89333,-505818.40410,132.06600,481935487.11920,9.63000,574269.00000,4.84000,0.00000,0.00000,1.00000
-283352.63847,-506138.45755,132.01700,481935487.16593,9.35000,449384.00000,3.49000,0.00000,0.00000,1.00000
-283421.15145,-506438.47210,137.42700,481935487.21266,9.03000,4358571.00000,2.89000,0.00000,0.00000,1.00000
-283319.77697,-506757.31184,138.16600,481935487.25940,8.84000,3997342.00000,2.58000,0.00000,0.00000,1.00000
-283179.92151,-507080.41572,138.11600,481935487.30613,8.94000,1904188.00000,2.57000,0.00000,0.00000,1.00000
-283003.76489,-507407.54379,137.20400,481935487.35286,9.10000,1382060.00000,3.42000,0.00000,0.00000,1.00000
-282842.85138,-507732.97961,136.48800,481935487.39959,9.10000,1583457.00000,2.66000,0.00000,0.00000,1.00000
-282686.28806,-508057.92508,135.86900,481935487.44633,9.10000,1469808.00000,2.79000,0.00000,0.00000,1.00000
-282489.06555,-508387.38219,134.98700,481935487.49306,8.95000,3275799.00000,2.81000,0.00000,0.00000,1.00000
-282443.58217,-508700.01584,134.99700,481935487.53979,8.95000,1820003.00000,3.25000,0.00000,0.00000,1.00000
-282387.93668,-509013.78300,135.22800,481935487.58653,9.02000,4128646.00000,3.08000,0.00000,0.00000,1.00000
-282229.91015,-509338.88805,134.59500,481935487.63326,9.10000,1386536.00000,2.79000,0.00000,0.00000,1.00000
-282100.92025,-509660.76758,133.98300,481935487.67999,9.22000,1159315.00000,2.75000,0.00000,0.00000,1.00000
-282064.87421,-509972.36556,133.03700,481935487.72673,9.32000,735358.00000,3.03000,0.00000,0.00000,1.00000
-282035.35270,-510283.22873,132.33100,481935487.77346,9.47000,309102.00000,3.79000,0.00000,0.00000,1.00000
-282042.13434,-510590.07528,132.28300,481935487.82019,9.46000,311548.00000,4.02000,0.00000,0.00000,1.00000
-281926.93346,-510910.43417,131.60000,481935487.86693,9.48000,350480.00000,3.51000,0.00000,0.00000,1.00000
-281782.68181,-511233.99734,130.43400,481935487.91366,9.67000,293834.00000,4.69000,0.00000,0.00000,1.00000
-281631.89031,-511558.28328,129.48100,481935487.96039,9.73000,361417.00000,4.50000,0.00000,0.00000,1.00000
-281730.87886,-511854.92069,125.37800,481935488.00712,9.75000,1824591.00000,4.84000,0.00000,0.00000,1.00000
-281662.13533,-512170.13200,123.93500,481935488.05386,9.89000,678765.00000,4.59000,0.00000,0.00000,1.00000
-282264.30843,-512411.06859,122.51300,481935488.10059,10.06000,738390.00000,5.56000,0.00000,0.00000,1.00000
-283056.00567,-512631.05207,123.93000,481935488.14732,10.19000,2156289.00000,5.33000,0.00000,0.00000,1.00000
-282933.52933,-512952.22047,121.75200,481935488.19406,10.05000,3853821.00000,4.10000,0.00000,0.00000,1.00000
-283839.94534,-513159.52210,127.79000,481935488.24079,10.10000,919557.00000,4.49000,0.00000,0.00000,1.00000
-282891.85663,-513572.03143,123.07100,481935488.28752,10.37000,282594.00000,6.77000,0.00000,0.00000,1.00000
-283380.03975,-513825.63193,123.82500,481935488.33425,10.23000,436523.00000,6.99000,0.00000,0.00000,1.00000
-283560.33696,-514113.28403,123.40300,481935488.38099,10.01000,1031086.00000,5.23000,0.00000,0.00000,1.00000
-282414.72637,-514547.63256,117.70800,481935488.42772,9.96000,4061406.00000,4.78000,0.00000,0.00000,1.00000
-282415.67082,-514855.13831,116.74700,481935488.47445,10.07000,5263056.00000,4.31000,0.00000,0.00000,1.00000
-282264.84550,-515179.42678,115.92400,481935488.52119,10.13000,6187406.00000,3.74000,0.00000,0.00000,1.00000
-282273.76407,-515486.04304,115.77100,481935488.56792,10.24000,3362054.00000,4.49000,0.00000,0.00000,1.00000
-286312.84359,-515346.91235,121.18200,481935488.61466,10.55000,4240335.00000,4.00000,0.00000,0.00000,1.00000
-281357.77199,-516202.54319,114.34200,481935488.66139,10.46000,3522640.00000,5.47000,0.00000,0.00000,1.00000
-281374.67105,-516508.27279,113.45700,481935488.70812,10.58000,748568.00000,8.56000,0.00000,0.00000,1.00000
-281841.06250,-516764.31787,113.45100,481935488.75486,10.64000,2961440.00000,5.67000,0.00000,0.00000,1.00000
-284807.83700,-517051.52407,111.64500,481935488.84832,10.49000,1914388.00000,4.94000,0.00000,0.00000,1.00000
-283987.45701,-517449.84148,109.55400,481935488.89506,10.56000,1972165.00000,5.58000,0.00000,0.00000,1.00000
-279617.80318,-514748.23123,116.27200,482054393.46680,9.74000,2387399.00000,4.07000,0.00000,0.00000,0.00000
-307662.72755,-496879.06427,1601.66000,482280793.40820,8.13000,499212.00000,9.57000,-0.37100,0.00000,1.00000
-308800.35278,-486530.10359,145.87000,483518975.78262,9.59000,2884449.00000,2.10000,0.00000,0.00000,0.00000
-308795.13802,-485991.95523,145.65100,483518975.82971,9.68000,962513.00000,2.08000,0.00000,0.00000,0.00000
-307491.05733,-483190.25859,148.36200,483745374.46276,10.26000,1464393.00000,3.03000,0.00000,0.00000,1.00000
-309558.17100,-485340.55101,146.80400,483745374.83994,10.57000,371045.00000,4.61000,0.00000,0.00000,1.00000
-309491.12235,-485664.17071,145.46400,483745374.88709,10.52000,898972.00000,5.02000,0.00000,0.00000,1.00000
-309210.86813,-486023.71857,144.68500,483745374.93423,10.46000,887180.00000,6.05000,0.00000,0.00000,1.00000
-309035.02963,-486365.66009,145.01800,483745374.98138,10.45000,645979.00000,6.07000,0.00000,0.00000,1.00000
-308939.68823,-486694.04329,145.75900,483745375.02853,10.43000,541188.00000,4.34000,0.00000,0.00000,1.00000
-308838.54316,-487023.40659,146.72200,483745375.07568,10.34000,650809.00000,4.32000,0.00000,0.00000,1.00000
-308783.80545,-487344.94580,147.69900,483745375.12283,10.26000,361017.00000,4.33000,0.00000,0.00000,1.00000
-309001.75304,-487620.57999,148.24800,483745375.16997,10.43000,401773.00000,4.99000,0.00000,0.00000,1.00000
-308941.20406,-487943.08961,149.27300,483745375.21712,10.39000,299537.00000,4.81000,0.00000,0.00000,1.00000
-309224.41213,-488207.73357,149.98200,483745375.26427,10.44000,339247.00000,5.94000,0.00000,0.00000,1.00000
-309213.18385,-488521.95863,150.56400,483745375.31142,10.34000,345702.00000,6.22000,0.00000,0.00000,1.00000
-309271.57089,-488824.45677,150.80400,483745375.35857,10.37000,264411.00000,7.13000,0.00000,0.00000,1.00000
-308991.99986,-489183.84300,150.69100,483745375.40571,10.44000,305348.00000,8.10000,0.00000,0.00000,1.00000
-308998.16894,-489495.13192,150.72400,483745375.45286,10.35000,327771.00000,8.15000,0.00000,0.00000,1.00000
-308931.80666,-489818.62510,151.04300,483745375.50001,10.70000,207110.00000,8.47000,0.00000,0.00000,1.00000
-308563.02631,-490193.02342,151.43400,483745375.54716,10.81000,352709.00000,7.79000,0.00000,0.00000,1.00000
-308928.89333,-490443.76149,151.83100,483745375.59431,10.81000,912371.00000,6.58000,0.00000,0.00000,1.00000
-309665.35332,-490632.12972,152.23100,483745375.64145,11.06000,322527.00000,6.58000,0.00000,0.00000,1.00000
-309857.17546,-490912.18605,151.73400,483745375.68860,11.21000,591666.00000,6.59000,0.00000,0.00000,1.00000
-309798.78539,-491234.34833,151.08400,483745375.73575,11.13000,1173554.00000,4.93000,0.00000,0.00000,1.00000
-309715.00526,-491560.77594,149.60400,483745375.78290,11.27000,2205135.00000,5.10000,0.00000,0.00000,1.00000
-309736.38417,-491869.50871,148.78800,483745375.83005,11.26000,2664971.00000,5.15000,0.00000,0.00000,1.00000
-309939.79688,-492147.61169,148.72300,483745375.87719,11.36000,5672347.00000,4.44000,0.00000,0.00000,1.00000
-309813.21144,-492481.23574,153.44800,483745375.92434,11.27000,2722700.00000,3.94000,0.00000,0.00000,1.00000
-309653.21858,-493445.15416,152.26400,483745376.06579,11.50000,3988306.00000,6.39000,0.00000,0.00000,1.00000
-309460.62839,-493789.87696,152.84100,483745376.11293,11.26000,3924378.00000,4.85000,0.00000,0.00000,1.00000
-309167.22923,-494151.56073,153.31200,483745376.16008,11.10000,2436908.00000,4.20000,0.00000,0.00000,1.00000
-308575.02554,-494563.50907,154.36600,483745376.20723,10.86000,5721641.00000,3.74000,0.00000,0.00000,1.00000
-311752.73625,-494341.30095,144.57800,483745376.25438,10.94000,2405674.00000,4.21000,0.00000,0.00000,1.00000
-311602.92784,-494678.84450,144.45700,483745376.30152,11.11000,1343889.00000,6.01000,0.00000,0.00000,1.00000
-311147.05058,-495067.86371,144.14000,483745376.34867,11.16000,746223.00000,5.84000,0.00000,0.00000,1.00000
-311273.56621,-495358.92522,144.74800,483745376.39582,11.20000,279464.00000,6.50000,0.00000,0.00000,1.00000
-311407.33213,-495648.75826,144.43300,483745376.44297,11.34000,1029271.00000,9.84000,0.00000,0.00000,1.00000
-310795.51075,-496063.99270,143.35800,483745376.49011,10.92000,973204.00000,6.02000,0.00000,0.00000,1.00000
-310388.21066,-496444.81758,143.14200,483745376.53726,10.49000,2170527.00000,4.44000,0.00000,0.00000,1.00000
-309935.20907,-496833.31313,142.91200,483745376.58441,10.28000,636474.00000,4.12000,0.00000,0.00000,1.00000
-309887.64479,-497153.63869,140.46900,483745376.63156,10.16000,1628933.00000,5.78000,0.00000,0.00000,1.00000
-309667.45475,-497502.98962,140.57800,483745376.67870,9.95000,978368.00000,4.79000,0.00000,0.00000,1.00000
-309716.34369,-497807.09359,140.96900,483745376.72585,9.54000,1235229.00000,4.21000,0.00000,0.00000,1.00000
-309993.27132,-498385.18977,146.13500,483745376.82015,9.46000,540472.00000,5.32000,0.00000,0.00000,1.00000
-310285.12562,-498648.44479,144.41400,483745376.86729,9.54000,682655.00000,6.22000,0.00000,0.00000,1.00000
-310672.00066,-498895.74124,143.46700,483745376.91444,9.27000,421017.00000,5.63000,0.00000,0.00000,1.00000
-310984.89234,-499155.47299,143.72100,483745376.96159,9.09000,428709.00000,3.89000,0.00000,0.00000,1.00000
