-311928.28483,-491199.67420,152.50300,498349316.21265,11.88000,93811.00000,7.31000,0.00000,0.00000,0.00000
-311565.03709,-491189.94265,152.04800,498349316.25888,12.38000,151991.00000,9.38000,0.00000,0.00000,0.00000
-311179.72666,-491211.63628,152.25300,498349316.30511,12.46000,80523.00000,9.17000,0.00000,0.00000,0.00000
-311027.05772,-490901.80894,152.85100,498349316.35133,12.40000,361558.00000,8.68000,0.00000,0.00000,0.00000
-310923.09297,-490522.60911,153.63200,498349316.39756,12.07000,264453.00000,9.80000,0.00000,0.00000,0.00000
-310747.12220,-490245.99087,154.24600,498349316.44379,11.93000,225677.00000,6.63000,0.00000,0.00000,0.00000
-310490.83376,-490083.83151,154.12400,498349316.49002,11.53000,172718.00000,6.19000,0.00000,0.00000,0.00000
-310247.45431,-489903.29561,153.17000,498349316.53624,11.72000,274730.00000,6.45000,0.00000,0.00000,0.00000
-310066.49994,-489633.79196,152.14700,498349316.58247,11.83000,426514.00000,7.44000,0.00000,0.00000,0.00000
-310025.81435,-489164.45435,152.03400,498349316.62870,11.92000,439883.00000,5.46000,0.00000,0.00000,0.00000
-309720.00011,-489072.85072,151.45200,498349316.67493,12.05000,398883.00000,5.18000,0.00000,0.00000,0.00000
-309120.35569,-489399.92452,150.76400,498349316.72116,12.14000,95710.00000,6.65000,0.00000,0.00000,0.00000
-308467.84480,-489802.30154,151.56700,498349316.76739,12.16000,182961.00000,7.70000,0.00000,0.00000,0.00000
-308086.28772,-489818.62561,153.59300,498349316.81361,12.01000,478586.00000,4.79000,0.00000,0.00000,0.00000
-307869.54274,-489600.10199,156.48100,498349316.85984,11.61000,758284.00000,4.16000,0.00000,0.00000,0.00000
-307623.09294,-488369.37860,134.61500,498349316.99853,11.09000,784770.00000,3.76000,0.00000,0.00000,0.00000
-307432.17406,-488114.09743,133.87000,498349317.04475,10.98000,970201.00000,3.35000,0.00000,0.00000,0.00000
-303472.03474,-493228.27434,163.37100,498349317.09098,10.77000,1856497.00000,2.65000,0.00000,0.00000,0.00000
-306565.83913,-488293.75651,163.55900,498349317.13721,10.57000,1135187.00000,2.67000,0.00000,0.00000,0.00000
-306511.45466,-487843.99350,162.64300,498349317.18344,10.55000,756923.00000,3.32000,0.00000,0.00000,0.00000
-306567.79119,-487236.49832,162.56000,498349317.22967,10.73000,300857.00000,3.76000,0.00000,0.00000,0.00000
-306550.87400,-486733.36550,162.38900,498349317.27589,10.70000,276039.00000,5.01000,0.00000,0.00000,0.00000
-304772.76896,-488739.02430,148.62000,498349317.32212,10.75000,274349.00000,4.43000,0.00000,0.00000,0.00000
-304591.01783,-488470.69189,147.85500,498349317.36835,10.84000,975629.00000,7.78000,0.00000,0.00000,0.00000
-304244.00764,-488437.75706,147.69500,498349317.41458,10.82000,285774.00000,6.62000,0.00000,0.00000,0.00000
-304090.14755,-488129.68749,146.40300,498349317.46081,11.00000,743118.00000,7.52000,0.00000,0.00000,0.00000
-304037.02964,-487678.12340,145.99600,498349317.50704,11.05000,500293.00000,7.07000,0.00000,0.00000,0.00000
-304390.21573,-486647.86086,145.56900,498349317.55327,11.23000,2825873.00000,5.17000,0.00000,0.00000,0.00000
-305329.09127,-484783.34532,153.63400,498349317.59949,11.60000,231837.00000,7.70000,0.00000,0.00000,0.00000
-304191.99943,-485875.77770,151.60700,498349317.64572,11.60000,280312.00000,8.04000,0.00000,0.00000,0.00000
-304053.98457,-485545.19261,150.09500,498349317.69195,11.24000,2442167.00000,4.98000,0.00000,0.00000,0.00000
-304167.81917,-484855.88097,150.63800,498349317.73818,10.91000,1048207.00000,4.46000,0.00000,0.00000,0.00000
-303658.47362,-485054.17470,152.77000,498349317.78441,10.63000,2626381.00000,3.72000,0.00000,0.00000,0.00000
-302913.92133,-485587.45136,160.60000,498349317.83064,10.48000,1867493.00000,3.95000,0.00000,0.00000,0.00000
-302721.36765,-485334.51781,160.60900,498349317.87687,10.38000,518012.00000,4.81000,0.00000,0.00000,0.00000
-302771.94054,-484735.34274,160.03100,498349317.92310,10.53000,250721.00000,5.61000,0.00000,0.00000,0.00000
-302736.34990,-484258.90228,161.56400,498349317.96933,10.34000,267525.00000,5.98000,0.00000,0.00000,0.00000
-302574.62759,-483962.11815,163.17300,498349318.01555,10.06000,180894.00000,6.56000,0.00000,0.00000,0.00000
-302326.30197,-483788.63266,164.40800,498349318.06178,10.12000,234085.00000,6.25000,0.00000,0.00000,0.00000
-302033.03114,-483679.19347,164.30200,498349318.10801,10.28000,247015.00000,5.74000,0.00000,0.00000,0.00000
-301856.74226,-483403.14913,163.44100,498349318.15424,10.52000,170375.00000,8.74000,0.00000,0.00000,0.00000
-301636.73541,-483189.34999,164.56900,498349318.20047,10.18000,225688.00000,6.35000,0.00000,0.00000,0.00000
-301246.88055,-483217.44399,163.57000,498349318.24669,10.39000,188435.00000,5.49000,0.00000,0.00000,0.00000
-300971.09914,-483083.09308,162.75700,498349318.29292,10.51000,281819.00000,6.45000,0.00000,0.00000,0.00000
-300709.88590,-482927.98458,163.35500,498349318.33915,10.63000,263768.00000,5.90000,0.00000,0.00000,0.00000
-300450.76234,-482769.92003,163.95400,498349318.38538,10.62000,217457.00000,6.41000,0.00000,0.00000,0.00000
-300231.60700,-482554.93782,164.66300,498349318.43161,10.63000,740284.00000,5.74000,0.00000,0.00000,0.00000
-300025.77133,-482320.98025,165.06500,498349318.47784,10.66000,190991.00000,5.82000,0.00000,0.00000,0.00000
-299842.41387,-482054.99839,166.46000,498349318.52406,10.56000,187291.00000,5.29000,0.00000,0.00000,0.00000
-299534.98936,-481965.68365,167.71100,498349318.57029,10.43000,537670.00000,4.84000,0.00000,0.00000,0.00000
-299172.61386,-481954.62665,167.52500,498349318.61652,10.35000,505753.00000,4.87000,0.00000,0.00000,0.00000
-298843.96113,-481895.54345,166.47700,498349318.66275,10.50000,382976.00000,4.17000,0.00000,0.00000,0.00000
-298626.88890,-481677.57475,165.54300,498349318.70898,10.53000,771156.00000,4.25000,0.00000,0.00000,0.00000
-298447.71580,-481405.67026,164.64000,498349318.75521,10.65000,574742.00000,5.79000,0.00000,0.00000,0.00000
-298282.27920,-481114.19611,164.49400,498349318.80144,10.77000,443414.00000,4.23000,0.00000,0.00000,0.00000
-298099.36278,-480847.62431,163.54600,498349318.84767,10.82000,517060.00000,4.77000,0.00000,0.00000,0.00000
-307614.49306,-485609.48289,153.40300,498403062.47244,12.23000,587354.00000,4.90000,0.00000,0.00000,1.00000
-309503.60692,-486209.62501,147.33100,498403062.61121,11.95000,143113.00000,6.30000,0.00000,0.00000,1.00000
-309156.58217,-486576.27854,147.85300,498403062.65747,11.80000,344145.00000,5.76000,0.00000,0.00000,1.00000
-309004.61084,-486909.65003,148.51500,498403062.70372,11.71000,517566.00000,5.18000,0.00000,0.00000,1.00000
-309299.92264,-487166.74348,148.71000,498403062.74998,11.86000,502322.00000,8.20000,0.00000,0.00000,1.00000
-309343.01853,-487466.86410,149.93300,498403062.79624,11.78000,386715.00000,7.15000,0.00000,0.00000,1.00000
-309520.43246,-487744.06633,150.79200,498403062.84250,11.83000,215379.00000,8.12000,0.00000,0.00000,1.00000
-308748.96659,-488183.06797,153.43300,498403062.88875,11.58000,1436449.00000,6.07000,0.00000,0.00000,1.00000
-309535.15266,-488356.48350,152.57600,498403062.93501,11.30000,312411.00000,5.54000,0.00000,0.00000,1.00000
-309749.00102,-488627.48111,152.67200,498403062.98127,11.42000,475978.00000,5.37000,0.00000,0.00000,1.00000
-309772.78526,-488930.88332,152.66100,498403063.02752,11.50000,444900.00000,5.99000,0.00000,0.00000,1.00000
-310063.09114,-489188.85803,152.68000,498403063.07378,11.63000,447183.00000,6.91000,0.00000,0.00000,1.00000
-310129.03244,-489485.08314,152.81400,498403063.12004,11.80000,562170.00000,6.43000,0.00000,0.00000,1.00000
-310639.41677,-489705.55129,151.79000,498403063.16629,12.03000,924029.00000,6.93000,0.00000,0.00000,1.00000
-310451.68777,-490045.01172,149.65000,498403063.21255,12.05000,1888532.00000,5.72000,0.00000,0.00000,1.00000
-310753.42459,-490301.04877,148.70800,498403063.25881,12.18000,2177129.00000,7.00000,0.00000,0.00000,1.00000
-310920.10973,-490580.11055,149.60100,498403063.30507,12.31000,2630121.00000,5.20000,0.00000,0.00000,1.00000
-311929.25965,-490715.58634,145.83400,498403063.35132,12.36000,2086901.00000,4.33000,0.00000,0.00000,1.00000
-310230.24290,-491312.64197,153.40200,498403063.39758,12.41000,2864558.00000,4.83000,0.00000,0.00000,1.00000
-310227.56914,-491620.56518,153.40100,498403063.44384,12.56000,3023942.00000,5.08000,0.00000,0.00000,1.00000
-310267.76816,-491921.17864,152.96500,498403063.49010,12.43000,636661.00000,5.08000,0.00000,0.00000,1.00000
-310325.83154,-492218.76112,152.82100,498403063.53635,12.46000,793892.00000,4.82000,0.00000,0.00000,1.00000
-310797.61831,-492445.83469,149.28800,498403063.58261,12.51000,3230389.00000,5.79000,0.00000,0.00000,1.00000
-310709.18742,-492768.37175,149.79900,498403063.62887,12.36000,3450018.00000,5.30000,0.00000,0.00000,1.00000
-310620.76387,-493090.92256,152.84700,498403063.67513,12.45000,1067028.00000,5.87000,0.00000,0.00000,1.00000
-311220.95943,-494218.53281,145.54600,498403063.86016,11.90000,793688.00000,5.14000,0.00000,0.00000,1.00000
-311348.32523,-494504.32069,145.70400,498403063.90641,11.87000,573328.00000,5.25000,0.00000,0.00000,1.00000
-311337.04910,-494813.70383,144.71400,498403063.95267,11.69000,1191415.00000,6.39000,0.00000,0.00000,1.00000
-311376.51536,-495114.46205,145.06000,498403063.99893,11.81000,601477.00000,6.55000,0.00000,0.00000,1.00000
-310872.88417,-495507.70442,144.86900,498403064.04518,11.79000,998995.00000,6.86000,0.00000,0.00000,1.00000
-310298.51031,-495912.99732,145.36600,498403064.09144,11.19000,2212764.00000,4.14000,0.00000,0.00000,1.00000
-309721.98113,-496318.64256,143.44000,498403064.13770,10.86000,1987569.00000,3.84000,0.00000,0.00000,1.00000
-309140.44840,-496725.12191,146.15700,498403064.18395,10.80000,1165955.00000,3.53000,0.00000,0.00000,1.00000
-309194.89744,-497023.30678,145.90800,498403064.23021,10.79000,383795.00000,3.82000,0.00000,0.00000,1.00000
-308689.09095,-497416.88163,144.39500,498403064.27647,10.69000,1700341.00000,5.41000,0.00000,0.00000,1.00000
-310116.09998,-498711.20564,144.13600,498403064.50775,9.85000,1752782.00000,3.13000,0.00000,0.00000,1.00000
-308959.97286,-499215.45051,145.41600,498403064.55401,9.90000,2095081.00000,2.47000,0.00000,0.00000,1.00000
-311749.59287,-497685.75088,149.98700,498521968.87735,8.67000,341508.00000,11.28000,0.00000,0.00000,0.00000
-311428.53665,-497612.44414,149.06800,498521968.92359,9.26000,185341.00000,12.47000,0.00000,0.00000,0.00000
-310686.54147,-498120.11760,145.25200,498521968.96983,9.28000,263282.00000,7.59000,0.00000,0.00000,0.00000
-309936.03328,-498639.52844,142.16200,498521969.01607,9.72000,170827.00000,7.14000,0.00000,0.00000,0.00000
-309877.32061,-498204.09835,138.27100,498521969.06232,10.08000,2704212.00000,4.00000,0.00000,0.00000,0.00000
-309641.72776,-498012.82188,137.60000,498521969.10856,10.17000,1330043.00000,3.53000,0.00000,0.00000,0.00000
-306887.49812,-501297.49170,126.88200,498521969.15480,10.36000,889593.00000,3.19000,0.00000,0.00000,0.00000
-306535.78543,-501266.38950,127.00900,498521969.20104,10.60000,711637.00000,4.15000,0.00000,0.00000,0.00000
-306399.67930,-500937.75603,126.32500,498521969.24729,10.52000,1252429.00000,2.65000,0.00000,0.00000,0.00000
-308098.05990,-498077.45716,151.49200,498521969.29353,10.42000,1937364.00000,2.25000,0.00000,0.00000,0.00000
-307952.18150,-497762.33431,151.02800,498521969.33977,10.45000,2082861.00000,2.43000,0.00000,0.00000,0.00000
-307870.51740,-497358.60406,151.39900,498521969.38601,10.45000,1423429.00000,2.72000,0.00000,0.00000,0.00000
-307796.93339,-496943.73303,154.19200,498521969.43226,10.40000,394433.00000,2.37000,0.00000,0.00000,0.00000
-307701.66514,-496558.78929,157.47100,498521969.47850,10.29000,345961.00000,2.95000,0.00000,0.00000,0.00000
-307537.51651,-496268.91697,159.95800,498521969.52474,10.02000,282538.00000,2.72000,0.00000,0.00000,0.00000
-307315.54515,-496058.84640,160.03000,498521969.57099,9.77000,1277377.00000,2.51000,0.00000,0.00000,0.00000
-307118.66781,-495814.13856,157.40800,498521969.61723,9.81000,973428.00000,2.02000,0.00000,0.00000,0.00000
-306963.46064,-495511.91883,154.44900,498521969.66347,10.11000,4158812.00000,1.47000,0.00000,0.00000,0.00000
-306794.66155,-495228.49381,151.56100,498521969.70972,10.32000,766131.00000,1.99000,0.00000,0.00000,0.00000
-306566.74563,-495026.61562,148.75100,498521969.75596,10.53000,1648748.00000,2.09000,0.00000,0.00000,0.00000
-306350.31165,-494808.89341,147.11300,498521969.80220,10.49000,1652299.00000,2.81000,0.00000,0.00000,0.00000
-306141.10908,-494581.20559,146.59400,498521969.84844,10.48000,708611.00000,3.49000,0.00000,0.00000,0.00000
-305967.63792,-494304.23820,147.03000,498521969.89469,10.54000,732047.00000,3.64000,0.00000,0.00000,0.00000
-305750.35368,-494087.69218,147.67300,498521969.94093,10.42000,635747.00000,4.14000,0.00000,0.00000,0.00000
-305463.76507,-493966.79957,147.12700,498521969.98717,10.53000,403802.00000,4.33000,0.00000,0.00000,0.00000
-305164.83684,-493862.91254,146.63600,498521970.03342,10.62000,1020282.00000,4.83000,0.00000,0.00000,0.00000
-304947.56800,-493646.37112,146.47300,498521970.07966,10.85000,519469.00000,4.77000,0.00000,0.00000,0.00000
-304609.94402,-493595.87831,145.61400,498521970.12590,10.66000,415519.00000,4.87000,0.00000,0.00000,0.00000
-304347.17321,-493442.11712,145.37800,498521970.17215,10.54000,3885085.00000,3.84000,0.00000,0.00000,0.00000
-304158.39575,-493186.24500,144.55700,498521970.21839,10.28000,5216598.00000,3.40000,0.00000,0.00000,0.00000
-304044.48271,-492827.11672,144.06800,498521970.26463,10.00000,3538831.00000,2.93000,0.00000,0.00000,0.00000
-304006.71361,-492362.91720,135.11100,498521970.31088,10.01000,2659852.00000,2.70000,0.00000,0.00000,0.00000
-303935.30648,-491945.15025,145.80300,498521970.35712,10.30000,1818744.00000,2.83000,0.00000,0.00000,0.00000
-301548.52855,-494721.55592,112.29600,498521970.40336,10.64000,2124367.00000,2.42000,0.00000,0.00000,0.00000
-301425.68618,-494374.72660,112.13800,498521970.44961,10.84000,468590.00000,3.31000,0.00000,0.00000,0.00000
-301284.12889,-494053.71078,112.37800,498521970.49585,11.04000,401531.00000,4.65000,0.00000,0.00000,0.00000
-301271.87647,-493554.32109,113.82700,498521970.54210,11.35000,276886.00000,6.13000,0.00000,0.00000,0.00000
-301018.03111,-493388.20219,115.30900,498521970.58834,11.57000,231225.00000,7.92000,0.00000,0.00000,0.00000
-300848.41097,-493105.91546,118.01400,498521970.63458,11.41000,305823.00000,6.41000,0.00000,0.00000,0.00000
-300610.73769,-492917.50653,121.47100,498521970.68083,11.12000,490235.00000,4.85000,0.00000,0.00000,0.00000
-301098.28192,-491728.73448,125.81400,498521970.72707,11.30000,784016.00000,5.64000,0.00000,0.00000,0.00000
-300395.29051,-492182.20351,123.59500,498521970.77332,11.45000,467232.00000,6.65000,0.00000,0.00000,0.00000
-300378.80510,-491688.69143,124.48500,498521970.81956,11.08000,750560.00000,6.79000,0.00000,0.00000,0.00000
-300737.49036,-490677.73104,129.74600,498521970.86580,11.15000,3189150.00000,3.65000,0.00000,0.00000,0.00000
-300779.69756,-490103.28639,137.42300,498521970.91205,11.24000,3203031.00000,3.54000,0.00000,0.00000,0.00000
-300315.75821,-490227.00301,137.02700,498521970.95829,11.20000,1758596.00000,3.75000,0.00000,0.00000,0.00000
-299960.28299,-490201.10813,137.38600,498521971.00454,11.15000,1081842.00000,3.11000,0.00000,0.00000,0.00000
-299321.94706,-490565.34185,131.61100,498521971.05078,11.24000,3706305.00000,3.25000,0.00000,0.00000,0.00000
-298772.92171,-490806.37137,130.64800,498521971.09702,11.36000,3108929.00000,3.39000,0.00000,0.00000,0.00000
-299055.06906,-489901.05125,139.98500,498521971.14327,11.49000,8511157.00000,3.74000,0.00000,0.00000,0.00000
-298782.53914,-489760.73040,139.16100,498521971.18951,11.57000,1436353.00000,4.56000,0.00000,0.00000,0.00000
-298567.02248,-489541.81524,139.03100,498521971.23576,11.51000,1446012.00000,4.48000,0.00000,0.00000,0.00000
-298295.76750,-489399.72569,138.95400,498521971.28200,11.36000,2814734.00000,4.54000,0.00000,0.00000,0.00000
-297906.27352,-489420.74908,138.14600,498521971.32824,11.33000,930926.00000,5.48000,0.00000,0.00000,0.00000
-297557.18125,-489386.02065,136.91900,498521971.37449,11.05000,244375.00000,10.01000,0.00000,0.00000,0.00000
-297662.83401,-488724.16381,138.18100,498521971.42073,11.61000,133322.00000,12.13000,0.00000,0.00000,0.00000
-297026.18092,-489086.00838,135.63100,498521971.46698,11.43000,793219.00000,9.63000,0.00000,0.00000,0.00000
-297376.43949,-488086.85673,142.96000,498521971.51322,10.91000,3188177.00000,6.21000,0.00000,0.00000,0.00000
-297333.21557,-487630.34201,145.03100,498521971.55946,10.45000,716483.00000,5.62000,0.00000,0.00000,0.00000
-296888.00264,-487728.18784,142.48600,498521971.60571,10.15000,2957477.00000,4.80000,0.00000,0.00000,0.00000
-296331.31183,-487979.72714,145.20900,498521971.65195,10.15000,1042134.00000,5.02000,0.00000,0.00000,0.00000
-295799.30129,-488197.23039,145.26900,498521971.69820,10.19000,190396.00000,5.23000,0.00000,0.00000,0.00000
-295329.83238,-488328.50933,144.90200,498521971.74444,10.15000,221957.00000,5.49000,0.00000,0.00000,0.00000
-294972.23862,-488305.48686,144.24500,498521971.79068,10.34000,146330.00000,5.32000,0.00000,0.00000,0.00000
-294716.74120,-488141.67166,144.24400,498521971.83693,10.53000,586212.00000,5.45000,0.00000,0.00000,0.00000
-294509.32756,-487911.58035,143.86500,498521971.88317,10.65000,484615.00000,4.36000,0.00000,0.00000,0.00000
-294556.32711,-487330.70500,143.48600,498521971.92942,10.81000,337826.00000,6.49000,0.00000,0.00000,0.00000
-294877.72572,-486371.47723,146.30300,498521971.97566,10.93000,2634115.00000,4.13000,0.00000,0.00000,0.00000
-293039.60572,-488389.76985,135.29200,498521972.02190,10.99000,1678079.00000,3.62000,0.00000,0.00000,0.00000
-292447.15543,-488690.53262,134.57800,498521972.06815,11.08000,304448.00000,5.27000,0.00000,0.00000,0.00000
-291631.31886,-489299.22676,135.52400,498521972.11439,11.14000,237673.00000,6.23000,0.00000,0.00000,0.00000
-291064.38067,-489564.77194,136.84400,498521972.16064,10.78000,299734.00000,6.84000,0.00000,0.00000,0.00000
-293342.53151,-485907.89784,146.97100,498521972.20688,10.42000,3499629.00000,4.65000,0.00000,0.00000,0.00000
-292563.75384,-486465.55428,143.90300,498521972.25312,10.57000,403414.00000,7.28000,0.00000,0.00000,0.00000
-290881.68143,-488268.46517,145.35500,498521972.29937,10.58000,370580.00000,5.37000,0.00000,0.00000,0.00000
-291186.54240,-487332.13299,138.19900,498521972.34561,10.85000,1822166.00000,4.68000,0.00000,0.00000,0.00000
-290136.26978,-488263.97113,145.84400,498521972.39186,10.97000,2715545.00000,4.69000,0.00000,0.00000,0.00000
-289919.07784,-488047.33652,144.87700,498521972.43810,10.70000,2449098.00000,4.38000,0.00000,0.00000,0.00000
-289721.46431,-487803.72944,143.34400,498521972.48434,10.51000,4773746.00000,4.43000,0.00000,0.00000,0.00000
-291030.93894,-485482.57152,130.15900,498521972.53059,10.26000,656572.00000,5.51000,0.00000,0.00000,0.00000
-300483.00197,-480714.38772,164.81100,498575714.75388,10.24000,1313173.00000,4.36000,0.00000,0.00000,1.00000
-300269.40110,-481054.35709,164.45900,498575714.80016,10.10000,1955651.00000,4.50000,0.00000,0.00000,1.00000
-300197.65971,-481372.31141,164.49700,498575714.84645,10.25000,1484881.00000,5.40000,0.00000,0.00000,1.00000
-299993.36415,-481710.82745,164.89300,498575714.89273,10.52000,907150.00000,5.31000,0.00000,0.00000,1.00000
-299814.86276,-482045.33887,165.65100,498575714.93901,10.34000,403843.00000,6.65000,0.00000,0.00000,1.00000
-299980.98401,-482326.38804,164.72900,498575714.98529,10.16000,155642.00000,6.47000,0.00000,0.00000,1.00000
-300520.40425,-482549.54835,163.80900,498575715.03157,10.26000,231805.00000,6.88000,0.00000,0.00000,1.00000
-300900.75427,-482797.36993,163.46800,498575715.07785,10.53000,189456.00000,7.30000,0.00000,0.00000,1.00000
-301059.71300,-483079.54618,163.37600,498575715.12413,10.54000,134072.00000,8.24000,0.00000,0.00000,1.00000
-301268.11319,-483354.06462,163.13900,498575715.17041,10.09000,203204.00000,7.13000,0.00000,0.00000,1.00000
-301355.41375,-483647.35313,163.12100,498575715.21670,10.19000,224267.00000,5.78000,0.00000,0.00000,1.00000
-301457.77054,-483938.33040,163.32800,498575715.26298,10.19000,292601.00000,4.57000,0.00000,0.00000,1.00000
-301552.23149,-484230.50969,163.10700,498575715.30926,10.37000,411881.00000,4.76000,0.00000,0.00000,1.00000
-301558.56158,-484536.35869,162.34200,498575715.35554,10.48000,479030.00000,3.88000,0.00000,0.00000,1.00000
-305587.56045,-484218.49859,156.58600,498575715.40182,10.49000,381146.00000,3.51000,0.00000,0.00000,1.00000
-305840.38230,-484486.16677,158.93500,498575715.44811,10.48000,395180.00000,4.03000,0.00000,0.00000,1.00000
-301798.24127,-485419.71920,159.39000,498575715.49439,10.48000,352898.00000,4.30000,0.00000,0.00000,1.00000
-306012.82975,-485073.16764,161.04900,498575715.54067,10.48000,1073524.00000,3.66000,0.00000,0.00000,1.00000
-306147.41979,-485359.17682,162.55300,498575715.58695,10.40000,880687.00000,3.92000,0.00000,0.00000,1.00000
-290522.18601,-488087.58248,236.42100,498575715.63323,10.53000,486780.00000,3.97000,0.00000,0.00000,1.00000
-303011.57929,-486459.01136,144.47400,498575715.67952,10.68000,870246.00000,4.35000,0.00000,0.00000,1.00000
-303392.65932,-486706.79853,144.76400,498575715.72580,10.64000,615004.00000,4.98000,0.00000,0.00000,1.00000
-303884.79915,-486937.36834,146.12000,498575715.77208,10.84000,677966.00000,5.30000,0.00000,0.00000,1.00000
-302104.01320,-487520.20977,142.98600,498575715.81836,10.75000,668599.00000,4.48000,0.00000,0.00000,1.00000
-302121.78503,-487824.29766,143.69200,498575715.86464,11.04000,2585202.00000,4.56000,0.00000,0.00000,1.00000
-302382.47034,-488090.75190,144.48700,498575715.91093,11.21000,1206592.00000,4.88000,0.00000,0.00000,1.00000
-302709.78759,-488346.86804,145.83000,498575715.95721,11.21000,1004132.00000,5.61000,0.00000,0.00000,1.00000
-304023.12141,-488450.23142,146.61500,498575716.00349,11.19000,1833186.00000,5.71000,0.00000,0.00000,1.00000
-303184.57790,-488887.00882,147.74500,498575716.04977,11.04000,971544.00000,5.10000,0.00000,0.00000,1.00000
-303466.03355,-489150.24974,149.69100,498575716.09606,10.72000,859625.00000,4.71000,0.00000,0.00000,1.00000
-304247.65910,-489336.00302,151.11100,498575716.14234,10.62000,1035861.00000,3.79000,0.00000,0.00000,1.00000
-304929.70080,-489537.20994,150.78800,498575716.18862,10.44000,2119886.00000,3.82000,0.00000,0.00000,1.00000
-305237.66758,-489796.36356,152.98700,498575716.23490,10.35000,4491897.00000,3.32000,0.00000,0.00000,1.00000
-305377.96947,-490081.50229,152.33400,498575716.28119,10.27000,2838839.00000,3.64000,0.00000,0.00000,1.00000
-304798.10335,-490478.19213,148.31800,498575716.32747,10.29000,1722342.00000,4.01000,0.00000,0.00000,1.00000
-304871.04524,-490773.76874,146.93700,498575716.37375,10.44000,1988240.00000,3.53000,0.00000,0.00000,1.00000
-305081.56419,-491048.02374,145.88300,498575716.42004,10.53000,829146.00000,4.10000,0.00000,0.00000,1.00000
-304877.17679,-491386.55619,144.31700,498575716.46632,10.60000,1151483.00000,4.04000,0.00000,0.00000,1.00000
-304513.69451,-491749.71619,143.18100,498575716.51260,10.78000,1242091.00000,5.01000,0.00000,0.00000,1.00000
-304082.12570,-492123.41872,144.58000,498575716.55889,10.86000,716041.00000,4.19000,0.00000,0.00000,1.00000
-304357.83925,-492387.58331,145.29600,498575716.60517,10.89000,402826.00000,3.39000,0.00000,0.00000,1.00000
-304522.48034,-492668.95366,145.73100,498575716.65145,10.89000,338473.00000,4.16000,0.00000,0.00000,1.00000
-304624.05864,-492960.09070,146.30600,498575716.69773,10.89000,344237.00000,3.92000,0.00000,0.00000,1.00000
-304660.42396,-493261.32589,146.52000,498575716.74402,10.83000,248862.00000,4.30000,0.00000,0.00000,1.00000
-304636.58834,-493571.87279,146.19300,498575716.79030,10.87000,173593.00000,4.31000,0.00000,0.00000,1.00000
-300171.11488,-494569.96994,115.83600,498575716.83658,10.90000,319622.00000,4.07000,0.00000,0.00000,1.00000
-304692.83427,-494176.89850,144.35900,498575716.88287,10.84000,214316.00000,5.18000,0.00000,0.00000,1.00000
-304752.12667,-494474.58734,143.57600,498575716.92915,11.01000,249012.00000,6.89000,0.00000,0.00000,1.00000
-304587.11765,-494807.00069,142.04200,498575716.97543,10.96000,233362.00000,7.00000,0.00000,0.00000,1.00000
-304523.85588,-495123.64529,140.54400,498575717.02171,11.00000,237027.00000,7.23000,0.00000,0.00000,1.00000
-305476.77018,-495283.02567,143.41700,498575717.06800,11.24000,68460.00000,7.88000,0.00000,0.00000,1.00000
-306560.83027,-495422.12417,148.46300,498575717.11428,11.12000,459530.00000,6.14000,0.00000,0.00000,1.00000
-305226.99570,-495935.43083,140.23000,498575717.16056,11.10000,354054.00000,6.63000,0.00000,0.00000,1.00000
-304943.00819,-496286.24531,137.94600,498575717.20685,10.82000,671853.00000,4.37000,0.00000,0.00000,1.00000
-304355.16365,-496684.07611,134.13100,498575717.25313,10.65000,440367.00000,4.47000,0.00000,0.00000,1.00000
-304773.47331,-496926.20966,133.45700,498575717.29941,10.66000,363288.00000,3.67000,0.00000,0.00000,1.00000
-304533.91200,-497270.14960,129.92200,498575717.34570,10.78000,300851.00000,3.49000,0.00000,0.00000,1.00000
-304277.85421,-497616.63183,126.60100,498575717.39198,10.84000,732992.00000,3.56000,0.00000,0.00000,1.00000
-303898.52633,-497982.17807,122.50600,498575717.43826,10.75000,369506.00000,3.37000,0.00000,0.00000,1.00000
-303598.74407,-498335.41866,118.68900,498575717.48455,10.65000,611780.00000,4.33000,0.00000,0.00000,1.00000
-303727.51372,-498622.34652,117.44900,498575717.53083,10.60000,487704.00000,4.07000,0.00000,0.00000,1.00000
-303540.23306,-498958.17371,115.89600,498575717.57711,10.54000,226264.00000,4.62000,0.00000,0.00000,1.00000
-307419.27394,-498665.02422,143.14200,498575717.62340,10.48000,924411.00000,4.47000,0.00000,0.00000,1.00000
-307401.14847,-498974.72471,141.58100,498575717.66968,10.47000,1335871.00000,4.31000,0.00000,0.00000,1.00000
-306245.66270,-499460.31819,133.93600,498575717.71596,10.48000,877869.00000,4.36000,0.00000,0.00000,1.00000
-305977.41204,-499808.68750,128.98100,498575717.76225,10.57000,3122850.00000,4.56000,0.00000,0.00000,1.00000
-305337.19636,-500214.58708,125.61200,498575717.80853,10.77000,1436368.00000,3.97000,0.00000,0.00000,1.00000
-305961.92236,-500424.85912,122.93000,498575717.85481,10.95000,726778.00000,3.93000,0.00000,0.00000,1.00000
-305901.48644,-500741.07819,120.31500,498575717.90110,11.24000,541267.00000,5.16000,0.00000,0.00000,1.00000
-306617.22365,-500937.28808,122.26000,498575717.94738,11.45000,813391.00000,5.33000,0.00000,0.00000,1.00000
-304464.01013,-501577.08061,126.37500,498575717.99367,11.19000,4548721.00000,4.79000,0.00000,0.00000,1.00000
-304520.38548,-501875.24443,125.62400,498575718.03995,11.29000,620197.00000,8.97000,0.00000,0.00000,1.00000
-304644.83589,-502162.87329,125.66200,498575718.08623,10.87000,209073.00000,7.62000,0.00000,0.00000,1.00000
-304480.45805,-502495.15041,124.46900,498575718.13252,10.60000,279066.00000,6.86000,0.00000,0.00000,1.00000
-304076.70434,-502864.43380,122.22900,498575718.17880,10.34000,383139.00000,5.73000,0.00000,0.00000,1.00000
-303653.58653,-503236.69073,120.69800,498575718.22509,10.19000,495157.00000,4.92000,0.00000,0.00000,1.00000
-303732.87541,-503531.30075,116.31400,498575718.27137,10.00000,1555958.00000,4.32000,0.00000,0.00000,1.00000
-303359.19484,-503895.90755,113.72600,498575718.31765,10.10000,3116196.00000,3.83000,0.00000,0.00000,1.00000
-303622.67400,-504162.05395,109.18000,498575718.36394,10.43000,2028447.00000,4.11000,0.00000,0.00000,1.00000
-304813.60292,-504284.88179,103.83800,498575718.41022,10.77000,2166015.00000,4.42000,0.00000,0.00000,1.00000
-304890.02516,-504579.95477,102.81300,498575718.45651,11.06000,451561.00000,6.07000,0.00000,0.00000,1.00000
-304929.88911,-504880.67230,102.07500,498575718.50279,11.47000,341991.00000,9.06000,0.00000,0.00000,1.00000
-304713.86516,-505220.91518,101.69700,498575718.54908,11.42000,278657.00000,8.01000,0.00000,0.00000,1.00000
-307552.59769,-505089.17258,109.07100,498575718.59536,11.47000,973753.00000,9.71000,0.00000,0.00000,1.00000
-307722.91407,-505369.75835,109.01000,498575718.64165,11.60000,429808.00000,8.56000,0.00000,0.00000,1.00000
-307865.99635,-505654.56126,108.90600,498575718.68793,11.76000,304909.00000,7.88000,0.00000,0.00000,1.00000
-307976.09373,-505944.43919,108.64600,498575718.73422,11.65000,242924.00000,7.88000,0.00000,0.00000,1.00000
-308124.18964,-506228.46973,108.40000,498575718.78050,11.90000,220302.00000,7.66000,0.00000,0.00000,1.00000
-307511.80448,-506629.97221,103.99000,498575718.82679,11.65000,211466.00000,8.50000,0.00000,0.00000,1.00000
-307472.11163,-506943.00808,101.19800,498575718.87307,11.14000,1003287.00000,9.11000,0.00000,0.00000,1.00000
-306844.65560,-507346.82736,98.78900,498575718.91936,10.75000,235814.00000,7.09000,0.00000,0.00000,1.00000
-306016.49181,-507781.62557,97.65500,498575718.96564,10.36000,1230939.00000,4.82000,0.00000,0.00000,1.00000
-307136.50439,-507915.53452,99.90100,498575719.01193,10.01000,1831182.00000,5.38000,0.00000,0.00000,1.00000
-306798.60551,-508274.61762,100.49600,498575719.05821,10.14000,792355.00000,6.63000,0.00000,0.00000,1.00000
-306311.61251,-508656.70970,99.90100,498575719.10450,10.27000,1509977.00000,5.02000,0.00000,0.00000,1.00000
-305432.54166,-509099.33804,100.74700,498575719.15078,10.64000,1600279.00000,4.52000,0.00000,0.00000,1.00000
-304373.56389,-509569.72622,105.07800,498575719.19707,10.79000,1446764.00000,4.82000,0.00000,0.00000,1.00000
-304252.83357,-509895.23690,108.15300,498575719.24335,10.91000,284912.00000,5.69000,0.00000,0.00000,1.00000
-304050.39371,-510233.36572,110.45000,498575719.28964,11.00000,442344.00000,3.99000,0.00000,0.00000,1.00000
-303000.73145,-510702.25824,115.10100,498575719.33592,11.00000,849880.00000,4.05000,0.00000,0.00000,1.00000
-302844.15344,-511033.28743,116.62300,498575719.38221,11.10000,439108.00000,4.75000,0.00000,0.00000,1.00000
-303011.54718,-511314.30462,116.93600,498575719.42849,11.33000,682642.00000,5.87000,0.00000,0.00000,1.00000
-303538.04507,-511539.91120,116.95700,498575719.47478,11.54000,2526897.00000,5.10000,0.00000,0.00000,1.00000
-303402.95952,-511867.61627,117.32300,498575719.52106,11.37000,4267803.00000,3.99000,0.00000,0.00000,1.00000
-304546.58387,-511997.97813,109.31800,498575719.56734,11.47000,3348761.00000,4.74000,0.00000,0.00000,1.00000
-304176.39414,-512361.96973,114.32100,498575719.61363,11.51000,297759.00000,5.96000,0.00000,0.00000,1.00000
-305832.49153,-511286.68471,105.75200,498694621.50409,13.24000,851346.00000,9.28000,0.00000,0.00000,0.00000
-306435.52042,-509974.05463,101.73200,498694621.55035,13.17000,3887460.00000,7.12000,0.00000,0.00000,0.00000
-308002.02959,-507373.04233,104.70000,498694621.59661,13.31000,659145.00000,8.63000,0.00000,0.00000,0.00000
-309010.12925,-505518.75576,115.28200,498694621.64288,13.12000,589093.00000,8.31000,0.00000,0.00000,0.00000
-308459.96265,-505748.27897,112.40600,498694621.68914,13.05000,1192678.00000,7.54000,0.00000,0.00000,0.00000
-308562.37028,-505105.14445,114.00200,498694621.73541,13.33000,277547.00000,10.47000,0.00000,0.00000,0.00000
-308309.19039,-504937.53067,113.08100,498694621.78167,13.33000,308194.00000,7.95000,0.00000,0.00000,0.00000
-306373.47913,-507019.73561,103.34600,498694621.82793,13.22000,642659.00000,7.81000,0.00000,0.00000,0.00000
-305019.53198,-508323.90736,103.14500,498694621.87420,12.34000,458448.00000,7.84000,0.00000,0.00000,0.00000
-303504.44846,-509843.45003,109.29200,498694621.92046,10.78000,2621771.00000,6.28000,0.00000,0.00000,0.00000
-303838.33603,-508890.82730,111.57500,498694621.96672,9.25000,4006758.00000,4.47000,0.00000,0.00000,0.00000
-303729.28579,-508530.45887,101.56800,498694622.01299,8.45000,757489.00000,5.74000,0.00000,0.00000,0.00000
-304150.89396,-507460.57748,100.57800,498694622.05925,8.18000,537801.00000,4.36000,0.00000,0.00000,0.00000
-303399.62419,-507958.84468,104.40200,498694622.10552,8.41000,1854313.00000,5.20000,0.00000,0.00000,0.00000
-304474.34649,-506015.81089,103.72900,498694622.15178,9.03000,573979.00000,6.99000,0.00000,0.00000,0.00000
-304597.22075,-505345.40963,103.89100,498694622.19804,9.59000,1844591.00000,4.97000,0.00000,0.00000,0.00000
-304325.36703,-505202.73051,104.85200,498694622.24431,10.03000,1209982.00000,3.74000,0.00000,0.00000,0.00000
-303436.88072,-505884.43543,107.90200,498694622.29057,10.41000,2933062.00000,3.55000,0.00000,0.00000,0.00000
-303794.25702,-504900.53263,106.50900,498694622.33684,11.00000,3364379.00000,4.58000,0.00000,0.00000,0.00000
-303074.25704,-505356.97233,111.32000,498694622.38310,11.42000,1568193.00000,5.51000,0.00000,0.00000,0.00000
-303610.99182,-504133.33430,114.06500,498694622.42936,11.67000,725101.00000,7.67000,0.00000,0.00000,0.00000
-303539.76965,-503722.44628,116.86700,498694622.47563,11.54000,736909.00000,7.13000,0.00000,0.00000,0.00000
-303573.64271,-503171.07126,118.25500,498694622.52189,11.51000,2215168.00000,5.83000,0.00000,0.00000,0.00000
-303331.76849,-502988.34973,122.61900,498694622.56816,11.37000,2320763.00000,4.22000,0.00000,0.00000,0.00000
-301199.10357,-505333.16701,109.20200,498694622.61442,11.31000,1191333.00000,3.49000,0.00000,0.00000,0.00000
-300869.05580,-505268.24591,107.47700,498694622.66069,11.45000,532066.00000,4.64000,0.00000,0.00000,0.00000
-300349.65965,-505456.42720,107.46400,498694622.70695,11.86000,459423.00000,7.23000,0.00000,0.00000,0.00000
-300241.11046,-505095.45266,106.33300,498694622.75321,11.94000,293363.00000,6.32000,0.00000,0.00000,0.00000
-299984.89877,-504931.84584,105.10300,498694622.79948,11.87000,564132.00000,5.12000,0.00000,0.00000,0.00000
-300013.58931,-504387.42348,102.76500,498694622.84574,12.19000,531554.00000,6.18000,0.00000,0.00000,0.00000
-299864.22040,-504081.00989,100.76300,498694622.89201,12.84000,298553.00000,6.90000,0.00000,0.00000,0.00000
-299570.23591,-503967.90814,99.53600,498694622.93827,13.28000,350223.00000,7.37000,0.00000,0.00000,0.00000
-299795.25415,-503161.10757,97.91900,498694622.98453,13.79000,527259.00000,7.34000,0.00000,0.00000,0.00000
-298896.70069,-503856.03800,98.31000,498694623.03080,14.19000,469157.00000,8.75000,0.00000,0.00000,0.00000
-299890.46845,-502021.77727,98.04300,498694623.07706,14.30000,237284.00000,9.33000,0.00000,0.00000,0.00000
-299590.85195,-501916.22387,98.18500,498694623.12333,14.08000,378775.00000,9.32000,0.00000,0.00000,0.00000
-298515.95785,-502846.80925,98.63600,498694623.16959,13.86000,952700.00000,8.83000,0.00000,0.00000,0.00000
-298414.81240,-502475.94499,98.65400,498694623.21586,13.69000,211933.00000,9.01000,0.00000,0.00000,0.00000
-297795.08185,-502798.17623,99.11700,498694623.26212,13.64000,254168.00000,7.86000,0.00000,0.00000,0.00000
-298056.18869,-501943.21760,97.51900,498694623.30839,13.67000,357608.00000,9.27000,0.00000,0.00000,0.00000
-299323.20363,-499743.91761,103.85400,498694623.35465,13.41000,595981.00000,6.05000,0.00000,0.00000,0.00000
-298494.58507,-500345.34687,100.78600,498694623.40092,13.49000,208791.00000,11.69000,0.00000,0.00000,0.00000
-297359.73108,-501355.97700,99.41500,498694623.44718,13.54000,130847.00000,8.94000,0.00000,0.00000,0.00000
-296950.65853,-501396.66425,100.19800,498694623.49345,13.54000,210680.00000,7.76000,0.00000,0.00000,0.00000
-296945.09751,-500898.11333,101.37700,498694623.53971,13.53000,143367.00000,6.86000,0.00000,0.00000,0.00000
-296892.20296,-500462.84571,103.86000,498694623.58598,13.13000,190357.00000,7.14000,0.00000,0.00000,0.00000
-296878.83089,-499974.75115,106.54200,498694623.63224,12.74000,240369.00000,7.09000,0.00000,0.00000,0.00000
-296705.19029,-499700.84766,109.26500,498694623.67851,12.40000,271963.00000,5.69000,0.00000,0.00000,0.00000
-296455.53166,-499528.50308,111.10300,498694623.72477,12.34000,382410.00000,5.18000,0.00000,0.00000,0.00000
-296049.94664,-499564.53288,111.66300,498694623.77104,12.23000,250542.00000,5.74000,0.00000,0.00000,0.00000
-295800.29466,-499392.18655,112.19900,498694623.81730,12.13000,299542.00000,5.89000,0.00000,0.00000,0.00000
-295638.39311,-499102.60153,112.35700,498694623.86357,12.15000,296549.00000,6.13000,0.00000,0.00000,0.00000
-295553.81273,-498709.71080,114.11500,498694623.90983,11.98000,538644.00000,5.33000,0.00000,0.00000,0.00000
-295331.54263,-498500.81189,115.80500,498694623.95609,11.77000,384911.00000,4.36000,0.00000,0.00000,0.00000
-295039.33770,-498385.35187,118.30500,498694624.00236,11.38000,730061.00000,4.09000,0.00000,0.00000,0.00000
-294708.90384,-498320.95439,122.05300,498694624.04862,11.21000,1186202.00000,3.01000,0.00000,0.00000,0.00000
-294461.00875,-498146.29006,126.25800,498694624.09489,10.93000,1064287.00000,2.69000,0.00000,0.00000,0.00000
-294204.42381,-497983.22931,130.93000,498694624.14115,10.52000,1145732.00000,2.55000,0.00000,0.00000,0.00000
-293989.54058,-497764.44931,134.92900,498694624.18741,10.40000,1535142.00000,2.84000,0.00000,0.00000,0.00000
-293818.10659,-497487.64428,137.36000,498694624.23368,10.27000,650176.00000,3.49000,0.00000,0.00000,0.00000
-293608.44548,-497261.90149,138.22500,498694624.27994,10.19000,1306450.00000,3.68000,0.00000,0.00000,0.00000
-293445.70135,-496973.47991,137.36900,498694624.32621,10.33000,915484.00000,3.35000,0.00000,0.00000,0.00000
-293254.72588,-496722.77962,136.27500,498694624.37247,10.55000,2985999.00000,3.58000,0.00000,0.00000,0.00000
-292966.01332,-496602.64738,133.86600,498694624.41873,10.93000,1591134.00000,3.08000,0.00000,0.00000,0.00000
-292685.11605,-496472.06168,132.68100,498694624.46500,11.26000,447326.00000,4.30000,0.00000,0.00000,0.00000
-292499.79701,-496213.81614,131.85100,498694624.51126,11.43000,254236.00000,4.49000,0.00000,0.00000,0.00000
-291987.36927,-496392.55391,130.00000,498694624.55753,11.60000,197289.00000,6.37000,0.00000,0.00000,0.00000
-291344.17095,-496745.94916,128.93500,498694624.60379,11.85000,322470.00000,6.58000,0.00000,0.00000,0.00000
-290690.10522,-497113.84917,129.49000,498694624.65005,12.27000,740393.00000,7.19000,0.00000,0.00000,0.00000
-290262.81242,-497178.82810,129.68600,498694624.69632,12.40000,553212.00000,6.32000,0.00000,0.00000,0.00000
-289957.15006,-497081.29958,130.07300,498694624.74258,12.23000,154968.00000,7.20000,0.00000,0.00000,0.00000
-289880.44514,-496677.96198,130.42900,498694624.78885,12.07000,181917.00000,6.87000,0.00000,0.00000,0.00000
-289762.03607,-496330.33076,131.53500,498694624.83511,11.72000,279815.00000,5.37000,0.00000,0.00000,0.00000
-289480.71816,-496200.31154,134.34200,498694624.88137,11.44000,1136086.00000,3.99000,0.00000,0.00000,0.00000
-289202.86772,-496065.63698,135.48800,498694624.92764,11.27000,2919630.00000,4.23000,0.00000,0.00000,0.00000
-289070.13420,-495737.16532,135.04100,498694624.97390,11.08000,363660.00000,5.11000,0.00000,0.00000,0.00000
-289501.74213,-494654.89898,134.05100,498694625.02017,10.91000,323341.00000,4.93000,0.00000,0.00000,0.00000
-289325.13338,-494385.02426,131.57900,498694625.06643,10.78000,2335344.00000,3.47000,0.00000,0.00000,0.00000
-289736.76775,-493329.49471,141.57500,498694625.11269,10.56000,2381698.00000,2.72000,0.00000,0.00000,0.00000
-286499.35086,-497147.62245,127.59600,498694625.15896,10.41000,1715928.00000,2.94000,0.00000,0.00000,0.00000
-285914.29984,-497423.17824,127.14400,498694625.20522,10.37000,839316.00000,3.63000,0.00000,0.00000,0.00000
-285817.19616,-497047.10845,124.52600,498694625.25149,10.25000,758563.00000,3.22000,0.00000,0.00000,0.00000
-288655.01867,-492751.39073,144.82100,498694625.29775,10.02000,361711.00000,3.54000,0.00000,0.00000,0.00000
-288339.83926,-492666.62062,142.95500,498694625.34401,9.95000,364355.00000,3.16000,0.00000,0.00000,0.00000
-288034.21663,-492569.08086,140.71400,498694625.39028,9.92000,394849.00000,3.47000,0.00000,0.00000,0.00000
-287671.24115,-492548.12250,138.63100,498694625.43654,10.32000,565610.00000,3.61000,0.00000,0.00000,0.00000
-287138.39038,-492754.04800,136.50900,498694625.48281,10.75000,652798.00000,5.62000,0.00000,0.00000,0.00000
-286583.80169,-492988.96663,135.71400,498694625.52907,10.63000,889155.00000,4.71000,0.00000,0.00000,0.00000
-286033.55884,-493218.08642,134.58400,498694625.57533,10.85000,1767544.00000,4.10000,0.00000,0.00000,0.00000
-286002.09586,-492754.40698,129.39900,498694625.62160,11.13000,2424575.00000,5.28000,0.00000,0.00000,0.00000
-285478.78134,-492947.54383,129.02600,498694625.66786,11.12000,4392458.00000,4.80000,0.00000,0.00000,0.00000
-285168.36772,-492856.35592,129.00300,498694625.71413,11.14000,3352596.00000,5.46000,0.00000,0.00000,0.00000
-285069.14004,-492483.19822,129.33400,498694625.76039,11.13000,596413.00000,6.07000,0.00000,0.00000,0.00000
-295025.39735,-481794.31163,154.64500,498748367.89982,9.67000,598856.00000,6.50000,0.00000,0.00000,1.00000
-294691.60453,-482147.23882,153.56000,498748367.94613,9.83000,2323289.00000,5.77000,0.00000,0.00000,1.00000
-295728.62800,-482308.76150,150.72700,498748367.99244,10.00000,522160.00000,4.82000,0.00000,0.00000,1.00000
-295672.15244,-482622.97454,150.23700,498748368.03875,10.08000,293226.00000,4.71000,0.00000,0.00000,1.00000
-295580.46698,-482942.10351,150.05500,498748368.08506,10.06000,1152209.00000,6.69000,0.00000,0.00000,1.00000
-295064.16904,-483320.50245,148.68800,498748368.13138,10.28000,752485.00000,7.37000,0.00000,0.00000,1.00000
-294336.64090,-483728.38627,148.85600,498748368.17769,9.83000,307959.00000,6.11000,0.00000,0.00000,1.00000
-294979.21185,-483945.01841,151.08600,498748368.22400,9.90000,1152194.00000,4.44000,0.00000,0.00000,1.00000
-295337.27423,-484201.36378,151.35900,498748368.27031,10.10000,2631389.00000,3.94000,0.00000,0.00000,1.00000
-294598.93882,-484610.72862,155.70200,498748368.31662,10.16000,1056891.00000,2.95000,0.00000,0.00000,1.00000
-294480.65711,-484933.56297,156.53300,498748368.36294,10.24000,2374751.00000,3.02000,0.00000,0.00000,1.00000
-294388.23293,-485252.77413,155.97600,498748368.40925,10.34000,350511.00000,3.05000,0.00000,0.00000,1.00000
-294402.85962,-485557.05231,155.58400,498748368.45556,10.46000,299992.00000,3.51000,0.00000,0.00000,1.00000
-295351.52957,-485730.99406,144.63100,498748368.50187,10.43000,2950378.00000,3.11000,0.00000,0.00000,1.00000
-295310.11342,-486043.10465,144.63200,498748368.54818,10.59000,1144041.00000,3.61000,0.00000,0.00000,1.00000
-294285.08466,-486492.43288,143.16500,498748368.59449,10.82000,938601.00000,3.74000,0.00000,0.00000,1.00000
-294139.47668,-486819.06118,142.73700,498748368.64081,10.82000,405400.00000,4.02000,0.00000,0.00000,1.00000
-293888.25162,-487160.42650,142.41700,498748368.68712,11.33000,274524.00000,5.98000,0.00000,0.00000,1.00000
-293850.41676,-487472.02682,142.23300,498748368.73343,11.47000,152029.00000,6.95000,0.00000,0.00000,1.00000
-294219.95286,-487726.78958,142.83700,498748368.77974,11.22000,250161.00000,6.93000,0.00000,0.00000,1.00000
-294550.69892,-487986.98102,143.62400,498748368.82606,10.84000,262467.00000,6.16000,0.00000,0.00000,1.00000
-294514.28632,-488298.37883,143.59800,498748368.87237,10.56000,474657.00000,4.89000,0.00000,0.00000,1.00000
-294538.23085,-488601.36375,143.74500,498748368.91868,10.73000,2481314.00000,4.14000,0.00000,0.00000,1.00000
-293010.92417,-489120.66202,132.88100,498748368.96499,10.83000,1854916.00000,4.03000,0.00000,0.00000,1.00000
-294390.67176,-489234.57351,142.75300,498748369.01131,10.82000,4931987.00000,4.06000,0.00000,0.00000,1.00000
-293146.44594,-489714.38319,134.57000,498748369.05762,10.90000,3204093.00000,4.37000,0.00000,0.00000,1.00000
-293265.22344,-490004.14692,134.93100,498748369.10393,10.97000,3212517.00000,5.13000,0.00000,0.00000,1.00000
-293289.86262,-490307.01636,135.50000,498748369.15024,11.08000,3214906.00000,5.18000,0.00000,0.00000,1.00000
-293224.69624,-490622.42265,136.29000,498748369.19656,11.08000,1484975.00000,5.86000,0.00000,0.00000,1.00000
-293236.40138,-490927.10183,136.01100,498748369.24287,11.01000,428664.00000,6.07000,0.00000,0.00000,1.00000
-293211.46312,-491236.89993,134.66300,498748369.28918,11.13000,279627.00000,5.75000,0.00000,0.00000,1.00000
-293187.95085,-491546.47916,133.47200,498748369.33550,11.18000,149318.00000,7.47000,0.00000,0.00000,1.00000
-294655.38931,-491648.26988,133.77600,498748369.38181,11.13000,253612.00000,5.53000,0.00000,0.00000,1.00000
-293359.36803,-492135.22820,131.24100,498748369.42812,11.15000,1688524.00000,3.80000,0.00000,0.00000,1.00000
-293641.23148,-492402.26506,127.13700,498748369.47444,11.03000,899205.00000,4.24000,0.00000,0.00000,1.00000
-294651.69517,-492567.76387,126.01300,498748369.52075,10.80000,1863599.00000,3.73000,0.00000,0.00000,1.00000
-295306.49561,-492782.85428,126.15400,498748369.56706,10.45000,2239678.00000,3.27000,0.00000,0.00000,1.00000
-294167.06912,-493247.94835,136.05200,498748369.61337,10.49000,8034523.00000,2.48000,0.00000,0.00000,1.00000
-294246.30320,-493543.23526,135.19000,498748369.65969,10.58000,774954.00000,3.62000,0.00000,0.00000,1.00000
-294462.04975,-493819.49024,134.92100,498748369.70600,10.49000,336524.00000,2.92000,0.00000,0.00000,1.00000
-294608.10460,-494105.47072,135.07900,498748369.75231,10.50000,502605.00000,2.52000,0.00000,0.00000,1.00000
-294576.67597,-494416.17759,135.00900,498748369.79863,10.75000,882879.00000,2.98000,0.00000,0.00000,1.00000
-294616.37455,-494716.96494,135.20100,498748369.84494,10.80000,289758.00000,3.37000,0.00000,0.00000,1.00000
-294565.54084,-495030.37601,135.51300,498748369.89125,10.69000,304993.00000,3.20000,0.00000,0.00000,1.00000
-294434.22002,-495354.98417,135.67100,498748369.93757,10.81000,404933.00000,3.10000,0.00000,0.00000,1.00000
-294219.55550,-495691.21905,136.35100,498748369.98388,10.96000,342473.00000,3.16000,0.00000,0.00000,1.00000
-294093.97692,-496015.02821,137.13700,498748370.03019,10.96000,1163650.00000,2.28000,0.00000,0.00000,1.00000
-295923.63965,-496066.54815,116.92800,498748370.07651,11.01000,1726336.00000,2.39000,0.00000,0.00000,1.00000
-294501.02034,-496571.00566,118.00300,498748370.12282,10.99000,1120388.00000,1.98000,0.00000,0.00000,1.00000
-294708.85593,-496848.39585,118.03500,498748370.16913,11.05000,1824785.00000,2.14000,0.00000,0.00000,1.00000
-301223.25364,-496247.54926,118.34700,498748370.21545,11.31000,815273.00000,2.60000,0.00000,0.00000,1.00000
-300642.07207,-496634.87591,114.11500,498748370.26176,11.38000,377224.00000,2.14000,0.00000,0.00000,1.00000
-300605.58908,-496946.33469,114.39200,498748370.30808,11.43000,146427.00000,3.06000,0.00000,0.00000,1.00000
-300332.68473,-497290.71852,112.69600,498748370.35439,11.52000,362142.00000,2.91000,0.00000,0.00000,1.00000
-300003.00226,-497642.99439,110.72000,498748370.40070,11.51000,199413.00000,3.24000,0.00000,0.00000,1.00000
-299771.04804,-497981.66508,109.71700,498748370.44702,11.60000,265857.00000,3.38000,0.00000,0.00000,1.00000
-299590.84156,-498313.13606,108.62500,498748370.49333,11.57000,260459.00000,3.58000,0.00000,0.00000,1.00000
-294683.50539,-499302.58280,112.45000,498748370.53965,11.74000,1016049.00000,3.99000,0.00000,0.00000,1.00000
-293582.74728,-499762.11113,114.33100,498748370.58596,11.78000,564831.00000,4.34000,0.00000,0.00000,1.00000
-293387.42216,-500095.61287,114.28900,498748370.63227,11.87000,1052115.00000,6.71000,0.00000,0.00000,1.00000
-293350.18752,-500407.11148,114.21700,498748370.67859,11.78000,123782.00000,6.27000,0.00000,0.00000,1.00000
-294374.34482,-500570.93554,111.06100,498748370.72490,12.01000,151025.00000,6.18000,0.00000,0.00000,1.00000
-298388.05116,-500318.75286,100.73500,498748370.77122,12.00000,320701.00000,4.46000,0.00000,0.00000,1.00000
-294480.24700,-501168.86620,110.47200,498748370.81753,12.04000,547720.00000,3.96000,0.00000,0.00000,1.00000
-294391.97726,-501487.46481,109.89000,498748370.86384,11.91000,1566395.00000,3.83000,0.00000,0.00000,1.00000
-294287.90346,-501808.27784,109.27300,498748370.91016,12.08000,5003149.00000,3.43000,0.00000,0.00000,1.00000
-294210.40887,-502125.38017,108.91500,498748370.95647,12.23000,1854131.00000,3.63000,0.00000,0.00000,1.00000
-294136.50797,-502441.99226,106.01400,498748371.00279,12.31000,5213739.00000,3.36000,0.00000,0.00000,1.00000
-300146.02460,-501912.35382,100.35500,498748371.04910,12.63000,1155825.00000,4.23000,0.00000,0.00000,1.00000
-293980.79837,-503076.31195,106.71800,498748371.09541,12.92000,432258.00000,4.19000,0.00000,0.00000,1.00000
-294038.40217,-503374.63350,106.30000,498748371.14173,13.00000,534653.00000,4.90000,0.00000,0.00000,1.00000
-294306.56302,-503643.67028,104.87600,498748371.18804,12.96000,743761.00000,5.76000,0.00000,0.00000,1.00000
-294622.15704,-503906.12284,103.84500,498748371.23436,12.98000,268887.00000,4.93000,0.00000,0.00000,1.00000
-295041.23579,-504154.18423,102.76800,498748371.28067,13.19000,85755.00000,7.66000,0.00000,0.00000,1.00000
-295993.56384,-504328.11489,103.67300,498748371.32699,13.16000,208878.00000,5.73000,0.00000,0.00000,1.00000
-300572.31005,-503997.73807,107.54000,498748371.37330,13.12000,265049.00000,5.38000,0.00000,0.00000,1.00000
-299791.23505,-504412.73955,102.51600,498748371.41962,12.85000,299986.00000,6.02000,0.00000,0.00000,1.00000
-299695.76345,-504732.40094,102.60000,498748371.46593,12.54000,1868724.00000,3.80000,0.00000,0.00000,1.00000
-295351.48754,-505642.76053,107.81900,498748371.51225,12.41000,602500.00000,4.83000,0.00000,0.00000,1.00000
-295306.30967,-505955.38956,108.24500,498748371.55856,12.62000,271124.00000,5.41000,0.00000,0.00000,1.00000
-295261.12966,-506268.01958,108.53500,498748371.60488,12.55000,453270.00000,5.70000,0.00000,0.00000,1.00000
-295518.49113,-506538.57711,105.87900,498748371.65119,12.80000,495788.00000,9.04000,0.00000,0.00000,1.00000
-295693.21902,-506820.64150,106.16800,498748371.69751,12.78000,257793.00000,8.04000,0.00000,0.00000,1.00000
-296469.47030,-507019.10595,106.89400,498748371.74382,12.87000,573014.00000,6.83000,0.00000,0.00000,1.00000
-297536.07018,-507177.22722,107.93600,498748371.79014,12.92000,432566.00000,6.52000,0.00000,0.00000,1.00000
-297541.90772,-507482.77605,106.89200,498748371.83645,12.69000,348582.00000,5.40000,0.00000,0.00000,1.00000
-296548.77695,-507927.14557,104.21000,498748371.88277,12.91000,165491.00000,6.44000,0.00000,0.00000,1.00000
-295600.19439,-508365.30377,103.39100,498748371.92908,13.24000,236857.00000,8.64000,0.00000,0.00000,1.00000
-295358.06937,-508705.28646,103.32700,498748371.97540,13.50000,267971.00000,9.93000,0.00000,0.00000,1.00000
-295589.55763,-508979.47433,102.81000,498748372.02171,13.63000,240992.00000,12.02000,0.00000,0.00000,1.00000
-296035.93439,-509223.81113,102.42500,498748372.06803,13.25000,195032.00000,15.64000,0.00000,0.00000,1.00000
-297158.59984,-509374.19866,103.90300,498748372.11434,12.80000,135601.00000,11.57000,0.00000,0.00000,1.00000
-297994.50903,-509564.43266,105.47400,498748372.16066,12.20000,288353.00000,9.41000,0.00000,0.00000,1.00000
-296752.66895,-510043.30081,102.27200,498748372.20697,12.16000,970399.00000,7.47000,0.00000,0.00000,1.00000
-297947.20839,-510183.73037,104.66200,498748372.25329,12.28000,451849.00000,6.49000,0.00000,0.00000,1.00000
-296063.55248,-510751.71674,100.32500,498748372.29960,12.46000,602971.00000,6.78000,0.00000,0.00000,1.00000
-298494.99316,-510720.37992,103.83200,498748372.34592,12.52000,881487.00000,7.53000,0.00000,0.00000,1.00000
-298257.16273,-511059.77670,101.44700,498748372.39223,12.56000,996249.00000,8.21000,0.00000,0.00000,1.00000
-298267.27787,-511364.74132,103.84500,498748372.43855,12.60000,406427.00000,7.09000,0.00000,0.00000,1.00000
-299654.44251,-511478.47148,109.10900,498748372.48486,12.58000,699997.00000,6.64000,0.00000,0.00000,1.00000
-299169.38260,-511852.21769,104.43400,498748372.53118,12.38000,3309376.00000,5.62000,0.00000,0.00000,1.00000
-299883.09416,-512059.47861,111.94500,498748372.57749,12.22000,1529206.00000,6.41000,0.00000,0.00000,1.00000
-298558.55401,-512549.76210,105.81600,498748372.62381,12.12000,967309.00000,7.26000,0.00000,0.00000,1.00000
-298047.59903,-512927.08563,103.83700,498748372.67012,12.44000,399976.00000,7.90000,0.00000,0.00000,1.00000
-298729.70255,-513138.74822,106.01900,498748372.71644,12.48000,620577.00000,7.67000,0.00000,0.00000,1.00000
-299873.94419,-513286.26380,111.00900,498748372.76275,12.57000,290469.00000,8.00000,0.00000,0.00000,1.00000
-299442.03371,-513652.60053,108.98500,498748372.80907,12.80000,332931.00000,10.78000,0.00000,0.00000,1.00000
-298800.97277,-514047.97415,107.09100,498748372.85538,12.67000,146594.00000,11.33000,0.00000,0.00000,1.00000
-297995.31328,-514466.17137,105.42100,498748372.90170,12.63000,149537.00000,12.06000,0.00000,0.00000,1.00000
-297560.50541,-514832.87580,105.67000,498748372.94801,12.59000,924657.00000,7.31000,0.00000,0.00000,1.00000
-296867.66745,-515235.37415,99.54200,498748372.99433,12.85000,2332165.00000,6.28000,0.00000,0.00000,1.00000
-297375.83472,-515471.20594,102.12100,498748373.04064,13.10000,2583366.00000,6.75000,0.00000,0.00000,1.00000
-297514.57171,-515758.30919,102.88600,498748373.08696,13.14000,1499479.00000,7.22000,0.00000,0.00000,1.00000
-297122.87823,-516119.01970,103.80500,498748373.13327,12.86000,1412001.00000,8.14000,0.00000,0.00000,1.00000
-297013.64134,-516440.52318,105.67900,498748373.17958,12.87000,841258.00000,9.03000,0.00000,0.00000,1.00000
-297043.11979,-516742.78091,107.39200,498748373.22590,12.92000,295770.00000,10.32000,0.00000,0.00000,1.00000
-299752.04605,-515374.86587,108.24600,498867274.88834,11.62000,769181.00000,4.45000,0.00000,0.00000,0.00000
-299473.82764,-515238.92405,108.75700,498867274.93463,11.52000,1159818.00000,4.40000,0.00000,0.00000,0.00000
-298647.37936,-515813.20913,111.59900,498867274.98092,11.34000,1238109.00000,4.11000,0.00000,0.00000,0.00000
-298278.73495,-515794.39390,108.92200,498867275.02721,11.24000,888748.00000,6.18000,0.00000,0.00000,0.00000
-298222.99189,-515370.20761,106.65900,498867275.07349,11.35000,839881.00000,5.62000,0.00000,0.00000,0.00000
-299006.22941,-513859.13115,104.64500,498867275.11978,11.26000,2192271.00000,3.31000,0.00000,0.00000,0.00000
-299997.75586,-512078.21662,106.49100,498867275.16607,11.36000,968296.00000,5.60000,0.00000,0.00000,0.00000
-299903.03286,-511704.56985,105.93300,498867275.21236,11.72000,729837.00000,6.54000,0.00000,0.00000,0.00000
-299816.72577,-511320.00928,108.20900,498867275.25865,12.05000,634773.00000,5.47000,0.00000,0.00000,0.00000
-299694.53368,-510981.97090,108.94300,498867275.30494,11.68000,1088046.00000,4.64000,0.00000,0.00000,0.00000
-298562.29466,-511952.38620,103.55100,498867275.35123,11.64000,1319653.00000,4.57000,0.00000,0.00000,0.00000
-298533.17674,-511493.76780,104.72900,498867275.39752,11.66000,203787.00000,5.01000,0.00000,0.00000,0.00000
-298426.50166,-511135.61508,102.61900,498867275.44380,11.74000,4227905.00000,4.64000,0.00000,0.00000,0.00000
-298530.78829,-510504.19118,109.06300,498867275.49009,11.67000,3756983.00000,5.08000,0.00000,0.00000,0.00000
-298415.69714,-510156.95832,110.17200,498867275.53638,11.77000,3041996.00000,3.31000,0.00000,0.00000,0.00000
-298090.53506,-510081.86499,109.43000,498867275.58267,11.81000,8237480.00000,2.94000,0.00000,0.00000,0.00000
-297413.00933,-510463.16746,101.54900,498867275.62896,12.12000,1852570.00000,3.87000,0.00000,0.00000,0.00000
-297194.64966,-510249.68795,100.08200,498867275.67525,12.57000,709303.00000,5.41000,0.00000,0.00000,0.00000
-297007.32841,-509996.03367,99.81700,498867275.72154,13.17000,576460.00000,7.49000,0.00000,0.00000,0.00000
-296718.94359,-509873.26379,98.58300,498867275.76783,13.66000,584262.00000,9.23000,0.00000,0.00000,0.00000
-296344.12485,-509862.44201,99.38100,498867275.81412,13.45000,1208502.00000,7.71000,0.00000,0.00000,0.00000
-297159.85920,-508309.58420,100.91000,498867275.86041,13.65000,3630475.00000,7.32000,0.00000,0.00000,0.00000
-295096.71222,-510485.49456,97.27400,498867275.90670,13.74000,1802761.00000,6.20000,0.00000,0.00000,0.00000
-294775.53133,-510405.18842,104.74800,498867275.95299,13.57000,1690644.00000,8.90000,0.00000,0.00000,0.00000
-294529.70605,-510227.29893,104.82800,498867275.99928,13.31000,1267180.00000,5.53000,0.00000,0.00000,0.00000
-293657.09393,-510861.13342,105.94100,498867276.04557,13.48000,923277.00000,8.52000,0.00000,0.00000,0.00000
-292780.49342,-511500.12099,112.15300,498867276.09186,13.41000,247198.00000,6.75000,0.00000,0.00000,0.00000
-293046.19717,-510659.74101,109.18300,498867276.13815,13.70000,275310.00000,9.22000,0.00000,0.00000,0.00000
-292819.87712,-510456.57401,109.62800,498867276.18444,13.57000,89786.00000,9.47000,0.00000,0.00000,0.00000
-292864.84204,-509902.08264,109.12300,498867276.23072,13.45000,326528.00000,8.44000,0.00000,0.00000,0.00000
-292963.89502,-509277.56322,108.09900,498867276.27701,13.55000,180564.00000,9.17000,0.00000,0.00000,0.00000
-292332.86831,-509598.50693,109.73300,498867276.32330,13.68000,173686.00000,9.91000,0.00000,0.00000,0.00000
-291955.83082,-509590.49987,110.67500,498867276.36959,13.74000,227488.00000,12.08000,0.00000,0.00000,0.00000
-291465.31593,-509729.44703,112.82000,498867276.41588,13.64000,263859.00000,10.67000,0.00000,0.00000,0.00000
-290495.59454,-510488.89782,119.84200,498867276.46217,13.11000,421243.00000,7.89000,0.00000,0.00000,0.00000
-289879.18003,-510790.82802,126.24900,498867276.50846,12.59000,171231.00000,7.68000,0.00000,0.00000,0.00000
-290242.02800,-509824.78880,122.76500,498867276.55475,12.23000,247479.00000,6.01000,0.00000,0.00000,0.00000
-289903.56691,-509766.80794,126.86000,498867276.60104,12.05000,1924193.00000,4.23000,0.00000,0.00000,0.00000
-289620.96442,-509636.51309,129.04800,498867276.64732,11.94000,1833214.00000,3.36000,0.00000,0.00000,0.00000
-289381.80060,-509449.97795,128.09200,498867276.69361,11.93000,5078969.00000,3.36000,0.00000,0.00000,0.00000
-289590.80044,-508683.14817,115.62400,498867276.73990,12.30000,2158846.00000,3.22000,0.00000,0.00000,0.00000
-289288.68941,-508578.11450,115.69900,498867276.78619,12.74000,1543495.00000,4.52000,0.00000,0.00000,0.00000
-288894.36301,-508592.46300,116.35700,498867276.83248,13.14000,367821.00000,5.68000,0.00000,0.00000,0.00000
-289101.19260,-507828.48941,111.74600,498867276.87877,13.46000,214822.00000,11.09000,0.00000,0.00000,0.00000
-289942.44154,-506243.13654,107.71800,498867276.92506,13.62000,93752.00000,10.42000,0.00000,0.00000,0.00000
-289987.92029,-505688.10310,108.05000,498867276.97135,13.43000,329239.00000,7.98000,0.00000,0.00000,0.00000
-289904.38969,-505300.09502,108.75900,498867277.01764,13.44000,719360.00000,6.47000,0.00000,0.00000,0.00000
-289762.34775,-504987.85716,109.24200,498867277.06393,13.37000,531324.00000,5.98000,0.00000,0.00000,0.00000
-289493.51838,-504839.78171,108.57500,498867277.11022,13.66000,731954.00000,8.05000,0.00000,0.00000,0.00000
-289031.39226,-504941.95429,108.67200,498867277.15651,13.57000,852274.00000,8.79000,0.00000,0.00000,0.00000
-288685.42242,-504893.74479,110.13500,498867277.20280,13.18000,1944127.00000,7.38000,0.00000,0.00000,0.00000
-288495.95286,-504642.92100,112.42700,498867277.24909,13.14000,1069090.00000,8.76000,0.00000,0.00000,0.00000
-288326.87723,-504365.68858,115.41900,498867277.29538,12.81000,1180393.00000,6.66000,0.00000,0.00000,0.00000
-287823.07194,-504521.78453,117.70300,498867277.34167,12.59000,1060607.00000,6.57000,0.00000,0.00000,0.00000
-287523.21724,-504413.87419,120.65800,498867277.38796,12.17000,1564523.00000,4.70000,0.00000,0.00000,0.00000
-287021.63314,-504567.09355,123.55800,498867277.43424,11.80000,1734193.00000,4.55000,0.00000,0.00000,0.00000
-287330.06252,-503671.73759,128.38800,498867277.48053,11.64000,645839.00000,5.08000,0.00000,0.00000,0.00000
-287078.09529,-503501.83574,132.08600,498867277.52682,11.68000,707184.00000,6.47000,0.00000,0.00000,0.00000
-286764.06097,-503412.28489,132.56900,498867277.57311,11.52000,319114.00000,6.60000,0.00000,0.00000,0.00000
-286606.96606,-503119.54517,133.04200,498867277.61940,11.75000,331840.00000,8.35000,0.00000,0.00000,0.00000
-286358.11033,-502945.62370,133.08400,498867277.66569,11.82000,299676.00000,7.72000,0.00000,0.00000,0.00000
-286025.01153,-502880.73818,133.12700,498867277.71198,11.56000,257858.00000,5.71000,0.00000,0.00000,0.00000
-285673.28706,-502839.94028,133.70700,498867277.75827,11.22000,441344.00000,4.69000,0.00000,0.00000,0.00000
-285438.18423,-502648.23277,133.71100,498867277.80456,10.91000,303579.00000,5.51000,0.00000,0.00000,0.00000
-285252.28691,-502392.79870,134.24000,498867277.85085,10.76000,296336.00000,3.90000,0.00000,0.00000,0.00000
-285081.46999,-502117.85884,135.41200,498867277.89713,10.56000,1624024.00000,3.46000,0.00000,0.00000,0.00000
-285202.85255,-501464.73598,130.00400,498867277.94342,10.39000,1497095.00000,3.45000,0.00000,0.00000,0.00000
-284916.31868,-501339.58161,131.47500,498867277.98971,10.18000,2024187.00000,2.72000,0.00000,0.00000,0.00000
-284405.86780,-501504.22096,138.08200,498867278.03600,10.02000,2043148.00000,2.80000,0.00000,0.00000,0.00000
-284255.45749,-501202.88424,136.40800,498867278.08229,10.00000,536708.00000,3.36000,0.00000,0.00000,0.00000
-284243.39807,-500722.51024,134.14700,498867278.12858,10.07000,610496.00000,3.89000,0.00000,0.00000,0.00000
-284255.28060,-500211.13708,133.59700,498867278.17487,10.16000,215985.00000,3.85000,0.00000,0.00000,0.00000
-284338.11696,-499607.95825,133.62500,498867278.22116,10.40000,249906.00000,2.87000,0.00000,0.00000,0.00000
-284285.27744,-499180.38425,133.61200,498867278.26745,10.72000,577134.00000,2.59000,0.00000,0.00000,0.00000
-284036.45079,-499006.43876,132.42200,498867278.31374,11.00000,2234466.00000,2.07000,0.00000,0.00000,0.00000
-282727.41001,-500204.54475,117.60700,498867278.36002,11.16000,935946.00000,2.33000,0.00000,0.00000,0.00000
-283205.80030,-499089.49528,124.08400,498867278.40632,11.22000,3399302.00000,3.41000,0.00000,0.00000,0.00000
-282769.39655,-499158.27568,126.19800,498867278.45261,11.35000,322883.00000,6.23000,0.00000,0.00000,0.00000
-281643.01065,-500119.93611,126.96400,498867278.49889,11.18000,205841.00000,6.49000,0.00000,0.00000,0.00000
-281165.36411,-500242.06646,129.84500,498867278.54518,10.80000,629889.00000,5.87000,0.00000,0.00000,0.00000
-280959.54800,-500012.43977,132.03400,498867278.59147,10.50000,1003388.00000,5.32000,0.00000,0.00000,0.00000
-280499.64005,-500111.59732,135.50500,498867278.63776,10.26000,1379369.00000,4.38000,0.00000,0.00000,0.00000
-280304.03122,-499868.77691,136.35400,498867278.68405,10.18000,803742.00000,6.20000,0.00000,0.00000,0.00000
-280065.84237,-499681.02367,137.11100,498867278.73034,10.04000,404698.00000,6.07000,0.00000,0.00000,0.00000
-280109.25913,-499128.93113,135.41400,498867278.77663,9.95000,345458.00000,5.59000,0.00000,0.00000,0.00000
-280130.93985,-498604.93504,133.47200,498867278.82292,10.02000,292452.00000,5.33000,0.00000,0.00000,0.00000
-280190.77229,-498031.60792,132.63100,498867278.86921,10.04000,164894.00000,6.96000,0.00000,0.00000,0.00000
-280267.46091,-497436.47907,132.71600,498867278.91550,9.94000,180370.00000,7.41000,0.00000,0.00000,0.00000
-280288.72183,-496913.07597,133.42100,498867278.96179,9.96000,455721.00000,5.34000,0.00000,0.00000,0.00000
-280075.83690,-496692.63432,133.50000,498867279.00808,9.78000,945069.00000,3.80000,0.00000,0.00000,0.00000
-288069.24659,-490453.72874,135.32400,498921022.06943,10.27000,605678.00000,6.11000,0.00000,0.00000,1.00000
-288239.86958,-490738.48103,135.04000,498921022.11578,10.63000,239975.00000,7.10000,0.00000,0.00000,1.00000
-288404.73037,-491023.95456,134.57500,498921022.16213,11.02000,796732.00000,8.55000,0.00000,0.00000,1.00000
-288201.48853,-491355.07572,134.17900,498921022.20847,10.67000,1730893.00000,6.15000,0.00000,0.00000,1.00000
-288078.19465,-491676.26915,134.48800,498921022.25482,10.73000,2305812.00000,5.81000,0.00000,0.00000,1.00000
-288113.37723,-491977.82048,135.90600,498921022.30117,10.61000,1942417.00000,7.04000,0.00000,0.00000,1.00000
-287936.77504,-492305.62767,136.57200,498921022.34752,10.43000,2824054.00000,5.78000,0.00000,0.00000,1.00000
-288129.70748,-492587.62140,138.74300,498921022.39387,10.62000,2334428.00000,6.52000,0.00000,0.00000,1.00000
-288403.32499,-492859.63105,140.90100,498921022.44021,10.65000,1500343.00000,5.96000,0.00000,0.00000,1.00000
-288291.54895,-493179.39891,140.84400,498921022.48656,10.46000,1018949.00000,6.02000,0.00000,0.00000,1.00000
-288076.03341,-493512.00836,139.60900,498921022.53291,10.42000,990072.00000,6.75000,0.00000,0.00000,1.00000
-287789.92722,-493853.37272,137.53100,498921022.57926,10.42000,835494.00000,7.37000,0.00000,0.00000,1.00000
-287769.63444,-494161.80702,136.72200,498921022.62561,10.20000,222831.00000,6.34000,0.00000,0.00000,1.00000
-287020.32316,-494560.55563,132.94500,498921022.67195,10.23000,113061.00000,7.26000,0.00000,0.00000,1.00000
-286936.62749,-494876.83187,131.70900,498921022.71830,10.48000,139040.00000,7.82000,0.00000,0.00000,1.00000
-286530.18975,-495233.07211,130.33500,498921022.76465,10.57000,243312.00000,6.06000,0.00000,0.00000,1.00000
-286017.85552,-495602.42892,129.06200,498921022.81100,10.74000,237141.00000,6.30000,0.00000,0.00000,1.00000
-287715.66127,-495698.04080,129.47600,498921022.85735,10.92000,404081.00000,5.93000,0.00000,0.00000,1.00000
-287669.42472,-496009.68909,126.25700,498921022.90369,11.09000,627124.00000,7.10000,0.00000,0.00000,1.00000
-286856.67114,-496416.24347,123.98500,498921022.95004,11.15000,714299.00000,5.93000,0.00000,0.00000,1.00000
-286843.55268,-496723.77133,124.08300,498921022.99639,11.10000,637943.00000,5.43000,0.00000,0.00000,1.00000
-286893.10981,-497023.54377,124.09700,498921023.04274,11.15000,878459.00000,4.51000,0.00000,0.00000,1.00000
-286410.28118,-497389.22321,123.61300,498921023.08909,11.04000,2106165.00000,3.91000,0.00000,0.00000,1.00000
-287262.35108,-497589.63515,134.81100,498921023.13543,11.05000,1863043.00000,3.57000,0.00000,0.00000,1.00000
-287028.06028,-497924.54184,134.44400,498921023.18178,10.95000,434104.00000,4.24000,0.00000,0.00000,1.00000
-286889.58998,-498247.60309,134.11600,498921023.22813,10.82000,133850.00000,5.69000,0.00000,0.00000,1.00000
-286871.40701,-498555.74495,134.19400,498921023.27448,10.97000,274605.00000,6.00000,0.00000,0.00000,1.00000
-287096.72888,-498833.76546,134.39400,498921023.32082,11.10000,145969.00000,6.42000,0.00000,0.00000,1.00000
-287185.16536,-499128.71855,134.60100,498921023.36717,11.05000,288785.00000,5.74000,0.00000,0.00000,1.00000
-287200.84529,-499432.68824,133.65100,498921023.41352,10.80000,1019166.00000,7.73000,0.00000,0.00000,1.00000
-287409.59087,-499712.76446,134.45300,498921023.45987,10.50000,423749.00000,6.10000,0.00000,0.00000,1.00000
-287513.87489,-500005.76770,134.13300,498921023.50622,10.58000,652211.00000,5.91000,0.00000,0.00000,1.00000
-287213.28964,-500348.87898,132.99900,498921023.55256,10.53000,479194.00000,6.21000,0.00000,0.00000,1.00000
-286862.26133,-500698.21050,133.07200,498921023.59891,10.56000,178003.00000,7.15000,0.00000,0.00000,1.00000
-286144.54362,-501092.91581,133.27600,498921023.64526,10.65000,211144.00000,8.34000,0.00000,0.00000,1.00000
-285658.07106,-501458.98957,134.31700,498921023.69161,10.42000,149538.00000,7.28000,0.00000,0.00000,1.00000
-286074.28075,-501713.40255,133.65400,498921023.73796,10.26000,118481.00000,7.35000,0.00000,0.00000,1.00000
-286904.01545,-501916.66812,133.06400,498921023.78431,10.18000,140315.00000,7.74000,0.00000,0.00000,1.00000
-287032.78006,-502206.65121,133.09800,498921023.83065,10.29000,196637.00000,7.06000,0.00000,0.00000,1.00000
-286807.08744,-502540.46528,133.14800,498921023.87700,10.10000,456167.00000,4.97000,0.00000,0.00000,1.00000
-286647.67096,-502866.08397,133.21500,498921023.92335,10.08000,193717.00000,4.98000,0.00000,0.00000,1.00000
-286688.53194,-503166.93151,132.77300,498921023.96970,10.12000,297246.00000,5.45000,0.00000,0.00000,1.00000
-286611.24097,-503482.39344,132.78200,498921024.01604,10.06000,247747.00000,4.50000,0.00000,0.00000,1.00000
-286472.71163,-503805.42729,133.00200,498921024.06239,10.17000,327331.00000,3.88000,0.00000,0.00000,1.00000
-286199.45271,-504145.11124,132.89600,498921024.10874,10.33000,372425.00000,3.15000,0.00000,0.00000,1.00000
-285959.33594,-504480.70278,132.79700,498921024.15509,10.32000,292171.00000,3.19000,0.00000,0.00000,1.00000
-285674.53789,-504821.79973,132.43000,498921024.20144,10.46000,272887.00000,3.26000,0.00000,0.00000,1.00000
-285444.50085,-505156.13771,133.25000,498921024.24779,10.43000,1157807.00000,3.11000,0.00000,0.00000,1.00000
-285099.18613,-505504.71381,134.78400,498921024.29413,10.57000,686709.00000,2.31000,0.00000,0.00000,1.00000
-288286.98089,-505416.59329,109.98600,498921024.34048,10.71000,1883763.00000,2.29000,0.00000,0.00000,1.00000
-288657.08747,-505676.75535,107.76100,498921024.38683,10.78000,2163003.00000,2.60000,0.00000,0.00000,1.00000
-288001.94399,-506063.65067,108.93500,498921024.43318,10.89000,829345.00000,2.72000,0.00000,0.00000,1.00000
-288098.98152,-506357.57221,107.98300,498921024.47953,11.11000,1581789.00000,3.19000,0.00000,0.00000,1.00000
-288007.97428,-506674.74560,108.21600,498921024.52588,11.07000,1388383.00000,3.38000,0.00000,0.00000,1.00000
-288091.32162,-506970.36376,108.25200,498921024.57222,11.10000,747280.00000,3.25000,0.00000,0.00000,1.00000
-287667.43887,-507328.65291,109.63500,498921024.61857,11.23000,794742.00000,3.24000,0.00000,0.00000,1.00000
-287971.97334,-507596.94567,109.56300,498921024.66492,11.36000,1301550.00000,3.60000,0.00000,0.00000,1.00000
-287750.54268,-507930.22246,110.97500,498921024.71127,11.49000,522667.00000,4.25000,0.00000,0.00000,1.00000
-287887.19860,-508219.26475,112.86800,498921024.75762,11.54000,1561877.00000,6.31000,0.00000,0.00000,1.00000
-288069.95337,-508502.59115,114.59300,498921024.80397,11.81000,1010103.00000,12.08000,0.00000,0.00000,1.00000
-287329.76311,-508899.93368,117.84200,498921024.85031,11.75000,1018499.00000,7.63000,0.00000,0.00000,1.00000
-287431.10734,-509193.33140,120.69100,498921024.89666,11.69000,1334078.00000,7.03000,0.00000,0.00000,1.00000
-288603.81372,-509354.40074,122.13800,498921024.94301,11.59000,514200.00000,6.74000,0.00000,0.00000,1.00000
-288065.35866,-509726.83015,122.07000,498921024.98936,11.40000,572234.00000,6.98000,0.00000,0.00000,1.00000
-287229.33000,-510135.98245,122.72600,498921025.03570,11.36000,656663.00000,9.48000,0.00000,0.00000,1.00000
-287499.25409,-510408.55560,123.78100,498921025.08205,11.26000,290107.00000,7.41000,0.00000,0.00000,1.00000
-286989.60452,-510777.39878,124.77000,498921025.12840,11.04000,1590989.00000,6.16000,0.00000,0.00000,1.00000
-287090.21005,-511070.88253,126.04600,498921025.17475,11.00000,1053160.00000,4.72000,0.00000,0.00000,1.00000
-287622.39435,-511311.08968,128.13100,498921025.22110,10.91000,2169301.00000,3.10000,0.00000,0.00000,1.00000
-288101.98481,-511557.80577,135.99300,498921025.26745,10.62000,402561.00000,3.77000,0.00000,0.00000,1.00000
-288159.35203,-511856.63266,136.39200,498921025.31379,10.37000,294207.00000,5.90000,0.00000,0.00000,1.00000
-288275.08443,-512148.26959,136.12700,498921025.36014,10.32000,888585.00000,7.91000,0.00000,0.00000,1.00000
-288369.91674,-512442.48225,137.47600,498921025.40649,10.15000,1143569.00000,4.02000,0.00000,0.00000,1.00000
-287755.77781,-512824.19163,138.03700,498921025.45284,10.18000,777402.00000,4.67000,0.00000,0.00000,1.00000
-287955.79551,-513105.41362,137.81300,498921025.49918,9.96000,289914.00000,4.57000,0.00000,0.00000,1.00000
-287696.85403,-513443.27968,136.40400,498921025.54553,9.75000,1109458.00000,5.50000,0.00000,0.00000,1.00000
-288500.65002,-513649.99696,135.21600,498921025.59188,9.30000,857787.00000,2.18000,0.00000,0.00000,1.00000
-289444.92831,-513839.38640,152.03600,498921025.63822,9.02000,1386747.00000,2.07000,0.00000,0.00000,1.00000
-289490.03664,-514139.74599,153.17400,498921025.68457,8.91000,546006.00000,2.67000,0.00000,0.00000,1.00000
-289501.99857,-514444.19400,154.22200,498921025.73092,8.87000,621064.00000,2.01000,0.00000,0.00000,1.00000
-289457.03674,-514755.65788,154.16400,498921025.77727,8.91000,2235866.00000,2.34000,0.00000,0.00000,1.00000
-289383.25432,-515070.67928,152.59300,498921025.82361,8.99000,573662.00000,2.69000,0.00000,0.00000,1.00000
-289215.08821,-515397.35063,150.42900,498921025.86996,9.05000,918827.00000,2.93000,0.00000,0.00000,1.00000
-289044.03502,-515724.37223,147.76100,498921025.91631,9.16000,300288.00000,2.39000,0.00000,0.00000,1.00000
-288880.17913,-516050.49938,145.51100,498921025.96265,9.19000,573759.00000,2.50000,0.00000,0.00000,1.00000
-288862.57938,-516358.58018,143.82400,498921026.00900,9.33000,247199.00000,4.52000,0.00000,0.00000,1.00000
-288835.61725,-516667.82543,144.87000,498921026.05535,9.22000,617646.00000,3.56000,0.00000,0.00000,1.00000
-288922.49420,-516963.03452,138.25800,498921026.10169,9.16000,2763296.00000,2.17000,0.00000,0.00000,1.00000
-289409.98526,-517208.83959,133.06600,498921026.14804,9.36000,579772.00000,1.92000,0.00000,0.00000,1.00000
-289930.62558,-517450.55916,130.35300,498921026.19439,9.58000,2132821.00000,2.93000,0.00000,0.00000,1.00000
-290060.73957,-517740.45977,129.26400,498921026.24074,9.71000,888585.00000,3.79000,0.00000,0.00000,1.00000
-290009.26413,-518052.73787,129.24100,498921026.28708,9.75000,1009545.00000,3.96000,0.00000,0.00000,1.00000
-289805.02906,-518383.84471,130.10300,498921026.33343,9.77000,936026.00000,3.36000,0.00000,0.00000,1.00000
-291700.57696,-518444.68532,133.12700,499039928.48609,10.69000,453532.00000,3.30000,0.00000,0.00000,0.00000
-291301.80500,-518458.25284,132.18900,499039928.53241,10.54000,461896.00000,4.90000,0.00000,0.00000,0.00000
-291063.52509,-518270.31323,131.20600,499039928.57872,10.41000,92692.00000,5.88000,0.00000,0.00000,0.00000
-290803.09828,-518110.18890,131.14500,499039928.62504,10.30000,176225.00000,6.68000,0.00000,0.00000,0.00000
-290533.17596,-517961.97838,131.61800,499039928.67136,10.32000,211321.00000,6.90000,0.00000,0.00000,0.00000
-290412.90634,-517625.89702,131.62100,499039928.71768,10.43000,189455.00000,8.01000,0.00000,0.00000,0.00000
-290429.63737,-517117.84187,132.28800,499039928.76399,10.27000,224437.00000,8.48000,0.00000,0.00000,0.00000
-290311.19015,-516779.50286,134.06400,499039928.81031,9.67000,966266.00000,5.69000,0.00000,0.00000,0.00000
-290050.77452,-516619.37226,135.89700,499039928.85663,9.43000,1112682.00000,5.34000,0.00000,0.00000,0.00000
-290219.42760,-515920.62542,138.65000,499039928.90295,9.29000,1148016.00000,5.16000,0.00000,0.00000,0.00000
-290154.77848,-515514.74437,145.06300,499039928.94927,9.30000,715635.00000,5.31000,0.00000,0.00000,0.00000
-289897.09533,-515351.21959,145.29300,499039928.99558,9.21000,910464.00000,5.77000,0.00000,0.00000,0.00000
-289379.44152,-515514.03191,145.38700,499039929.04190,8.98000,2267152.00000,3.83000,0.00000,0.00000,0.00000
-289624.05772,-514719.96388,153.92200,499039929.08822,8.66000,2984445.00000,2.29000,0.00000,0.00000,0.00000
-289360.49983,-514563.80948,154.06400,499039929.13453,8.46000,585238.00000,2.75000,0.00000,0.00000,0.00000
-289159.33223,-514329.32155,151.85500,499039929.18085,8.46000,408250.00000,2.81000,0.00000,0.00000,0.00000
-289122.75057,-513888.26926,150.52600,499039929.22717,8.46000,579741.00000,3.14000,0.00000,0.00000,0.00000
-289090.23301,-513442.08983,149.49900,499039929.27349,8.60000,3843760.00000,2.34000,0.00000,0.00000,0.00000
-288908.07730,-513183.78151,146.99900,499039929.31981,8.75000,2844639.00000,2.48000,0.00000,0.00000,0.00000
-288694.26649,-512965.17991,144.01300,499039929.36612,8.99000,1808094.00000,2.49000,0.00000,0.00000,0.00000
-288322.20285,-512945.20471,140.53100,499039929.41244,9.19000,1093994.00000,3.80000,0.00000,0.00000,0.00000
-287832.58588,-513072.80253,138.08200,499039929.45876,9.41000,324605.00000,3.44000,0.00000,0.00000,0.00000
-287180.16895,-513404.67616,137.24200,499039929.50508,9.59000,476044.00000,3.72000,0.00000,0.00000,0.00000
-286742.53090,-513466.98227,137.92900,499039929.55140,9.67000,758365.00000,2.76000,0.00000,0.00000,0.00000
-286399.39499,-513410.67767,140.34300,499039929.59771,9.65000,3185802.00000,3.04000,0.00000,0.00000,0.00000
-286151.22723,-513235.21468,142.17000,499039929.64403,9.74000,785897.00000,3.70000,0.00000,0.00000,0.00000
-285902.14669,-513060.86307,143.44200,499039929.69035,9.81000,416451.00000,2.92000,0.00000,0.00000,0.00000
-285615.08862,-512934.18562,142.67000,499039929.73667,9.84000,614783.00000,2.71000,0.00000,0.00000,0.00000
-285378.67770,-512743.95292,138.91300,499039929.78298,10.03000,1240355.00000,2.57000,0.00000,0.00000,0.00000
-285192.45822,-512490.71807,136.16500,499039929.82930,10.26000,2211769.00000,2.48000,0.00000,0.00000,0.00000
-285090.80168,-512131.36600,133.13000,499039929.87562,10.47000,3523975.00000,2.63000,0.00000,0.00000,0.00000
-284620.60290,-512234.50517,123.09500,499039929.92194,10.65000,2712407.00000,2.92000,0.00000,0.00000,0.00000
-284197.43372,-512278.63238,120.31300,499039929.96826,10.91000,887123.00000,3.93000,0.00000,0.00000,0.00000
-284153.22442,-511847.21327,119.27400,499039930.01458,10.86000,1041800.00000,3.50000,0.00000,0.00000,0.00000
-283961.13762,-511601.34870,119.09800,499039930.06089,10.92000,1385604.00000,2.94000,0.00000,0.00000,0.00000
-284124.94796,-510908.90859,132.46300,499039930.10721,10.96000,1100312.00000,3.51000,0.00000,0.00000,0.00000
-283888.09192,-510719.21960,132.44900,499039930.15353,10.72000,3510141.00000,3.31000,0.00000,0.00000,0.00000
-283651.69719,-510528.97509,132.95200,499039930.19985,10.46000,3515527.00000,3.23000,0.00000,0.00000,0.00000
-283392.68997,-510367.09204,133.10500,499039930.24617,10.53000,1166680.00000,3.69000,0.00000,0.00000,0.00000
-283167.60283,-510162.65629,133.47500,499039930.29249,10.53000,277199.00000,4.43000,0.00000,0.00000,0.00000
-282931.66254,-509971.83203,133.57500,499039930.33881,10.43000,288238.00000,4.61000,0.00000,0.00000,0.00000
-282771.70282,-509685.68622,134.25800,499039930.38513,10.54000,295908.00000,4.93000,0.00000,0.00000,0.00000
-282625.75968,-509381.94033,135.25000,499039930.43145,10.40000,306960.00000,5.82000,0.00000,0.00000,0.00000
-282422.39384,-509150.27022,135.16900,499039930.47777,10.11000,272342.00000,4.19000,0.00000,0.00000,0.00000
-282219.93205,-508917.45614,134.50400,499039930.52408,9.98000,188607.00000,4.38000,0.00000,0.00000,0.00000
-282099.32632,-508581.93448,134.19100,499039930.57040,9.98000,220959.00000,5.56000,0.00000,0.00000,0.00000
-282071.89308,-508129.53750,133.70300,499039930.61672,10.26000,271452.00000,4.90000,0.00000,0.00000,0.00000
-281821.95288,-507956.29202,131.46500,499039930.66304,10.57000,259176.00000,5.02000,0.00000,0.00000,0.00000
-281487.89754,-507888.58904,129.19000,499039930.70936,10.61000,272677.00000,4.53000,0.00000,0.00000,0.00000
-281144.34394,-507832.79518,125.85900,499039930.75568,10.92000,419011.00000,5.17000,0.00000,0.00000,0.00000
-280756.46582,-507832.60302,123.10900,499039930.80200,11.28000,138204.00000,7.34000,0.00000,0.00000,0.00000
-280562.15620,-507589.56126,121.54700,499039930.84832,11.47000,233186.00000,6.52000,0.00000,0.00000,0.00000
-280301.35907,-507429.92124,120.36200,499039930.89464,11.74000,251076.00000,6.35000,0.00000,0.00000,0.00000
-280051.42246,-507256.66698,119.24100,499039930.94096,11.76000,205188.00000,6.88000,0.00000,0.00000,0.00000
-279787.01629,-507101.57041,118.22500,499039930.98728,11.85000,369889.00000,7.59000,0.00000,0.00000,0.00000
-279490.04181,-506987.32069,118.26100,499039931.03360,11.80000,170324.00000,7.84000,0.00000,0.00000,0.00000
-279238.75039,-506815.76382,118.69800,499039931.07992,11.59000,266090.00000,5.89000,0.00000,0.00000,0.00000
-278916.90826,-506732.72615,119.06700,499039931.12624,11.65000,183638.00000,6.56000,0.00000,0.00000,0.00000
-278529.47003,-506731.93028,118.80300,499039931.17256,11.84000,147248.00000,7.08000,0.00000,0.00000,0.00000
-278063.78739,-506829.29799,118.15900,499039931.21888,11.72000,169263.00000,6.64000,0.00000,0.00000,0.00000
-277498.13759,-507052.04507,118.39300,499039931.26520,11.81000,160435.00000,6.34000,0.00000,0.00000,0.00000
-277047.36637,-507130.66554,118.50700,499039931.31152,11.77000,481859.00000,7.09000,0.00000,0.00000,0.00000
-276800.14436,-506953.98164,117.19400,499039931.35784,11.86000,295429.00000,8.47000,0.00000,0.00000,0.00000
-277255.39656,-505896.21112,116.36400,499039931.40416,11.72000,147393.00000,7.72000,0.00000,0.00000,0.00000
-276948.48558,-505794.42732,115.32400,499039931.45048,11.52000,267353.00000,7.08000,0.00000,0.00000,0.00000
-276912.06129,-505353.36257,114.49000,499039931.49680,11.23000,192116.00000,6.20000,0.00000,0.00000,0.00000
-279472.95582,-497340.21529,131.60000,499093675.86444,10.12000,318105.00000,4.99000,0.00000,0.00000,1.00000
-279458.78053,-497647.33706,131.04400,499093675.91083,10.42000,171281.00000,5.68000,0.00000,0.00000,1.00000
-279763.04811,-497919.90795,132.00600,499093675.95722,10.23000,279400.00000,5.30000,0.00000,0.00000,1.00000
-279960.44523,-498204.07960,132.93100,499093676.00360,10.39000,511031.00000,4.14000,0.00000,0.00000,1.00000
-280079.13486,-498496.79885,133.13500,499093676.04999,10.41000,342647.00000,5.40000,0.00000,0.00000,1.00000
-280137.16121,-498796.09301,133.87900,499093676.09638,10.46000,797228.00000,3.61000,0.00000,0.00000,1.00000
-280065.92043,-499109.39366,134.62100,499093676.14276,10.64000,3445810.00000,3.24000,0.00000,0.00000,1.00000
-283138.90743,-499081.77177,128.25700,499093676.18915,10.60000,809325.00000,3.35000,0.00000,0.00000,1.00000
-282340.47873,-499473.95003,123.89500,499093676.23554,10.58000,1216404.00000,2.93000,0.00000,0.00000,1.00000
-283456.44586,-499658.55665,128.96000,499093676.28192,10.51000,775115.00000,4.02000,0.00000,0.00000,1.00000
-283016.91853,-500011.82296,125.30900,499093676.32831,10.43000,1664429.00000,5.01000,0.00000,0.00000,1.00000
-282763.70052,-500344.88661,123.38600,499093676.37470,10.48000,565884.00000,5.90000,0.00000,0.00000,1.00000
-282838.32816,-500642.40065,123.59100,499093676.42109,10.54000,349370.00000,5.00000,0.00000,0.00000,1.00000
-283147.64912,-500914.47946,125.89300,499093676.46747,10.51000,737526.00000,3.86000,0.00000,0.00000,1.00000
-283143.56144,-501220.52523,124.78500,499093676.51386,10.56000,1463998.00000,3.51000,0.00000,0.00000,1.00000
-282888.16816,-501553.82077,122.53900,499093676.56025,10.74000,974373.00000,3.40000,0.00000,0.00000,1.00000
-282543.94251,-501896.72795,119.07900,499093676.60663,10.87000,2470089.00000,3.05000,0.00000,0.00000,1.00000
-278724.65553,-502616.13734,127.39300,499093676.65302,10.80000,3066365.00000,3.95000,0.00000,0.00000,1.00000
-282338.59792,-502530.19991,117.28000,499093676.69941,10.88000,1657642.00000,3.40000,0.00000,0.00000,1.00000
-282244.94772,-502845.95137,116.42000,499093676.74580,11.11000,1757534.00000,3.76000,0.00000,0.00000,1.00000
-282113.01377,-503165.84545,115.52300,499093676.79218,11.27000,2090988.00000,4.77000,0.00000,0.00000,1.00000
-282270.65567,-503454.37138,119.35100,499093676.83857,11.59000,521953.00000,5.10000,0.00000,0.00000,1.00000
-280287.06939,-503974.83018,113.94900,499093676.88496,11.72000,2327173.00000,5.32000,0.00000,0.00000,1.00000
-279931.97128,-504318.87471,113.95500,499093676.93135,11.77000,327218.00000,6.04000,0.00000,0.00000,1.00000
-279677.97373,-504651.96811,113.96200,499093676.97773,11.93000,427105.00000,8.61000,0.00000,0.00000,1.00000
-279360.42604,-504991.94612,115.77200,499093677.02412,12.39000,125647.00000,10.47000,0.00000,0.00000,1.00000
-280334.84715,-505192.03388,118.02000,499093677.07051,12.40000,406659.00000,8.14000,0.00000,0.00000,1.00000
-280306.16252,-505500.73429,119.30400,499093677.11690,12.25000,568549.00000,8.44000,0.00000,0.00000,1.00000
-280387.97287,-505797.47931,120.87900,499093677.16329,12.08000,364662.00000,7.94000,0.00000,0.00000,1.00000
-281355.88873,-505998.28880,123.53200,499093677.20968,11.96000,191245.00000,10.90000,0.00000,0.00000,1.00000
-282699.33612,-506158.46288,130.52100,499093677.25606,11.60000,247836.00000,6.75000,0.00000,0.00000,1.00000
-282927.02014,-506439.43078,132.33700,499093677.30245,11.62000,864813.00000,5.77000,0.00000,0.00000,1.00000
-281483.58729,-506901.27716,123.48700,499093677.34884,11.32000,1204284.00000,4.15000,0.00000,0.00000,1.00000
-281504.00123,-507204.67305,123.76200,499093677.39523,11.06000,659837.00000,3.88000,0.00000,0.00000,1.00000
-280334.24864,-507636.86166,118.19300,499093677.44162,11.22000,761539.00000,4.69000,0.00000,0.00000,1.00000
-279977.66622,-507981.02745,117.03400,499093677.48800,11.22000,693276.00000,4.79000,0.00000,0.00000,1.00000
-279922.96339,-508292.53942,116.77300,499093677.53439,11.14000,2063178.00000,4.26000,0.00000,0.00000,1.00000
-280200.46252,-508568.09820,118.66000,499093677.58078,11.15000,1576026.00000,3.44000,0.00000,0.00000,1.00000
-282154.15391,-508662.33473,134.43800,499093677.62716,11.02000,2910327.00000,3.75000,0.00000,0.00000,1.00000
-282101.61341,-508973.62815,134.48400,499093677.67355,10.80000,3579929.00000,3.93000,0.00000,0.00000,1.00000
-281955.90897,-509295.00046,134.43900,499093677.71994,10.69000,4597684.00000,3.27000,0.00000,0.00000,1.00000
-281786.36793,-509618.94537,133.57700,499093677.76633,10.71000,2438368.00000,3.13000,0.00000,0.00000,1.00000
-281631.27368,-509941.33415,132.73700,499093677.81271,10.71000,569357.00000,3.99000,0.00000,0.00000,1.00000
-281531.77873,-510257.69124,132.18500,499093677.85910,10.84000,559569.00000,4.17000,0.00000,0.00000,1.00000
-281487.89610,-510568.04519,131.63200,499093677.90549,10.93000,459473.00000,4.70000,0.00000,0.00000,1.00000
-281394.16992,-510883.77171,131.34000,499093677.95188,11.06000,615903.00000,4.10000,0.00000,0.00000,1.00000
-281236.17063,-511206.45751,130.63200,499093677.99826,11.04000,950943.00000,4.01000,0.00000,0.00000,1.00000
-281055.05664,-511531.63711,129.77800,499093678.04465,11.08000,853267.00000,3.88000,0.00000,0.00000,1.00000
-280894.88646,-511854.55632,128.96700,499093678.09104,11.14000,4294359.00000,4.32000,0.00000,0.00000,1.00000
-280782.37157,-512172.31521,128.84700,499093678.13743,11.33000,3943818.00000,3.32000,0.00000,0.00000,1.00000
-282483.38192,-512294.04749,120.07800,499093678.18381,11.57000,1255905.00000,4.15000,0.00000,0.00000,1.00000
-283319.15944,-512509.32352,122.53800,499093678.23020,11.80000,640160.00000,6.29000,0.00000,0.00000,1.00000
-281796.12034,-512979.56323,118.53400,499093678.27659,12.12000,693515.00000,5.06000,0.00000,0.00000,1.00000
-283479.78939,-513103.19680,123.87000,499093678.32298,12.43000,1664388.00000,5.86000,0.00000,0.00000,1.00000
-282593.03111,-513504.65883,121.23100,499093678.36937,12.63000,2613943.00000,5.20000,0.00000,0.00000,1.00000
-280900.96939,-513993.11476,121.99400,499093678.41575,12.73000,927846.00000,8.57000,0.00000,0.00000,1.00000
-280910.49089,-514297.67733,120.43300,499093678.46214,12.87000,647943.00000,9.94000,0.00000,0.00000,1.00000
-280501.11568,-514647.50756,119.25100,499093678.50853,12.68000,377353.00000,9.56000,0.00000,0.00000,1.00000
-281238.65985,-514873.44078,118.44700,499093678.55492,12.31000,488869.00000,10.07000,0.00000,0.00000,1.00000
-281768.20061,-515121.85143,118.37600,499093678.60130,11.75000,214015.00000,9.99000,0.00000,0.00000,1.00000
-281663.60343,-515438.75587,117.19600,499093678.64769,11.33000,138556.00000,9.20000,0.00000,0.00000,1.00000
-281054.15397,-515810.19845,116.04800,499093678.69408,11.46000,208897.00000,8.36000,0.00000,0.00000,1.00000
-285981.52047,-517111.81215,120.31600,499093678.97241,11.62000,784800.00000,5.24000,0.00000,0.00000,1.00000
-285314.25950,-517489.50833,115.71800,499093679.01880,11.67000,1785462.00000,5.12000,0.00000,0.00000,1.00000
