-311714.51877,-489348.98828,155.64400,601125776.46100,10.06000,303405.00000,5.11000,0.00000,0.00000,0.00000
-311420.03078,-489236.51744,156.12200,601125776.50774,9.88000,294627.00000,4.63000,0.00000,0.00000,0.00000
-311101.24376,-489158.75961,155.44900,601125776.55448,9.78000,228740.00000,4.29000,0.00000,0.00000,0.00000
-310873.36613,-488951.11193,154.34500,601125776.60122,9.82000,194687.00000,5.64000,0.00000,0.00000,0.00000
-310790.44279,-488536.36701,154.61600,601125776.64797,9.82000,199698.00000,4.33000,0.00000,0.00000,0.00000
-310606.97700,-488265.27059,154.39400,601125776.69471,9.97000,293618.00000,4.34000,0.00000,0.00000,0.00000
-310248.39393,-488244.36142,153.14600,601125776.74145,10.03000,295371.00000,6.17000,0.00000,0.00000,0.00000
-309874.73503,-488245.00791,151.50800,601125776.78819,10.15000,280174.00000,6.71000,0.00000,0.00000,0.00000
-309252.21075,-488601.17740,151.26000,601125776.83493,10.38000,170358.00000,7.59000,0.00000,0.00000,0.00000
-308618.78635,-488972.89766,152.97900,601125776.88168,10.37000,462598.00000,7.23000,0.00000,0.00000,0.00000
-308103.08560,-489176.41385,156.39600,601125776.92842,10.07000,2421874.00000,4.70000,0.00000,0.00000,0.00000
-308831.30060,-487602.91471,147.06000,601125776.97516,9.80000,629268.00000,4.16000,0.00000,0.00000,0.00000
-306822.98892,-488339.14309,165.28200,601125777.16213,9.01000,555450.00000,3.12000,0.00000,0.00000,0.00000
-306779.48217,-487868.13575,163.51800,601125777.20887,8.92000,373009.00000,3.99000,0.00000,0.00000,0.00000
-306862.93620,-487215.78705,162.27100,601125777.25561,8.86000,287323.00000,5.64000,0.00000,0.00000,0.00000
-306953.51380,-486553.25788,162.94500,601125777.30235,8.73000,256306.00000,4.95000,0.00000,0.00000,0.00000
-307018.96914,-485926.66324,163.63100,601125777.34910,8.79000,276089.00000,5.35000,0.00000,0.00000,0.00000
-307037.49012,-485367.08460,165.06100,601125777.39584,8.75000,252486.00000,4.82000,0.00000,0.00000,0.00000
-304500.03864,-488458.27264,147.92400,601125777.44258,8.77000,673139.00000,3.98000,0.00000,0.00000,0.00000
-304295.23362,-488217.67732,146.98200,601125777.48932,8.65000,376203.00000,3.65000,0.00000,0.00000,0.00000
-304169.62552,-487863.95163,146.46200,601125777.53606,8.72000,798883.00000,3.60000,0.00000,0.00000,0.00000
-304017.20402,-487548.52958,146.61700,601125777.58281,8.83000,1131162.00000,2.87000,0.00000,0.00000,0.00000
-306328.65651,-483714.11380,161.08200,601125777.62955,9.09000,680751.00000,3.46000,0.00000,0.00000,0.00000
-306297.78147,-483225.17222,159.36000,601125777.67629,9.30000,565755.00000,5.26000,0.00000,0.00000,0.00000
-305766.59147,-483450.77230,156.50300,601125777.72303,9.60000,91435.00000,8.40000,0.00000,0.00000,0.00000
-304320.65604,-484982.80447,155.23300,601125777.76977,10.06000,200725.00000,10.28000,0.00000,0.00000,0.00000
-303720.72511,-485306.54119,156.90800,601125777.81652,9.59000,385197.00000,10.77000,0.00000,0.00000,0.00000
-303721.28443,-484772.71349,156.81000,601125777.86326,9.66000,712015.00000,9.83000,0.00000,0.00000,0.00000
-303556.31557,-484475.25202,159.01500,601125777.91000,9.05000,192176.00000,7.98000,0.00000,0.00000,0.00000
-303584.53372,-483901.92251,160.09200,601125777.95674,8.98000,194138.00000,8.13000,0.00000,0.00000,0.00000
-303690.69334,-483217.28281,161.89300,601125778.00348,8.80000,144898.00000,6.33000,0.00000,0.00000,0.00000
-303525.73929,-482919.83681,164.21000,601125778.05023,8.41000,194507.00000,5.34000,0.00000,0.00000,0.00000
-303300.03456,-482709.17494,165.87400,601125778.09697,8.26000,293300.00000,6.25000,0.00000,0.00000,0.00000
-303000.98353,-482603.21011,166.29400,601125778.14371,8.36000,106684.00000,6.19000,0.00000,0.00000,0.00000
-302804.61304,-482350.64488,165.93100,601125778.19045,8.34000,115632.00000,6.11000,0.00000,0.00000,0.00000
-302663.13882,-482019.69015,167.00200,601125778.23719,8.38000,181556.00000,5.48000,0.00000,0.00000,0.00000
-302192.28497,-482159.07254,165.91600,601125778.28394,8.47000,313178.00000,5.95000,0.00000,0.00000,0.00000
-301907.49630,-482032.76342,164.50100,601125778.33068,8.78000,141883.00000,7.35000,0.00000,0.00000,0.00000
-301729.98486,-481753.25451,165.05000,601125778.37742,8.87000,99419.00000,6.94000,0.00000,0.00000,0.00000
-301397.42576,-481695.16516,164.99700,601125778.42416,8.84000,143015.00000,8.86000,0.00000,0.00000,0.00000
-301059.41111,-481644.83625,165.10300,601125778.47090,8.37000,146564.00000,7.50000,0.00000,0.00000,0.00000
-300832.45918,-481435.94679,165.41900,601125778.51765,8.35000,144890.00000,6.39000,0.00000,0.00000,0.00000
-300574.90738,-481270.72524,166.89100,601125778.56439,8.29000,104410.00000,7.20000,0.00000,0.00000,0.00000
-300252.82060,-481197.65474,168.15800,601125778.61113,8.13000,182956.00000,5.08000,0.00000,0.00000,0.00000
-299799.98179,-481311.27427,167.94500,601125778.65788,8.18000,199935.00000,5.22000,0.00000,0.00000,0.00000
-299477.05925,-481239.39383,167.07900,601125778.70462,8.28000,155577.00000,5.32000,0.00000,0.00000,0.00000
-299259.75248,-481016.72420,165.78700,601125778.75136,8.42000,118778.00000,5.90000,0.00000,0.00000,0.00000
-299014.79175,-480833.55234,165.32900,601125778.79810,8.37000,420938.00000,5.23000,0.00000,0.00000,0.00000
-298807.54612,-480596.51515,165.04300,601125778.84484,8.35000,400997.00000,5.51000,0.00000,0.00000,0.00000
-309473.96490,-485197.59796,151.91400,601179522.74954,9.99000,579406.00000,4.78000,0.00000,0.00000,1.00000
-310109.78785,-486020.51014,148.26400,601179522.89003,10.12000,292999.00000,7.18000,0.00000,0.00000,1.00000
-309362.70841,-486459.59847,148.09000,601179522.93685,9.95000,388700.00000,6.58000,0.00000,0.00000,1.00000
-309046.82463,-486824.59361,148.93100,601179522.98368,9.82000,428892.00000,6.75000,0.00000,0.00000,1.00000
-309092.19051,-487127.52030,149.74800,601179523.03051,9.81000,281232.00000,6.47000,0.00000,0.00000,1.00000
-309380.55414,-487388.69955,150.69700,601179523.07734,9.77000,393570.00000,6.69000,0.00000,0.00000,1.00000
-309270.15613,-487718.37547,151.83900,601179523.12417,9.97000,143313.00000,7.27000,0.00000,0.00000,1.00000
-309392.66732,-488008.04857,152.88400,601179523.17100,9.80000,296111.00000,5.54000,0.00000,0.00000,1.00000
-309572.86598,-488287.81887,153.28300,601179523.21783,9.88000,378384.00000,5.38000,0.00000,0.00000,1.00000
-309717.00714,-488573.78067,153.56700,601179523.26466,9.91000,723841.00000,5.53000,0.00000,0.00000,1.00000
-309802.74026,-488869.77969,153.47900,601179523.31149,9.98000,233004.00000,6.95000,0.00000,0.00000,1.00000
-310042.05389,-489139.38883,154.04100,601179523.35832,9.99000,414240.00000,6.38000,0.00000,0.00000,1.00000
-310185.47088,-489425.48613,154.49300,601179523.40515,10.19000,518360.00000,6.04000,0.00000,0.00000,1.00000
-310574.05102,-489669.47152,152.08000,601179523.45197,10.41000,1527032.00000,7.25000,0.00000,0.00000,1.00000
-310514.11806,-489990.49023,150.81500,601179523.49880,10.43000,2450782.00000,5.23000,0.00000,0.00000,1.00000
-310874.57505,-490239.31386,150.22200,601179523.54563,10.71000,2418988.00000,5.65000,0.00000,0.00000,1.00000
-310572.34372,-490601.93503,151.36100,601179523.59246,10.79000,2504659.00000,3.89000,0.00000,0.00000,1.00000
-311281.53134,-491723.08746,150.61200,601179523.77978,11.27000,2719670.00000,5.58000,0.00000,0.00000,1.00000
-310807.55861,-492425.91297,150.97300,601179523.87344,11.36000,2671791.00000,5.29000,0.00000,0.00000,1.00000
-311948.24639,-492540.80829,151.52900,601179523.92026,11.85000,2595844.00000,6.48000,0.00000,0.00000,1.00000
-310773.44343,-493053.20683,153.56500,601179523.96709,11.80000,592980.00000,6.09000,0.00000,0.00000,1.00000
-311405.52892,-493876.89763,146.81300,601179524.10758,11.72000,1852106.00000,4.36000,0.00000,0.00000,1.00000
-310310.01646,-494375.63254,152.28100,601179524.15441,11.58000,3552235.00000,5.75000,0.00000,0.00000,1.00000
-311095.92377,-494551.48427,146.89100,601179524.20124,11.62000,869906.00000,5.53000,0.00000,0.00000,1.00000
-311615.73888,-494773.01211,146.57400,601179524.24806,11.68000,455114.00000,6.37000,0.00000,0.00000,1.00000
-311399.99393,-495120.76492,145.94600,601179524.29489,11.80000,1045135.00000,7.22000,0.00000,0.00000,1.00000
-310997.47017,-495500.55897,145.90800,601179524.34172,11.63000,722872.00000,6.86000,0.00000,0.00000,1.00000
-310731.95283,-495856.83074,146.02600,601179524.38855,10.92000,1315472.00000,3.92000,0.00000,0.00000,1.00000
-308995.86800,-496776.09281,145.57900,601179524.48221,10.39000,2348228.00000,4.05000,0.00000,0.00000,1.00000
-309234.42705,-497045.87912,146.19700,601179524.52903,10.71000,498237.00000,4.67000,0.00000,0.00000,1.00000
-308966.00698,-497402.63051,145.57800,601179524.57586,10.61000,1767680.00000,4.80000,0.00000,0.00000,1.00000
-309345.99210,-498890.99020,145.97500,601179524.81000,9.39000,2388085.00000,3.31000,0.00000,0.00000,1.00000
-310196.08680,-499055.92141,145.72300,601179524.85683,9.25000,1543489.00000,2.40000,0.00000,0.00000,1.00000
-311560.36967,-498022.62334,145.98400,601298428.71008,7.43000,1083105.00000,6.22000,0.00000,0.00000,0.00000
-311582.12434,-497469.98593,148.12600,601298428.75687,8.40000,2034662.00000,4.51000,0.00000,0.00000,0.00000
-311704.09357,-496778.66596,152.32400,601298428.80366,8.68000,914795.00000,4.86000,0.00000,0.00000,0.00000
-310912.56970,-497351.54138,145.62300,601298428.85045,9.30000,1178036.00000,6.61000,0.00000,0.00000,0.00000
-309788.66754,-498384.34787,142.82400,601298428.89724,9.80000,880547.00000,7.20000,0.00000,0.00000,0.00000
-309838.27621,-497793.17096,140.68400,601298428.94403,9.69000,528428.00000,6.22000,0.00000,0.00000,0.00000
-309971.83485,-497085.82998,139.99000,601298428.99082,9.48000,1136249.00000,5.22000,0.00000,0.00000,0.00000
-309528.90706,-497176.24987,140.18000,601298429.03761,9.47000,391588.00000,4.67000,0.00000,0.00000,0.00000
-309294.56168,-496978.02881,140.53900,601298429.08441,9.44000,1971796.00000,2.85000,0.00000,0.00000,0.00000
-309181.42904,-496612.07951,141.80900,601298429.13120,9.33000,1648238.00000,2.83000,0.00000,0.00000,0.00000
-308114.01376,-497566.58875,150.72000,601298429.17799,9.14000,2331204.00000,2.80000,0.00000,0.00000,0.00000
-308133.23025,-497017.50197,151.76200,601298429.22478,8.83000,764556.00000,3.56000,0.00000,0.00000,0.00000
-308112.61561,-496523.53730,155.25500,601298429.27157,8.61000,975881.00000,2.66000,0.00000,0.00000,0.00000
-307913.83005,-496276.12374,158.70100,601298429.31837,8.36000,3430230.00000,2.63000,0.00000,0.00000,0.00000
-307713.75670,-496030.48073,160.94900,601298429.36516,8.16000,751813.00000,3.12000,0.00000,0.00000,0.00000
-307474.71832,-495838.77602,161.02500,601298429.41195,8.16000,1462868.00000,2.10000,0.00000,0.00000,0.00000
-307289.64385,-495572.38256,159.01000,601298429.45874,8.29000,2734992.00000,1.89000,0.00000,0.00000,0.00000
-307126.42525,-495275.76961,155.20000,601298429.50554,8.43000,1170002.00000,2.43000,0.00000,0.00000,0.00000
-306976.05504,-494961.37475,153.27300,601298429.55233,8.61000,869547.00000,2.42000,0.00000,0.00000,0.00000
-306740.45423,-494764.91557,149.95900,601298429.59912,8.71000,433988.00000,3.31000,0.00000,0.00000,0.00000
-306544.25491,-494513.92620,148.43500,601298429.64591,8.60000,887291.00000,3.12000,0.00000,0.00000,0.00000
-306425.16734,-494156.27777,148.68300,601298429.69270,8.40000,797028.00000,3.40000,0.00000,0.00000,0.00000
-306281.66011,-493832.40352,149.36000,601298429.73950,8.31000,849645.00000,3.87000,0.00000,0.00000,0.00000
-306085.89891,-493580.83203,150.30200,601298429.78629,8.11000,1082501.00000,3.62000,0.00000,0.00000,0.00000
-305804.89326,-493447.17703,149.56800,601298429.83308,8.13000,735011.00000,4.23000,0.00000,0.00000,0.00000
-305571.01662,-493248.34771,149.16000,601298429.87987,8.11000,813263.00000,3.87000,0.00000,0.00000,0.00000
-305272.44957,-493138.98578,148.50300,601298429.92667,8.12000,506086.00000,3.84000,0.00000,0.00000,0.00000
-305036.86299,-492942.50491,143.99700,601298429.97346,8.16000,3617814.00000,4.48000,0.00000,0.00000,0.00000
-304727.16301,-492848.55179,144.05900,601298430.02025,8.13000,2963906.00000,4.61000,0.00000,0.00000,0.00000
-304452.16007,-492706.60162,145.89000,601298430.06705,7.95000,373119.00000,3.71000,0.00000,0.00000,0.00000
-304348.51455,-492327.60639,145.55300,601298430.11384,8.02000,511357.00000,3.85000,0.00000,0.00000,0.00000
-304649.70903,-491388.62625,144.99700,601298430.16063,8.23000,3798191.00000,3.37000,0.00000,0.00000,0.00000
-304492.95457,-491083.11433,144.71400,601298430.20742,8.49000,2258592.00000,2.71000,0.00000,0.00000,0.00000
-301694.19086,-494432.03157,113.89400,601298430.25422,8.55000,1799202.00000,2.07000,0.00000,0.00000,0.00000
-301624.82862,-494005.60814,114.06500,601298430.30101,8.67000,3255194.00000,2.01000,0.00000,0.00000,0.00000
-301399.51473,-493794.88493,113.85400,601298430.34781,8.94000,1194087.00000,2.93000,0.00000,0.00000,0.00000
-301395.70790,-493277.79025,115.35800,601298430.39460,8.92000,639453.00000,3.37000,0.00000,0.00000,0.00000
-301224.82218,-492991.82175,117.33600,601298430.44139,9.04000,647833.00000,4.26000,0.00000,0.00000,0.00000
-301212.45358,-492486.58515,120.44100,601298430.48819,9.15000,279617.00000,6.44000,0.00000,0.00000,0.00000
-300794.77743,-492541.91444,122.42700,601298430.53498,9.06000,271107.00000,7.60000,0.00000,0.00000,0.00000
-300647.03149,-492223.94334,123.34500,601298430.58178,9.15000,233589.00000,6.79000,0.00000,0.00000,0.00000
-300560.98566,-491820.64151,123.59900,601298430.62857,9.11000,404229.00000,5.52000,0.00000,0.00000,0.00000
-300579.04540,-491273.33786,126.06500,601298430.67536,9.01000,815163.00000,3.08000,0.00000,0.00000,0.00000
-301836.15805,-489012.48037,144.69900,601298430.72216,8.84000,2174627.00000,3.64000,0.00000,0.00000,0.00000
-301379.09825,-489122.31826,142.77800,601298430.76895,8.91000,1359501.00000,4.59000,0.00000,0.00000,0.00000
-300979.44505,-489152.75333,141.68600,601298430.81575,8.91000,255898.00000,6.49000,0.00000,0.00000,0.00000
-300441.83570,-489373.99085,141.15500,601298430.86254,8.66000,113639.00000,5.70000,0.00000,0.00000,0.00000
-299938.49193,-489547.81088,141.63800,601298430.90933,8.57000,739879.00000,4.94000,0.00000,0.00000,0.00000
-299623.66719,-489460.91844,141.64800,601298430.95613,8.64000,341846.00000,5.18000,0.00000,0.00000,0.00000
-299458.80758,-489166.64814,142.27500,601298431.00292,8.86000,215534.00000,5.25000,0.00000,0.00000,0.00000
-299310.66507,-488849.27554,142.89700,601298431.04972,8.87000,335974.00000,4.65000,0.00000,0.00000,0.00000
-299102.11311,-488615.44391,142.61200,601298431.09651,8.81000,527775.00000,4.63000,0.00000,0.00000,0.00000
-298976.24958,-488267.25061,143.26900,601298431.14330,8.83000,289215.00000,6.39000,0.00000,0.00000,0.00000
-298920.66790,-487821.90512,144.59700,601298431.19010,8.81000,337363.00000,6.17000,0.00000,0.00000,0.00000
-298989.34264,-487204.74013,147.66700,601298431.23689,8.73000,1330207.00000,3.92000,0.00000,0.00000,0.00000
-298742.23771,-487024.23762,149.01000,601298431.28369,8.83000,4451475.00000,4.40000,0.00000,0.00000,0.00000
-298465.56384,-486884.60521,149.87500,601298431.33048,8.62000,1943393.00000,4.60000,0.00000,0.00000,0.00000
-298192.32316,-486740.23654,150.96000,601298431.37727,8.19000,508574.00000,4.02000,0.00000,0.00000,0.00000
-297745.97401,-486835.21713,150.66900,601298431.42407,8.02000,3608766.00000,4.52000,0.00000,0.00000,0.00000
-297416.60514,-486768.45525,151.07600,601298431.47086,7.88000,476084.00000,4.87000,0.00000,0.00000,0.00000
-297016.10206,-486800.02849,150.32800,601298431.51766,7.86000,127790.00000,5.79000,0.00000,0.00000,0.00000
-296668.30732,-486758.72740,149.21100,601298431.56445,7.92000,138517.00000,7.61000,0.00000,0.00000,0.00000
-296245.09805,-486821.69968,148.06400,601298431.61124,7.93000,176730.00000,7.15000,0.00000,0.00000,0.00000
-295766.17409,-486961.67475,146.36500,601298431.65804,8.54000,79266.00000,9.19000,0.00000,0.00000,0.00000
-295687.48516,-486548.30980,146.60000,601298431.70483,8.68000,99526.00000,9.78000,0.00000,0.00000,0.00000
-296022.75334,-485562.67227,149.97000,601298431.75163,8.42000,267344.00000,6.78000,0.00000,0.00000,0.00000
-295554.55508,-485687.83979,148.51000,601298431.79842,8.24000,1251277.00000,3.60000,0.00000,0.00000,0.00000
-292981.34135,-488722.99518,136.51200,601298431.84521,8.20000,1328857.00000,2.02000,0.00000,0.00000,0.00000
-294613.83881,-485944.08107,155.98800,601298431.89201,8.15000,410772.00000,3.03000,0.00000,0.00000,0.00000
-291872.99090,-489210.83602,135.28500,601298431.93880,8.07000,738666.00000,3.59000,0.00000,0.00000,0.00000
-291250.44938,-489549.22663,137.47300,601298431.98560,7.86000,617760.00000,3.66000,0.00000,0.00000,0.00000
-293948.44817,-485297.60539,153.80400,601298432.03239,7.64000,2384889.00000,2.70000,0.00000,0.00000,0.00000
-292784.26178,-486384.78092,140.50100,601298432.07918,8.11000,965537.00000,5.54000,0.00000,0.00000,0.00000
-292911.31507,-485687.06061,140.63600,601298432.12598,8.96000,861022.00000,7.98000,0.00000,0.00000,0.00000
-292251.09957,-486077.59141,139.29700,601298432.17277,9.20000,290104.00000,9.36000,0.00000,0.00000,0.00000
-291572.43659,-486493.56888,139.81100,601298432.21957,9.23000,467525.00000,6.78000,0.00000,0.00000,0.00000
-290661.89795,-487230.03034,139.23800,601298432.26636,8.98000,3027309.00000,5.84000,0.00000,0.00000,0.00000
-290788.10424,-486533.48779,135.69800,601298432.31315,8.77000,1622208.00000,6.09000,0.00000,0.00000,0.00000
-290626.30936,-486235.03290,136.37500,601298432.35995,8.41000,869219.00000,5.70000,0.00000,0.00000,0.00000
-290639.38402,-485694.89173,132.74800,601298432.40675,7.99000,1099132.00000,6.94000,0.00000,0.00000,0.00000
-300667.48452,-480524.34605,167.48400,601352174.84906,8.63000,734176.00000,4.02000,0.00000,0.00000,1.00000
-300445.03403,-480869.31899,165.49900,601352174.89594,8.76000,841955.00000,5.33000,0.00000,0.00000,1.00000
-300230.53652,-481213.04713,165.71900,601352174.94281,8.69000,735562.00000,4.84000,0.00000,0.00000,1.00000
-300205.55387,-481527.14718,165.25200,601352174.98969,9.00000,699375.00000,5.99000,0.00000,0.00000,1.00000
-300132.10174,-481848.81911,165.58400,601352175.03656,9.05000,241548.00000,5.94000,0.00000,0.00000,1.00000
-300260.45242,-482138.93056,165.10800,601352175.08344,8.83000,165360.00000,8.20000,0.00000,0.00000,1.00000
-300720.08830,-482377.24141,164.24900,601352175.13031,8.65000,618758.00000,9.61000,0.00000,0.00000,1.00000
-300990.22444,-482645.21617,164.37500,601352175.17719,8.60000,98417.00000,8.01000,0.00000,0.00000,1.00000
-301270.47284,-482911.58981,164.40300,601352175.22406,8.60000,144865.00000,6.18000,0.00000,0.00000,1.00000
-301342.40598,-483210.54898,163.91100,601352175.27094,8.50000,190313.00000,7.21000,0.00000,0.00000,1.00000
-301408.54468,-483510.40733,164.00500,601352175.31782,8.41000,179557.00000,6.08000,0.00000,0.00000,1.00000
-301483.36426,-483808.91453,164.08700,601352175.36469,8.47000,232335.00000,4.81000,0.00000,0.00000,1.00000
-301542.99401,-484109.79837,163.85300,601352175.41157,8.70000,340576.00000,4.35000,0.00000,0.00000,1.00000
-305758.45775,-483761.08730,157.11900,601352175.45844,9.03000,355417.00000,4.75000,0.00000,0.00000,1.00000
-305783.35819,-484067.42155,158.31900,601352175.50532,8.95000,247936.00000,4.70000,0.00000,0.00000,1.00000
-305871.92267,-484363.82587,160.05900,601352175.55220,8.88000,450804.00000,4.74000,0.00000,0.00000,1.00000
-301772.07506,-485314.80005,160.59400,601352175.59907,9.08000,404151.00000,5.83000,0.00000,0.00000,1.00000
-302186.14942,-485560.30702,160.40500,601352175.64595,8.91000,687196.00000,3.97000,0.00000,0.00000,1.00000
-305383.83066,-485370.80244,158.50900,601352175.69282,9.06000,661954.00000,3.84000,0.00000,0.00000,1.00000
-305525.20545,-485658.94531,158.16900,601352175.73970,9.10000,744837.00000,4.82000,0.00000,0.00000,1.00000
-304924.37988,-486063.07182,153.81100,601352175.78658,9.23000,451400.00000,5.44000,0.00000,0.00000,1.00000
-304602.76527,-486423.54361,151.36000,601352175.83345,9.38000,515287.00000,5.15000,0.00000,0.00000,1.00000
-303789.96110,-486860.76033,147.12700,601352175.88033,9.41000,323477.00000,6.30000,0.00000,0.00000,1.00000
-302346.33128,-487396.50189,144.29600,601352175.92720,9.34000,502965.00000,5.41000,0.00000,0.00000,1.00000
-302387.12313,-487700.33552,145.15100,601352175.97408,9.62000,2459073.00000,4.69000,0.00000,0.00000,1.00000
-302503.87296,-487992.30871,145.88100,601352176.02096,9.58000,1536112.00000,5.04000,0.00000,0.00000,1.00000
-302698.74550,-488272.07705,147.29700,601352176.06783,9.71000,503309.00000,6.15000,0.00000,0.00000,1.00000
-303041.91762,-488528.68633,148.11600,601352176.11471,9.73000,987512.00000,5.57000,0.00000,0.00000,1.00000
-304646.73703,-488588.26185,150.58600,601352176.16158,9.77000,4828093.00000,4.95000,0.00000,0.00000,1.00000
-303454.80985,-489084.64172,150.84300,601352176.20846,9.72000,698675.00000,5.29000,0.00000,0.00000,1.00000
-303578.05765,-489375.60649,152.15100,601352176.25534,9.31000,865317.00000,4.26000,0.00000,0.00000,1.00000
-303543.60133,-489691.20203,152.56500,601352176.30221,9.01000,1285793.00000,3.96000,0.00000,0.00000,1.00000
-305115.15690,-489756.01352,152.19500,601352176.34909,8.88000,5291931.00000,3.46000,0.00000,0.00000,1.00000
-305244.91643,-490045.98184,152.87300,601352176.39597,8.87000,3745583.00000,3.50000,0.00000,0.00000,1.00000
-305153.32260,-490370.53192,150.91500,601352176.44284,8.78000,1388555.00000,3.82000,0.00000,0.00000,1.00000
-305084.86116,-490691.44563,148.89100,601352176.48972,8.76000,714342.00000,3.81000,0.00000,0.00000,1.00000
-304891.25428,-491031.91771,146.61300,601352176.53660,8.96000,462911.00000,3.81000,0.00000,0.00000,1.00000
-300780.87611,-491983.79554,123.30500,601352176.58348,8.93000,385366.00000,4.18000,0.00000,0.00000,1.00000
-300854.18283,-492282.55044,122.02900,601352176.63035,9.08000,296006.00000,5.18000,0.00000,0.00000,1.00000
-300073.08299,-492714.66225,124.05700,601352176.67723,9.26000,245893.00000,4.42000,0.00000,0.00000,1.00000
-304354.73871,-492356.57834,145.55800,601352176.72411,9.39000,632282.00000,4.61000,0.00000,0.00000,1.00000
-304603.85369,-492627.92766,146.41600,601352176.77098,9.32000,389025.00000,3.74000,0.00000,0.00000,1.00000
-304596.86567,-492939.25278,146.80100,601352176.81786,9.39000,188101.00000,3.61000,0.00000,0.00000,1.00000
-299771.56961,-494002.47013,121.23700,601352176.86474,9.46000,1423599.00000,3.52000,0.00000,0.00000,1.00000
-304726.84599,-493539.42974,146.95200,601352176.91162,9.52000,233472.00000,3.71000,0.00000,0.00000,1.00000
-304751.68211,-493845.78032,145.91200,601352176.95849,9.51000,261298.00000,4.40000,0.00000,0.00000,1.00000
-304874.18072,-494136.89021,145.46600,601352177.00537,9.56000,690977.00000,4.62000,0.00000,0.00000,1.00000
-304885.27180,-494445.39671,144.60200,601352177.05225,9.45000,291853.00000,5.03000,0.00000,0.00000,1.00000
-304826.17589,-494764.83810,143.33300,601352177.09912,9.66000,491655.00000,5.36000,0.00000,0.00000,1.00000
-304990.64032,-495049.41794,142.50700,601352177.14600,9.79000,101736.00000,7.48000,0.00000,0.00000,1.00000
-306243.92076,-495164.11195,147.19400,601352177.19288,9.96000,302188.00000,8.73000,0.00000,0.00000,1.00000
-306351.22440,-495457.61296,147.07000,601352177.23976,9.80000,600503.00000,6.08000,0.00000,0.00000,1.00000
-305853.70103,-495845.46740,143.24100,601352177.28663,9.45000,871308.00000,4.81000,0.00000,0.00000,1.00000
-305089.93706,-496274.85925,137.90200,601352177.33351,9.30000,277239.00000,4.23000,0.00000,0.00000,1.00000
-304491.82788,-496678.37849,134.30800,601352177.38039,9.06000,309074.00000,4.00000,0.00000,0.00000,1.00000
-304731.51964,-496951.22290,133.11200,601352177.42726,9.15000,734295.00000,3.72000,0.00000,0.00000,1.00000
-304689.04784,-497268.07341,130.10300,601352177.47414,9.39000,469006.00000,3.53000,0.00000,0.00000,1.00000
-304427.34765,-497619.11029,126.52100,601352177.52102,9.40000,458353.00000,3.42000,0.00000,0.00000,1.00000
-304073.76035,-497984.48111,123.11900,601352177.56789,9.37000,656874.00000,3.62000,0.00000,0.00000,1.00000
-303852.56729,-498329.20394,119.49200,601352177.61477,9.74000,525763.00000,5.29000,0.00000,0.00000,1.00000
-304070.54584,-498605.44521,118.31600,601352177.66165,9.67000,267728.00000,4.52000,0.00000,0.00000,1.00000
-303724.89087,-498969.55276,115.91500,601352177.70853,9.57000,475543.00000,4.73000,0.00000,0.00000,1.00000
-303723.63500,-499279.97285,114.93200,601352177.75540,9.54000,439139.00000,4.29000,0.00000,0.00000,1.00000
-307152.55655,-499055.59081,139.74300,601352177.80228,9.42000,286530.00000,4.82000,0.00000,0.00000,1.00000
-306530.53787,-499462.82681,135.12300,601352177.84916,9.46000,1534165.00000,5.20000,0.00000,0.00000,1.00000
-305954.82036,-499862.83278,129.35400,601352177.89604,9.43000,2203797.00000,4.39000,0.00000,0.00000,1.00000
-305821.88483,-500193.79621,126.59500,601352177.94292,9.54000,2637146.00000,4.26000,0.00000,0.00000,1.00000
-306267.77870,-500434.53497,125.04400,601352177.98979,9.76000,460148.00000,4.47000,0.00000,0.00000,1.00000
-306212.98238,-500753.32565,122.44300,601352178.03667,9.74000,528205.00000,5.05000,0.00000,0.00000,1.00000
-306072.06907,-501085.52817,121.51400,601352178.08355,9.71000,694656.00000,5.54000,0.00000,0.00000,1.00000
-306511.44203,-501327.29678,122.97800,601352178.13043,9.77000,1090480.00000,4.77000,0.00000,0.00000,1.00000
-304757.72366,-501910.85657,127.09900,601352178.17731,9.51000,1541909.00000,5.97000,0.00000,0.00000,1.00000
-305044.41802,-502176.42203,126.98400,601352178.22418,9.16000,229549.00000,5.95000,0.00000,0.00000,1.00000
-304826.07448,-502520.68389,125.17900,601352178.27106,9.12000,495153.00000,6.44000,0.00000,0.00000,1.00000
-304409.47895,-502895.84049,122.95900,601352178.31794,9.13000,192069.00000,5.97000,0.00000,0.00000,1.00000
-303919.79148,-503282.36925,121.13700,601352178.36482,9.05000,204801.00000,4.44000,0.00000,0.00000,1.00000
-303893.90243,-503596.64351,116.22600,601352178.41170,9.00000,6326260.00000,3.34000,0.00000,0.00000,1.00000
-303507.66981,-503967.04657,113.05500,601352178.45858,9.18000,4364436.00000,3.75000,0.00000,0.00000,1.00000
-304783.48201,-504078.53087,105.66300,601352178.50546,9.59000,4570293.00000,3.95000,0.00000,0.00000,1.00000
-304702.58771,-504401.36477,105.20800,601352178.55234,9.88000,650426.00000,5.92000,0.00000,0.00000,1.00000
-305401.72326,-504602.70594,105.16200,601352178.59922,10.31000,324187.00000,6.26000,0.00000,0.00000,1.00000
-305452.51933,-504905.03249,104.51200,601352178.64610,10.30000,187574.00000,7.47000,0.00000,0.00000,1.00000
-306373.79824,-505071.77862,105.62400,601352178.69297,10.31000,745102.00000,7.60000,0.00000,0.00000,1.00000
-307965.85307,-505134.06425,111.84700,601352178.73985,10.22000,874319.00000,7.76000,0.00000,0.00000,1.00000
-307768.46087,-505475.06853,109.99600,601352178.78673,10.40000,194296.00000,7.55000,0.00000,0.00000,1.00000
-307994.36884,-505750.14474,110.36900,601352178.83361,10.42000,248603.00000,7.55000,0.00000,0.00000,1.00000
-307995.96791,-506060.17209,109.67000,601352178.88049,10.31000,297823.00000,5.88000,0.00000,0.00000,1.00000
-307570.63055,-506436.66538,106.12000,601352178.92737,10.46000,94413.00000,8.47000,0.00000,0.00000,1.00000
-307079.44531,-506823.42717,103.35700,601352178.97425,9.90000,129080.00000,6.37000,0.00000,0.00000,1.00000
-306693.89372,-507193.72749,101.79900,601352179.02113,9.61000,430456.00000,5.45000,0.00000,0.00000,1.00000
-305994.28125,-507612.91227,102.17300,601352179.06801,9.37000,1428925.00000,4.76000,0.00000,0.00000,1.00000
-306715.86063,-507810.83425,102.26200,601352179.11489,9.09000,3304074.00000,4.16000,0.00000,0.00000,1.00000
-305090.72495,-508374.07849,105.12200,601352179.16177,8.75000,1165089.00000,3.90000,0.00000,0.00000,1.00000
-305950.50479,-508550.49691,104.72300,601352179.20865,9.01000,470968.00000,5.57000,0.00000,0.00000,1.00000
-305647.42508,-508907.92879,104.59100,601352179.25553,9.29000,454084.00000,8.08000,0.00000,0.00000,1.00000
-304911.61406,-509332.70771,105.35000,601352179.30241,9.36000,358319.00000,6.73000,0.00000,0.00000,1.00000
-304282.17422,-509740.91289,108.45600,601352179.34929,9.38000,357742.00000,4.41000,0.00000,0.00000,1.00000
-304130.32088,-510074.77679,111.13800,601352179.39617,9.60000,1157643.00000,3.52000,0.00000,0.00000,1.00000
-303518.61929,-511721.10685,117.90100,601352179.63056,10.30000,4863486.00000,4.11000,0.00000,0.00000,1.00000
-307746.64937,-507448.20108,105.64600,601471081.34898,10.80000,470827.00000,5.06000,0.00000,0.00000,0.00000
-307208.33378,-507657.51874,104.21800,601471081.39582,11.33000,201662.00000,6.88000,0.00000,0.00000,0.00000
-307115.49307,-507269.61213,104.24400,601471081.44266,10.86000,1302813.00000,6.00000,0.00000,0.00000,0.00000
-307040.59643,-506857.64459,104.23000,601471081.48950,10.75000,1767759.00000,4.66000,0.00000,0.00000,0.00000
-306821.30021,-506639.28733,103.66700,601471081.53635,10.71000,895302.00000,5.84000,0.00000,0.00000,0.00000
-306680.33413,-506315.90895,103.94500,601471081.58319,10.28000,981162.00000,6.47000,0.00000,0.00000,0.00000
-307605.36067,-504563.46152,110.53600,601471081.63003,9.02000,916427.00000,5.66000,0.00000,0.00000,0.00000
-304538.96276,-508161.80449,105.68500,601471081.67687,7.75000,3275152.00000,5.19000,0.00000,0.00000,0.00000
-305326.63965,-506593.56622,104.22200,601471081.72371,6.91000,1678973.00000,5.06000,0.00000,0.00000,0.00000
-302370.83820,-510043.32484,127.97600,601471081.77056,6.66000,1706165.00000,6.18000,0.00000,0.00000,0.00000
-305490.22894,-505349.61413,107.51800,601471081.81740,7.19000,1068599.00000,4.97000,0.00000,0.00000,0.00000
-307314.14725,-502392.31894,122.62100,601471081.86424,7.35000,1204775.00000,4.15000,0.00000,0.00000,0.00000
-304463.04231,-505701.86852,107.01100,601471081.91109,7.80000,1139825.00000,5.10000,0.00000,0.00000,0.00000
-304145.29021,-505615.47715,107.39100,601471081.95793,8.69000,695861.00000,5.23000,0.00000,0.00000,0.00000
-303638.48233,-505782.50746,107.49500,601471082.00477,9.38000,1206651.00000,4.87000,0.00000,0.00000,0.00000
-303214.81486,-505838.05530,109.18400,601471082.05161,9.90000,2105426.00000,5.09000,0.00000,0.00000,0.00000
-303061.19025,-505531.68329,111.41400,601471082.09845,10.08000,1011891.00000,6.12000,0.00000,0.00000,0.00000
-303250.68162,-504765.41714,112.79800,601471082.14530,10.10000,385913.00000,6.97000,0.00000,0.00000,0.00000
-303099.67532,-504455.51380,113.50200,601471082.19214,10.26000,577374.00000,7.39000,0.00000,0.00000,0.00000
-304207.34914,-502458.63324,123.87700,601471082.23898,9.87000,3220902.00000,4.97000,0.00000,0.00000,0.00000
-303667.73057,-502669.62981,124.43500,601471082.28583,9.58000,1999902.00000,4.50000,0.00000,0.00000,0.00000
-303233.58680,-502739.26526,125.62000,601471082.33267,9.54000,354927.00000,3.51000,0.00000,0.00000,0.00000
-302867.27420,-502717.96196,123.97400,601471082.37951,9.53000,616991.00000,3.24000,0.00000,0.00000,0.00000
-302641.44989,-502508.37229,122.80800,601471082.42635,9.55000,420319.00000,3.10000,0.00000,0.00000,0.00000
-299891.51483,-505681.50614,109.85700,601471082.47320,10.19000,399116.00000,4.40000,0.00000,0.00000,0.00000
-299576.81793,-505590.97459,108.35600,601471082.52004,10.53000,931460.00000,5.92000,0.00000,0.00000,0.00000
-299382.50005,-505339.14089,106.93200,601471082.56688,10.80000,1103667.00000,5.59000,0.00000,0.00000,0.00000
-299318.60757,-504912.49832,103.97100,601471082.61372,11.01000,678437.00000,5.66000,0.00000,0.00000,0.00000
-299211.83057,-504543.34453,101.96000,601471082.66057,11.26000,421624.00000,6.95000,0.00000,0.00000,0.00000
-299086.23799,-504199.41333,100.43800,601471082.70741,11.27000,309780.00000,6.69000,0.00000,0.00000,0.00000
-299007.48591,-503792.72008,99.04600,601471082.75425,11.60000,216506.00000,9.50000,0.00000,0.00000,0.00000
-298888.03123,-503440.57359,98.96500,601471082.80110,11.64000,243926.00000,9.82000,0.00000,0.00000,0.00000
-298816.29648,-503024.49963,99.10600,601471082.84794,11.21000,299727.00000,7.93000,0.00000,0.00000,0.00000
-298744.55905,-502608.42135,99.20300,601471082.89478,11.20000,257221.00000,9.18000,0.00000,0.00000,0.00000
-298509.98712,-502410.53138,99.45200,601471082.94163,10.86000,202291.00000,6.97000,0.00000,0.00000,0.00000
-298131.40186,-502405.60846,99.05900,601471082.98847,10.64000,701119.00000,7.37000,0.00000,0.00000,0.00000
-297751.50531,-502402.44507,99.20100,601471083.03532,10.63000,1630579.00000,4.27000,0.00000,0.00000,0.00000
-299004.79973,-500210.96647,102.56900,601471083.08216,10.75000,1428227.00000,3.19000,0.00000,0.00000,0.00000
-299532.76672,-498991.38818,106.51700,601471083.12900,10.98000,1485602.00000,4.82000,0.00000,0.00000,0.00000
-299284.21447,-498812.27777,106.49800,601471083.17585,11.09000,251244.00000,6.18000,0.00000,0.00000,0.00000
-298650.02987,-499149.88436,103.92300,601471083.22269,11.21000,174055.00000,7.74000,0.00000,0.00000,0.00000
-298137.52069,-499324.43040,104.53900,601471083.26954,11.11000,158132.00000,6.95000,0.00000,0.00000,0.00000
-297953.75277,-499058.51366,107.24800,601471083.31638,10.57000,170581.00000,7.59000,0.00000,0.00000,0.00000
-297709.14594,-498874.12652,110.16000,601471083.36322,10.40000,228202.00000,6.33000,0.00000,0.00000,0.00000
-297411.56848,-498760.69303,112.30400,601471083.41007,10.08000,188447.00000,6.38000,0.00000,0.00000,0.00000
-296900.37888,-498933.46245,113.49400,601471083.45691,9.84000,268795.00000,6.21000,0.00000,0.00000,0.00000
-296531.01514,-498916.20023,113.79600,601471083.50375,9.90000,131554.00000,9.23000,0.00000,0.00000,0.00000
-296356.01954,-498638.54989,114.12400,601471083.55060,10.05000,236435.00000,7.99000,0.00000,0.00000,0.00000
-296427.92043,-498030.13037,115.71200,601471083.59744,9.95000,164462.00000,6.40000,0.00000,0.00000,0.00000
-296318.16271,-497665.10981,118.02700,601471083.64428,9.68000,219316.00000,6.27000,0.00000,0.00000,0.00000
-295898.02872,-497715.87781,119.85800,601471083.69113,9.41000,703211.00000,4.26000,0.00000,0.00000,0.00000
-295365.38634,-497917.35068,121.99000,601471083.73797,9.26000,321191.00000,4.77000,0.00000,0.00000,0.00000
-294952.69623,-497958.13923,124.57500,601471083.78481,9.15000,956317.00000,4.48000,0.00000,0.00000,0.00000
-294683.14992,-497807.14608,128.26500,601471083.83166,8.74000,526570.00000,3.10000,0.00000,0.00000,0.00000
-294420.17506,-497647.35973,132.22800,601471083.87850,8.39000,1682422.00000,3.04000,0.00000,0.00000,0.00000
-294143.19422,-497506.33647,136.11700,601471083.92534,8.08000,777927.00000,3.04000,0.00000,0.00000,0.00000
-293961.65556,-497237.48245,138.23000,601471083.97218,7.98000,1127196.00000,3.10000,0.00000,0.00000,0.00000
-293736.77442,-497026.67453,138.87700,601471084.01903,7.97000,838349.00000,3.50000,0.00000,0.00000,0.00000
-293596.82998,-496702.11081,138.38100,601471084.06587,8.16000,602992.00000,3.23000,0.00000,0.00000,0.00000
-293427.55254,-496416.82786,137.60100,601471084.11271,8.45000,1444937.00000,3.27000,0.00000,0.00000,0.00000
-293172.47341,-496246.48062,135.20600,601471084.15956,8.72000,226116.00000,4.35000,0.00000,0.00000,0.00000
-293045.66718,-495904.31271,134.56500,601471084.20640,8.97000,294435.00000,4.20000,0.00000,0.00000,0.00000
-292837.43833,-495671.22156,132.96500,601471084.25324,9.06000,226927.00000,4.46000,0.00000,0.00000,0.00000
-292618.70294,-495452.19422,130.90600,601471084.30008,9.20000,125212.00000,6.88000,0.00000,0.00000,0.00000
-292720.45212,-494803.95071,130.69400,601471084.34693,9.36000,179595.00000,7.57000,0.00000,0.00000,0.00000
-292492.09360,-494597.82854,129.55200,601471084.39377,9.68000,208319.00000,8.34000,0.00000,0.00000,0.00000
-291800.08821,-495012.67799,127.34300,601471084.44061,9.93000,132730.00000,11.54000,0.00000,0.00000,0.00000
-290954.82548,-495632.73964,127.73600,601471084.48746,10.03000,234474.00000,8.60000,0.00000,0.00000,0.00000
-290349.92464,-495930.87381,129.80200,601471084.53430,9.89000,1017386.00000,5.53000,0.00000,0.00000,0.00000
-290311.14233,-495470.84607,124.48400,601471084.58114,9.68000,1002005.00000,6.60000,0.00000,0.00000,0.00000
-289642.31506,-495854.56075,133.91700,601471084.62799,9.28000,4904607.00000,4.88000,0.00000,0.00000,0.00000
-289623.24949,-495368.15368,133.13000,601471084.67483,9.02000,209671.00000,6.01000,0.00000,0.00000,0.00000
-290060.42651,-494270.78240,133.15000,601471084.72167,8.65000,359798.00000,4.85000,0.00000,0.00000,0.00000
-290015.08959,-493819.54866,138.56500,601471084.76851,8.12000,3195944.00000,2.89000,0.00000,0.00000,0.00000
-290034.99981,-493280.96278,140.26400,601471084.81536,7.97000,1325783.00000,2.68000,0.00000,0.00000,0.00000
-286703.04123,-497230.77185,131.13000,601471084.86220,7.80000,844972.00000,1.83000,0.00000,0.00000,0.00000
-289378.22044,-493136.64964,147.58600,601471084.90904,7.61000,1242724.00000,2.35000,0.00000,0.00000,0.00000
-289138.93770,-492945.17213,147.23000,601471084.95589,7.59000,583305.00000,3.48000,0.00000,0.00000,0.00000
-288954.82355,-492679.80993,146.59100,601471085.00273,7.51000,493405.00000,2.73000,0.00000,0.00000,0.00000
-288757.57929,-492432.04194,144.91000,601471085.04957,7.44000,612163.00000,3.95000,0.00000,0.00000,0.00000
-288542.82961,-492207.73394,142.98600,601471085.09642,7.41000,983434.00000,4.09000,0.00000,0.00000,0.00000
-288286.04047,-492039.69773,140.80200,601471085.14326,7.58000,379658.00000,4.15000,0.00000,0.00000,0.00000
-288319.56219,-491482.94396,139.26400,601471085.19010,7.79000,287533.00000,5.27000,0.00000,0.00000,0.00000
-288057.52255,-491321.93575,136.98100,601471085.23695,7.93000,322914.00000,6.20000,0.00000,0.00000,0.00000
-287463.13614,-491605.93278,134.10700,601471085.28379,8.19000,299216.00000,8.01000,0.00000,0.00000,0.00000
-287238.31093,-491395.08277,132.88400,601471085.33063,8.56000,448407.00000,7.37000,0.00000,0.00000,0.00000
-287396.64782,-490671.24094,133.28600,601471085.37748,8.86000,163310.00000,8.27000,0.00000,0.00000,0.00000
-286761.08879,-491010.33322,130.98000,601471085.42432,8.93000,130529.00000,9.29000,0.00000,0.00000,0.00000
-286221.41823,-491221.01472,130.40000,601471085.47116,8.55000,302725.00000,7.02000,0.00000,0.00000,0.00000
-294917.38680,-481850.27484,154.85000,601524827.95978,7.03000,975392.00000,5.42000,0.00000,0.00000,1.00000
-295552.91073,-482070.50387,151.42100,601524828.00671,7.07000,1524303.00000,4.31000,0.00000,0.00000,1.00000
-295629.79766,-482369.44775,151.23800,601524828.05363,7.28000,343129.00000,5.87000,0.00000,0.00000,1.00000
-295954.79401,-482633.43253,152.55500,601524828.10055,7.75000,242196.00000,6.76000,0.00000,0.00000,1.00000
-295611.60799,-482991.53574,151.20000,601524828.14747,7.84000,354433.00000,8.00000,0.00000,0.00000,1.00000
-295044.95144,-483381.08492,149.79300,601524828.19439,7.72000,297858.00000,7.72000,0.00000,0.00000,1.00000
-294687.23896,-483741.20850,149.64800,601524828.24131,8.13000,247094.00000,8.64000,0.00000,0.00000,1.00000
-295098.55834,-483993.04619,152.01200,601524828.28823,7.62000,489206.00000,5.57000,0.00000,0.00000,1.00000
-295122.45855,-484299.43249,152.11700,601524828.33515,7.59000,3362468.00000,3.93000,0.00000,0.00000,1.00000
-294910.56513,-484639.02521,153.06700,601524828.38207,7.74000,2418981.00000,4.40000,0.00000,0.00000,1.00000
-294579.68474,-484995.36905,155.55100,601524828.42900,7.71000,7429298.00000,2.60000,0.00000,0.00000,1.00000
-294435.97603,-485325.33583,156.14300,601524828.47592,7.86000,472461.00000,3.23000,0.00000,0.00000,1.00000
-294491.79272,-485627.23815,155.80500,601524828.52284,8.05000,1428329.00000,3.50000,0.00000,0.00000,1.00000
-295704.11492,-485766.34564,146.52500,601524828.56976,7.96000,1336300.00000,3.82000,0.00000,0.00000,1.00000
-295149.03105,-486154.23532,145.10800,601524828.61668,8.04000,1003823.00000,4.39000,0.00000,0.00000,1.00000
-294889.23014,-486500.54929,144.35200,601524828.66360,8.41000,1057645.00000,5.10000,0.00000,0.00000,1.00000
-294348.64766,-486886.38213,143.68800,601524828.71052,8.56000,301128.00000,5.98000,0.00000,0.00000,1.00000
-293924.14751,-487255.87352,143.83600,601524828.75744,8.51000,478784.00000,5.70000,0.00000,0.00000,1.00000
-294160.60119,-487532.34191,143.68300,601524828.80436,8.65000,311304.00000,6.27000,0.00000,0.00000,1.00000
-294661.88083,-487771.56406,144.50200,601524828.85128,8.51000,259551.00000,6.21000,0.00000,0.00000,1.00000
-294800.38876,-488061.82960,144.57900,601524828.89820,8.29000,320843.00000,5.21000,0.00000,0.00000,1.00000
-294790.87933,-488372.91583,144.71600,601524828.94513,8.21000,3095560.00000,4.64000,0.00000,0.00000,1.00000
-293735.85603,-488831.08099,134.50900,601524828.99205,8.23000,2360298.00000,3.67000,0.00000,0.00000,1.00000
-294619.49624,-489016.53132,143.86800,601524829.03897,8.47000,3966090.00000,3.81000,0.00000,0.00000,1.00000
-293791.56239,-489442.74478,135.29100,601524829.08589,8.57000,3741999.00000,3.55000,0.00000,0.00000,1.00000
-293958.34965,-489729.02845,135.85500,601524829.13281,8.48000,2753882.00000,4.21000,0.00000,0.00000,1.00000
-293772.51588,-490064.91053,137.18100,601524829.17973,8.56000,2277520.00000,3.47000,0.00000,0.00000,1.00000
-293589.58411,-490400.39137,136.94400,601524829.22665,8.80000,3340040.00000,4.46000,0.00000,0.00000,1.00000
-293599.64405,-490708.71973,137.34200,601524829.27358,9.01000,1443009.00000,5.10000,0.00000,0.00000,1.00000
-293783.83841,-490992.56443,135.86900,601524829.32050,9.23000,2121441.00000,4.62000,0.00000,0.00000,1.00000
-293708.28301,-491312.94664,134.03600,601524829.36742,9.20000,466765.00000,6.39000,0.00000,0.00000,1.00000
-294388.77379,-491527.02191,134.62300,601524829.41434,9.11000,405161.00000,6.24000,0.00000,0.00000,1.00000
-294935.03282,-491759.97290,133.69400,601524829.46126,8.89000,2549348.00000,3.99000,0.00000,0.00000,1.00000
-294547.46492,-492124.21361,131.40000,601524829.50819,8.76000,515044.00000,3.62000,0.00000,0.00000,1.00000
-294690.30202,-492413.89503,129.97100,601524829.55511,8.72000,378185.00000,4.60000,0.00000,0.00000,1.00000
-294727.92592,-492718.36259,124.70100,601524829.60203,8.63000,1931970.00000,3.84000,0.00000,0.00000,1.00000
-295821.29263,-492874.42456,125.15500,601524829.64895,8.41000,1608601.00000,2.89000,0.00000,0.00000,1.00000
-294223.40929,-493408.79348,136.72700,601524829.69587,8.38000,2402284.00000,2.42000,0.00000,0.00000,1.00000
-294430.08072,-493689.49269,135.69400,601524829.74280,8.44000,264910.00000,3.64000,0.00000,0.00000,1.00000
-294561.30129,-493980.82179,135.84500,601524829.78972,8.57000,336401.00000,4.02000,0.00000,0.00000,1.00000
-294665.66114,-494275.90570,135.57900,601524829.83664,8.64000,541041.00000,3.11000,0.00000,0.00000,1.00000
-294590.80087,-494596.18509,135.87800,601524829.88356,8.69000,570270.00000,3.18000,0.00000,0.00000,1.00000
-294620.42162,-494901.77463,135.96100,601524829.93048,8.67000,304254.00000,3.17000,0.00000,0.00000,1.00000
-294509.27690,-495227.15326,136.41900,601524829.97741,8.69000,613919.00000,2.74000,0.00000,0.00000,1.00000
-296042.39039,-495321.49797,116.69900,601524830.02433,8.80000,1527125.00000,2.59000,0.00000,0.00000,1.00000
-294194.09776,-495890.95023,137.69000,601524830.07125,8.89000,605060.00000,2.46000,0.00000,0.00000,1.00000
-294057.54528,-496219.89119,137.85600,601524830.11817,8.92000,1470452.00000,2.75000,0.00000,0.00000,1.00000
-293905.02872,-496551.07084,138.65500,601524830.16510,9.02000,787523.00000,2.31000,0.00000,0.00000,1.00000
-294930.90052,-496716.72287,121.13700,601524830.21202,9.03000,1802558.00000,2.21000,0.00000,0.00000,1.00000
-301253.45482,-496138.26971,118.70400,601524830.25894,9.08000,485337.00000,2.26000,0.00000,0.00000,1.00000
-300960.87282,-496489.18784,117.61500,601524830.30586,9.14000,1029446.00000,2.29000,0.00000,0.00000,1.00000
-300703.12700,-496835.21746,116.23100,601524830.35278,9.39000,575195.00000,2.49000,0.00000,0.00000,1.00000
-300446.82954,-497181.03024,114.50100,601524830.39971,9.39000,290713.00000,3.08000,0.00000,0.00000,1.00000
-300242.77510,-497519.50479,113.57400,601524830.44663,9.44000,281801.00000,3.81000,0.00000,0.00000,1.00000
-300087.33309,-497851.13957,112.91300,601524830.49355,9.52000,295803.00000,3.91000,0.00000,0.00000,1.00000
-299910.12493,-498185.84321,112.21600,601524830.54048,9.59000,297608.00000,3.62000,0.00000,0.00000,1.00000
-299746.69450,-498518.59480,111.56900,601524830.58740,9.64000,306833.00000,4.85000,0.00000,0.00000,1.00000
-293872.23112,-499653.23109,116.31200,601524830.63432,9.72000,1415128.00000,5.03000,0.00000,0.00000,1.00000
-293438.84142,-500023.82186,117.34600,601524830.68125,10.04000,204655.00000,6.30000,0.00000,0.00000,1.00000
-294154.89528,-500233.06801,114.65900,601524830.72817,10.00000,105951.00000,7.13000,0.00000,0.00000,1.00000
-294781.69568,-500454.84717,112.94600,601524830.77509,10.02000,501991.00000,4.63000,0.00000,0.00000,1.00000
-298422.27518,-500253.56122,103.50900,601524830.82202,10.22000,389037.00000,4.89000,0.00000,0.00000,1.00000
-294616.61558,-501097.55415,111.69800,601524830.86894,9.97000,4194854.00000,3.35000,0.00000,0.00000,1.00000
-294469.84694,-501427.91809,111.32400,601524830.91586,10.14000,1721081.00000,3.84000,0.00000,0.00000,1.00000
-294425.39532,-501743.91763,110.59900,601524830.96279,10.23000,3006252.00000,4.03000,0.00000,0.00000,1.00000
-294349.01265,-502064.39960,109.83900,601524831.00971,10.32000,3291976.00000,3.60000,0.00000,0.00000,1.00000
-294317.61972,-502378.57561,109.16000,601524831.05663,10.53000,1115832.00000,3.90000,0.00000,0.00000,1.00000
-294223.08279,-502701.59892,108.09400,601524831.10356,10.70000,271074.00000,4.28000,0.00000,0.00000,1.00000
-294323.75863,-502997.24044,107.04200,601524831.15048,10.97000,251200.00000,5.43000,0.00000,0.00000,1.00000
-294533.29272,-503277.62213,106.31400,601524831.19740,11.04000,303583.00000,5.93000,0.00000,0.00000,1.00000
-294830.62801,-503545.67552,105.44500,601524831.24433,11.18000,142108.00000,5.85000,0.00000,0.00000,1.00000
-295018.38480,-503829.10880,104.42100,601524831.29125,11.36000,161556.00000,7.14000,0.00000,0.00000,1.00000
-295925.31267,-504011.65710,104.79900,601524831.33818,11.37000,229470.00000,6.59000,0.00000,0.00000,1.00000
-296454.15189,-504247.25542,106.35700,601524831.38510,11.31000,516374.00000,5.52000,0.00000,0.00000,1.00000
-296223.90014,-504589.33781,108.60000,601524831.43203,11.25000,533576.00000,4.54000,0.00000,0.00000,1.00000
-300310.96897,-504325.82169,107.30800,601524831.47895,11.25000,853387.00000,4.89000,0.00000,0.00000,1.00000
-295676.29962,-505285.69549,110.21000,601524831.52587,11.39000,283599.00000,4.96000,0.00000,0.00000,1.00000
-295512.80511,-505618.40605,110.23200,601524831.57280,11.47000,206068.00000,6.17000,0.00000,0.00000,1.00000
-295501.70521,-505929.73954,109.96700,601524831.61972,11.45000,287199.00000,6.43000,0.00000,0.00000,1.00000
-295579.13878,-506228.65813,109.64000,601524831.66665,11.51000,170143.00000,7.77000,0.00000,0.00000,1.00000
-295718.26049,-506518.93685,108.67500,601524831.71357,11.72000,259959.00000,8.60000,0.00000,0.00000,1.00000
-296371.90924,-506737.05481,108.59200,601524831.76049,11.90000,317031.00000,8.29000,0.00000,0.00000,1.00000
-297783.94806,-506848.86046,109.91900,601524831.80742,11.88000,628034.00000,7.82000,0.00000,0.00000,1.00000
-298049.35114,-507121.45209,109.64600,601524831.85434,11.77000,760480.00000,6.65000,0.00000,0.00000,1.00000
-297350.97531,-507529.15300,106.39300,601524831.90126,11.99000,488244.00000,7.72000,0.00000,0.00000,1.00000
-297108.35396,-507872.95659,105.78600,601524831.94819,12.13000,401277.00000,8.72000,0.00000,0.00000,1.00000
-296408.51060,-508280.83962,104.55300,601524831.99511,12.32000,169376.00000,11.43000,0.00000,0.00000,1.00000
-296073.71360,-508637.55687,104.72000,601524832.04204,12.49000,229324.00000,13.08000,0.00000,0.00000,1.00000
-296300.62737,-508915.52604,104.51400,601524832.08896,12.27000,144193.00000,13.22000,0.00000,0.00000,1.00000
-296980.41321,-509130.04459,104.89800,601524832.13588,11.94000,145256.00000,12.12000,0.00000,0.00000,1.00000
-298124.67075,-509279.46361,107.33900,601524832.18281,11.46000,112395.00000,9.45000,0.00000,0.00000,1.00000
-297261.52274,-509710.23236,104.57800,601524832.22973,11.32000,575485.00000,10.91000,0.00000,0.00000,1.00000
-297601.65486,-509972.35798,104.61800,601524832.27666,11.12000,1087956.00000,6.86000,0.00000,0.00000,1.00000
-296493.90705,-510437.36603,102.69100,601524832.32358,11.19000,357408.00000,6.49000,0.00000,0.00000,1.00000
-297993.06800,-510537.09604,103.62600,601524832.37050,11.38000,415188.00000,7.22000,0.00000,0.00000,1.00000
-298286.03675,-510805.85690,102.01900,601524832.41743,11.57000,952530.00000,7.73000,0.00000,0.00000,1.00000
-299426.42107,-511265.68463,109.12500,601524832.51128,11.42000,2336946.00000,6.78000,0.00000,0.00000,1.00000
-299858.72104,-511514.92835,111.06200,601524832.55820,11.05000,2650197.00000,5.51000,0.00000,0.00000,1.00000
-295048.79371,-512498.47371,102.32800,601524832.60512,10.94000,1618727.00000,6.44000,0.00000,0.00000,1.00000
-298646.90036,-512304.29880,107.43100,601524832.65205,11.16000,2131455.00000,6.85000,0.00000,0.00000,1.00000
-298213.35256,-512674.82701,105.75300,601524832.69897,11.28000,1088298.00000,8.11000,0.00000,0.00000,1.00000
-298088.97749,-513002.04125,105.47900,601524832.74590,11.32000,846939.00000,8.10000,0.00000,0.00000,1.00000
-298299.90891,-513282.29781,105.90300,601524832.79282,11.23000,961464.00000,8.67000,0.00000,0.00000,1.00000
-299174.92487,-513469.55846,108.17500,601524832.83974,11.04000,296907.00000,8.76000,0.00000,0.00000,1.00000
-299112.23868,-513788.14536,107.80200,601524832.88667,11.05000,794375.00000,10.43000,0.00000,0.00000,1.00000
-299140.26938,-514094.02744,108.53700,601524832.93359,11.06000,109736.00000,10.56000,0.00000,0.00000,1.00000
-298205.90245,-514534.65145,106.40400,601524832.98052,11.24000,206680.00000,9.69000,0.00000,0.00000,1.00000
-297704.82751,-514914.60266,105.92200,601524833.02744,11.07000,415919.00000,6.71000,0.00000,0.00000,1.00000
-297698.00772,-515225.34859,104.65200,601524833.07436,11.19000,301374.00000,7.40000,0.00000,0.00000,1.00000
-298162.23245,-515470.15985,104.94700,601524833.12129,11.29000,1698505.00000,6.61000,0.00000,0.00000,1.00000
-298769.43211,-515694.95403,104.65100,601524833.16821,11.02000,2167843.00000,7.03000,0.00000,0.00000,1.00000
-302790.81644,-513534.83971,117.60900,601643734.41627,9.36000,839499.00000,4.46000,0.00000,0.00000,0.00000
-303176.48812,-512531.19718,117.85300,601643734.46316,9.36000,668037.00000,5.73000,0.00000,0.00000,0.00000
-303373.63380,-511772.51737,121.23400,601643734.51005,9.36000,1654740.00000,5.08000,0.00000,0.00000,0.00000
-300995.88830,-514358.55708,103.28000,601643734.55693,9.42000,358446.00000,4.95000,0.00000,0.00000,0.00000
-300581.80517,-514393.81195,102.90400,601643734.60382,9.20000,371764.00000,3.99000,0.00000,0.00000,0.00000
-300079.24556,-514543.96737,103.98600,601643734.65071,9.34000,573357.00000,4.78000,0.00000,0.00000,0.00000
-299876.95262,-514304.10590,103.66100,601643734.69760,9.09000,691433.00000,4.33000,0.00000,0.00000,0.00000
-299321.65948,-514522.73442,103.94500,601643734.74449,8.72000,390619.00000,4.21000,0.00000,0.00000,0.00000
-299207.84381,-514167.96572,101.68800,601643734.79138,8.50000,293556.00000,3.41000,0.00000,0.00000,0.00000
-301931.80329,-510127.34578,123.89800,601643734.83826,8.42000,3480935.00000,2.44000,0.00000,0.00000,0.00000
-301140.65731,-510652.37241,110.24500,601643734.88515,8.82000,1948714.00000,3.04000,0.00000,0.00000,0.00000
-300761.00571,-510642.92662,107.31300,601643734.93204,9.28000,421952.00000,3.15000,0.00000,0.00000,0.00000
-301292.85465,-509449.57506,116.82500,601643734.97893,9.56000,4181645.00000,4.76000,0.00000,0.00000,0.00000
-300656.28989,-509773.81792,111.69900,601643735.02582,9.33000,732946.00000,3.80000,0.00000,0.00000,0.00000
-300482.62811,-509496.83050,112.32100,601643735.07271,9.57000,557832.00000,4.20000,0.00000,0.00000,0.00000
-300270.08811,-509270.32652,113.46200,601643735.11960,9.86000,935444.00000,3.72000,0.00000,0.00000,0.00000
-300192.94312,-508867.99085,116.10600,601643735.16649,9.87000,2347603.00000,3.32000,0.00000,0.00000,0.00000
-300098.38290,-508488.30116,118.23300,601643735.21337,10.11000,787945.00000,3.12000,0.00000,0.00000,0.00000
-299687.45851,-508519.46129,117.59500,601643735.26026,10.13000,3037348.00000,2.64000,0.00000,0.00000,0.00000
-299318.98384,-508495.47494,115.38300,601643735.30715,10.25000,3489421.00000,2.83000,0.00000,0.00000,0.00000
-298825.85171,-508633.40904,110.87000,601643735.35404,10.42000,333196.00000,3.63000,0.00000,0.00000,0.00000
-298691.08404,-508305.91168,109.00300,601643735.40093,10.86000,245820.00000,5.09000,0.00000,0.00000,0.00000
-298692.61319,-507801.42790,109.23300,601643735.44782,11.30000,684548.00000,6.66000,0.00000,0.00000,0.00000
-298779.49267,-507186.12066,112.22200,601643735.49471,11.53000,2273007.00000,6.74000,0.00000,0.00000,0.00000
-298646.08032,-506856.91351,113.92000,601643735.54160,11.64000,742744.00000,7.43000,0.00000,0.00000,0.00000
-297694.43978,-507590.19267,108.42500,601643735.58849,11.63000,521265.00000,8.97000,0.00000,0.00000,0.00000
-296967.56145,-508031.58833,106.80300,601643735.63538,11.51000,285648.00000,7.80000,0.00000,0.00000,0.00000
-296256.76712,-508452.08426,102.59700,601643735.68227,12.04000,2262245.00000,6.10000,0.00000,0.00000,0.00000
-296369.14260,-507803.68859,103.49100,601643735.72916,12.87000,816160.00000,7.19000,0.00000,0.00000,0.00000
-296819.82606,-506716.03267,106.19800,601643735.77605,13.36000,1610013.00000,6.84000,0.00000,0.00000,0.00000
-293126.32374,-511009.24004,108.77600,601643735.82294,13.77000,2306183.00000,9.24000,0.00000,0.00000,0.00000
-295491.16991,-507436.29416,108.08100,601643735.86983,13.35000,950677.00000,7.71000,0.00000,0.00000,0.00000
-295219.66596,-507286.35161,109.17500,601643735.91672,13.12000,687557.00000,9.45000,0.00000,0.00000,0.00000
-294427.06520,-507812.98876,109.14600,601643735.96361,12.76000,555165.00000,7.73000,0.00000,0.00000,0.00000
-294947.94544,-506634.25849,111.13300,601643736.01050,12.67000,1624477.00000,7.48000,0.00000,0.00000,0.00000
-294999.12928,-506065.38841,112.41200,601643736.05739,12.48000,710769.00000,9.06000,0.00000,0.00000,0.00000
-294580.60672,-506106.35074,111.84600,601643736.10428,12.57000,566621.00000,8.82000,0.00000,0.00000,0.00000
-294249.23055,-506034.15986,111.76400,601643736.15117,12.76000,608397.00000,8.97000,0.00000,0.00000,0.00000
-293610.36497,-506361.15787,110.94600,601643736.19806,12.42000,198600.00000,9.14000,0.00000,0.00000,0.00000
-292685.00405,-507060.07443,111.55400,601643736.24495,11.82000,286836.00000,8.65000,0.00000,0.00000,0.00000
-291910.25716,-507563.44828,114.28100,601643736.29184,11.43000,434932.00000,8.61000,0.00000,0.00000,0.00000
-291361.20261,-507773.78140,117.24900,601643736.33873,11.22000,1168096.00000,6.83000,0.00000,0.00000,0.00000
-291040.54447,-507687.63375,118.40900,601643736.38562,11.28000,4513132.00000,4.47000,0.00000,0.00000,0.00000
-290862.45218,-507416.40015,113.29500,601643736.43251,11.58000,438366.00000,4.86000,0.00000,0.00000,0.00000
-290483.24261,-507406.25759,114.18200,601643736.47940,11.75000,249452.00000,7.06000,0.00000,0.00000,0.00000
-290947.89894,-506300.68788,110.45000,601643736.52629,12.07000,41966.00000,11.74000,0.00000,0.00000,0.00000
-291725.00301,-504789.58486,111.19200,601643736.57318,11.73000,158810.00000,8.92000,0.00000,0.00000,0.00000
-291672.98898,-504354.74696,112.37800,601643736.62007,11.31000,91505.00000,7.77000,0.00000,0.00000,0.00000
-291500.75226,-504075.99127,113.31500,601643736.66695,11.10000,224024.00000,7.48000,0.00000,0.00000,0.00000
-291268.61831,-503874.96735,113.71900,601643736.71384,10.71000,217729.00000,7.54000,0.00000,0.00000,0.00000
-291192.03908,-503472.05535,115.13000,601643736.76073,10.67000,282331.00000,5.99000,0.00000,0.00000,0.00000
-290924.59735,-503316.86734,115.75700,601643736.80762,10.84000,275668.00000,5.80000,0.00000,0.00000,0.00000
-290696.04105,-503111.20219,117.16500,601643736.85451,10.64000,2260287.00000,4.99000,0.00000,0.00000,0.00000
-290478.21978,-502891.61165,118.21600,601643736.90140,10.56000,1156331.00000,5.20000,0.00000,0.00000,0.00000
-290261.74598,-502670.28847,119.24900,601643736.94829,10.43000,2703827.00000,5.73000,0.00000,0.00000,0.00000
-290164.61319,-502294.06486,122.28400,601643736.99518,10.17000,3516264.00000,5.01000,0.00000,0.00000,0.00000
-289877.50229,-502164.38716,124.88600,601643737.04207,10.03000,1797946.00000,4.51000,0.00000,0.00000,0.00000
-289630.64110,-501982.52464,128.55900,601643737.08896,9.66000,1400913.00000,4.35000,0.00000,0.00000,0.00000
-289238.50386,-501989.18575,130.67100,601643737.13585,9.38000,3035062.00000,3.84000,0.00000,0.00000,0.00000
-288954.54414,-501855.45964,132.60400,601643737.18274,9.36000,1150450.00000,5.16000,0.00000,0.00000,0.00000
-288687.56750,-501699.67580,133.67700,601643737.22963,9.25000,358217.00000,5.93000,0.00000,0.00000,0.00000
-288559.16243,-501364.05090,134.74300,601643737.27652,9.26000,923672.00000,9.30000,0.00000,0.00000,0.00000
-288327.95395,-501161.86300,136.15600,601643737.32341,9.26000,302095.00000,5.99000,0.00000,0.00000,0.00000
-288035.96274,-501038.57480,135.89900,601643737.37029,9.36000,389142.00000,5.53000,0.00000,0.00000,0.00000
-287607.62591,-501092.19742,134.69900,601643737.41718,9.48000,152183.00000,6.77000,0.00000,0.00000,0.00000
-287320.54338,-500962.50537,134.27900,601643737.46407,9.39000,136730.00000,9.30000,0.00000,0.00000,0.00000
-287141.64500,-500692.43701,134.55100,601643737.51096,9.48000,51816.00000,10.02000,0.00000,0.00000,0.00000
-286797.79010,-500636.40729,134.49000,601643737.55785,8.93000,156627.00000,7.10000,0.00000,0.00000,0.00000
-286411.47558,-500635.49667,135.05400,601643737.60474,8.74000,616871.00000,5.28000,0.00000,0.00000,0.00000
-286457.44250,-500073.64426,134.18400,601643737.65163,8.48000,1369277.00000,5.40000,0.00000,0.00000,0.00000
-286195.84845,-499910.87970,134.70300,601643737.69852,8.23000,1163230.00000,4.19000,0.00000,0.00000,0.00000
-285552.48508,-500243.49985,137.83100,601643737.74541,8.07000,961011.00000,3.09000,0.00000,0.00000,0.00000
-285438.86491,-499888.72975,137.95900,601643737.79229,8.04000,407151.00000,4.08000,0.00000,0.00000,0.00000
-285372.63300,-499472.47102,137.24900,601643737.83918,7.99000,323083.00000,4.26000,0.00000,0.00000,0.00000
-285571.05956,-498712.82708,138.06000,601643737.88607,7.99000,262045.00000,4.34000,0.00000,0.00000,0.00000
-285633.58448,-498129.52166,139.32000,601643737.93296,8.12000,270427.00000,4.15000,0.00000,0.00000,0.00000
-285539.65167,-497749.24435,140.30200,601643737.97985,8.21000,1665406.00000,2.71000,0.00000,0.00000,0.00000
-285212.35348,-497671.72619,139.02400,601643738.02674,8.27000,1619902.00000,2.01000,0.00000,0.00000,0.00000
-284842.60187,-497649.32605,135.65100,601643738.07363,8.52000,1039844.00000,2.30000,0.00000,0.00000,0.00000
-284507.26629,-497582.25091,132.66300,601643738.12052,8.72000,3763146.00000,2.71000,0.00000,0.00000,0.00000
-284271.17964,-497386.41189,131.48900,601643738.16741,8.87000,3736790.00000,3.47000,0.00000,0.00000,0.00000
-284088.73681,-497120.96541,131.87600,601643738.21430,8.80000,470324.00000,4.86000,0.00000,0.00000,0.00000
-283617.04153,-497230.80305,131.96700,601643738.26119,8.65000,553224.00000,7.12000,0.00000,0.00000,0.00000
-282741.17608,-497864.97055,132.37800,601643738.30808,8.75000,322857.00000,6.58000,0.00000,0.00000,0.00000
-281993.16302,-498333.22687,133.66700,601643738.35497,8.74000,285345.00000,7.09000,0.00000,0.00000,0.00000
-281808.04164,-498071.25124,134.78500,601643738.40186,8.49000,167071.00000,7.23000,0.00000,0.00000,0.00000
-281963.16716,-497367.90060,135.17800,601643738.44875,8.33000,148308.00000,9.96000,0.00000,0.00000,0.00000
-282003.38334,-496813.59279,135.81000,601643738.49564,8.20000,112014.00000,6.59000,0.00000,0.00000,0.00000
-282079.38217,-496212.90859,136.69700,601643738.54253,8.03000,117661.00000,5.79000,0.00000,0.00000,0.00000
-282027.96075,-495777.52118,137.59400,601643738.58942,7.59000,493689.00000,4.69000,0.00000,0.00000,0.00000
-281744.94408,-495642.56053,136.19100,601643738.63631,7.82000,1643688.00000,4.49000,0.00000,0.00000,0.00000
-281448.51874,-495525.00555,135.16800,601643738.68320,7.83000,3932016.00000,2.95000,0.00000,0.00000,0.00000
-287932.57031,-490477.29786,133.91400,601697482.15848,7.70000,2372151.00000,3.72000,0.00000,0.00000,1.00000
-288348.99068,-490734.51643,137.27600,601697482.20544,7.89000,1209625.00000,5.12000,0.00000,0.00000,1.00000
-288697.04695,-491000.31981,137.12400,601697482.25241,8.19000,745549.00000,6.92000,0.00000,0.00000,1.00000
-288199.73950,-491371.94167,134.31200,601697482.29937,8.20000,1138614.00000,6.29000,0.00000,0.00000,1.00000
-288264.04980,-491673.25248,135.25200,601697482.34633,8.15000,2772432.00000,3.90000,0.00000,0.00000,1.00000
-288123.20794,-492000.24892,135.58100,601697482.39330,7.87000,2125814.00000,3.98000,0.00000,0.00000,1.00000
-287693.54142,-492363.38980,134.79900,601697482.44026,7.95000,1779633.00000,4.98000,0.00000,0.00000,1.00000
-288764.69749,-492538.70248,145.47300,601697482.48722,7.86000,5147959.00000,3.52000,0.00000,0.00000,1.00000
-288047.67174,-492937.78681,138.75500,601697482.53419,7.81000,1119286.00000,4.37000,0.00000,0.00000,1.00000
-287776.59949,-493281.07934,137.77000,601697482.58115,7.77000,799373.00000,4.93000,0.00000,0.00000,1.00000
-287591.36075,-493613.61130,136.91800,601697482.62811,7.71000,1404940.00000,4.52000,0.00000,0.00000,1.00000
-287546.53689,-493928.58639,136.05600,601697482.67508,7.76000,1103422.00000,4.33000,0.00000,0.00000,1.00000
-287265.25851,-494273.12729,134.19800,601697482.72204,7.84000,1078707.00000,5.34000,0.00000,0.00000,1.00000
-287560.17928,-494545.59265,133.67600,601697482.76900,8.00000,321896.00000,5.60000,0.00000,0.00000,1.00000
-287607.01802,-494849.10077,131.81600,601697482.81596,8.33000,1014651.00000,9.14000,0.00000,0.00000,1.00000
-288017.61866,-495107.10967,131.87400,601697482.86293,8.37000,300005.00000,5.95000,0.00000,0.00000,1.00000
-288064.44084,-495410.60434,131.38300,601697482.90989,8.52000,350707.00000,5.28000,0.00000,0.00000,1.00000
-288144.73547,-495709.93171,131.47800,601697482.95685,8.68000,562919.00000,5.13000,0.00000,0.00000,1.00000
-286403.27159,-496237.07917,124.18600,601697483.00382,8.82000,861477.00000,6.27000,0.00000,0.00000,1.00000
-286765.84203,-496501.09381,123.32700,601697483.05078,9.02000,714491.00000,7.84000,0.00000,0.00000,1.00000
-286766.09003,-496810.40760,123.55000,601697483.09774,8.90000,656530.00000,6.05000,0.00000,0.00000,1.00000
-286641.93174,-497135.29191,123.58500,601697483.14471,8.89000,1056465.00000,4.60000,0.00000,0.00000,1.00000
-287743.67642,-497306.89831,135.89900,601697483.19167,8.83000,4692592.00000,3.34000,0.00000,0.00000,1.00000
-287300.11988,-497671.70929,135.69900,601697483.23863,8.75000,2161732.00000,3.29000,0.00000,0.00000,1.00000
-287033.35798,-498014.41828,134.95000,601697483.28559,8.69000,324521.00000,4.98000,0.00000,0.00000,1.00000
-286893.18531,-498341.30130,134.67000,601697483.33256,8.74000,118347.00000,7.29000,0.00000,0.00000,1.00000
-287018.55769,-498634.97745,134.70500,601697483.37952,8.53000,157200.00000,5.69000,0.00000,0.00000,1.00000
-287291.63175,-498910.21789,134.96700,601697483.42648,8.51000,420981.00000,5.24000,0.00000,0.00000,1.00000
-287382.80605,-499208.17405,135.24400,601697483.47345,8.60000,706591.00000,5.23000,0.00000,0.00000,1.00000
-287400.49726,-499515.31918,135.41800,601697483.52041,8.44000,510017.00000,4.82000,0.00000,0.00000,1.00000
-287540.42138,-499807.19797,134.72600,601697483.56737,8.25000,648623.00000,5.17000,0.00000,0.00000,1.00000
-287563.93453,-500113.62728,134.40400,601697483.61434,8.32000,1005232.00000,5.53000,0.00000,0.00000,1.00000
-287422.27972,-500440.67927,134.35300,601697483.66130,8.40000,1029368.00000,5.28000,0.00000,0.00000,1.00000
-287007.79220,-500801.82883,133.47200,601697483.70826,8.44000,172936.00000,7.76000,0.00000,0.00000,1.00000
-286569.27942,-501165.95251,133.54800,601697483.75522,8.44000,63641.00000,8.48000,0.00000,0.00000,1.00000
-286180.97498,-501523.81507,134.19400,601697483.80219,8.40000,269635.00000,7.77000,0.00000,0.00000,1.00000
-286866.55785,-501747.52952,133.38800,601697483.84915,8.23000,148856.00000,7.04000,0.00000,0.00000,1.00000
-287224.74022,-502012.15702,133.23400,601697483.89611,8.22000,268090.00000,6.34000,0.00000,0.00000,1.00000
-287142.00272,-502331.84468,133.73600,601697483.94308,8.17000,503689.00000,4.57000,0.00000,0.00000,1.00000
-286874.46183,-502674.62387,133.81500,601697483.99004,8.31000,297232.00000,5.46000,0.00000,0.00000,1.00000
-286824.45884,-502990.22163,133.41000,601697484.03700,8.38000,133942.00000,6.28000,0.00000,0.00000,1.00000
-286808.65283,-503301.55530,132.96400,601697484.08397,8.36000,76047.00000,5.71000,0.00000,0.00000,1.00000
-286741.91381,-503619.24547,133.05300,601697484.13093,8.50000,247000.00000,4.31000,0.00000,0.00000,1.00000
-286521.65185,-503956.10330,133.21300,601697484.17789,8.44000,414531.00000,3.68000,0.00000,0.00000,1.00000
-286199.51584,-504305.66281,133.26000,601697484.22486,8.52000,485497.00000,3.23000,0.00000,0.00000,1.00000
-285897.75651,-504652.69559,133.39800,601697484.27182,8.62000,412751.00000,2.68000,0.00000,0.00000,1.00000
-285664.37468,-504991.16518,133.14900,601697484.31878,8.70000,2754341.00000,2.71000,0.00000,0.00000,1.00000
-285436.82424,-505328.92160,134.04100,601697484.36575,8.78000,4604157.00000,2.31000,0.00000,0.00000,1.00000
-287865.73417,-505335.11259,115.67200,601697484.41271,8.95000,1205224.00000,2.45000,0.00000,0.00000,1.00000
-287608.34302,-505676.61137,116.29100,601697484.45967,9.11000,1775007.00000,2.65000,0.00000,0.00000,1.00000
-287195.95753,-506037.43616,116.77500,601697484.50664,9.25000,842204.00000,3.05000,0.00000,0.00000,1.00000
-287249.25277,-506340.15545,116.26200,601697484.55360,9.36000,744934.00000,3.64000,0.00000,0.00000,1.00000
-287001.30587,-506680.46064,116.91200,601697484.60056,9.47000,725645.00000,3.52000,0.00000,0.00000,1.00000
-286990.56206,-506991.16021,116.80900,601697484.64753,9.59000,664612.00000,3.62000,0.00000,0.00000,1.00000
-286658.20510,-507341.98539,118.27500,601697484.69449,9.82000,579161.00000,3.98000,0.00000,0.00000,1.00000
-286691.11371,-507647.24219,117.83800,601697484.74145,10.14000,461802.00000,3.46000,0.00000,0.00000,1.00000
-287305.39452,-507879.96344,116.01200,601697484.78842,10.20000,1705395.00000,3.81000,0.00000,0.00000,1.00000
-287256.80414,-508195.38321,116.79900,601697484.83538,10.45000,628737.00000,5.78000,0.00000,0.00000,1.00000
-287423.59585,-508483.95057,117.44500,601697484.88234,10.75000,1273895.00000,8.77000,0.00000,0.00000,1.00000
-286445.80637,-508915.25720,121.98200,601697484.92931,10.81000,207399.00000,8.33000,0.00000,0.00000,1.00000
-288774.41868,-508934.21995,121.56100,601697484.97627,10.68000,528983.00000,6.99000,0.00000,0.00000,1.00000
-288054.92954,-509333.31252,120.86800,601697485.02324,10.62000,1149710.00000,8.10000,0.00000,0.00000,1.00000
-288174.41688,-509627.78186,121.85100,601697485.07020,10.29000,583463.00000,5.49000,0.00000,0.00000,1.00000
-287576.44030,-510011.71415,122.37900,601697485.11716,10.19000,883665.00000,6.23000,0.00000,0.00000,1.00000
-287571.49161,-510321.69200,123.40300,601697485.16412,10.06000,548602.00000,5.63000,0.00000,0.00000,1.00000
-287666.95555,-510619.15238,124.30800,601697485.21109,9.84000,749312.00000,4.12000,0.00000,0.00000,1.00000
-287664.18700,-510928.86145,125.50900,601697485.25805,9.81000,921629.00000,3.61000,0.00000,0.00000,1.00000
-288250.81718,-511165.09632,135.44400,601697485.30501,9.52000,5120594.00000,3.03000,0.00000,0.00000,1.00000
-288143.26166,-511487.86760,136.40300,601697485.35198,9.33000,424502.00000,3.48000,0.00000,0.00000,1.00000
-288424.26748,-511762.21056,136.93300,601697485.39894,9.28000,364141.00000,4.25000,0.00000,0.00000,1.00000
-288857.35167,-512017.60157,136.80800,601697485.44590,9.16000,711078.00000,4.91000,0.00000,0.00000,1.00000
-288724.32577,-512343.55933,137.32300,601697485.49287,9.03000,959185.00000,3.24000,0.00000,0.00000,1.00000
-288313.33101,-512704.14945,137.75900,601697485.53983,8.96000,826032.00000,3.51000,0.00000,0.00000,1.00000
-287779.35715,-513080.05112,137.74100,601697485.58679,8.79000,291438.00000,4.59000,0.00000,0.00000,1.00000
-287853.69417,-513380.14583,136.88300,601697485.63375,8.47000,1589394.00000,4.03000,0.00000,0.00000,1.00000
-288694.25860,-513584.77413,135.47200,601697485.68072,8.28000,1323954.00000,2.09000,0.00000,0.00000,1.00000
-289394.37523,-513806.91270,152.74700,601697485.72768,8.11000,1689459.00000,2.13000,0.00000,0.00000,1.00000
-289440.33628,-514110.55988,153.54200,601697485.77464,7.92000,4273641.00000,1.82000,0.00000,0.00000,1.00000
-289433.90103,-514420.72857,154.98000,601697485.82160,7.93000,1727925.00000,1.83000,0.00000,0.00000,1.00000
-289404.18358,-514733.80938,154.93600,601697485.86856,7.99000,1315127.00000,2.12000,0.00000,0.00000,1.00000
-289397.01968,-515044.07309,153.70500,601697485.91553,8.01000,1336720.00000,1.93000,0.00000,0.00000,1.00000
-289229.03814,-515374.36414,150.89700,601697485.96249,8.17000,384273.00000,2.11000,0.00000,0.00000,1.00000
-289042.13409,-515707.01368,148.55900,601697486.00945,8.24000,860775.00000,2.20000,0.00000,0.00000,1.00000
-288968.74255,-516025.52278,146.21000,601697486.05641,8.22000,331369.00000,2.60000,0.00000,0.00000,1.00000
-288995.76480,-516331.53140,144.79000,601697486.10337,8.15000,185829.00000,4.05000,0.00000,0.00000,1.00000
-288906.36069,-516652.03716,145.71300,601697486.15034,8.10000,1909468.00000,2.72000,0.00000,0.00000,1.00000
-288831.50255,-516970.73399,139.82800,601697486.19730,8.16000,3564978.00000,1.86000,0.00000,0.00000,1.00000
-289531.62662,-517192.93038,133.80400,601697486.24426,8.19000,3505425.00000,2.24000,0.00000,0.00000,1.00000
-289808.96682,-517467.77493,131.34400,601697486.29122,8.33000,1027979.00000,3.58000,0.00000,0.00000,1.00000
-290066.66367,-517745.07898,130.50500,601697486.33819,8.47000,562833.00000,4.60000,0.00000,0.00000,1.00000
-289975.78833,-518065.77369,130.21600,601697486.38515,8.60000,786118.00000,4.33000,0.00000,0.00000,1.00000
-290439.42074,-518317.44004,130.53100,601697486.43211,8.51000,1228224.00000,4.81000,0.00000,0.00000,1.00000
-289748.18154,-518712.86450,131.95800,601697486.47908,8.61000,5047713.00000,4.87000,0.00000,0.00000,1.00000
-291926.53485,-518435.77063,133.51500,601816388.26163,9.85000,693506.00000,2.30000,0.00000,0.00000,0.00000
-291623.82482,-518323.50711,132.94800,601816388.30856,9.81000,945436.00000,3.31000,0.00000,0.00000,0.00000
-291462.91753,-518032.77827,131.61700,601816388.35549,9.49000,226815.00000,4.69000,0.00000,0.00000,0.00000
-291408.70552,-517607.76706,130.77800,601816388.40242,9.22000,1283731.00000,4.70000,0.00000,0.00000,0.00000
-291150.68991,-517439.26970,130.34300,601816388.44935,9.12000,560927.00000,5.14000,0.00000,0.00000,0.00000
-290926.41631,-517228.30756,130.18200,601816388.49628,9.10000,550725.00000,5.18000,0.00000,0.00000,0.00000
-290543.92287,-517216.45608,130.24700,601816388.54321,8.81000,1899485.00000,5.95000,0.00000,0.00000,0.00000
-290544.44671,-516722.58935,131.32500,601816388.59014,8.58000,1150287.00000,4.75000,0.00000,0.00000,0.00000
-290383.55835,-516431.85593,132.83200,601816388.63707,8.42000,1460583.00000,4.21000,0.00000,0.00000,0.00000
-290090.90107,-516306.95892,134.83800,601816388.68400,8.06000,1363907.00000,3.77000,0.00000,0.00000,0.00000
-290536.00352,-515253.63668,144.18200,601816388.73093,7.74000,1877915.00000,3.75000,0.00000,0.00000,0.00000
-290201.40029,-515181.52230,144.46000,601816388.77786,7.79000,2554995.00000,3.37000,0.00000,0.00000,0.00000
-289742.77637,-515265.48668,144.14200,601816388.82479,7.71000,3406788.00000,2.57000,0.00000,0.00000,0.00000
-289789.82792,-514713.11337,154.08000,601816388.87172,7.58000,4071525.00000,2.39000,0.00000,0.00000,0.00000
-289545.96953,-514526.81408,155.16800,601816388.91865,7.53000,1352994.00000,2.35000,0.00000,0.00000,0.00000
-289320.35628,-514317.56850,153.99100,601816388.96558,7.49000,1295403.00000,2.60000,0.00000,0.00000,0.00000
-289262.08794,-513897.74280,152.04300,601816389.01251,7.50000,556414.00000,3.32000,0.00000,0.00000,0.00000
-289229.81179,-513445.21013,151.35300,601816389.05944,7.62000,783425.00000,2.94000,0.00000,0.00000,0.00000
-289104.07262,-513110.31167,149.24400,601816389.10637,7.84000,1096444.00000,2.33000,0.00000,0.00000,0.00000
-288909.48078,-512862.04520,146.56900,601816389.15330,8.01000,365020.00000,2.12000,0.00000,0.00000,0.00000
-288584.92642,-512777.28794,142.52100,601816389.20023,8.22000,365276.00000,2.40000,0.00000,0.00000,0.00000
-288173.27886,-512802.12822,139.49600,601816389.24716,8.37000,299524.00000,3.04000,0.00000,0.00000,0.00000
-287665.86546,-512947.45261,137.56800,601816389.29409,8.28000,443219.00000,3.87000,0.00000,0.00000,0.00000
-287070.42671,-513203.48786,137.24900,601816389.34102,8.30000,428088.00000,4.67000,0.00000,0.00000,0.00000
-286615.44579,-513282.81388,139.26000,601816389.38795,8.23000,573026.00000,3.80000,0.00000,0.00000,0.00000
-286301.83598,-513184.28099,141.50600,601816389.43489,8.16000,510822.00000,3.52000,0.00000,0.00000,0.00000
-286031.54523,-513031.23300,143.28300,601816389.48182,8.20000,1541690.00000,2.61000,0.00000,0.00000,0.00000
-285799.55657,-512829.97966,143.46400,601816389.52875,8.14000,2161387.00000,2.12000,0.00000,0.00000,0.00000
-285509.65560,-512701.60406,140.35400,601816389.57568,8.48000,3339945.00000,2.23000,0.00000,0.00000,0.00000
-285338.78313,-512423.48331,136.48800,601816389.62261,8.89000,2680730.00000,2.95000,0.00000,0.00000,0.00000
-285224.92001,-512073.64550,134.02800,601816389.66954,9.13000,4156292.00000,2.70000,0.00000,0.00000,0.00000
-285091.90664,-511747.90443,132.83400,601816389.71647,9.08000,6144176.00000,2.71000,0.00000,0.00000,0.00000
-284936.09341,-511450.84295,132.30900,601816389.76340,9.06000,3409982.00000,2.72000,0.00000,0.00000,0.00000
-284761.58815,-511177.30766,132.54100,601816389.81034,9.11000,3700481.00000,2.73000,0.00000,0.00000,0.00000
-284499.52193,-511013.92494,132.58600,601816389.85727,9.14000,1270220.00000,3.55000,0.00000,0.00000,0.00000
-284277.13738,-510800.63064,132.84300,601816389.90420,9.03000,796661.00000,3.20000,0.00000,0.00000,0.00000
-284062.95909,-510576.99906,132.67300,601816389.95113,9.06000,397353.00000,3.41000,0.00000,0.00000,0.00000
-283842.40510,-510361.41226,132.98000,601816389.99806,8.90000,364331.00000,3.76000,0.00000,0.00000,0.00000
-283650.12455,-510110.24512,133.47900,601816390.04499,8.85000,519099.00000,3.47000,0.00000,0.00000,0.00000
-283439.59968,-509882.02341,133.97700,601816390.09192,8.52000,353309.00000,4.84000,0.00000,0.00000,0.00000
-283258.72202,-509616.51197,134.45900,601816390.13885,8.43000,262155.00000,5.38000,0.00000,0.00000,0.00000
-283147.17365,-509263.80321,134.85300,601816390.18579,8.42000,241532.00000,5.18000,0.00000,0.00000,0.00000
-283007.80657,-508946.08997,135.70500,601816390.23272,8.48000,348398.00000,4.90000,0.00000,0.00000,0.00000
-282868.89617,-508627.79773,136.34600,601816390.27965,8.09000,176824.00000,5.44000,0.00000,0.00000,0.00000
-282936.14741,-508050.21819,136.98200,601816390.32658,7.92000,251147.00000,5.79000,0.00000,0.00000,0.00000
-282923.12478,-507573.60188,137.94300,601816390.37351,7.88000,218429.00000,4.29000,0.00000,0.00000,0.00000
-282645.58185,-507429.71072,136.66200,601816390.42045,8.06000,481496.00000,3.27000,0.00000,0.00000,0.00000
-282313.30677,-507354.65000,134.20200,601816390.46738,8.39000,724270.00000,3.20000,0.00000,0.00000,0.00000
-282006.11337,-507248.02962,131.68700,601816390.51431,8.56000,1937918.00000,3.66000,0.00000,0.00000,0.00000
-281736.78407,-507093.80301,128.77300,601816390.56124,8.74000,411905.00000,3.55000,0.00000,0.00000,0.00000
-281423.20963,-506995.20947,123.99700,601816390.60817,9.03000,983698.00000,3.58000,0.00000,0.00000,0.00000
-280862.87102,-507206.95897,120.10400,601816390.65511,9.28000,3093565.00000,4.08000,0.00000,0.00000,0.00000
-280504.14190,-507165.16710,117.58200,601816390.70204,9.30000,3149111.00000,4.51000,0.00000,0.00000,0.00000
-280047.78516,-507246.11378,116.11200,601816390.74897,9.33000,2805471.00000,4.59000,0.00000,0.00000,0.00000
-280376.44486,-506339.84026,122.12200,601816390.79590,9.40000,3302514.00000,3.84000,0.00000,0.00000,0.00000
-280109.85253,-506182.16029,121.57400,601816390.84284,9.24000,6102064.00000,4.10000,0.00000,0.00000,0.00000
-279832.31051,-506038.23864,121.61200,601816390.88977,9.12000,3229043.00000,3.22000,0.00000,0.00000,0.00000
-279395.57795,-506094.51204,120.42700,601816390.93670,9.08000,2173147.00000,3.76000,0.00000,0.00000,0.00000
-278949.26092,-506162.82268,119.18500,601816390.98364,9.21000,346890.00000,4.14000,0.00000,0.00000,0.00000
-278476.93890,-506263.82321,118.40300,601816391.03057,9.19000,384489.00000,5.80000,0.00000,0.00000,0.00000
-278102.23829,-506242.07359,117.59100,601816391.07750,9.38000,216375.00000,6.87000,0.00000,0.00000,0.00000
-278204.23202,-505620.90114,117.10400,601816391.12444,9.53000,96073.00000,8.50000,0.00000,0.00000,0.00000
-278155.69844,-505189.02530,116.32000,601816391.17137,9.35000,380290.00000,6.58000,0.00000,0.00000,0.00000
-278176.96307,-504669.39051,115.54500,601816391.21830,9.04000,403052.00000,6.71000,0.00000,0.00000,0.00000
-276571.02354,-506195.74340,114.83300,601816391.26523,8.38000,566508.00000,4.21000,0.00000,0.00000,0.00000
-278120.78263,-503261.34863,123.81200,601816391.35910,7.81000,5941993.00000,3.44000,0.00000,0.00000,0.00000
-277537.17295,-503502.28966,122.10000,601816391.40604,7.60000,3502991.00000,3.03000,0.00000,0.00000,0.00000
-277526.52033,-503022.80772,121.08500,601816391.45297,7.81000,4264936.00000,2.90000,0.00000,0.00000,0.00000
-277522.71436,-502534.72188,120.86600,601816391.49990,8.11000,1014192.00000,3.37000,0.00000,0.00000,0.00000
-284114.20497,-493238.61783,128.16000,601870135.50256,6.82000,872755.00000,2.74000,0.00000,0.00000,1.00000
-279655.60753,-497436.04110,133.19800,601870136.06655,7.50000,196540.00000,5.30000,0.00000,0.00000,1.00000
-279638.75854,-497746.87495,131.72400,601870136.11355,7.69000,146505.00000,5.46000,0.00000,0.00000,1.00000
-279863.30361,-498031.27825,132.59900,601870136.16055,7.53000,241173.00000,5.89000,0.00000,0.00000,1.00000
-280014.91229,-498323.65814,133.64700,601870136.20755,7.66000,174681.00000,4.98000,0.00000,0.00000,1.00000
-280169.43817,-498615.72327,134.14000,601870136.25455,7.77000,413699.00000,4.44000,0.00000,0.00000,1.00000
-280131.43849,-498928.90277,135.15800,601870136.30155,7.88000,568284.00000,3.60000,0.00000,0.00000,1.00000
-280059.88870,-499245.75471,135.35100,601870136.34855,8.07000,889681.00000,3.52000,0.00000,0.00000,1.00000
-282571.48724,-499279.49542,124.90500,601870136.39555,8.25000,729094.00000,4.62000,0.00000,0.00000,1.00000
-281945.68322,-499657.10937,122.07500,601870136.44255,8.27000,604423.00000,4.04000,0.00000,0.00000,1.00000
-282864.50528,-499865.44280,125.40100,601870136.48955,8.07000,821792.00000,4.89000,0.00000,0.00000,1.00000
-282779.09467,-500183.83257,124.56800,601870136.53655,8.11000,268261.00000,5.21000,0.00000,0.00000,1.00000
-283145.11681,-500452.76919,126.50700,601870136.58355,8.27000,278287.00000,5.45000,0.00000,0.00000,1.00000
-283299.63136,-500744.86712,127.85200,601870136.63055,8.40000,735602.00000,4.47000,0.00000,0.00000,1.00000
-283080.76424,-501077.88335,124.74600,601870136.67755,8.21000,2667713.00000,3.60000,0.00000,0.00000,1.00000
-282864.78000,-501410.58557,127.64500,601870136.72455,8.19000,2260977.00000,2.78000,0.00000,0.00000,1.00000
-282637.17458,-501744.55211,120.19700,601870136.77155,8.20000,2219269.00000,3.31000,0.00000,0.00000,1.00000
-279274.97369,-502421.82904,127.97400,601870136.81855,8.12000,4115907.00000,3.74000,0.00000,0.00000,1.00000
-278460.98040,-502819.97810,128.17200,601870136.86555,8.38000,4941646.00000,3.78000,0.00000,0.00000,1.00000
-282219.71671,-502717.37819,116.75300,601870136.91255,8.54000,1992267.00000,3.89000,0.00000,0.00000,1.00000
-282356.71199,-503011.40255,118.37800,601870136.95955,8.78000,1836644.00000,3.69000,0.00000,0.00000,1.00000
-282253.77128,-503331.69986,116.77900,601870137.00655,9.16000,1957503.00000,5.02000,0.00000,0.00000,1.00000
-282559.97211,-503607.21695,119.37600,601870137.05355,9.29000,5178927.00000,5.19000,0.00000,0.00000,1.00000
-280146.54067,-504180.47046,115.54700,601870137.10055,9.42000,1199411.00000,6.66000,0.00000,0.00000,1.00000
-280438.14683,-504457.56928,116.09700,601870137.14755,9.94000,664955.00000,7.71000,0.00000,0.00000,1.00000
-279415.51184,-504878.50763,116.45900,601870137.19455,10.22000,166844.00000,11.48000,0.00000,0.00000,1.00000
-280388.29720,-505081.05476,118.11300,601870137.24155,10.14000,74713.00000,12.31000,0.00000,0.00000,1.00000
-280602.58250,-505366.61398,120.13500,601870137.28855,9.78000,419363.00000,8.14000,0.00000,0.00000,1.00000
-280544.10468,-505682.03507,121.88700,601870137.33555,9.82000,692548.00000,7.92000,0.00000,0.00000,1.00000
-281227.34639,-505916.29145,123.65900,601870137.38255,9.99000,35594.00000,12.45000,0.00000,0.00000,1.00000
-282449.54903,-506091.57052,129.01300,601870137.42955,9.55000,122260.00000,9.10000,0.00000,0.00000,1.00000
-282948.26346,-506346.03125,132.73000,601870137.47655,9.09000,563310.00000,5.56000,0.00000,0.00000,1.00000
-281956.25948,-506763.61123,126.52800,601870137.52355,9.14000,780191.00000,3.94000,0.00000,0.00000,1.00000
-280436.93553,-507238.85922,119.54600,601870137.57055,8.97000,2653345.00000,3.66000,0.00000,0.00000,1.00000
-280406.15908,-507551.24428,118.68000,601870137.61755,8.76000,980062.00000,4.40000,0.00000,0.00000,1.00000
-280596.36580,-507839.45639,118.66500,601870137.66455,8.77000,1540813.00000,3.41000,0.00000,0.00000,1.00000
-279895.31700,-508225.14384,116.92700,601870137.71155,8.80000,990843.00000,3.90000,0.00000,0.00000,1.00000
-280249.62125,-508495.41042,118.67300,601870137.75855,8.59000,820143.00000,3.19000,0.00000,0.00000,1.00000
-282123.10652,-508599.54721,134.89600,601870137.80555,8.53000,2605426.00000,2.88000,0.00000,0.00000,1.00000
-282069.71588,-508914.42511,134.81900,601870137.85255,8.59000,3716950.00000,3.48000,0.00000,0.00000,1.00000
-281952.86077,-509236.22834,134.80800,601870137.89955,8.58000,3894398.00000,2.97000,0.00000,0.00000,1.00000
-281779.84845,-509564.17355,134.09400,601870137.94655,8.66000,1989837.00000,4.01000,0.00000,0.00000,1.00000
-281665.18001,-509885.73825,133.44900,601870137.99355,8.68000,578208.00000,3.73000,0.00000,0.00000,1.00000
-281626.36326,-510199.01379,132.85400,601870138.04055,8.76000,629055.00000,3.55000,0.00000,0.00000,1.00000
-281568.58233,-510514.36373,132.29600,601870138.08755,8.84000,863366.00000,4.20000,0.00000,0.00000,1.00000
-281485.26838,-510832.50264,132.00700,601870138.13455,8.81000,456750.00000,3.29000,0.00000,0.00000,1.00000
-281325.36808,-511159.00421,131.24300,601870138.18155,9.00000,430172.00000,3.70000,0.00000,0.00000,1.00000
-281180.78376,-511483.83418,130.14600,601870138.22855,9.12000,589119.00000,4.37000,0.00000,0.00000,1.00000
-280949.39785,-511818.14182,129.89800,601870138.27555,9.15000,1638185.00000,3.63000,0.00000,0.00000,1.00000
-280866.80047,-512136.19112,129.34900,601870138.32255,9.34000,8008243.00000,2.93000,0.00000,0.00000,1.00000
-282793.62340,-512234.68251,122.55600,601870138.36955,9.48000,1036425.00000,4.15000,0.00000,0.00000,1.00000
-282976.51572,-512523.73592,121.98600,601870138.41655,9.84000,702949.00000,5.38000,0.00000,0.00000,1.00000
-281672.93431,-512975.19390,119.66800,601870138.46355,10.15000,485626.00000,4.56000,0.00000,0.00000,1.00000
-283108.89234,-513127.35220,122.03400,601870138.51055,9.97000,3095004.00000,4.30000,0.00000,0.00000,1.00000
-281166.36203,-513648.59561,123.47300,601870138.55755,10.32000,916312.00000,6.61000,0.00000,0.00000,1.00000
-282781.00423,-513781.25614,126.28700,601870138.60455,10.38000,254487.00000,7.56000,0.00000,0.00000,1.00000
-283040.47434,-514061.95693,125.86300,601870138.65155,10.73000,151081.00000,9.14000,0.00000,0.00000,1.00000
-282441.45789,-514436.42159,123.20400,601870138.69855,10.14000,202770.00000,8.38000,0.00000,0.00000,1.00000
-282482.83628,-514740.93779,121.75500,601870138.74555,9.79000,251042.00000,7.31000,0.00000,0.00000,1.00000
-282012.18365,-515101.37191,118.71200,601870138.79255,9.57000,259737.00000,8.23000,0.00000,0.00000,1.00000
-281917.15650,-515420.78070,117.91400,601870138.83955,9.53000,118945.00000,7.52000,0.00000,0.00000,1.00000
-281279.45906,-515799.44006,116.34400,601870138.88655,9.67000,177102.00000,8.10000,0.00000,0.00000,1.00000
-286155.26986,-516812.39395,122.20700,601870139.12155,10.03000,688347.00000,4.86000,0.00000,0.00000,1.00000
-285907.78339,-517148.47869,120.29200,601870139.16855,10.21000,363513.00000,6.22000,0.00000,0.00000,1.00000
-284787.18045,-517579.86144,113.12900,601870139.21555,10.18000,889317.00000,5.04000,0.00000,0.00000,1.00000
-288033.05854,-518152.84001,147.62100,601870139.35656,10.42000,1576720.00000,5.77000,0.00000,0.00000,1.00000
