-288268.21208,-518796.40072,136.69900,352290391.51380,9.49000,1475572.00000,3.03000,0.00000,0.00000,0.00000
-288118.43507,-518501.00668,138.65900,352290391.55991,9.19000,472597.00000,2.89000,0.00000,0.00000,0.00000
-287871.23204,-518325.85628,139.67000,352290391.60603,8.96000,444053.00000,2.51000,0.00000,0.00000,0.00000
-287675.47970,-518087.21159,139.85200,352290391.65214,8.78000,610131.00000,2.71000,0.00000,0.00000,0.00000
-287562.13185,-517746.85704,140.29300,352290391.69826,8.71000,428256.00000,3.19000,0.00000,0.00000,0.00000
-287395.97815,-517471.67528,137.85100,352290391.74437,8.58000,143697.00000,3.31000,0.00000,0.00000,0.00000
-287854.92695,-516425.00056,138.37100,352290391.79049,8.49000,1963535.00000,2.92000,0.00000,0.00000,0.00000
-286805.54819,-517239.91086,127.81100,352290391.83660,8.59000,1547762.00000,3.06000,0.00000,0.00000,0.00000
-286464.12250,-517181.06600,123.38900,352290391.88272,8.85000,2279681.00000,2.96000,0.00000,0.00000,0.00000
-285992.01721,-517283.47587,118.30400,352290391.92883,9.24000,1303710.00000,3.88000,0.00000,0.00000,0.00000
-285665.15269,-517206.64112,114.02000,352290391.97495,9.62000,856858.00000,4.46000,0.00000,0.00000,0.00000
-285535.89393,-516885.93648,112.00200,352290392.02106,10.07000,1047779.00000,4.05000,0.00000,0.00000,0.00000
-285554.16706,-516383.19237,111.47600,352290392.06718,10.47000,668132.00000,5.06000,0.00000,0.00000,0.00000
-285159.91191,-516389.50685,109.32600,352290392.11330,10.91000,592741.00000,6.88000,0.00000,0.00000,0.00000
-285078.92022,-516009.24423,109.84300,352290392.15941,10.77000,411871.00000,5.90000,0.00000,0.00000,0.00000
-285111.76389,-515488.51603,112.24300,352290392.20553,10.67000,298810.00000,5.65000,0.00000,0.00000,0.00000
-284653.31109,-515574.05965,112.14900,352290392.25164,10.55000,169921.00000,5.98000,0.00000,0.00000,0.00000
-284124.73397,-515746.12457,112.20800,352290392.29776,10.29000,198263.00000,5.61000,0.00000,0.00000,0.00000
-283644.41882,-515858.62318,112.81200,352290392.34387,9.85000,162363.00000,5.17000,0.00000,0.00000,0.00000
-283175.94358,-515956.51071,113.23700,352290392.38999,9.48000,270091.00000,5.75000,0.00000,0.00000,0.00000
-282695.16322,-516069.54806,113.55200,352290392.43611,9.32000,263254.00000,4.39000,0.00000,0.00000,0.00000
-282350.54416,-516014.60403,113.46400,352290392.48222,9.48000,468858.00000,4.57000,0.00000,0.00000,0.00000
-282022.31460,-515939.42369,112.54300,352290392.52834,9.88000,931359.00000,3.72000,0.00000,0.00000,0.00000
-283011.88707,-514238.26528,121.23000,352290392.57446,10.28000,1471589.00000,4.25000,0.00000,0.00000,0.00000
-282477.84960,-514417.02358,116.07900,352290392.62057,10.76000,2645191.00000,5.74000,0.00000,0.00000,0.00000
-282219.30008,-514255.88009,115.98300,352290392.66669,10.98000,587847.00000,6.26000,0.00000,0.00000,0.00000
-282033.15744,-514005.40832,115.93600,352290392.71280,10.95000,525282.00000,6.40000,0.00000,0.00000,0.00000
-281974.97403,-513597.05822,117.20200,352290392.75892,10.96000,495887.00000,6.58000,0.00000,0.00000,0.00000
-281758.77562,-513383.66220,119.38700,352290392.80503,10.52000,486049.00000,5.02000,0.00000,0.00000,0.00000
-281415.99127,-513326.46650,123.19500,352290392.85115,10.10000,761956.00000,4.08000,0.00000,0.00000,0.00000
-281252.61757,-513047.88733,124.47000,352290392.89727,9.73000,553438.00000,3.65000,0.00000,0.00000,0.00000
-281098.36364,-512758.08854,125.63900,352290392.94338,9.51000,521052.00000,4.38000,0.00000,0.00000,0.00000
-280996.02697,-512404.24807,126.42300,352290392.98950,9.26000,380385.00000,4.05000,0.00000,0.00000,0.00000
-280544.87027,-512480.72747,123.40500,352290393.03561,9.21000,1235754.00000,4.78000,0.00000,0.00000,0.00000
-280335.97772,-512258.33781,123.00200,352290393.08173,9.13000,1353560.00000,4.76000,0.00000,0.00000,0.00000
-279792.83006,-512448.29703,120.29900,352290393.12785,9.22000,1335232.00000,5.83000,0.00000,0.00000,0.00000
-279477.37292,-512357.35059,119.09100,352290393.17396,9.24000,1967011.00000,4.97000,0.00000,0.00000,0.00000
-279227.04062,-512186.07274,118.24900,352290393.22008,9.39000,3344039.00000,4.33000,0.00000,0.00000,0.00000
-279126.98587,-511829.40700,122.74200,352290393.26620,9.65000,564122.00000,5.52000,0.00000,0.00000,0.00000
-278803.32939,-511748.56364,121.86600,352290393.31231,10.02000,251314.00000,5.42000,0.00000,0.00000,0.00000
-278442.79509,-511713.23217,120.75300,352290393.35843,10.45000,293351.00000,7.25000,0.00000,0.00000,0.00000
-278094.55332,-511662.72939,119.62600,352290393.40455,10.59000,440230.00000,7.25000,0.00000,0.00000,0.00000
-277653.40451,-511726.81535,118.68200,352290393.45066,10.76000,419847.00000,7.09000,0.00000,0.00000,0.00000
-277332.07332,-510202.95233,115.05300,352290393.63513,11.36000,108172.00000,7.55000,0.00000,0.00000,0.00000
-277135.95350,-509964.80760,114.29100,352290393.68125,11.14000,696895.00000,6.45000,0.00000,0.00000,0.00000
-277462.47855,-502351.80073,120.21400,352344139.06820,9.66000,3841852.00000,4.41000,-0.13400,0.00000,1.00000
-311701.73653,-489434.27283,152.88300,353927624.68424,10.09000,431330.00000,6.40000,0.00000,0.00000,0.00000
-311395.70123,-489339.81447,153.13400,353927624.73085,9.97000,202378.00000,5.93000,0.00000,0.00000,0.00000
-311105.09195,-489223.21482,153.03300,353927624.77745,9.89000,430845.00000,5.15000,0.00000,0.00000,0.00000
-310786.53975,-489146.68440,152.50100,353927624.82406,9.98000,224160.00000,4.71000,0.00000,0.00000,0.00000
-310758.38777,-488654.07492,152.08200,353927624.87067,10.04000,306403.00000,4.44000,0.00000,0.00000,0.00000
-310618.00116,-488322.27439,151.93400,353927624.91728,10.04000,711439.00000,4.48000,0.00000,0.00000,0.00000
-310351.60732,-488171.00660,151.53700,353927624.96389,10.14000,4341233.00000,3.42000,0.00000,0.00000,0.00000
-309965.88088,-488190.70795,149.55000,353927625.01049,10.26000,295002.00000,5.92000,0.00000,0.00000,0.00000
-309423.26444,-488435.18131,148.59900,353927625.05710,10.83000,231920.00000,7.74000,0.00000,0.00000,0.00000
-308718.31778,-488912.17527,149.86700,353927625.10371,11.03000,379678.00000,8.10000,0.00000,0.00000,0.00000
-308638.44751,-488493.69474,147.41000,353927625.15032,10.69000,997101.00000,4.75000,0.00000,0.00000,0.00000
-308601.55319,-488013.62525,146.37900,353927625.19693,10.20000,620962.00000,4.49000,0.00000,0.00000,0.00000
-309696.75577,-485911.80156,145.05100,353927625.24354,9.82000,2580969.00000,4.12000,0.00000,0.00000,0.00000
-309760.86620,-485287.09503,146.58300,353927625.29014,9.49000,2842618.00000,3.28000,0.00000,0.00000,0.00000
-309549.99772,-485056.32282,146.16000,353927625.33675,9.35000,1431495.00000,3.52000,0.00000,0.00000,0.00000
-309124.64668,-485132.79893,144.61500,353927625.38336,9.31000,1746265.00000,2.88000,0.00000,0.00000,0.00000
-306784.75008,-487951.78921,161.81400,353927625.42997,9.20000,1067893.00000,3.30000,0.00000,0.00000,0.00000
-306865.96895,-487302.56764,160.51100,353927625.47658,9.15000,623074.00000,4.74000,0.00000,0.00000,0.00000
-306941.36180,-486661.72853,160.96000,353927625.52318,9.07000,515141.00000,3.66000,0.00000,0.00000,0.00000
-306966.68381,-486092.62528,161.60400,353927625.56979,9.11000,223761.00000,4.33000,0.00000,0.00000,0.00000
-307011.20563,-485496.02982,162.78200,353927625.61640,8.89000,379566.00000,4.70000,0.00000,0.00000,0.00000
-306953.07059,-485046.47244,164.80100,353927625.66301,8.91000,835791.00000,3.28000,0.00000,0.00000,0.00000
-304343.82802,-488250.86752,144.71500,353927625.70961,9.01000,1018626.00000,3.89000,0.00000,0.00000,0.00000
-304142.55273,-488006.31332,144.53900,353927625.75622,9.06000,820889.00000,3.57000,0.00000,0.00000,0.00000
-304130.33767,-487490.97757,144.00200,353927625.80283,9.19000,2136723.00000,2.64000,0.00000,0.00000,0.00000
-306362.56129,-483761.11024,158.58200,353927625.84944,9.55000,1989205.00000,3.16000,0.00000,0.00000,0.00000
-306203.46642,-483456.19677,155.18900,353927625.89605,9.83000,574478.00000,4.26000,0.00000,0.00000,0.00000
-305967.58214,-483261.26590,154.69300,353927625.94265,10.14000,471690.00000,9.61000,0.00000,0.00000,0.00000
-304932.91725,-484210.34570,153.22400,353927625.98926,10.44000,148262.00000,9.13000,0.00000,0.00000,0.00000
-303955.40910,-485077.53028,154.35100,353927626.03587,9.96000,222460.00000,8.60000,0.00000,0.00000,0.00000
-303580.12325,-485082.21642,155.76500,353927626.08248,9.64000,299009.00000,8.55000,0.00000,0.00000,0.00000
-303508.66666,-484651.77202,157.43600,353927626.12909,9.02000,158485.00000,8.20000,0.00000,0.00000,0.00000
-303663.00661,-483897.99093,158.32300,353927626.17570,8.95000,145408.00000,9.55000,0.00000,0.00000,0.00000
-303783.54185,-483192.62379,159.73400,353927626.22231,8.81000,130254.00000,6.84000,0.00000,0.00000,0.00000
-303615.27247,-482900.85952,162.42800,353927626.26891,8.23000,182188.00000,5.71000,0.00000,0.00000,0.00000
-303309.70011,-482805.73115,164.07300,353927626.31552,7.84000,355800.00000,5.11000,0.00000,0.00000,0.00000
-303034.59965,-482666.97320,164.74800,353927626.36213,8.04000,138424.00000,5.35000,0.00000,0.00000,0.00000
-302767.84532,-482516.25586,164.15200,353927626.40874,8.25000,250239.00000,6.26000,0.00000,0.00000,0.00000
-302673.87834,-482118.10123,164.80700,353927626.45535,8.27000,224609.00000,5.99000,0.00000,0.00000,0.00000
-302277.73778,-482152.65069,164.20600,353927626.50196,8.29000,243062.00000,4.90000,0.00000,0.00000,0.00000
-301952.13158,-482086.18739,162.89100,353927626.54857,8.66000,237770.00000,9.33000,0.00000,0.00000,0.00000
-301753.83285,-481837.45046,162.90100,353927626.59517,8.68000,177456.00000,5.90000,0.00000,0.00000,0.00000
-301437.40314,-481757.82684,163.20600,353927626.64178,8.75000,186802.00000,6.80000,0.00000,0.00000,0.00000
-301103.04838,-481703.92657,163.48700,353927626.68839,8.87000,331399.00000,6.69000,0.00000,0.00000,0.00000
-300849.66166,-481534.07182,164.08000,353927626.73500,8.71000,465788.00000,8.09000,0.00000,0.00000,0.00000
-300705.63294,-481207.63299,164.88400,353927626.78161,8.32000,213057.00000,6.03000,0.00000,0.00000,0.00000
-300358.74544,-481171.63807,166.45600,353927626.82822,7.92000,233729.00000,4.55000,0.00000,0.00000,0.00000
-299976.79654,-481185.84071,166.74500,353927626.87483,7.82000,295842.00000,4.42000,0.00000,0.00000,0.00000
-299593.17750,-481202.43241,165.69100,353927626.92143,7.91000,260932.00000,4.94000,0.00000,0.00000,0.00000
-299349.39065,-481018.81564,165.00800,353927626.96804,7.96000,122576.00000,4.49000,0.00000,0.00000,0.00000
-299138.16522,-480788.58167,163.68800,353927627.01465,8.23000,153358.00000,5.96000,0.00000,0.00000,0.00000
-298903.57210,-480591.82545,163.50600,353927627.06126,8.27000,218369.00000,6.40000,0.00000,0.00000,0.00000
-309953.08622,-485438.71349,144.45800,353981371.08558,10.07000,2594628.00000,4.01000,0.00000,0.00000,1.00000
-309872.08852,-485762.99679,146.44500,353981371.13231,10.19000,739695.00000,4.33000,0.00000,0.00000,1.00000
-309660.07969,-486109.97176,144.62900,353981371.17905,10.16000,2614812.00000,5.12000,0.00000,0.00000,1.00000
-309645.30146,-486422.79099,145.60600,353981371.22578,10.24000,5357421.00000,5.20000,0.00000,0.00000,1.00000
-309974.20919,-486986.35752,148.33800,353981371.31925,10.18000,273386.00000,6.63000,0.00000,0.00000,1.00000
-310486.33088,-487207.94347,148.90900,353981371.36599,10.02000,304610.00000,6.11000,0.00000,0.00000,1.00000
-310833.61526,-487458.08538,150.76400,353981371.41272,9.93000,1158485.00000,4.34000,0.00000,0.00000,1.00000
-309800.99496,-487947.14247,148.65700,353981371.45946,9.81000,3558618.00000,4.31000,0.00000,0.00000,1.00000
-310104.36374,-488204.88720,148.29600,353981371.50619,9.86000,4766509.00000,4.76000,0.00000,0.00000,1.00000
-310704.30131,-488411.28209,151.90300,353981371.55293,9.97000,904929.00000,5.19000,0.00000,0.00000,1.00000
-311150.91789,-488644.23585,152.00300,353981371.59966,10.04000,661567.00000,5.30000,0.00000,0.00000,1.00000
-311317.51876,-488925.66795,152.72700,353981371.64640,10.03000,1367378.00000,4.74000,0.00000,0.00000,1.00000
-311282.56640,-489241.99683,153.34100,353981371.69314,10.07000,3746883.00000,4.92000,0.00000,0.00000,1.00000
-311346.94569,-489541.13134,144.05300,353981371.73987,10.01000,1475508.00000,4.78000,0.00000,0.00000,1.00000
-311137.78739,-489887.61106,152.17800,353981371.78661,10.01000,6186365.00000,5.01000,0.00000,0.00000,1.00000
-311053.87273,-490212.40617,152.10700,353981371.83334,10.24000,638132.00000,6.12000,0.00000,0.00000,1.00000
-311229.82419,-490492.23471,151.48500,353981371.88008,10.40000,246965.00000,10.10000,0.00000,0.00000,1.00000
-311528.86452,-490750.74986,151.29200,353981371.92681,10.41000,258156.00000,10.87000,0.00000,0.00000,1.00000
-311354.84013,-493263.04696,146.19300,353981372.30070,9.77000,2634863.00000,4.30000,0.00000,0.00000,1.00000
-311145.62845,-493609.49549,145.58300,353981372.34743,9.69000,1236994.00000,5.87000,0.00000,0.00000,1.00000
-310767.24533,-493985.20691,146.06000,353981372.39417,9.88000,996747.00000,6.06000,0.00000,0.00000,1.00000
-310578.19412,-494328.18121,146.18000,353981372.44090,9.67000,643991.00000,5.71000,0.00000,0.00000,1.00000
-310683.56349,-494620.22239,145.03200,353981372.48764,9.93000,275545.00000,7.33000,0.00000,0.00000,1.00000
-310909.15421,-494891.46716,144.32800,353981372.53437,9.68000,449600.00000,7.43000,0.00000,0.00000,1.00000
-311631.47598,-495076.82134,143.25100,353981372.58111,9.43000,523655.00000,5.02000,0.00000,0.00000,1.00000
-309761.44314,-495710.47630,144.47800,353981372.62785,9.14000,4225786.00000,4.45000,0.00000,0.00000,1.00000
-309604.04063,-496047.94439,145.58900,353981372.67458,8.82000,847167.00000,4.85000,0.00000,0.00000,1.00000
-309029.08394,-496457.62527,144.52300,353981372.72132,8.24000,1907236.00000,3.91000,0.00000,0.00000,1.00000
-308981.08724,-496776.15656,144.42000,353981372.76805,7.80000,210098.00000,3.89000,0.00000,0.00000,1.00000
-309020.44761,-497389.84557,143.94900,353981372.86152,7.40000,167847.00000,5.13000,0.00000,0.00000,1.00000
-308850.79235,-497729.41784,145.71900,353981372.90826,7.04000,974055.00000,3.65000,0.00000,0.00000,1.00000
-308868.30865,-498036.64075,145.46200,353981372.95499,6.65000,1796064.00000,3.48000,0.00000,0.00000,1.00000
-308741.84367,-498368.73790,147.89400,353981373.00173,6.50000,998177.00000,2.96000,0.00000,0.00000,1.00000
-308728.40126,-498681.31263,148.08900,353981373.04846,6.49000,422073.00000,2.67000,0.00000,0.00000,1.00000
-308912.19922,-498959.78950,145.67700,353981373.09520,6.61000,1010641.00000,2.82000,0.00000,0.00000,1.00000
-311662.03168,-497919.35591,144.28300,354100277.30616,5.03000,1353656.00000,5.83000,0.00000,0.00000,0.00000
-311435.13372,-497711.76707,144.28200,354100277.35284,6.30000,1803988.00000,5.73000,0.00000,0.00000,0.00000
-311839.79346,-496627.77169,151.08600,354100277.39952,7.19000,790017.00000,4.38000,0.00000,0.00000,0.00000
-311068.41695,-497175.81219,144.69700,354100277.44620,8.12000,344955.00000,6.52000,0.00000,0.00000,0.00000
-310074.26390,-498032.97542,140.66200,354100277.49288,8.75000,374815.00000,7.35000,0.00000,0.00000,0.00000
-309798.29968,-497893.48378,138.21100,354100277.53956,9.10000,699939.00000,7.45000,0.00000,0.00000,0.00000
-309689.19910,-497522.45448,137.86500,354100277.58624,9.10000,369949.00000,5.41000,0.00000,0.00000,0.00000
-309794.75759,-496853.56407,137.93100,354100277.63292,9.10000,476848.00000,6.09000,0.00000,0.00000,0.00000
-309269.57669,-497059.90355,139.00200,354100277.67960,8.97000,1116827.00000,3.39000,0.00000,0.00000,0.00000
-309240.71632,-496577.54926,139.56800,354100277.72628,8.84000,2963012.00000,2.80000,0.00000,0.00000,0.00000
-308115.07606,-497617.04246,149.65300,354100277.77296,8.71000,8488664.00000,2.87000,0.00000,0.00000,0.00000
-308162.18280,-497029.28633,149.85300,354100277.81964,8.57000,572846.00000,3.13000,0.00000,0.00000,0.00000
-308062.49016,-496645.24008,152.65800,354100277.86632,8.34000,1189907.00000,2.96000,0.00000,0.00000,0.00000
-307904.32321,-496342.30873,155.81300,354100277.91300,8.15000,592532.00000,3.14000,0.00000,0.00000,0.00000
-307688.11196,-496119.89346,158.65100,354100277.95968,7.99000,2081517.00000,2.40000,0.00000,0.00000,0.00000
-307473.62674,-495895.13153,158.96700,354100278.00636,7.87000,4453166.00000,2.32000,0.00000,0.00000,0.00000
-307277.92079,-495644.30861,157.17100,354100278.05304,8.08000,2313025.00000,2.25000,0.00000,0.00000,0.00000
-307152.20912,-495296.37061,152.76000,354100278.09972,8.44000,2207227.00000,1.97000,0.00000,0.00000,0.00000
-306962.04827,-495037.83510,150.93100,354100278.14640,8.83000,970224.00000,2.29000,0.00000,0.00000,0.00000
-306799.64008,-494740.82377,148.58300,354100278.19308,8.96000,1095747.00000,2.55000,0.00000,0.00000,0.00000
-306581.74633,-494520.77615,146.73700,354100278.23976,8.98000,520093.00000,2.83000,0.00000,0.00000,0.00000
-306439.39908,-494195.93105,146.49100,354100278.28645,8.81000,565980.00000,3.56000,0.00000,0.00000,0.00000
-306298.75944,-493868.71601,147.46100,354100278.33313,8.76000,657138.00000,3.69000,0.00000,0.00000,0.00000
-306092.40109,-493632.69619,148.34900,354100278.37981,8.72000,1417547.00000,3.28000,0.00000,0.00000,0.00000
-305871.96179,-493416.21313,148.41600,354100278.42649,8.81000,477864.00000,4.14000,0.00000,0.00000,0.00000
-305607.98152,-493260.10528,147.46800,354100278.47317,8.86000,402005.00000,3.96000,0.00000,0.00000,0.00000
-305340.16683,-493109.34090,147.26500,354100278.51985,8.58000,681749.00000,3.67000,0.00000,0.00000,0.00000
-305040.76521,-493002.36739,143.14300,354100278.56653,8.49000,2230727.00000,4.07000,0.00000,0.00000,0.00000
-304703.37534,-492948.09883,142.90100,354100278.61321,8.32000,2182202.00000,4.40000,0.00000,0.00000,0.00000
-304480.80480,-492734.56728,144.94900,354100278.65990,8.21000,665312.00000,3.56000,0.00000,0.00000,0.00000
-304476.77616,-492217.87572,143.21500,354100278.70658,8.04000,1107557.00000,3.67000,0.00000,0.00000,0.00000
-304330.61765,-491898.36250,144.24400,354100278.75326,8.28000,689971.00000,3.31000,0.00000,0.00000,0.00000
-304479.83246,-491169.11130,143.27100,354100278.79994,8.79000,1580045.00000,3.06000,0.00000,0.00000,0.00000
-304279.47996,-490924.79182,142.60300,354100278.84662,9.15000,1035143.00000,1.88000,0.00000,0.00000,0.00000
-301400.52403,-494395.71630,109.63700,354100278.89331,9.39000,2122987.00000,2.02000,0.00000,0.00000,0.00000
-301090.00670,-494304.11827,109.00000,354100278.93999,9.73000,3411687.00000,2.58000,0.00000,0.00000,0.00000
-301297.74852,-493493.72693,111.10900,354100278.98667,9.80000,1502487.00000,2.73000,0.00000,0.00000,0.00000
-301239.96736,-493051.62050,113.64600,354100279.03335,9.96000,418107.00000,3.67000,0.00000,0.00000,0.00000
-301054.54495,-492786.54015,116.63800,354100279.08004,9.93000,635289.00000,4.13000,0.00000,0.00000,0.00000
-300931.45693,-492435.02997,119.47300,354100279.12672,9.83000,207786.00000,5.05000,0.00000,0.00000,0.00000
-300506.97468,-492501.50119,121.07300,354100279.17340,9.95000,199771.00000,5.55000,0.00000,0.00000,0.00000
-300343.75424,-492205.63155,121.20500,354100279.22008,10.09000,404052.00000,7.03000,0.00000,0.00000,0.00000
-300211.70702,-491866.55410,122.28100,354100279.26676,10.16000,304966.00000,4.72000,0.00000,0.00000,0.00000
-301856.81317,-489062.85883,142.44200,354100279.31345,10.04000,3211768.00000,3.08000,0.00000,0.00000,0.00000
-301465.65367,-489083.14632,140.95500,354100279.36013,9.90000,3899777.00000,4.12000,0.00000,0.00000,0.00000
-301194.02786,-488937.67841,140.81000,354100279.40681,9.72000,286139.00000,6.89000,0.00000,0.00000,0.00000
-300737.97844,-489047.95307,140.34100,354100279.45350,9.57000,306552.00000,6.53000,0.00000,0.00000,0.00000
-300094.93849,-489417.51892,139.60400,354100279.50018,9.53000,894590.00000,4.06000,0.00000,0.00000,0.00000
-299742.19332,-489384.51272,139.57000,354100279.54686,9.47000,1425658.00000,4.55000,0.00000,0.00000,0.00000
-299563.63166,-489109.96840,139.61800,354100279.59354,9.51000,295877.00000,4.86000,0.00000,0.00000,0.00000
-299427.76113,-488776.22052,140.91300,354100279.64023,9.52000,440420.00000,4.61000,0.00000,0.00000,0.00000
-299244.94325,-488507.60582,140.87400,354100279.68691,9.66000,3392443.00000,4.15000,0.00000,0.00000,0.00000
-299003.20104,-488320.66808,141.10700,354100279.73359,9.54000,666721.00000,3.99000,0.00000,0.00000,0.00000
-298915.16012,-487920.62064,141.44100,354100279.78028,9.43000,445218.00000,5.80000,0.00000,0.00000,0.00000
-299051.67736,-487209.18674,144.70900,354100279.82696,9.43000,391125.00000,3.82000,0.00000,0.00000,0.00000
-297633.74525,-488653.14402,134.59200,354100279.87364,9.34000,430220.00000,3.94000,0.00000,0.00000,0.00000
-296318.22304,-489955.03485,131.38700,354100279.92033,9.19000,790111.00000,4.43000,0.00000,0.00000,0.00000
-295483.41422,-490590.32927,131.41000,354100279.96701,9.03000,945063.00000,4.01000,0.00000,0.00000,0.00000
-298009.63401,-486565.66970,150.01000,354100280.01369,8.62000,3767944.00000,3.98000,0.00000,0.00000,0.00000
-297702.58753,-486469.29991,150.37400,354100280.06037,8.44000,3707261.00000,4.31000,0.00000,0.00000,0.00000
-297338.33773,-486452.25429,150.10200,354100280.10706,8.15000,186240.00000,4.44000,0.00000,0.00000,0.00000
-296959.14281,-486455.91880,149.00900,354100280.15374,8.20000,157075.00000,5.26000,0.00000,0.00000,0.00000
-296445.88212,-486645.44745,146.96300,354100280.20042,8.47000,100855.00000,6.89000,0.00000,0.00000,0.00000
-296014.59250,-486721.31986,145.81200,354100280.24711,8.75000,291926.00000,7.70000,0.00000,0.00000,0.00000
-295628.13276,-486735.03153,144.77500,354100280.29379,9.18000,179459.00000,9.64000,0.00000,0.00000,0.00000
-295740.81299,-486056.77937,145.80000,354100280.34047,9.03000,110470.00000,9.91000,0.00000,0.00000,0.00000
-295481.16445,-485894.67992,145.32000,354100280.38715,8.64000,761204.00000,6.47000,0.00000,0.00000,0.00000
-295454.23411,-485410.00060,146.42600,354100280.43384,8.38000,1748678.00000,2.76000,0.00000,0.00000,0.00000
-292545.48559,-488920.20402,134.66200,354100280.48052,8.48000,2975051.00000,2.15000,0.00000,0.00000,0.00000
-292276.85433,-488770.52396,133.20600,354100280.52720,8.49000,571128.00000,2.85000,0.00000,0.00000,0.00000
-291778.90745,-488938.69356,132.95400,354100280.57389,8.49000,436106.00000,4.30000,0.00000,0.00000,0.00000
-291181.03320,-489245.36023,135.07400,354100280.62057,8.17000,512720.00000,3.98000,0.00000,0.00000,0.00000
-290741.16394,-489333.02143,136.47800,354100280.66725,7.97000,546342.00000,2.87000,0.00000,0.00000,0.00000
-292707.20384,-486085.85317,138.99900,354100280.71394,8.17000,984282.00000,5.04000,0.00000,0.00000,0.00000
-292589.33665,-485727.22871,137.60700,354100280.76062,9.07000,998243.00000,8.56000,0.00000,0.00000,0.00000
-291970.99775,-486062.30879,136.63000,354100280.80730,9.48000,291342.00000,10.07000,0.00000,0.00000,0.00000
-290916.63667,-487001.69583,138.11600,354100280.85399,9.26000,163999.00000,8.25000,0.00000,0.00000,0.00000
-290776.55716,-486673.83423,136.80900,354100280.90067,8.81000,325256.00000,8.14000,0.00000,0.00000,0.00000
-290296.98191,-486816.52920,136.45500,354100280.94735,8.50000,876514.00000,7.74000,0.00000,0.00000,0.00000
-290314.49094,-486270.26720,133.67100,354100280.99404,8.09000,736761.00000,7.11000,0.00000,0.00000,0.00000
-301394.80581,-480553.74523,165.01800,354154023.53260,9.09000,475734.00000,7.25000,0.00000,0.00000,1.00000
-301626.70149,-480827.03732,164.51000,354154023.57941,8.99000,242985.00000,7.97000,0.00000,0.00000,1.00000
-301996.57443,-481078.57695,164.33300,354154023.62622,9.10000,125789.00000,8.36000,0.00000,0.00000,1.00000
-302326.71860,-481336.38998,164.03700,354154023.67303,9.08000,274416.00000,9.30000,0.00000,0.00000,1.00000
-302521.04679,-481615.61824,163.73000,354154023.71983,9.29000,161432.00000,6.89000,0.00000,0.00000,1.00000
-302674.20085,-481901.34761,163.93400,354154023.76664,9.15000,156160.00000,6.67000,0.00000,0.00000,1.00000
-302671.31378,-482211.68388,164.28000,354154023.81345,8.94000,300828.00000,5.24000,0.00000,0.00000,1.00000
-302572.34799,-482537.17603,164.61500,354154023.86025,9.05000,578850.00000,5.44000,0.00000,0.00000,1.00000
-302474.10243,-482862.55617,164.89000,354154023.90706,8.88000,2324990.00000,3.68000,0.00000,0.00000,1.00000
-302362.84471,-483189.97175,163.74500,354154023.95387,8.98000,939132.00000,3.88000,0.00000,0.00000,1.00000
-302291.32018,-483511.13256,163.12200,354154024.00068,9.17000,721525.00000,3.90000,0.00000,0.00000,1.00000
-305937.40542,-483246.15934,157.01300,354154024.04748,9.36000,366432.00000,4.95000,0.00000,0.00000,1.00000
-306006.74983,-483545.12216,157.18600,354154024.09429,9.57000,999833.00000,5.62000,0.00000,0.00000,1.00000
-305871.65043,-483876.33631,156.87000,354154024.14110,9.75000,461405.00000,5.39000,0.00000,0.00000,1.00000
-305618.06896,-484226.21562,155.01800,354154024.18790,9.91000,2266400.00000,4.92000,0.00000,0.00000,1.00000
-304664.43554,-484686.45713,153.63900,354154024.23471,9.85000,908725.00000,4.05000,0.00000,0.00000,1.00000
-305234.43456,-484906.51540,153.66200,354154024.28152,9.96000,1236218.00000,5.45000,0.00000,0.00000,1.00000
-303132.83218,-485547.66566,152.19100,354154024.32832,9.84000,882377.00000,4.05000,0.00000,0.00000,1.00000
-305200.44456,-485531.68581,153.50500,354154024.37513,9.52000,3664369.00000,3.83000,0.00000,0.00000,1.00000
-305277.72370,-485829.41100,153.58400,354154024.42194,9.42000,3046796.00000,3.83000,0.00000,0.00000,1.00000
-303581.38823,-486406.65226,150.86400,354154024.46875,9.44000,492239.00000,4.11000,0.00000,0.00000,1.00000
-304852.16115,-486516.29681,149.51000,354154024.51556,9.50000,3789900.00000,3.94000,0.00000,0.00000,1.00000
-304774.10947,-486838.50518,148.67500,354154024.56237,9.76000,1732253.00000,4.62000,0.00000,0.00000,1.00000
-304487.26130,-487193.60717,146.84500,354154024.60917,9.71000,2438473.00000,4.29000,0.00000,0.00000,1.00000
-304018.34431,-487577.39313,147.54900,354154024.65598,9.71000,387469.00000,4.45000,0.00000,0.00000,1.00000
-305146.06724,-487709.61267,150.74500,354154024.70279,10.03000,427799.00000,5.13000,0.00000,0.00000,1.00000
-305630.79802,-487943.14610,152.86000,354154024.74960,10.07000,400962.00000,4.72000,0.00000,0.00000,1.00000
-305410.40364,-488287.77465,151.97200,354154024.79641,9.96000,1295692.00000,5.06000,0.00000,0.00000,1.00000
-305192.18207,-488632.07604,151.35700,354154024.84321,9.82000,399033.00000,4.70000,0.00000,0.00000,1.00000
-304560.69657,-489041.45824,149.43100,354154024.89002,9.81000,1267722.00000,4.74000,0.00000,0.00000,1.00000
-304444.32030,-489369.67883,148.79800,354154024.93683,9.53000,2094727.00000,4.46000,0.00000,0.00000,1.00000
-304791.77637,-489624.85225,149.79100,354154024.98364,9.36000,1537305.00000,3.37000,0.00000,0.00000,1.00000
-304860.36303,-489923.96649,149.90900,354154025.03045,9.13000,2574939.00000,3.12000,0.00000,0.00000,1.00000
-305063.32445,-490201.90479,149.38000,354154025.07725,9.22000,1230314.00000,3.59000,0.00000,0.00000,1.00000
-305117.45093,-490503.28170,148.78600,354154025.12406,9.30000,2128377.00000,3.49000,0.00000,0.00000,1.00000
-305350.03815,-490776.56660,147.78200,354154025.17087,9.35000,1497793.00000,3.89000,0.00000,0.00000,1.00000
-304560.28990,-491210.83726,146.23900,354154025.21768,9.43000,572896.00000,3.94000,0.00000,0.00000,1.00000
-304946.75484,-491459.88341,145.62300,354154025.26449,9.50000,207081.00000,5.91000,0.00000,0.00000,1.00000
-305075.29365,-491749.56061,145.89900,354154025.31130,9.45000,127423.00000,5.76000,0.00000,0.00000,1.00000
-305365.66018,-492013.74589,146.87700,354154025.35810,9.48000,108126.00000,5.93000,0.00000,0.00000,1.00000
-305334.52388,-492328.57027,146.98200,354154025.40491,9.62000,139258.00000,6.02000,0.00000,0.00000,1.00000
-305270.86350,-492648.50121,147.18000,354154025.45172,9.52000,172301.00000,5.77000,0.00000,0.00000,1.00000
-305262.83634,-492959.67623,147.28600,354154025.49853,9.49000,244390.00000,4.00000,0.00000,0.00000,1.00000
-305246.14237,-493272.22520,147.12700,354154025.54534,9.51000,544546.00000,3.82000,0.00000,0.00000,1.00000
-305367.44284,-493563.04611,146.80100,354154025.59215,9.57000,539025.00000,5.24000,0.00000,0.00000,1.00000
-305492.35618,-493853.30509,146.68600,354154025.63896,9.74000,1881698.00000,3.46000,0.00000,0.00000,1.00000
-305451.08462,-494169.71025,145.54100,354154025.68577,9.65000,625459.00000,3.87000,0.00000,0.00000,1.00000
-305615.72981,-494453.70767,144.37600,354154025.73258,9.65000,300125.00000,4.69000,0.00000,0.00000,1.00000
-306340.33130,-494649.58888,146.33200,354154025.77939,9.66000,163545.00000,5.67000,0.00000,0.00000,1.00000
-307160.30388,-494830.47297,150.72200,354154025.82619,9.79000,405011.00000,4.78000,0.00000,0.00000,1.00000
-306627.72463,-495224.21406,144.75200,354154025.87300,9.54000,1493699.00000,3.55000,0.00000,0.00000,1.00000
-305594.40323,-495696.72521,138.61200,354154025.91981,9.38000,1320523.00000,4.05000,0.00000,0.00000,1.00000
-305460.63318,-496027.68835,136.90000,354154025.96662,9.31000,275012.00000,4.03000,0.00000,0.00000,1.00000
-305512.55236,-496329.43099,134.81300,354154026.01343,9.33000,290024.00000,4.88000,0.00000,0.00000,1.00000
-304958.97127,-496726.43574,131.71100,354154026.06024,9.30000,306816.00000,4.71000,0.00000,0.00000,1.00000
-305159.72742,-497004.75675,129.69100,354154026.10705,9.15000,510840.00000,3.27000,0.00000,0.00000,1.00000
-304651.65253,-497394.58830,125.56800,354154026.15386,9.33000,565985.00000,3.30000,0.00000,0.00000,1.00000
-304373.34584,-497748.27264,122.31100,354154026.20067,9.39000,1063106.00000,3.10000,0.00000,0.00000,1.00000
-304931.05257,-497970.46888,120.05600,354154026.24748,9.42000,1782284.00000,3.69000,0.00000,0.00000,1.00000
-304262.54442,-498385.52646,117.24400,354154026.29429,9.42000,725269.00000,3.72000,0.00000,0.00000,1.00000
-304472.68429,-498662.38141,114.56900,354154026.34110,9.51000,267312.00000,5.09000,0.00000,0.00000,1.00000
-294414.64426,-500553.62581,196.84800,354154026.38791,9.21000,830592.00000,3.46000,0.00000,0.00000,1.00000
-307093.19725,-498870.10497,136.69700,354154026.43472,9.06000,1112406.00000,3.58000,0.00000,0.00000,1.00000
-307375.60388,-499135.62870,136.57500,354154026.48153,8.93000,859942.00000,4.04000,0.00000,0.00000,1.00000
-307456.41210,-499432.85604,135.39300,354154026.52834,9.00000,425637.00000,4.73000,0.00000,0.00000,1.00000
-306530.65681,-499888.35519,130.09600,354154026.57515,9.11000,460507.00000,5.47000,0.00000,0.00000,1.00000
-305543.46582,-500353.49382,127.03300,354154026.62196,9.18000,530076.00000,5.08000,0.00000,0.00000,1.00000
-305780.33797,-500626.16994,123.66900,354154026.66877,9.28000,1400707.00000,6.34000,0.00000,0.00000,1.00000
-305461.53272,-500986.21672,123.00200,354154026.71558,9.25000,1373574.00000,5.97000,0.00000,0.00000,1.00000
-305013.36694,-501366.57787,125.24200,354154026.76239,9.19000,2145492.00000,5.84000,0.00000,0.00000,1.00000
-305400.53547,-501615.64223,125.83400,354154026.80920,8.98000,1007283.00000,5.19000,0.00000,0.00000,1.00000
-305700.25921,-501878.43843,124.78400,354154026.85601,8.77000,1801690.00000,4.77000,0.00000,0.00000,1.00000
-305842.46950,-502166.02261,123.44800,354154026.90282,8.32000,4438803.00000,3.96000,0.00000,0.00000,1.00000
-305596.62341,-502514.57602,120.68400,354154026.94963,8.24000,2277428.00000,4.01000,0.00000,0.00000,1.00000
-305336.32351,-502865.41081,118.15500,354154026.99644,8.24000,1309923.00000,4.26000,0.00000,0.00000,1.00000
-304597.63515,-503291.40610,115.04900,354154027.04325,8.29000,383616.00000,4.98000,0.00000,0.00000,1.00000
-305425.60157,-503471.22107,112.43800,354154027.09006,8.75000,163965.00000,6.54000,0.00000,0.00000,1.00000
-309034.25640,-503214.05888,122.76700,354154027.13687,8.53000,627366.00000,5.36000,0.00000,0.00000,1.00000
-308727.11256,-506051.90350,110.58700,354154027.55817,9.80000,361087.00000,6.53000,0.00000,0.00000,1.00000
-308679.95952,-506369.25495,108.44100,354154027.60498,9.82000,618652.00000,6.54000,0.00000,0.00000,1.00000
-308337.06089,-507043.02717,102.64200,354154027.69861,9.13000,391751.00000,6.63000,0.00000,0.00000,1.00000
-307184.19616,-507534.03045,98.17200,354154027.74542,8.72000,262643.00000,8.35000,0.00000,0.00000,1.00000
-306083.34502,-508016.83193,98.58100,354154027.79223,8.15000,1278486.00000,5.23000,0.00000,0.00000,1.00000
-305775.99896,-508375.02155,99.93300,354154027.83904,7.82000,1981507.00000,4.41000,0.00000,0.00000,1.00000
-305977.42297,-508653.33401,100.01900,354154027.88586,7.70000,1014548.00000,4.39000,0.00000,0.00000,1.00000
-305155.51815,-509092.30442,101.38700,354154027.93267,7.97000,270612.00000,7.07000,0.00000,0.00000,1.00000
-304991.25485,-509428.02028,102.55200,354154027.97948,8.18000,515495.00000,6.72000,0.00000,0.00000,1.00000
-304748.21924,-509776.09494,105.83100,354154028.02629,8.14000,2136579.00000,4.64000,0.00000,0.00000,1.00000
-305172.99427,-510949.13636,103.51000,354154028.21354,8.50000,2067732.00000,4.62000,0.00000,0.00000,1.00000
-304521.37983,-511671.23111,108.39900,354154028.30717,8.65000,450670.00000,6.38000,0.00000,0.00000,1.00000
-304933.08669,-511916.54692,109.09500,354154028.35398,8.57000,1570630.00000,6.08000,0.00000,0.00000,1.00000
-306860.34790,-510245.83463,96.04500,354272930.13510,9.30000,138599.00000,6.49000,0.00000,0.00000,0.00000
-306885.36974,-509699.68924,95.87400,354272930.18185,8.88000,424061.00000,4.29000,0.00000,0.00000,0.00000
-307269.99519,-508157.60756,98.55500,354272930.27536,9.04000,583430.00000,4.54000,0.00000,0.00000,0.00000
-306613.22971,-508528.04114,99.69300,354272930.32211,9.24000,290447.00000,5.34000,0.00000,0.00000,0.00000
-306836.73961,-507715.09378,97.57600,354272930.36887,9.30000,446026.00000,4.58000,0.00000,0.00000,0.00000
-306698.19375,-507388.86210,97.42200,354272930.41562,9.31000,599277.00000,4.77000,0.00000,0.00000,0.00000
-306521.26125,-507114.23123,97.67300,354272930.46238,9.09000,1225184.00000,3.75000,0.00000,0.00000,0.00000
-306020.22016,-507275.30023,97.85600,354272930.50913,8.41000,1553037.00000,5.37000,0.00000,0.00000,0.00000
-305887.79409,-506940.85927,100.32300,354272930.55589,6.81000,2510010.00000,3.72000,0.00000,0.00000,0.00000
-304606.74685,-508150.37519,100.52500,354272930.60264,5.01000,1568469.00000,4.52000,0.00000,0.00000,0.00000
-304342.14214,-507993.59168,103.50000,354272930.64940,3.54000,1183273.00000,3.75000,0.00000,0.00000,0.00000
-301988.37891,-510644.82550,136.09600,354272930.69615,3.00000,1099855.00000,3.68000,0.00000,0.00000,0.00000
-307582.41620,-502613.18622,113.04600,354272930.74291,3.26000,753481.00000,4.18000,0.00000,0.00000,0.00000
-304764.14419,-505889.03244,102.17300,354272930.78966,4.05000,1127162.00000,3.39000,0.00000,0.00000,0.00000
-304424.51524,-505833.11315,103.60300,354272930.83642,5.45000,2350352.00000,4.58000,0.00000,0.00000,0.00000
-304076.59501,-505788.33223,102.81000,354272930.88317,6.72000,1821501.00000,4.50000,0.00000,0.00000,0.00000
-306393.25287,-502162.11591,116.01800,354272930.92993,7.59000,2167818.00000,3.84000,0.00000,0.00000,0.00000
-303562.67980,-505454.25239,104.08200,354272930.97668,8.74000,4355215.00000,4.99000,0.00000,0.00000,0.00000
-303280.64242,-505320.91956,107.59400,354272931.02344,9.61000,701087.00000,6.78000,0.00000,0.00000,0.00000
-303711.02111,-504230.09364,108.51600,354272931.07019,9.72000,356384.00000,8.27000,0.00000,0.00000,0.00000
-303691.18507,-503744.38372,109.93500,354272931.11695,9.64000,896923.00000,6.74000,0.00000,0.00000,0.00000
-304517.23987,-502121.80816,122.94700,354272931.16370,9.42000,2552721.00000,6.10000,0.00000,0.00000,0.00000
-304127.03159,-502133.89669,123.40000,354272931.21046,9.26000,1758500.00000,4.69000,0.00000,0.00000,0.00000
-303530.47590,-502423.31270,123.58600,354272931.25721,9.26000,316696.00000,4.36000,0.00000,0.00000,0.00000
-303147.24359,-502426.00123,122.15500,354272931.30397,9.25000,184658.00000,5.99000,0.00000,0.00000,0.00000
-302853.88370,-502307.91271,121.16600,354272931.35072,9.35000,148027.00000,5.49000,0.00000,0.00000,0.00000
-302584.08585,-502158.16585,120.23300,354272931.39748,9.55000,518416.00000,3.76000,0.00000,0.00000,0.00000
-299526.30596,-505754.90673,106.74900,354272931.44423,10.03000,1426451.00000,3.52000,0.00000,0.00000,0.00000
-298928.37753,-506046.03469,109.92500,354272931.49099,10.48000,667478.00000,4.25000,0.00000,0.00000,0.00000
-298820.85949,-505678.16034,106.93200,354272931.53774,11.04000,760178.00000,5.12000,0.00000,0.00000,0.00000
-299060.65435,-504843.59046,100.13600,354272931.58450,11.43000,987146.00000,4.83000,0.00000,0.00000,0.00000
-299224.55442,-504111.04669,96.34000,354272931.63125,11.85000,321362.00000,5.41000,0.00000,0.00000,0.00000
-299228.31882,-503593.65136,95.19700,354272931.67801,11.82000,728282.00000,4.74000,0.00000,0.00000,0.00000
-302245.28398,-499027.39971,115.77300,354272931.72476,11.58000,468850.00000,5.11000,0.00000,0.00000,0.00000
-299370.27418,-502378.32042,96.01400,354272931.77152,11.31000,770044.00000,4.35000,0.00000,0.00000,0.00000
-299316.01961,-501938.91118,97.42500,354272931.81827,11.12000,742572.00000,5.43000,0.00000,0.00000,0.00000
-299072.40347,-501753.95678,98.72800,354272931.86503,10.89000,502484.00000,5.08000,0.00000,0.00000,0.00000
-298700.49769,-501741.35244,100.04400,354272931.91179,10.75000,838445.00000,4.12000,0.00000,0.00000,0.00000
-298290.64164,-501779.76890,101.09800,354272931.95854,10.74000,1170343.00000,3.79000,0.00000,0.00000,0.00000
-300161.51841,-498753.79906,110.91000,354272932.00530,10.54000,1250577.00000,3.60000,0.00000,0.00000,0.00000
-299715.47154,-498840.88318,110.05800,354272932.05205,10.82000,309772.00000,5.64000,0.00000,0.00000,0.00000
-298878.01860,-499453.81316,106.79800,354272932.09881,11.41000,163348.00000,7.68000,0.00000,0.00000,0.00000
-298194.58405,-499859.79437,105.99700,354272932.14557,11.82000,274886.00000,9.21000,0.00000,0.00000,0.00000
-297905.60698,-499735.80980,107.35700,354272932.19232,12.05000,274611.00000,6.88000,0.00000,0.00000,0.00000
-297623.59991,-499602.42196,109.54600,354272932.23908,11.91000,238203.00000,6.14000,0.00000,0.00000,0.00000
-297460.29851,-499309.59944,111.71400,354272932.28583,11.53000,225353.00000,6.25000,0.00000,0.00000,0.00000
-297368.12076,-498921.21348,114.84100,354272932.33259,11.34000,313468.00000,6.85000,0.00000,0.00000,0.00000
-296982.70989,-498926.76886,116.73800,354272932.37935,11.22000,584009.00000,6.69000,0.00000,0.00000,0.00000
-296657.08765,-498852.01497,117.65700,354272932.42610,11.05000,290650.00000,4.86000,0.00000,0.00000,0.00000
-296350.65953,-498751.45451,117.12400,354272932.47286,11.21000,189988.00000,6.72000,0.00000,0.00000,0.00000
-296292.97395,-498316.77113,117.34600,354272932.51961,11.35000,185515.00000,7.20000,0.00000,0.00000,0.00000
-296250.99563,-497860.97664,118.68100,354272932.56637,11.23000,162139.00000,6.91000,0.00000,0.00000,0.00000
-295985.59747,-497705.31907,120.67900,354272932.61313,10.98000,337275.00000,5.42000,0.00000,0.00000,0.00000
-295604.56273,-497704.99871,122.71000,354272932.65988,10.77000,370507.00000,4.33000,0.00000,0.00000,0.00000
-295182.94701,-497759.19115,124.40800,354272932.70664,10.58000,438931.00000,4.56000,0.00000,0.00000,0.00000
-294859.94726,-497680.89461,126.97300,354272932.75339,10.21000,516435.00000,3.51000,0.00000,0.00000,0.00000
-294584.51806,-497538.70611,130.91400,354272932.80015,9.77000,1170148.00000,3.12000,0.00000,0.00000,0.00000
-294311.70466,-497392.99304,134.10100,354272932.84690,9.24000,1086475.00000,2.91000,0.00000,0.00000,0.00000
-294044.13166,-497240.24665,136.98500,354272932.89366,8.86000,1205792.00000,2.70000,0.00000,0.00000,0.00000
-293848.57242,-496990.79084,137.68300,354272932.94042,8.73000,700383.00000,3.21000,0.00000,0.00000,0.00000
-293664.79375,-496725.50177,137.27900,354272932.98717,8.72000,490451.00000,3.53000,0.00000,0.00000,0.00000
-293540.80735,-496379.92055,136.33100,354272933.03393,9.08000,735995.00000,3.99000,0.00000,0.00000,0.00000
-293341.31910,-496135.72520,135.11900,354272933.08068,9.41000,513844.00000,3.44000,0.00000,0.00000,0.00000
-293161.04166,-495865.75064,132.89600,354272933.12744,9.64000,338202.00000,4.49000,0.00000,0.00000,0.00000
-293040.56080,-495515.48041,131.93600,354272933.17419,10.00000,251854.00000,4.73000,0.00000,0.00000,0.00000
-292799.62607,-495326.96867,130.04200,354272933.22095,10.24000,214273.00000,7.05000,0.00000,0.00000,0.00000
-292772.98731,-494850.68117,129.07300,354272933.26770,10.51000,213046.00000,9.19000,0.00000,0.00000,0.00000
-292741.98168,-494380.24923,128.44100,354272933.31446,10.72000,163159.00000,7.47000,0.00000,0.00000,0.00000
-292416.82620,-494304.86344,127.30400,354272933.36122,11.05000,206946.00000,10.50000,0.00000,0.00000,0.00000
-291666.57507,-494800.34682,125.96500,354272933.40797,11.34000,88916.00000,12.21000,0.00000,0.00000,0.00000
-290690.66604,-495598.83593,127.68900,354272933.45473,11.06000,348169.00000,6.41000,0.00000,0.00000,0.00000
-290241.11091,-495690.46743,129.68500,354272933.50148,10.86000,2475909.00000,4.48000,0.00000,0.00000,0.00000
-290243.28551,-495175.49575,123.62700,354272933.54824,10.40000,1247722.00000,4.26000,0.00000,0.00000,0.00000
-289573.76458,-495562.50565,134.29800,354272933.59500,10.01000,10383496.00000,4.63000,0.00000,0.00000,0.00000
-289586.85489,-495032.86886,132.83600,354272933.64175,9.57000,423021.00000,5.55000,0.00000,0.00000,0.00000
-289950.87492,-494032.02924,132.03400,354272933.68851,9.39000,1182231.00000,5.53000,0.00000,0.00000,0.00000
-289895.88754,-493593.82803,138.10600,354272933.73526,8.73000,6644513.00000,2.47000,0.00000,0.00000,0.00000
-289966.61272,-492986.85505,139.89600,354272933.78202,8.37000,670736.00000,2.70000,0.00000,0.00000,0.00000
-289558.10060,-493023.38579,145.05900,354272933.82878,8.37000,3465267.00000,1.91000,0.00000,0.00000,0.00000
-289319.37004,-492831.92167,146.25800,354272933.87553,8.32000,1749483.00000,2.34000,0.00000,0.00000,0.00000
-289057.95057,-492670.93950,145.68000,354272933.92229,8.25000,307177.00000,2.68000,0.00000,0.00000,0.00000
-288883.83170,-492392.74986,144.61600,354272933.96904,8.18000,311260.00000,3.57000,0.00000,0.00000,0.00000
-288611.07087,-492247.00647,143.39600,354272934.01580,8.20000,293106.00000,3.16000,0.00000,0.00000,0.00000
-288369.73040,-492059.05028,141.20700,354272934.06256,8.16000,444031.00000,3.96000,0.00000,0.00000,0.00000
-288071.65752,-491947.29406,138.98200,354272934.10931,8.28000,350722.00000,4.17000,0.00000,0.00000,0.00000
-287726.86403,-491898.21942,136.37200,354272934.15607,8.85000,325766.00000,5.15000,0.00000,0.00000,0.00000
-287747.86483,-491358.05498,135.02400,354272934.20283,8.99000,336849.00000,5.75000,0.00000,0.00000,0.00000
-287530.97955,-491137.28670,133.77300,354272934.24958,9.23000,428085.00000,6.23000,0.00000,0.00000,0.00000
-286914.24893,-491453.31214,132.34400,354272934.29634,9.59000,359262.00000,6.36000,0.00000,0.00000,0.00000
-286021.62990,-492139.70641,131.55600,354272934.34310,9.54000,243872.00000,6.41000,0.00000,0.00000,0.00000
-285669.41603,-492100.58971,130.72300,354272934.38985,9.72000,445524.00000,6.04000,0.00000,0.00000,0.00000
-296304.36091,-481088.19361,161.10200,354326676.86864,6.56000,2339616.00000,3.72000,0.00000,0.00000,1.00000
-295725.60509,-481480.07361,155.11600,354326676.91552,6.95000,1210968.00000,4.38000,0.00000,0.00000,1.00000
-295483.15962,-481824.11330,152.48500,354326676.96240,7.20000,1360510.00000,5.61000,0.00000,0.00000,1.00000
-295363.93727,-482150.63980,151.87900,354326677.00928,7.46000,655043.00000,5.11000,0.00000,0.00000,1.00000
-295186.72343,-482485.41316,151.68200,354326677.05615,7.82000,310951.00000,5.95000,0.00000,0.00000,1.00000
-296056.92914,-482671.26457,153.85000,354326677.10303,8.01000,325679.00000,6.82000,0.00000,0.00000,1.00000
-296993.10215,-482847.75441,157.44100,354326677.14991,8.18000,281105.00000,7.58000,0.00000,0.00000,1.00000
-296699.90361,-483199.01992,156.18300,354326677.19679,8.10000,294801.00000,8.86000,0.00000,0.00000,1.00000
-295665.87825,-483655.57915,153.37400,354326677.24367,7.97000,182881.00000,7.03000,0.00000,0.00000,1.00000
-295197.24350,-484031.75520,153.46300,354326677.29054,7.98000,626118.00000,5.11000,0.00000,0.00000,1.00000
-295069.30094,-484359.51047,153.41600,354326677.33742,7.92000,1789887.00000,3.93000,0.00000,0.00000,1.00000
-294794.20032,-484708.17216,154.89400,354326677.38430,7.93000,2776553.00000,3.39000,0.00000,0.00000,1.00000
-296457.44680,-484781.37629,150.12800,354326677.43118,8.03000,305093.00000,4.28000,0.00000,0.00000,1.00000
-296401.98856,-485098.83840,149.23600,354326677.47806,8.07000,320180.00000,4.32000,0.00000,0.00000,1.00000
-295967.40742,-485470.16945,147.55700,354326677.52493,8.23000,192671.00000,5.54000,0.00000,0.00000,1.00000
-296011.25044,-485773.51546,147.14000,354326677.57181,8.33000,281173.00000,5.98000,0.00000,0.00000,1.00000
-296052.19145,-486077.27408,146.65100,354326677.61869,8.69000,191940.00000,8.78000,0.00000,0.00000,1.00000
-295861.16452,-486413.99602,145.84200,354326677.66557,8.90000,105544.00000,7.20000,0.00000,0.00000,1.00000
-295736.09352,-486741.33099,145.32300,354326677.71245,8.89000,444091.00000,8.09000,0.00000,0.00000,1.00000
-295930.70620,-487023.25978,145.51700,354326677.75932,8.79000,226133.00000,7.68000,0.00000,0.00000,1.00000
-295696.89095,-487366.03575,144.77900,354326677.80620,8.76000,385101.00000,6.23000,0.00000,0.00000,1.00000
-295431.90887,-487713.25786,144.20000,354326677.85308,8.84000,630855.00000,6.26000,0.00000,0.00000,1.00000
-295243.75731,-488049.55070,143.76400,354326677.89996,8.88000,597237.00000,5.72000,0.00000,0.00000,1.00000
-295012.10896,-488392.02232,143.49400,354326677.94684,9.00000,2128022.00000,4.11000,0.00000,0.00000,1.00000
-294856.57806,-488723.68669,143.02800,354326677.99372,9.19000,3278488.00000,3.63000,0.00000,0.00000,1.00000
-296208.90289,-488841.22653,131.98600,354326678.04060,9.52000,414803.00000,3.72000,0.00000,0.00000,1.00000
-295702.49242,-489222.71759,130.91500,354326678.08748,9.64000,674357.00000,4.54000,0.00000,0.00000,1.00000
-295763.70333,-489523.60427,131.06500,354326678.13436,9.83000,817558.00000,5.24000,0.00000,0.00000,1.00000
-295601.63406,-489856.20114,130.98700,354326678.18123,10.03000,1428665.00000,5.83000,0.00000,0.00000,1.00000
-294708.08080,-490292.61917,131.00000,354326678.22811,10.14000,2055558.00000,6.39000,0.00000,0.00000,1.00000
-294759.13576,-490594.94499,131.82700,354326678.27499,10.40000,540488.00000,7.14000,0.00000,0.00000,1.00000
-295199.48146,-490842.00818,132.26600,354326678.32187,10.51000,601516.00000,6.69000,0.00000,0.00000,1.00000
-295552.83664,-491101.43030,131.75900,354326678.36875,10.32000,2448040.00000,4.30000,0.00000,0.00000,1.00000
-295609.68479,-491402.93589,129.12100,354326678.41563,10.19000,856784.00000,5.00000,0.00000,0.00000,1.00000
-295787.59855,-491687.26490,129.34100,354326678.46251,10.16000,1218246.00000,4.88000,0.00000,0.00000,1.00000
-295725.55175,-492005.65469,129.62100,354326678.50939,9.97000,2363012.00000,3.81000,0.00000,0.00000,1.00000
-295199.52301,-492389.88296,130.70900,354326678.55627,9.86000,1482620.00000,3.97000,0.00000,0.00000,1.00000
-294579.24679,-492787.47955,133.53300,354326678.60315,9.83000,1130167.00000,3.15000,0.00000,0.00000,1.00000
-294523.70856,-493104.92978,134.40800,354326678.65003,9.80000,417627.00000,3.55000,0.00000,0.00000,1.00000
-294748.00592,-493382.68041,133.82000,354326678.69691,9.95000,465888.00000,3.82000,0.00000,0.00000,1.00000
-294886.75703,-493672.57398,133.83000,354326678.74379,10.01000,685692.00000,3.29000,0.00000,0.00000,1.00000
-294916.03696,-493978.00050,133.84400,354326678.79067,10.03000,752205.00000,3.46000,0.00000,0.00000,1.00000
-294985.18668,-494277.76885,134.02400,354326678.83755,10.06000,821507.00000,2.78000,0.00000,0.00000,1.00000
-294998.50307,-494585.44515,134.13000,354326678.88443,10.07000,2600326.00000,2.34000,0.00000,0.00000,1.00000
-297120.82153,-494593.97401,119.75800,354326678.93131,10.19000,2252768.00000,2.57000,0.00000,0.00000,1.00000
-296862.27991,-494940.25540,119.57400,354326678.97819,10.23000,1174568.00000,2.92000,0.00000,0.00000,1.00000
-296471.77464,-495305.23694,120.15000,354326679.02507,10.25000,1246192.00000,3.35000,0.00000,0.00000,1.00000
-296443.76833,-495618.80102,120.60500,354326679.07195,10.36000,1000439.00000,3.51000,0.00000,0.00000,1.00000
-296106.18074,-495976.26252,121.43600,354326679.11883,10.30000,2278991.00000,2.43000,0.00000,0.00000,1.00000
-295817.89232,-496326.73229,122.01200,354326679.16571,10.32000,2655340.00000,2.86000,0.00000,0.00000,1.00000
-294997.44764,-496752.65030,124.68800,354326679.21259,10.33000,1671043.00000,2.24000,0.00000,0.00000,1.00000
-301324.99386,-496164.92567,120.56500,354326679.25947,10.37000,1609083.00000,2.25000,0.00000,0.00000,1.00000
-301355.01830,-496470.30840,117.59400,354326679.30635,10.35000,2399462.00000,2.30000,0.00000,0.00000,1.00000
-301270.44834,-496791.93492,118.01900,354326679.35323,10.45000,2373110.00000,2.65000,0.00000,0.00000,1.00000
-295658.93520,-497897.21159,118.57500,354326679.40011,10.59000,451825.00000,2.95000,0.00000,0.00000,1.00000
-300622.05408,-497503.14669,116.08500,354326679.44699,10.77000,430919.00000,3.80000,0.00000,0.00000,1.00000
-294539.26556,-498675.09532,120.70500,354326679.49387,10.72000,942823.00000,3.65000,0.00000,0.00000,1.00000
-294168.29031,-499037.25010,121.82300,354326679.54075,10.79000,199249.00000,5.22000,0.00000,0.00000,1.00000
-295155.28473,-499206.95178,118.28800,354326679.58763,10.88000,206456.00000,8.32000,0.00000,0.00000,1.00000
-299223.73964,-498939.89394,109.17400,354326679.63451,10.73000,357822.00000,4.34000,0.00000,0.00000,1.00000
-298933.23494,-499290.68297,108.11100,354326679.68139,10.72000,552628.00000,4.16000,0.00000,0.00000,1.00000
-298267.88039,-499694.60209,105.92200,354326679.72828,10.82000,823035.00000,4.11000,0.00000,0.00000,1.00000
-297738.09622,-500079.28376,104.68600,354326679.77516,10.76000,1180635.00000,4.49000,0.00000,0.00000,1.00000
-296685.54764,-500538.04675,104.75100,354326679.82204,10.86000,630912.00000,3.08000,0.00000,0.00000,1.00000
-295118.22028,-501069.71278,115.75500,354326679.86892,10.96000,6807645.00000,3.15000,0.00000,0.00000,1.00000
-295014.75866,-501393.96023,115.37200,354326679.91580,10.96000,5594026.00000,3.14000,0.00000,0.00000,1.00000
-295128.79781,-501687.38942,110.47600,354326679.96268,10.94000,5130525.00000,3.34000,0.00000,0.00000,1.00000
-300506.87929,-501235.03614,102.93400,354326680.00956,11.12000,1134837.00000,3.71000,0.00000,0.00000,1.00000
-300631.09243,-501527.06017,103.47200,354326680.05644,11.35000,541816.00000,5.59000,0.00000,0.00000,1.00000
-295096.80724,-502620.69143,110.95400,354326680.10333,11.54000,225207.00000,5.62000,0.00000,0.00000,1.00000
-295328.30291,-502897.47933,109.79200,354326680.15021,11.65000,216250.00000,5.00000,0.00000,0.00000,1.00000
-295325.60816,-503207.45863,108.99700,354326680.19709,11.70000,560324.00000,5.08000,0.00000,0.00000,1.00000
-295334.50681,-503515.78887,107.84500,354326680.24397,11.78000,1678854.00000,4.73000,0.00000,0.00000,1.00000
-295520.32490,-503799.06838,106.46200,354326680.29085,11.98000,1191802.00000,7.51000,0.00000,0.00000,1.00000
-296104.21559,-504025.98867,105.25600,354326680.33773,11.97000,1812961.00000,5.86000,0.00000,0.00000,1.00000
-295924.57579,-504361.01106,99.70100,354326680.38462,12.03000,4152467.00000,4.24000,0.00000,0.00000,1.00000
-295956.67646,-504666.06878,99.36100,354326680.43150,12.12000,3383152.00000,4.71000,0.00000,0.00000,1.00000
-296657.30701,-504876.46406,96.99100,354326680.47838,12.22000,661047.00000,6.09000,0.00000,0.00000,1.00000
-296215.20128,-505248.66702,105.25600,354326680.52526,12.06000,5946742.00000,6.85000,0.00000,0.00000,1.00000
-296580.83196,-505506.49863,105.09200,354326680.57214,11.68000,1140808.00000,5.89000,0.00000,0.00000,1.00000
-297045.08205,-505750.38192,105.04300,354326680.61903,11.81000,326376.00000,6.56000,0.00000,0.00000,1.00000
-297546.30900,-505989.03327,105.41000,354326680.66591,11.87000,200650.00000,9.57000,0.00000,0.00000,1.00000
-298162.83547,-506211.37995,106.08300,354326680.71279,11.66000,374408.00000,7.01000,0.00000,0.00000,1.00000
-297981.74392,-506546.62878,103.96500,354326680.75967,11.61000,2285814.00000,6.96000,0.00000,0.00000,1.00000
-297843.42994,-506875.81804,102.40300,354326680.80655,11.56000,394845.00000,7.38000,0.00000,0.00000,1.00000
-298405.57320,-507105.87371,102.56700,354326680.85344,11.42000,311628.00000,6.83000,0.00000,0.00000,1.00000
-298988.75089,-507332.96248,102.14000,354326680.90032,11.45000,1187925.00000,7.90000,0.00000,0.00000,1.00000
-298674.22295,-507687.09245,100.87000,354326680.94720,11.44000,1358843.00000,9.70000,0.00000,0.00000,1.00000
-296999.35442,-508233.70217,99.24800,354326680.99408,11.09000,2831828.00000,8.60000,0.00000,0.00000,1.00000
-299528.03250,-508185.51300,105.02000,354326681.04097,10.69000,900227.00000,8.64000,0.00000,0.00000,1.00000
-298824.10699,-508594.74145,102.67700,354326681.08785,10.56000,1593676.00000,8.50000,0.00000,0.00000,1.00000
-297848.25195,-509042.43444,100.73600,354326681.13473,10.10000,1442202.00000,8.04000,0.00000,0.00000,1.00000
-297412.60208,-509413.67171,100.46000,354326681.18161,9.78000,983459.00000,6.78000,0.00000,0.00000,1.00000
-297201.02032,-509753.21355,100.00200,354326681.22849,9.58000,305670.00000,6.18000,0.00000,0.00000,1.00000
-296952.44900,-510097.98060,98.93100,354326681.27538,9.25000,381070.00000,8.75000,0.00000,0.00000,1.00000
-296132.46082,-510523.56105,99.11800,354326681.32226,8.83000,1187709.00000,5.89000,0.00000,0.00000,1.00000
-295748.27344,-510887.48896,98.66900,354326681.36914,8.89000,1122032.00000,4.69000,0.00000,0.00000,1.00000
-295424.27101,-511242.91011,98.08200,354326681.41602,9.13000,495455.00000,4.99000,0.00000,0.00000,1.00000
-295162.62145,-511589.49250,98.29600,354326681.46290,9.33000,466031.00000,5.14000,0.00000,0.00000,1.00000
-294645.72717,-511972.18379,100.37300,354326681.50979,9.36000,1049902.00000,6.06000,0.00000,0.00000,1.00000
-293483.43283,-512446.10020,104.79900,354326681.55667,9.00000,1840414.00000,4.12000,0.00000,0.00000,1.00000
-295066.57561,-512531.85990,100.40100,354326681.60355,8.84000,1893790.00000,3.37000,0.00000,0.00000,1.00000
-299128.32327,-512267.19370,103.70300,354326681.65043,8.82000,2238911.00000,4.60000,0.00000,0.00000,1.00000
-299353.98013,-512544.90147,103.09900,354326681.69732,8.73000,886627.00000,5.18000,0.00000,0.00000,1.00000
-299473.76753,-512837.59225,102.93300,354326681.74420,8.57000,592126.00000,4.68000,0.00000,0.00000,1.00000
-298848.08128,-513235.66804,101.34500,354326681.79108,8.73000,1408503.00000,5.41000,0.00000,0.00000,1.00000
-298736.53313,-513561.05633,100.94200,354326681.83796,8.88000,1295053.00000,6.28000,0.00000,0.00000,1.00000
-298766.39338,-513866.46307,101.33200,354326681.88484,8.85000,1615520.00000,4.62000,0.00000,0.00000,1.00000
-298250.19315,-514249.04417,99.97200,354326681.93172,8.79000,4241407.00000,3.56000,0.00000,0.00000,1.00000
-299644.08894,-514361.64275,106.08700,354326681.97861,8.94000,1592693.00000,4.96000,0.00000,0.00000,1.00000
-299216.35867,-514731.72563,104.62800,354326682.02549,9.24000,207112.00000,6.77000,0.00000,0.00000,1.00000
-302698.62386,-513016.42600,113.04500,354445583.70048,7.99000,2132936.00000,4.43000,0.00000,0.00000,0.00000
-298513.06920,-515953.18497,109.13900,354445583.93461,7.14000,370334.00000,3.81000,0.00000,0.00000,0.00000
-298332.96672,-515684.83238,107.03600,354445583.98143,6.75000,364139.00000,3.24000,0.00000,0.00000,0.00000
-298029.85762,-515576.64103,105.42600,354445584.02826,6.54000,1280022.00000,2.68000,0.00000,0.00000,0.00000
-297819.45200,-515347.74082,103.76700,354445584.07508,6.60000,3864705.00000,1.70000,0.00000,0.00000,0.00000
-299440.23425,-512734.15436,102.20000,354445584.12191,6.80000,3203277.00000,1.87000,0.00000,0.00000,0.00000
-299015.94524,-512783.84273,98.63600,354445584.16874,7.19000,640723.00000,3.08000,0.00000,0.00000,0.00000
-298421.85689,-513054.61834,99.02700,354445584.21556,7.43000,3485178.00000,2.58000,0.00000,0.00000,0.00000
-299852.79248,-510688.33257,106.38300,354445584.26239,7.62000,2881562.00000,2.43000,0.00000,0.00000,0.00000
-299527.00078,-510609.75081,107.06100,354445584.30922,7.90000,2510554.00000,2.99000,0.00000,0.00000,0.00000
-299635.26166,-509965.92377,108.65000,354445584.35604,8.20000,422126.00000,3.90000,0.00000,0.00000,0.00000
-299518.93659,-509614.59714,109.66000,354445584.40287,8.41000,648291.00000,3.84000,0.00000,0.00000,0.00000
-299063.46605,-509704.87861,110.25800,354445584.44970,8.65000,3070202.00000,2.42000,0.00000,0.00000,0.00000
-298717.62819,-509652.40178,110.02300,354445584.49652,9.17000,3568577.00000,2.27000,0.00000,0.00000,0.00000
-298231.85375,-509782.13211,106.58500,354445584.54335,9.60000,1109189.00000,2.72000,0.00000,0.00000,0.00000
-297968.91305,-509621.71845,103.96400,354445584.59018,9.99000,540452.00000,3.90000,0.00000,0.00000,0.00000
-298007.23899,-509069.00231,101.86100,354445584.63700,10.70000,1116914.00000,5.78000,0.00000,0.00000,0.00000
-298339.70946,-508133.29561,103.69600,354445584.68383,11.00000,1178637.00000,6.43000,0.00000,0.00000,0.00000
-297948.87165,-508139.42757,102.92400,354445584.73066,11.14000,1286041.00000,5.41000,0.00000,0.00000,0.00000
-297869.10523,-507740.49947,104.02800,354445584.77749,11.29000,970305.00000,5.25000,0.00000,0.00000,0.00000
-297455.54187,-507776.22508,103.20200,354445584.82431,11.58000,242540.00000,8.52000,0.00000,0.00000,0.00000
-296436.72567,-508599.95631,101.45800,354445584.87114,12.23000,159225.00000,8.52000,0.00000,0.00000,0.00000
-295781.57420,-508950.16419,100.09100,354445584.91797,12.47000,1885626.00000,6.77000,0.00000,0.00000,0.00000
-295230.26437,-509165.15749,101.02500,354445584.96479,12.86000,683712.00000,9.14000,0.00000,0.00000,0.00000
-294878.18789,-509120.76627,102.86800,354445585.01162,13.06000,966462.00000,7.07000,0.00000,0.00000,0.00000
-295061.40556,-508379.47170,103.10500,354445585.05845,13.07000,1035091.00000,6.83000,0.00000,0.00000,0.00000
-294946.90210,-508025.81014,104.52600,354445585.10527,13.24000,2237886.00000,6.30000,0.00000,0.00000,0.00000
-294768.65833,-507755.11709,105.28400,354445585.15210,13.42000,1149176.00000,6.54000,0.00000,0.00000,0.00000
-294425.05633,-507699.69171,106.19100,354445585.19893,13.16000,544612.00000,6.54000,0.00000,0.00000,0.00000
-294244.59192,-507431.90112,106.41500,354445585.24576,13.00000,785714.00000,7.16000,0.00000,0.00000,0.00000
-294134.10833,-507073.01433,106.59000,354445585.29258,13.03000,802496.00000,6.62000,0.00000,0.00000,0.00000
-294076.66167,-506645.06386,107.07200,354445585.33941,12.98000,586599.00000,7.37000,0.00000,0.00000,0.00000
-293733.07020,-506589.63793,107.05200,354445585.38624,13.03000,397772.00000,6.88000,0.00000,0.00000,0.00000
-293269.57808,-506690.29318,107.57200,354445585.43306,13.22000,680497.00000,7.44000,0.00000,0.00000,0.00000
-292357.21434,-507375.21146,109.31200,354445585.47989,13.23000,350176.00000,9.58000,0.00000,0.00000,0.00000
-291287.04183,-508265.50430,114.15600,354445585.52672,13.13000,192937.00000,10.00000,0.00000,0.00000,0.00000
-290611.34924,-508642.29106,118.28900,354445585.57354,13.02000,451209.00000,8.75000,0.00000,0.00000,0.00000
-290422.42043,-508385.50229,117.94800,354445585.62037,12.86000,138261.00000,9.62000,0.00000,0.00000,0.00000
-291736.59466,-506172.28494,110.25000,354445585.66720,12.98000,113847.00000,10.71000,0.00000,0.00000,0.00000
-291930.58816,-505417.11812,109.25700,354445585.71403,12.65000,1744296.00000,7.59000,0.00000,0.00000,0.00000
-291908.83921,-504942.77092,113.22700,354445585.76085,12.13000,726472.00000,5.15000,0.00000,0.00000,0.00000
-291676.24735,-504742.84841,114.62000,354445585.80768,11.59000,1945154.00000,4.56000,0.00000,0.00000,0.00000
-291395.97276,-504605.02309,115.35300,354445585.85451,11.36000,288927.00000,5.60000,0.00000,0.00000,0.00000
-291097.41208,-504490.96511,116.32300,354445585.90133,11.46000,289357.00000,5.47000,0.00000,0.00000,0.00000
-290823.37640,-504345.00254,116.77800,354445585.94816,11.49000,241369.00000,6.06000,0.00000,0.00000,0.00000
-290589.89830,-504146.23108,117.60100,354445585.99499,11.44000,299725.00000,5.14000,0.00000,0.00000,0.00000
-290361.77891,-503940.50653,118.04300,354445586.04181,11.52000,475327.00000,4.61000,0.00000,0.00000,0.00000
-290000.81478,-503907.66090,118.40500,354445586.08864,11.45000,432369.00000,5.34000,0.00000,0.00000,0.00000
-289704.04697,-503791.27591,119.09800,354445586.13547,11.41000,265835.00000,5.86000,0.00000,0.00000,0.00000
-289472.36767,-503590.18817,120.13400,354445586.18230,11.27000,388116.00000,5.61000,0.00000,0.00000,0.00000
-289255.84425,-503369.37196,121.42700,354445586.22912,10.99000,299339.00000,5.47000,0.00000,0.00000,0.00000
-289125.80320,-503036.00110,123.67200,354445586.27595,10.74000,296865.00000,5.20000,0.00000,0.00000,0.00000
-288858.91446,-502880.74535,125.60200,354445586.32278,10.65000,240909.00000,5.12000,0.00000,0.00000,0.00000
-288497.95644,-502847.88233,128.10400,354445586.36960,10.32000,525837.00000,4.53000,0.00000,0.00000,0.00000
-288158.84937,-502786.59820,129.59000,354445586.41643,10.27000,242086.00000,4.89000,0.00000,0.00000,0.00000
-287876.35692,-502651.63030,130.77300,354445586.46326,10.22000,389389.00000,5.50000,0.00000,0.00000,0.00000
-287855.11311,-502176.72589,131.61800,354445586.51008,10.31000,241677.00000,6.80000,0.00000,0.00000,0.00000
-287697.89718,-501878.74606,132.43200,354445586.55691,10.21000,422771.00000,5.19000,0.00000,0.00000,0.00000
-287411.84214,-501748.41152,132.51300,354445586.60374,10.51000,397726.00000,4.93000,0.00000,0.00000,0.00000
-287148.08402,-501589.07585,131.89300,354445586.65057,10.44000,137415.00000,7.28000,0.00000,0.00000,0.00000
-287144.68211,-501090.95953,131.75800,354445586.69739,10.34000,147742.00000,8.53000,0.00000,0.00000,0.00000
-287015.12310,-500757.01849,131.56100,354445586.74422,10.41000,423177.00000,10.25000,0.00000,0.00000,0.00000
-286687.61924,-500680.63505,131.95000,354445586.79105,10.58000,137065.00000,8.50000,0.00000,0.00000,0.00000
-285973.13606,-501107.75970,132.12600,354445586.83787,10.17000,227445.00000,9.22000,0.00000,0.00000,0.00000
-285419.14309,-501326.03825,132.96200,354445586.88470,9.97000,145093.00000,7.44000,0.00000,0.00000,0.00000
-285043.48052,-501312.28156,133.56900,354445586.93153,9.54000,509027.00000,7.45000,0.00000,0.00000,0.00000
-284802.91294,-501122.76467,133.73600,354445586.97835,9.20000,1050351.00000,5.05000,0.00000,0.00000,0.00000
-284649.29272,-500820.14035,134.64400,354445587.02518,9.00000,228174.00000,4.37000,0.00000,0.00000,0.00000
-284747.57201,-500189.77115,133.96400,354445587.07201,8.97000,300786.00000,5.65000,0.00000,0.00000,0.00000
-284814.65458,-499600.02276,133.41600,354445587.11884,8.97000,159882.00000,4.17000,0.00000,0.00000,0.00000
-284704.73549,-499240.54995,133.16600,354445587.16566,9.31000,426892.00000,2.89000,0.00000,0.00000,0.00000
-284544.88464,-498946.04346,132.54700,354445587.21249,9.57000,765110.00000,2.46000,0.00000,0.00000,0.00000
-284338.67596,-498711.87432,131.51100,354445587.25932,9.76000,765344.00000,2.25000,0.00000,0.00000,0.00000
-284008.06053,-498639.51801,129.43900,354445587.30614,9.95000,2747060.00000,2.42000,0.00000,0.00000,0.00000
-283667.18736,-498580.50014,127.61700,354445587.35297,10.12000,1819872.00000,3.25000,0.00000,0.00000,0.00000
-283460.07578,-498347.46152,127.01800,354445587.39980,10.29000,4264219.00000,3.80000,0.00000,0.00000,0.00000
-283149.97626,-498248.42777,127.26500,354445587.44663,10.28000,2744698.00000,4.10000,0.00000,0.00000,0.00000
-282776.10596,-498232.31944,129.01900,354445587.49346,9.90000,468421.00000,4.64000,0.00000,0.00000,0.00000
-282250.63600,-498413.41850,130.12300,354445587.54028,9.81000,130459.00000,7.44000,0.00000,0.00000,0.00000
-281557.51087,-498812.59919,132.76000,354445587.58711,9.76000,293185.00000,7.30000,0.00000,0.00000,0.00000
-281134.14113,-498860.85057,134.39800,354445587.63394,9.81000,297574.00000,9.09000,0.00000,0.00000,0.00000
-280868.62231,-498703.78101,134.47500,354445587.68077,9.69000,200839.00000,7.50000,0.00000,0.00000,0.00000
-280902.75750,-498156.95732,132.85800,354445587.72760,9.76000,257822.00000,7.14000,0.00000,0.00000,0.00000
-280935.11747,-497612.45918,131.90000,354445587.77442,9.77000,669946.00000,7.08000,0.00000,0.00000,0.00000
-280993.78972,-497033.74037,131.07600,354445587.82125,9.78000,213850.00000,7.59000,0.00000,0.00000,0.00000
-280943.67024,-496596.55168,131.16700,354445587.86808,9.65000,154732.00000,5.69000,0.00000,0.00000,0.00000
-280698.23889,-496413.38873,130.74800,354445587.91491,9.45000,732895.00000,5.73000,0.00000,0.00000,0.00000
-280438.98159,-496248.20125,132.73200,354445587.96174,9.08000,758962.00000,3.52000,0.00000,0.00000,0.00000
-292765.41672,-484770.70137,137.64700,354499330.67857,8.03000,168682.00000,5.12000,0.00000,0.00000,1.00000
-292596.74840,-486029.49734,141.72500,354499330.86636,8.36000,792325.00000,5.15000,0.00000,0.00000,1.00000
-288517.98886,-488092.58539,124.22900,354499331.10109,8.49000,646517.00000,4.60000,0.00000,0.00000,1.00000
-287299.10927,-490102.72746,122.62100,354499331.38277,8.67000,1853048.00000,3.74000,0.00000,0.00000,1.00000
-289205.04469,-490170.91766,137.19900,354499331.42972,8.98000,1529924.00000,4.78000,0.00000,0.00000,1.00000
-287482.29998,-490698.17164,126.09000,354499331.47667,9.10000,2082423.00000,4.24000,0.00000,0.00000,1.00000
-287963.68146,-490946.60461,127.76800,354499331.52362,9.25000,1481944.00000,3.73000,0.00000,0.00000,1.00000
-288013.82013,-491249.57450,129.24600,354499331.57056,9.19000,2012220.00000,3.90000,0.00000,0.00000,1.00000
-287692.36323,-491599.55911,130.02800,354499331.61751,9.10000,1423299.00000,4.70000,0.00000,0.00000,1.00000
-287793.40160,-491896.08754,131.71200,354499331.66445,9.07000,1171120.00000,3.58000,0.00000,0.00000,1.00000
-288164.95851,-492158.40975,135.24700,354499331.71140,8.96000,1101714.00000,2.89000,0.00000,0.00000,1.00000
-288777.93726,-492390.21637,144.32200,354499331.75835,8.76000,6235564.00000,2.63000,0.00000,0.00000,1.00000
-287912.53219,-492808.97039,137.03300,354499331.80529,8.71000,1636773.00000,2.90000,0.00000,0.00000,1.00000
-287873.93679,-493123.15340,137.35600,354499331.85224,8.88000,2343187.00000,2.75000,0.00000,0.00000,1.00000
-293757.99985,-492688.44003,136.36000,354499331.89919,9.05000,383960.00000,3.59000,0.00000,0.00000,1.00000
-293319.43607,-493053.26680,133.30600,354499331.94613,9.11000,311118.00000,3.79000,0.00000,0.00000,1.00000
-292583.42734,-493455.69762,128.57700,354499331.99308,9.26000,292737.00000,4.23000,0.00000,0.00000,1.00000
-288205.34346,-494318.54297,132.90100,354499332.04003,9.20000,1355689.00000,3.00000,0.00000,0.00000,1.00000
-287900.57473,-494666.37637,129.48600,354499332.08697,9.26000,643256.00000,3.63000,0.00000,0.00000,1.00000
-288307.04136,-494924.33036,127.67500,354499332.13392,9.39000,703421.00000,3.31000,0.00000,0.00000,1.00000
-287866.27114,-495289.35480,123.81500,354499332.18087,9.52000,781535.00000,3.53000,0.00000,0.00000,1.00000
-287447.31426,-495651.62055,120.75300,354499332.22782,9.80000,2889208.00000,3.22000,0.00000,0.00000,1.00000
-287561.41981,-495946.51586,120.39300,354499332.27476,9.96000,3260836.00000,3.09000,0.00000,0.00000,1.00000
-287355.53272,-496281.84713,118.29100,354499332.32171,10.13000,861221.00000,4.46000,0.00000,0.00000,1.00000
-288100.88953,-496496.98549,117.58600,354499332.36866,10.23000,1383619.00000,3.88000,0.00000,0.00000,1.00000
-289325.50974,-496651.57748,120.31200,354499332.41560,10.30000,1037913.00000,3.44000,0.00000,0.00000,1.00000
-291375.57591,-496701.87964,126.95800,354499332.46255,10.23000,1346912.00000,3.48000,0.00000,0.00000,1.00000
-287875.92458,-497453.37040,134.27800,354499332.50950,10.19000,1918228.00000,3.62000,0.00000,0.00000,1.00000
-287786.38686,-497773.99499,134.19300,354499332.55645,10.13000,1212403.00000,3.95000,0.00000,0.00000,1.00000
-287772.48415,-498085.07671,134.21100,354499332.60339,10.01000,1264492.00000,3.80000,0.00000,0.00000,1.00000
-287776.02517,-498393.93858,134.37800,354499332.65034,9.85000,1332653.00000,3.52000,0.00000,0.00000,1.00000
-287779.57201,-498702.81457,134.79000,354499332.69729,9.63000,530257.00000,3.93000,0.00000,0.00000,1.00000
-287769.29162,-499013.42313,135.03300,354499332.74423,9.44000,387175.00000,3.82000,0.00000,0.00000,1.00000
-287895.73817,-499306.77875,135.02400,354499332.79118,9.43000,2025264.00000,4.23000,0.00000,0.00000,1.00000
-288008.36461,-499601.87884,135.09200,354499332.83813,9.54000,3499623.00000,3.19000,0.00000,0.00000,1.00000
-287879.53561,-499927.46435,134.99800,354499332.88507,9.61000,6093345.00000,3.33000,0.00000,0.00000,1.00000
-287921.61329,-500231.47445,129.89600,354499332.93202,9.59000,826062.00000,3.33000,0.00000,0.00000,1.00000
-287861.14079,-500548.42469,132.54400,354499332.97897,9.52000,607702.00000,4.47000,0.00000,0.00000,1.00000
-287917.02833,-500850.68928,132.47400,354499333.02592,9.64000,770426.00000,4.61000,0.00000,0.00000,1.00000
-288065.28083,-501141.30292,132.24000,354499333.07286,9.50000,937817.00000,4.32000,0.00000,0.00000,1.00000
-288014.98718,-501456.97897,132.67200,354499333.11981,9.43000,877094.00000,3.20000,0.00000,0.00000,1.00000
-287720.32323,-501803.48974,132.76500,354499333.16676,9.60000,2175915.00000,3.65000,0.00000,0.00000,1.00000
-287560.20022,-502133.01544,132.14900,354499333.21371,9.58000,701326.00000,3.25000,0.00000,0.00000,1.00000
-287488.80083,-502451.34012,131.47000,354499333.26065,9.62000,158244.00000,4.12000,0.00000,0.00000,1.00000
-287489.39474,-502760.57672,131.37300,354499333.30760,9.80000,356117.00000,3.24000,0.00000,0.00000,1.00000
-287333.62688,-503089.55409,131.59600,354499333.35455,9.88000,1303439.00000,2.62000,0.00000,0.00000,1.00000
-287196.76463,-503416.14357,131.59700,354499333.40150,10.11000,2285339.00000,2.73000,0.00000,0.00000,1.00000
-287000.26109,-503750.25689,130.99000,354499333.44844,10.14000,6291824.00000,2.68000,0.00000,0.00000,1.00000
-288365.98616,-503887.28891,119.60600,354499333.49539,10.10000,3331983.00000,2.58000,0.00000,0.00000,1.00000
-288266.20538,-504209.20229,119.41100,354499333.54234,10.15000,1364174.00000,3.20000,0.00000,0.00000,1.00000
-287268.20065,-504644.42213,122.44200,354499333.58929,10.23000,1786043.00000,2.98000,0.00000,0.00000,1.00000
-287050.59055,-504981.19196,122.68800,354499333.63624,10.16000,2036370.00000,3.13000,0.00000,0.00000,1.00000
-286960.97189,-505301.79803,121.83400,354499333.68318,10.28000,1329647.00000,3.93000,0.00000,0.00000,1.00000
-286920.08869,-505616.27308,121.39100,354499333.73013,10.51000,302532.00000,5.09000,0.00000,0.00000,1.00000
-287052.30755,-505908.92275,120.08500,354499333.77708,10.59000,261696.00000,5.50000,0.00000,0.00000,1.00000
-287253.61470,-506192.85334,118.54100,354499333.82403,10.80000,294914.00000,7.03000,0.00000,0.00000,1.00000
-287347.28700,-506490.37522,117.64000,354499333.87098,10.88000,475643.00000,8.91000,0.00000,0.00000,1.00000
-286942.72694,-506850.69608,118.45300,354499333.91792,11.10000,212380.00000,6.88000,0.00000,0.00000,1.00000
-286986.20068,-507154.53235,117.88500,354499333.96487,11.29000,591535.00000,8.62000,0.00000,0.00000,1.00000
-286655.83100,-507505.50906,118.99400,354499334.01182,11.36000,443423.00000,8.23000,0.00000,0.00000,1.00000
-286334.90336,-507855.27005,120.15300,354499334.05877,11.29000,294793.00000,9.16000,0.00000,0.00000,1.00000
-286437.28436,-508151.67816,120.15900,354499334.10572,11.24000,179557.00000,7.28000,0.00000,0.00000,1.00000
-287977.62186,-508266.86146,115.67000,354499334.15266,11.29000,47843.00000,8.53000,0.00000,0.00000,1.00000
-289487.42578,-508385.89420,115.15800,354499334.19961,11.36000,464992.00000,7.52000,0.00000,0.00000,1.00000
-289103.20821,-508743.65123,114.75000,354499334.24656,11.16000,1101058.00000,5.35000,0.00000,0.00000,1.00000
-288446.23059,-509135.77756,115.04200,354499334.29351,10.90000,1562592.00000,4.38000,0.00000,0.00000,1.00000
-288274.39707,-509466.76143,115.69400,354499334.34046,10.75000,1621877.00000,3.47000,0.00000,0.00000,1.00000
-288245.85825,-509779.70271,117.25600,354499334.38740,10.63000,2044788.00000,2.89000,0.00000,0.00000,1.00000
-288021.64736,-510117.27941,117.88100,354499334.43435,10.56000,1639013.00000,3.15000,0.00000,0.00000,1.00000
-288157.47534,-510409.49433,117.99400,354499334.48130,10.57000,2021763.00000,3.17000,0.00000,0.00000,1.00000
-288363.85941,-510692.82147,119.19300,354499334.52825,10.47000,2982575.00000,2.25000,0.00000,0.00000,1.00000
-288502.60744,-510984.65317,133.27700,354499334.57519,10.39000,4686174.00000,1.85000,0.00000,0.00000,1.00000
-288375.85889,-511309.95087,134.57000,354499334.62214,10.19000,4218147.00000,2.02000,0.00000,0.00000,1.00000
-288556.04606,-511596.57609,135.23200,354499334.66909,10.00000,2269452.00000,2.67000,0.00000,0.00000,1.00000
-289105.00287,-511836.76664,134.79400,354499334.71603,9.77000,294698.00000,2.61000,0.00000,0.00000,1.00000
-288724.38872,-512194.02482,132.80900,354499334.76298,9.59000,1331499.00000,2.96000,0.00000,0.00000,1.00000
-288374.32515,-512547.43654,132.96000,354499334.80993,9.45000,959435.00000,3.47000,0.00000,0.00000,1.00000
-288251.92312,-512872.17857,133.31700,354499334.85688,9.25000,918241.00000,2.97000,0.00000,0.00000,1.00000
-288605.93954,-513136.92363,132.73100,354499334.90382,9.18000,1312906.00000,2.22000,0.00000,0.00000,1.00000
-288826.12135,-513418.53114,131.53600,354499334.95077,8.98000,1618231.00000,1.87000,0.00000,0.00000,1.00000
-289493.64348,-513643.81274,150.44200,354499334.99772,8.85000,3046223.00000,1.36000,0.00000,0.00000,1.00000
-289541.43535,-513947.12597,150.94100,354499335.04466,8.74000,1844897.00000,1.40000,0.00000,0.00000,1.00000
-294393.83433,-513645.49731,101.20300,354499335.09161,8.47000,1667559.00000,1.46000,0.00000,0.00000,1.00000
-289551.18952,-514564.57067,152.97800,354499335.13856,8.42000,1004870.00000,1.90000,0.00000,0.00000,1.00000
-289570.60632,-514871.45615,152.52200,354499335.18550,8.44000,906404.00000,1.62000,0.00000,0.00000,1.00000
-294612.87849,-514546.04572,104.83300,354499335.23245,8.55000,1913783.00000,2.06000,0.00000,0.00000,1.00000
-294371.14395,-514885.85341,105.85800,354499335.27940,8.59000,1851835.00000,2.07000,0.00000,0.00000,1.00000
-289189.51144,-515847.41925,146.37700,354499335.32635,8.62000,1830412.00000,1.76000,0.00000,0.00000,1.00000
-289215.46685,-516153.49469,142.93000,354499335.37329,8.74000,181316.00000,3.40000,0.00000,0.00000,1.00000
-289418.17099,-516437.31618,142.64900,354499335.42024,8.69000,221090.00000,3.25000,0.00000,0.00000,1.00000
-289089.87854,-516787.95390,139.27000,354499335.46719,8.74000,6009368.00000,1.52000,0.00000,0.00000,1.00000
-288800.85927,-517133.64092,138.51900,354499335.51413,8.73000,824469.00000,2.39000,0.00000,0.00000,1.00000
-289375.97730,-517370.61471,132.50000,354499335.56108,8.80000,896046.00000,3.63000,0.00000,0.00000,1.00000
-289688.52142,-517640.64212,130.54300,354499335.60803,8.85000,776285.00000,4.94000,0.00000,0.00000,1.00000
-290123.26155,-517895.28594,129.14000,354499335.65497,9.17000,306969.00000,7.68000,0.00000,0.00000,1.00000
-290043.72607,-518214.62712,129.59400,354499335.70192,9.42000,780032.00000,6.28000,0.00000,0.00000,1.00000
-288964.01002,-518659.77901,134.61200,354499335.74887,9.22000,533549.00000,6.46000,0.00000,0.00000,1.00000
-292105.22121,-518355.16187,131.32100,354618237.74918,10.08000,1044005.00000,2.45000,0.00000,0.00000,0.00000
-291847.13529,-518187.09267,130.80100,354618237.79608,10.01000,1237354.00000,2.92000,0.00000,0.00000,0.00000
-291638.66162,-517956.47809,129.75500,354618237.84297,9.97000,429571.00000,3.97000,0.00000,0.00000,0.00000
-291503.41689,-517633.40330,128.75000,354618237.88986,9.83000,1640264.00000,4.34000,0.00000,0.00000,0.00000
-291149.35608,-517586.48642,127.42500,354618237.93676,9.65000,2076995.00000,4.90000,0.00000,0.00000,0.00000
-291012.76224,-517265.14104,127.44900,354618237.98365,9.59000,1170395.00000,4.18000,0.00000,0.00000,0.00000
-290807.01785,-517031.05910,127.48800,354618238.03054,9.51000,1142815.00000,5.09000,0.00000,0.00000,0.00000
-290582.62238,-516820.51136,128.17600,354618238.07744,9.20000,1141575.00000,4.58000,0.00000,0.00000,0.00000
-290405.08342,-516550.81904,129.87700,354618238.12433,8.77000,892601.00000,3.90000,0.00000,0.00000,0.00000
-290567.87645,-515851.73591,139.67100,354618238.17123,8.46000,3684092.00000,2.54000,0.00000,0.00000,0.00000
-290660.59663,-515241.07209,141.60600,354618238.21812,8.31000,1737487.00000,2.98000,0.00000,0.00000,0.00000
-290272.42958,-515237.19100,141.75400,354618238.26501,8.17000,2393171.00000,2.47000,0.00000,0.00000,0.00000
-289767.78835,-515380.25302,141.35900,354618238.31191,7.98000,3678280.00000,2.03000,0.00000,0.00000,0.00000
-289888.73719,-514734.00786,152.31400,354618238.35880,7.82000,1995119.00000,1.84000,0.00000,0.00000,0.00000
-289640.24577,-514553.88289,153.29100,354618238.40569,7.79000,4386295.00000,1.84000,0.00000,0.00000,0.00000
-289438.62005,-514314.63386,152.00100,354618238.45259,7.74000,1095098.00000,2.02000,0.00000,0.00000,0.00000
-289371.66502,-513905.46616,150.52900,354618238.49948,7.82000,3370516.00000,2.33000,0.00000,0.00000,0.00000
-289357.50090,-513429.73060,149.88700,354618238.54638,7.92000,2234540.00000,2.30000,0.00000,0.00000,0.00000
-289245.05702,-513077.96230,148.56700,354618238.59327,8.07000,328098.00000,1.90000,0.00000,0.00000,0.00000
-289034.80444,-512849.62171,145.80600,354618238.64016,8.34000,375609.00000,1.85000,0.00000,0.00000,0.00000
-288771.76853,-512687.84930,142.28300,354618238.68706,8.60000,396263.00000,1.92000,0.00000,0.00000,0.00000
-288353.13336,-512722.40305,138.23800,354618238.73395,8.79000,414556.00000,2.67000,0.00000,0.00000,0.00000
-287945.86464,-512742.59732,135.88200,354618238.78085,8.79000,220821.00000,4.14000,0.00000,0.00000,0.00000
-287423.02112,-512908.58178,135.47600,354618238.82774,8.78000,226997.00000,5.40000,0.00000,0.00000,0.00000
-287052.60164,-512882.27074,135.07100,354618238.87463,8.55000,1062737.00000,6.01000,0.00000,0.00000,0.00000
-286495.62920,-513091.29427,138.31600,354618238.92153,8.45000,400173.00000,3.37000,0.00000,0.00000,0.00000
-286180.26909,-512995.51625,140.86200,354618238.96842,8.46000,2667282.00000,2.53000,0.00000,0.00000,0.00000
-285926.78866,-512821.67286,141.65100,354618239.01532,8.68000,2655947.00000,1.84000,0.00000,0.00000,0.00000
-286737.62728,-511305.28578,123.08800,354618239.06221,8.94000,1754185.00000,2.13000,0.00000,0.00000,0.00000
-285469.43010,-512411.43771,136.15300,354618239.10911,9.17000,4696030.00000,2.06000,0.00000,0.00000,0.00000
-285402.05568,-512002.83928,126.87400,354618239.15600,9.47000,3320890.00000,2.37000,0.00000,0.00000,0.00000
-285339.70822,-511587.93407,125.08200,354618239.20290,9.79000,3535289.00000,2.46000,0.00000,0.00000,0.00000
-285052.57033,-511456.56365,130.60300,354618239.24979,10.01000,3596723.00000,2.40000,0.00000,0.00000,0.00000
-284886.92540,-511171.93629,130.40300,354618239.29669,10.01000,2288983.00000,2.24000,0.00000,0.00000,0.00000
-284654.85091,-510971.11546,130.94700,354618239.34358,9.86000,2712473.00000,2.33000,0.00000,0.00000,0.00000
-284436.42875,-510753.07487,130.77000,354618239.39048,9.66000,2497564.00000,2.61000,0.00000,0.00000,0.00000
-284256.23344,-510486.81928,130.58100,354618239.43737,9.52000,563812.00000,3.06000,0.00000,0.00000,0.00000
-284114.72403,-510171.77850,131.18200,354618239.48427,9.38000,493833.00000,3.66000,0.00000,0.00000,0.00000
-283960.01999,-509873.38301,131.60100,354618239.53116,9.15000,631797.00000,3.42000,0.00000,0.00000,0.00000
-283776.63977,-509611.13502,132.51100,354618239.57806,8.98000,669293.00000,3.64000,0.00000,0.00000,0.00000
-283618.74852,-509316.74743,132.93100,354618239.62495,8.84000,496618.00000,4.51000,0.00000,0.00000,0.00000
-283487.71504,-508988.50964,133.97000,354618239.67185,8.75000,256409.00000,4.86000,0.00000,0.00000,0.00000
-283381.25289,-508629.26795,134.76600,354618239.71875,8.56000,372344.00000,5.28000,0.00000,0.00000,0.00000
-283333.50449,-508196.00011,135.50700,354618239.76564,8.36000,190352.00000,5.66000,0.00000,0.00000,0.00000
-283349.47617,-507682.39605,136.49400,354618239.81254,8.29000,177463.00000,4.66000,0.00000,0.00000,0.00000
-283260.32089,-507301.35315,136.86300,354618239.85943,8.40000,267498.00000,3.99000,0.00000,0.00000,0.00000
-282976.84898,-507165.36651,135.45500,354618239.90633,8.58000,664937.00000,3.83000,0.00000,0.00000,0.00000
-282654.69215,-507078.15641,134.15900,354618239.95323,8.89000,2627032.00000,2.72000,0.00000,0.00000,0.00000
-282293.86128,-507039.73493,130.88100,354618240.00012,9.25000,1729978.00000,3.18000,0.00000,0.00000,0.00000
-282003.56480,-506912.34865,128.70000,354618240.04702,9.73000,864926.00000,3.22000,0.00000,0.00000,0.00000
-281675.95349,-506832.02640,126.51900,354618240.09391,9.97000,3339159.00000,3.27000,0.00000,0.00000,0.00000
-281290.09116,-506825.16299,120.58600,354618240.14081,10.25000,2571412.00000,3.79000,0.00000,0.00000,0.00000
-280691.67104,-507086.29206,117.10400,354618240.18771,10.51000,1119841.00000,4.05000,0.00000,0.00000,0.00000
-280810.99375,-506442.40705,122.20000,354618240.23460,10.47000,6098703.00000,4.14000,0.00000,0.00000,0.00000
-280510.23079,-506328.20805,121.45300,354618240.28150,10.44000,5997005.00000,3.42000,0.00000,0.00000,0.00000
-280194.91172,-506232.38486,120.56000,354618240.32839,10.52000,2743994.00000,4.28000,0.00000,0.00000,0.00000
-280016.58789,-505963.81803,120.27500,354618240.37529,10.38000,5809699.00000,3.57000,0.00000,0.00000,0.00000
-279649.83499,-505932.82761,119.74300,354618240.42219,10.37000,4598273.00000,3.59000,0.00000,0.00000,0.00000
-279282.62075,-505902.40467,119.24900,354618240.46908,10.37000,1250072.00000,3.76000,0.00000,0.00000,0.00000
-278818.45498,-505994.20831,117.75700,354618240.51598,10.50000,329401.00000,4.14000,0.00000,0.00000,0.00000
-278334.72237,-506110.69882,116.43000,354618240.56288,10.59000,316092.00000,5.33000,0.00000,0.00000,0.00000
-278258.81005,-505712.99050,115.37100,354618240.60977,10.73000,126731.00000,7.80000,0.00000,0.00000,0.00000
-278688.59931,-504677.73949,115.47800,354618240.65667,10.75000,275057.00000,6.53000,0.00000,0.00000,0.00000
-278736.05448,-504124.53321,115.54300,354618240.70357,10.16000,1334835.00000,5.14000,0.00000,0.00000,0.00000
-276823.50951,-506042.30941,112.69700,354618240.75046,9.51000,1503054.00000,4.18000,0.00000,0.00000,0.00000
-277939.99154,-503154.68008,124.13500,354618240.89116,8.61000,1608143.00000,3.45000,0.00000,0.00000,0.00000
-277856.83525,-502766.17564,122.79200,354618240.93805,8.67000,2044175.00000,3.30000,0.00000,0.00000,0.00000
-277764.11649,-502389.71332,122.49200,354618240.98495,8.83000,1779106.00000,3.80000,0.00000,0.00000,0.00000
-277716.92550,-501955.88300,122.38000,354618241.03185,9.19000,2470369.00000,4.14000,0.00000,0.00000,0.00000
-282454.31929,-494667.99984,126.14200,354671985.27538,8.53000,890614.00000,3.17000,0.00000,0.00000,1.00000
-282554.57878,-494965.99326,126.96600,354671985.32239,8.58000,1525195.00000,3.16000,0.00000,0.00000,1.00000
-280542.04705,-496116.70210,130.61400,354671985.46342,8.38000,1432972.00000,3.91000,0.00000,0.00000,1.00000
-279762.71396,-497130.48183,130.18800,354671985.60445,8.94000,232649.00000,3.89000,0.00000,0.00000,1.00000
-280083.92157,-497403.94642,130.20300,354671985.65146,9.01000,156915.00000,5.11000,0.00000,0.00000,1.00000
-280317.61851,-497687.13047,131.33300,354671985.69847,9.14000,371066.00000,4.62000,0.00000,0.00000,1.00000
-280467.44295,-497979.61564,132.20200,354671985.74548,9.28000,518639.00000,5.31000,0.00000,0.00000,1.00000
-280532.67079,-498281.49092,133.13500,354671985.79249,9.16000,254776.00000,4.75000,0.00000,0.00000,1.00000
-280464.43049,-498598.15816,133.56400,354671985.83950,9.27000,849132.00000,3.73000,0.00000,0.00000,1.00000
-280352.43684,-498919.68916,134.58600,354671985.88651,9.35000,967224.00000,3.07000,0.00000,0.00000,1.00000
-280191.58032,-499246.64219,135.52700,354671985.93352,9.42000,648139.00000,4.21000,0.00000,0.00000,1.00000
-282505.99743,-499299.10388,123.54100,354671985.98053,9.63000,339536.00000,4.73000,0.00000,0.00000,1.00000
-282882.63979,-499566.46678,124.56900,354671986.02754,9.62000,386030.00000,6.44000,0.00000,0.00000,1.00000
-282951.50242,-499867.94756,124.50600,354671986.07455,9.70000,269887.00000,8.33000,0.00000,0.00000,1.00000
-282730.83084,-500201.54817,123.32000,354671986.12156,9.87000,279838.00000,6.54000,0.00000,0.00000,1.00000
-282571.41774,-500528.35877,123.00100,354671986.16858,9.68000,774387.00000,5.59000,0.00000,0.00000,1.00000
-282876.58375,-500803.65676,123.22200,354671986.21559,9.52000,1336871.00000,4.17000,0.00000,0.00000,1.00000
-282746.34813,-501127.23141,120.70100,354671986.26260,9.56000,2331276.00000,3.77000,0.00000,0.00000,1.00000
-282427.93358,-501471.65126,117.57100,354671986.30961,9.57000,2226374.00000,3.56000,0.00000,0.00000,1.00000
-282302.05712,-501794.73236,116.54400,354671986.35662,9.51000,1513930.00000,3.45000,0.00000,0.00000,1.00000
-279430.22996,-502422.08248,125.38800,354671986.40363,9.65000,2191957.00000,3.67000,0.00000,0.00000,1.00000
-279006.77443,-502778.10649,124.89000,354671986.45064,9.75000,4864291.00000,4.41000,0.00000,0.00000,1.00000
-281792.39344,-502778.58752,112.37800,354671986.49765,10.01000,1851862.00000,4.20000,0.00000,0.00000,1.00000
-281456.44343,-503124.92441,112.00600,354671986.54466,10.28000,1292519.00000,5.03000,0.00000,0.00000,1.00000
-281380.87230,-503442.42239,112.08800,354671986.59167,10.44000,1163640.00000,5.14000,0.00000,0.00000,1.00000
-281452.62897,-503743.60272,112.42600,354671986.63869,10.73000,736351.00000,6.19000,0.00000,0.00000,1.00000
-281091.14534,-504092.76645,113.17500,354671986.68570,11.06000,1064286.00000,6.84000,0.00000,0.00000,1.00000
-282559.60055,-504239.23851,118.31100,354671986.73271,11.44000,969733.00000,7.52000,0.00000,0.00000,1.00000
-283454.77031,-504449.21725,125.66300,354671986.77972,11.24000,955139.00000,6.43000,0.00000,0.00000,1.00000
-283276.35388,-504778.11860,125.13400,354671986.82673,10.95000,255079.00000,9.55000,0.00000,0.00000,1.00000
-283000.92233,-505117.75319,125.20000,354671986.87374,10.96000,216891.00000,9.80000,0.00000,0.00000,1.00000
-283086.52783,-505417.42199,126.46000,354671986.92075,10.86000,89274.00000,8.49000,0.00000,0.00000,1.00000
-283281.52080,-505704.96093,128.87600,354671986.96776,10.66000,591985.00000,6.12000,0.00000,0.00000,1.00000
-283413.78994,-505999.45600,131.50600,354671987.01477,10.26000,485600.00000,4.77000,0.00000,0.00000,1.00000
-283342.56394,-506316.47170,133.01100,354671987.06178,9.78000,1987403.00000,3.49000,0.00000,0.00000,1.00000
-282429.68198,-506726.67565,126.81000,354671987.10879,9.37000,3453872.00000,2.79000,0.00000,0.00000,1.00000
-281987.94737,-507084.70554,124.13900,354671987.15581,9.27000,2596319.00000,2.53000,0.00000,0.00000,1.00000
-283054.50013,-507275.78410,136.13500,354671987.20282,9.29000,3678846.00000,2.67000,0.00000,0.00000,1.00000
-282931.49431,-507598.54141,135.31200,354671987.24983,9.40000,1488860.00000,2.46000,0.00000,0.00000,1.00000
-282832.54517,-507918.62048,134.94900,354671987.29684,9.40000,3123918.00000,2.47000,0.00000,0.00000,1.00000
-282622.73277,-508250.97068,134.38100,354671987.34385,9.34000,4223838.00000,2.49000,0.00000,0.00000,1.00000
-282600.36975,-508562.58459,133.86500,354671987.39086,9.28000,6638714.00000,2.48000,0.00000,0.00000,1.00000
-282455.46431,-508887.75230,134.06400,354671987.43787,9.18000,3635019.00000,2.56000,0.00000,0.00000,1.00000
-282341.92351,-509209.45209,133.60700,354671987.48488,9.27000,3325059.00000,2.55000,0.00000,0.00000,1.00000
-282162.00366,-509538.48820,132.82500,354671987.53189,9.39000,1862610.00000,3.04000,0.00000,0.00000,1.00000
-282076.16590,-509857.10672,132.50700,354671987.57891,9.42000,1425249.00000,2.41000,0.00000,0.00000,1.00000
-282072.74687,-510166.61196,131.57100,354671987.62592,9.45000,1885634.00000,2.93000,0.00000,0.00000,1.00000
-282072.97707,-510475.72256,131.44600,354671987.67293,9.55000,503887.00000,3.30000,0.00000,0.00000,1.00000
-281957.22496,-510797.64556,130.51000,354671987.71994,9.55000,288560.00000,3.59000,0.00000,0.00000,1.00000
-281822.51181,-511121.67624,129.95400,354671987.76695,9.58000,590790.00000,3.51000,0.00000,0.00000,1.00000
-281687.79704,-511445.71008,129.26600,354671987.81396,9.64000,288048.00000,3.96000,0.00000,0.00000,1.00000
-281544.31731,-511770.69107,128.30700,354671987.86097,9.60000,637840.00000,3.45000,0.00000,0.00000,1.00000
-282058.02971,-512023.02307,123.04200,354671987.90798,9.73000,2352458.00000,4.46000,0.00000,0.00000,1.00000
-282325.93408,-512302.53747,121.98300,354671987.95499,10.16000,1069143.00000,6.18000,0.00000,0.00000,1.00000
-281497.53872,-512703.24791,122.43900,354671988.00200,10.48000,439133.00000,5.49000,0.00000,0.00000,1.00000
-283201.64749,-512824.00533,121.51600,354671988.04901,10.44000,2894776.00000,5.05000,0.00000,0.00000,1.00000
-282344.78769,-513227.85290,122.17500,354671988.09603,10.38000,1439268.00000,4.81000,0.00000,0.00000,1.00000
-282218.07276,-513550.99745,121.55100,354671988.14304,10.48000,289388.00000,6.29000,0.00000,0.00000,1.00000
-283132.22844,-513759.10105,122.73700,354671988.19005,10.34000,270405.00000,7.34000,0.00000,0.00000,1.00000
-283184.95372,-514062.42685,121.80500,354671988.23706,10.38000,1542801.00000,5.54000,0.00000,0.00000,1.00000
-282373.30464,-514461.25180,117.82200,354671988.28407,10.30000,2024622.00000,5.83000,0.00000,0.00000,1.00000
-281910.31222,-514821.54453,115.67300,354671988.33108,10.37000,3007952.00000,5.86000,0.00000,0.00000,1.00000
-282270.10866,-515090.92261,115.85700,354671988.37809,10.24000,2931310.00000,5.19000,0.00000,0.00000,1.00000
-286867.95611,-514892.03594,126.33200,354671988.42510,10.37000,1978618.00000,4.08000,0.00000,0.00000,1.00000
-282036.32563,-515735.00812,115.15800,354671988.47212,10.53000,3203500.00000,4.54000,0.00000,0.00000,1.00000
-281494.53460,-516103.98996,114.57400,354671988.51913,10.55000,2375985.00000,4.72000,0.00000,0.00000,1.00000
-281617.43262,-516708.68734,112.91800,354671988.61315,10.82000,1980929.00000,7.12000,0.00000,0.00000,1.00000
-284436.40213,-517015.65853,108.75900,354671988.70718,10.98000,5856345.00000,4.58000,0.00000,0.00000,1.00000
-282868.95826,-517497.90272,107.90900,354671988.75419,11.03000,389275.00000,5.72000,0.00000,0.00000,1.00000
