-311413.15323,-489110.36758,156.32300,640270517.92098,10.58000,639030.00000,4.62000,0.00000,0.00000,0.00000
-311128.94262,-488980.00535,155.49200,640270517.96807,10.63000,699050.00000,4.45000,0.00000,0.00000,0.00000
-310975.55637,-488662.33167,155.14700,640270518.01515,10.65000,162508.00000,4.61000,0.00000,0.00000,0.00000
-310837.73009,-488322.36146,154.92200,640270518.06224,10.78000,423712.00000,5.16000,0.00000,0.00000,0.00000
-310605.69893,-488117.33193,154.72400,640270518.10932,10.99000,401966.00000,4.05000,0.00000,0.00000,0.00000
-310268.50340,-488062.86437,153.39400,640270518.15640,10.95000,500756.00000,4.80000,0.00000,0.00000,0.00000
-309933.42107,-488005.39965,151.61700,640270518.20349,11.18000,333073.00000,5.66000,0.00000,0.00000,0.00000
-309408.62220,-488219.56590,151.09300,640270518.25057,11.47000,416653.00000,8.80000,0.00000,0.00000,0.00000
-308691.59516,-488708.99288,153.27500,640270518.29766,11.50000,533772.00000,6.96000,0.00000,0.00000,0.00000
-308708.58008,-488147.36695,150.41700,640270518.34474,11.32000,2265937.00000,5.56000,0.00000,0.00000,0.00000
-308292.30574,-488206.12163,152.47100,640270518.39182,10.91000,732595.00000,4.39000,0.00000,0.00000,0.00000
-309494.67984,-485947.17337,147.92100,640270518.43891,10.46000,3209912.00000,3.55000,0.00000,0.00000,0.00000
-309641.24083,-485200.04336,148.79100,640270518.48599,10.38000,2259713.00000,4.18000,0.00000,0.00000,0.00000
-308951.99171,-485649.71858,148.66800,640270518.53308,10.31000,448393.00000,3.63000,0.00000,0.00000,0.00000
-306864.46516,-488101.37130,165.05500,640270518.58016,10.15000,2248622.00000,3.59000,0.00000,0.00000,0.00000
-306905.02473,-487506.02545,162.74700,640270518.62724,9.96000,301159.00000,4.40000,0.00000,0.00000,0.00000
-307044.45521,-486769.15364,162.34200,640270518.67433,10.00000,259959.00000,4.89000,0.00000,0.00000,0.00000
-307110.68944,-486137.07430,163.11000,640270518.72141,9.92000,214790.00000,4.87000,0.00000,0.00000,0.00000
-307119.71714,-485586.90983,164.31100,640270518.76850,9.85000,273660.00000,3.78000,0.00000,0.00000,0.00000
-307093.41482,-485087.34232,166.34200,640270518.81558,9.67000,359684.00000,4.05000,0.00000,0.00000,0.00000
-306943.86627,-484764.24678,167.51500,640270518.86266,9.57000,243545.00000,4.15000,0.00000,0.00000,0.00000
-306763.60592,-484485.10600,167.54400,640270518.90975,9.57000,425931.00000,3.05000,0.00000,0.00000,0.00000
-306576.61911,-484215.59852,166.52300,640270518.95683,9.49000,696218.00000,2.89000,0.00000,0.00000,0.00000
-306419.09495,-483903.94535,163.12600,640270519.00392,9.52000,2392448.00000,3.39000,0.00000,0.00000,0.00000
-306421.84162,-483362.81857,161.80400,640270519.05100,9.96000,1075210.00000,4.28000,0.00000,0.00000,0.00000
-306046.40961,-483363.11496,155.70100,640270519.09808,10.31000,2835119.00000,5.06000,0.00000,0.00000,0.00000
-306115.21618,-482727.45112,158.07800,640270519.14517,10.75000,573709.00000,8.97000,0.00000,0.00000,0.00000
-305762.91444,-482694.63186,159.00400,640270519.19225,10.93000,216045.00000,8.92000,0.00000,0.00000,0.00000
-304819.94766,-483507.33549,158.07300,640270519.23934,11.12000,201467.00000,10.26000,0.00000,0.00000,0.00000
-304356.99810,-483632.88791,158.44200,640270519.28642,10.96000,120856.00000,12.11000,0.00000,0.00000,0.00000
-304126.27798,-483426.01045,159.88700,640270519.33350,10.45000,110883.00000,9.35000,0.00000,0.00000,0.00000
-304033.97448,-483020.99963,160.94700,640270519.38059,10.23000,213400.00000,9.10000,0.00000,0.00000,0.00000
-303864.25842,-482726.79315,164.12400,640270519.42767,9.59000,275819.00000,5.81000,0.00000,0.00000,0.00000
-303684.87269,-482446.44439,166.25300,640270519.47476,9.56000,183790.00000,5.92000,0.00000,0.00000,0.00000
-303412.51351,-482299.18432,167.44800,640270519.52184,9.28000,134107.00000,5.34000,0.00000,0.00000,0.00000
-303112.38454,-482191.65942,166.84300,640270519.56892,9.12000,229627.00000,6.01000,0.00000,0.00000,0.00000
-303005.78837,-481807.12076,167.48000,640270519.61601,9.29000,217838.00000,5.16000,0.00000,0.00000,0.00000
-302669.90294,-481750.78083,167.30000,640270519.66309,9.33000,266655.00000,5.82000,0.00000,0.00000,0.00000
-302286.89983,-481761.88288,165.60600,640270519.71018,9.72000,190197.00000,8.15000,0.00000,0.00000,0.00000
-302170.21904,-481391.79680,165.82800,640270519.75726,9.82000,73987.00000,7.40000,0.00000,0.00000,0.00000
-301817.09205,-481360.14771,166.01700,640270519.80434,9.58000,207375.00000,7.75000,0.00000,0.00000,0.00000
-301459.74384,-481334.49698,165.69500,640270519.85143,9.79000,115649.00000,8.78000,0.00000,0.00000,0.00000
-301184.45017,-481191.43103,166.10600,640270519.89851,9.67000,192075.00000,8.32000,0.00000,0.00000,0.00000
-300991.62162,-480930.33452,167.03300,640270519.94560,9.04000,288066.00000,7.37000,0.00000,0.00000,0.00000
-300726.01404,-480773.42133,168.68700,640270519.99268,8.85000,125865.00000,5.23000,0.00000,0.00000,0.00000
-300184.38220,-481011.50383,168.20700,640270520.03976,8.97000,157806.00000,6.02000,0.00000,0.00000,0.00000
-299878.79733,-480911.78193,167.74800,640270520.08685,9.18000,315206.00000,6.34000,0.00000,0.00000,0.00000
-299636.32992,-480721.73762,166.40400,640270520.13393,9.64000,112255.00000,8.24000,0.00000,0.00000,0.00000
-299420.37234,-480493.75678,165.92900,640270520.18101,9.57000,237219.00000,7.28000,0.00000,0.00000,0.00000
-307489.44836,-485036.03952,162.14100,640324264.39638,10.96000,1524841.00000,4.88000,0.00000,0.00000,1.00000
-309745.08859,-485269.89928,153.19200,640324264.49047,10.85000,787160.00000,3.88000,0.00000,0.00000,1.00000
-310277.01771,-486113.90578,149.45000,640324264.63162,10.80000,612645.00000,5.77000,0.00000,0.00000,1.00000
-309477.85558,-486564.09166,149.80600,640324264.67866,10.70000,255241.00000,6.11000,0.00000,0.00000,1.00000
-308816.14826,-486990.48706,151.47000,640324264.72571,10.40000,681259.00000,5.69000,0.00000,0.00000,1.00000
-308768.68872,-487310.68793,152.62800,640324264.77276,10.37000,1493501.00000,5.72000,0.00000,0.00000,1.00000
-308873.88048,-487604.49114,153.74000,640324264.81981,10.38000,441361.00000,6.18000,0.00000,0.00000,1.00000
-308194.08008,-488033.98483,157.65300,640324264.86685,10.75000,871600.00000,5.33000,0.00000,0.00000,1.00000
-307994.67467,-488380.42730,159.70500,640324264.91390,10.65000,311028.00000,4.91000,0.00000,0.00000,1.00000
-308408.77930,-488620.81825,158.60200,640324264.96095,10.46000,986656.00000,5.22000,0.00000,0.00000,1.00000
-308434.36734,-488928.36564,158.79500,640324265.00800,10.46000,343879.00000,6.10000,0.00000,0.00000,1.00000
-310094.34960,-488953.45167,155.29400,640324265.05504,10.68000,588684.00000,6.49000,0.00000,0.00000,1.00000
-311122.70855,-489087.68525,155.52300,640324265.10209,10.62000,352987.00000,5.23000,0.00000,0.00000,1.00000
-310802.46575,-489455.03389,151.24000,640324265.14914,10.52000,2676479.00000,5.05000,0.00000,0.00000,1.00000
-311257.82226,-489688.33234,151.00300,640324265.19618,10.61000,2550838.00000,4.12000,0.00000,0.00000,1.00000
-310908.62323,-490060.67666,155.62500,640324265.24323,10.75000,2079240.00000,4.06000,0.00000,0.00000,1.00000
-311225.07116,-490318.00291,146.67500,640324265.29028,10.91000,1634456.00000,5.06000,0.00000,0.00000,1.00000
-310689.20014,-490722.60460,153.99900,640324265.33733,10.90000,2027980.00000,5.27000,0.00000,0.00000,1.00000
-310633.74269,-491044.17719,154.11500,640324265.38437,10.74000,521226.00000,5.99000,0.00000,0.00000,1.00000
-310736.73828,-491338.38086,153.95500,640324265.43142,11.09000,297923.00000,7.11000,0.00000,0.00000,1.00000
-311093.68503,-491588.70150,153.84600,640324265.47847,11.33000,215395.00000,7.90000,0.00000,0.00000,1.00000
-311587.37723,-491815.40271,154.07200,640324265.52552,11.28000,239309.00000,7.55000,0.00000,0.00000,1.00000
-311987.98325,-492370.19536,154.33800,640324265.61961,11.20000,129885.00000,8.03000,0.00000,0.00000,1.00000
-311582.80772,-493376.19814,148.47200,640324265.76075,11.04000,4718808.00000,4.21000,0.00000,0.00000,1.00000
-311149.63539,-493763.00883,147.28100,640324265.80780,10.93000,2958927.00000,6.06000,0.00000,0.00000,1.00000
-310903.13942,-494117.58387,147.21800,640324265.85485,10.84000,4228249.00000,5.28000,0.00000,0.00000,1.00000
-310320.90505,-494530.11423,148.17000,640324265.90189,10.52000,3257234.00000,5.14000,0.00000,0.00000,1.00000
-310719.80699,-494773.22252,147.04700,640324265.94894,10.82000,1200141.00000,6.54000,0.00000,0.00000,1.00000
-311246.05622,-494994.34568,146.35600,640324265.99599,10.83000,759961.00000,6.68000,0.00000,0.00000,1.00000
-311232.52774,-495308.67466,146.72900,640324266.04303,10.35000,2160326.00000,5.22000,0.00000,0.00000,1.00000
-310657.51349,-495719.94862,147.96100,640324266.09008,10.00000,741117.00000,3.78000,0.00000,0.00000,1.00000
-308992.28833,-496631.41725,147.04900,640324266.18417,9.86000,543108.00000,4.13000,0.00000,0.00000,1.00000
-307220.51749,-497249.25045,158.18700,640324266.23122,9.84000,391867.00000,4.09000,0.00000,0.00000,1.00000
-309042.13572,-498806.60642,147.94200,640324266.51349,8.87000,2311917.00000,2.50000,0.00000,0.00000,1.00000
-311199.11297,-498384.85071,144.48700,640443170.64728,8.52000,3635657.00000,4.11000,0.00000,0.00000,0.00000
-311662.78690,-496689.93662,151.35500,640443170.74141,9.78000,864068.00000,4.29000,0.00000,0.00000,0.00000
-311030.59663,-497040.92782,145.36000,640443170.78847,10.42000,363760.00000,6.37000,0.00000,0.00000,0.00000
-310204.21441,-497661.20266,143.02800,640443170.83554,10.50000,199299.00000,8.74000,0.00000,0.00000,0.00000
-309632.56100,-497928.16762,141.74400,640443170.88261,10.14000,591665.00000,5.52000,0.00000,0.00000,0.00000
-309728.04334,-497269.87800,141.48500,640443170.92967,10.08000,356011.00000,5.91000,0.00000,0.00000,0.00000
-309585.11656,-496942.25554,141.46800,640443170.97674,9.92000,457654.00000,5.20000,0.00000,0.00000,0.00000
-309249.30196,-496882.12971,142.10400,640443171.02381,10.03000,617555.00000,3.82000,0.00000,0.00000,0.00000
-309047.94386,-496635.51518,143.92900,640443171.07087,10.07000,622037.00000,3.84000,0.00000,0.00000,0.00000
-308188.02667,-497302.20526,150.93600,640443171.11794,9.93000,862674.00000,4.48000,0.00000,0.00000,0.00000
-308272.35663,-496659.42059,152.56100,640443171.16501,9.39000,292658.00000,4.15000,0.00000,0.00000,0.00000
-308131.58712,-496328.81470,156.47800,640443171.21207,9.22000,549092.00000,3.23000,0.00000,0.00000,0.00000
-307879.97240,-496151.89920,160.23600,640443171.25914,9.07000,2047920.00000,2.79000,0.00000,0.00000,0.00000
-307638.68077,-495960.69788,161.52400,640443171.30621,8.98000,1245204.00000,3.05000,0.00000,0.00000,0.00000
-307405.12124,-495758.76218,160.57300,640443171.35327,8.97000,1899814.00000,2.31000,0.00000,0.00000,0.00000
-307236.86759,-495466.28298,157.81600,640443171.40034,9.06000,6341957.00000,2.47000,0.00000,0.00000,0.00000
-307129.18353,-495089.79231,155.24000,640443171.44741,9.22000,1460890.00000,2.60000,0.00000,0.00000,0.00000
-306942.89105,-494822.32787,152.05200,640443171.49447,9.32000,1653082.00000,3.18000,0.00000,0.00000,0.00000
-306766.47722,-494541.15111,149.67600,640443171.54154,9.37000,542433.00000,3.19000,0.00000,0.00000,0.00000
-306624.87527,-494211.74095,149.05800,640443171.58861,9.41000,315733.00000,4.32000,0.00000,0.00000,0.00000
-306486.27873,-493878.15450,149.58100,640443171.63567,9.48000,527347.00000,4.10000,0.00000,0.00000,0.00000
-306301.71305,-493608.30570,150.39600,640443171.68274,9.39000,474397.00000,4.79000,0.00000,0.00000,0.00000
-306073.75942,-493398.62634,150.85200,640443171.72981,9.22000,532744.00000,4.01000,0.00000,0.00000,0.00000
-305848.38366,-493185.36207,150.12800,640443171.77688,9.23000,438134.00000,4.41000,0.00000,0.00000,0.00000
-305640.20252,-492948.28156,149.91000,640443171.82394,9.22000,283180.00000,4.66000,0.00000,0.00000,0.00000
-305293.24556,-492903.60141,148.62600,640443171.87101,9.37000,290015.00000,5.60000,0.00000,0.00000,0.00000
-305095.80451,-492651.61531,148.05000,640443171.91808,9.40000,211505.00000,6.01000,0.00000,0.00000,0.00000
-305343.05447,-491783.11411,150.51600,640443171.96514,9.33000,279441.00000,5.44000,0.00000,0.00000,0.00000
-305397.82373,-491181.46851,151.64800,640443172.01221,9.03000,369117.00000,4.45000,0.00000,0.00000,0.00000
-305342.18092,-490732.91968,152.74800,640443172.05928,8.99000,455036.00000,4.30000,0.00000,0.00000,0.00000
-304553.97790,-491299.97733,149.05700,640443172.10634,8.99000,674446.00000,3.67000,0.00000,0.00000,0.00000
-304414.13734,-490968.17307,146.44200,640443172.15341,9.10000,1060763.00000,3.54000,0.00000,0.00000,0.00000
-303897.46808,-491158.78704,150.88200,640443172.20048,9.26000,4655274.00000,2.67000,0.00000,0.00000,0.00000
-301323.83100,-494200.81565,113.75500,640443172.24755,9.38000,2027533.00000,2.21000,0.00000,0.00000,0.00000
-301328.37191,-493668.83682,114.71100,640443172.29461,9.42000,924330.00000,2.30000,0.00000,0.00000,0.00000
-301309.27358,-493169.61881,116.45200,640443172.34168,9.49000,1919162.00000,3.45000,0.00000,0.00000,0.00000
-301264.82805,-492705.54970,119.62400,640443172.38875,9.58000,742121.00000,2.94000,0.00000,0.00000,0.00000
-301289.56741,-492145.57848,121.88000,640443172.43582,9.62000,895160.00000,4.68000,0.00000,0.00000,0.00000
-300852.79811,-492225.35116,122.80900,640443172.48288,9.86000,328802.00000,6.24000,0.00000,0.00000,0.00000
-300675.57389,-491945.33943,123.59200,640443172.52995,9.84000,345278.00000,4.32000,0.00000,0.00000,0.00000
-300408.11420,-491790.42201,124.14100,640443172.57702,9.74000,2428365.00000,3.06000,0.00000,0.00000,0.00000
-302094.98021,-488926.60570,146.75900,640443172.62409,9.58000,836675.00000,2.91000,0.00000,0.00000,0.00000
-301878.67358,-488700.81834,145.95500,640443172.67115,9.51000,763743.00000,4.89000,0.00000,0.00000,0.00000
-301819.22014,-488257.64338,147.26500,640443172.71822,9.37000,351004.00000,5.59000,0.00000,0.00000,0.00000
-301659.63960,-487953.24193,148.79300,640443172.76529,9.24000,174694.00000,6.08000,0.00000,0.00000,0.00000
-301238.37231,-488011.56333,148.11700,640443172.81236,9.21000,143762.00000,6.51000,0.00000,0.00000,0.00000
-300726.00455,-488196.14531,146.55500,640443172.85942,9.24000,123437.00000,8.71000,0.00000,0.00000,0.00000
-300267.77381,-488305.67001,145.85300,640443172.90649,9.22000,573440.00000,6.43000,0.00000,0.00000,0.00000
-299908.80746,-488277.61190,145.19400,640443172.95356,9.36000,264285.00000,5.67000,0.00000,0.00000,0.00000
-299677.47078,-488072.65817,145.42000,640443173.00063,9.43000,298595.00000,5.49000,0.00000,0.00000,0.00000
-299618.88824,-487628.27649,146.61600,640443173.04769,9.51000,166688.00000,6.04000,0.00000,0.00000,0.00000
-299610.16413,-487114.82222,148.62000,640443173.09476,9.47000,241058.00000,5.87000,0.00000,0.00000,0.00000
-299532.25921,-486697.26715,150.93400,640443173.14183,9.38000,845484.00000,4.01000,0.00000,0.00000,0.00000
-299216.27819,-486609.64575,151.48500,640443173.18889,9.35000,2561808.00000,4.51000,0.00000,0.00000,0.00000
-298934.67594,-486474.37419,152.12100,640443173.23596,9.31000,385919.00000,5.17000,0.00000,0.00000,0.00000
-298641.47344,-486355.18751,153.66800,640443173.28303,9.05000,600859.00000,3.52000,0.00000,0.00000,0.00000
-298224.50800,-486407.51345,153.21600,640443173.33009,8.63000,1483710.00000,4.20000,0.00000,0.00000,0.00000
-297959.24174,-486249.60399,153.76100,640443173.37716,8.53000,313500.00000,4.20000,0.00000,0.00000,0.00000
-297590.84108,-486234.62943,153.41500,640443173.42423,8.55000,235388.00000,4.96000,0.00000,0.00000,0.00000
-297285.60401,-486132.08421,152.52900,640443173.47129,8.59000,186962.00000,6.27000,0.00000,0.00000,0.00000
-297019.91592,-485974.76311,151.56900,640443173.51836,8.94000,355618.00000,5.99000,0.00000,0.00000,0.00000
-296733.16938,-485846.61674,150.51700,640443173.56543,9.12000,85217.00000,7.77000,0.00000,0.00000,0.00000
-296781.65505,-485253.97571,152.12800,640443173.61250,9.34000,136798.00000,7.97000,0.00000,0.00000,0.00000
-296647.48239,-484914.42195,152.95300,640443173.65956,9.20000,525456.00000,5.47000,0.00000,0.00000,0.00000
-295802.88747,-485559.25091,148.56000,640443173.70663,8.99000,2279680.00000,3.26000,0.00000,0.00000,0.00000
-295299.08786,-485731.84081,155.67000,640443173.75370,8.75000,3307778.00000,2.17000,0.00000,0.00000,0.00000
-294880.82111,-485785.89961,156.11900,640443173.80076,8.77000,975166.00000,2.97000,0.00000,0.00000,0.00000
-294599.24069,-485650.60136,156.10000,640443173.84783,8.83000,209391.00000,4.20000,0.00000,0.00000,0.00000
-294382.55709,-485425.37593,156.10600,640443173.89490,8.55000,543194.00000,3.18000,0.00000,0.00000,0.00000
-294171.02931,-485192.99252,155.45900,640443173.94196,8.50000,2647166.00000,3.13000,0.00000,0.00000,0.00000
-293222.37566,-485981.86516,138.66100,640443173.98903,9.05000,1008819.00000,3.94000,0.00000,0.00000,0.00000
-291854.16639,-487351.93165,141.10200,640443174.03610,9.51000,3201826.00000,4.66000,0.00000,0.00000,0.00000
-292132.22721,-486441.28903,138.67800,640443174.08317,9.94000,891754.00000,7.70000,0.00000,0.00000,0.00000
-291253.14897,-487133.66597,140.70700,640443174.13023,10.45000,285622.00000,9.64000,0.00000,0.00000,0.00000
-290806.05757,-487227.58102,140.78500,640443174.17730,9.96000,701473.00000,7.02000,0.00000,0.00000,0.00000
-290621.18412,-486958.26255,140.29000,640443174.22437,9.62000,206645.00000,5.63000,0.00000,0.00000,0.00000
-290756.12558,-486245.92061,136.80100,640443174.27143,9.24000,286254.00000,6.37000,0.00000,0.00000,0.00000
-290793.92183,-485668.15173,133.22800,640443174.31850,9.27000,770496.00000,7.78000,0.00000,0.00000,0.00000
-300780.53395,-480731.46800,166.69300,640496917.06958,9.34000,292884.00000,5.05000,0.00000,0.00000,1.00000
-300668.11962,-481060.21503,166.43900,640496917.11660,9.40000,451259.00000,6.00000,0.00000,0.00000,1.00000
-300607.16444,-481380.84809,166.41700,640496917.16362,9.46000,164176.00000,7.45000,0.00000,0.00000,1.00000
-300752.80996,-481668.96140,165.87700,640496917.21064,9.60000,201330.00000,8.81000,0.00000,0.00000,1.00000
-301250.04349,-481901.73904,165.86000,640496917.25766,9.48000,105717.00000,7.82000,0.00000,0.00000,1.00000
-301581.99412,-482160.53806,165.43000,640496917.30468,9.29000,179012.00000,7.85000,0.00000,0.00000,1.00000
-301864.64354,-482427.09364,165.22400,640496917.35170,9.49000,155231.00000,7.81000,0.00000,0.00000,1.00000
-301895.02384,-482733.36966,164.96200,640496917.39872,9.71000,104572.00000,8.93000,0.00000,0.00000,1.00000
-301909.45281,-483042.15698,164.93800,640496917.44574,9.54000,127234.00000,6.90000,0.00000,0.00000,1.00000
-301890.53255,-483356.19573,165.22500,640496917.49276,9.23000,235011.00000,5.01000,0.00000,0.00000,1.00000
-301935.40121,-483660.18822,164.93300,640496917.53978,9.33000,294143.00000,4.17000,0.00000,0.00000,1.00000
-301912.85322,-483974.79772,164.72300,640496917.58680,9.37000,626842.00000,4.10000,0.00000,0.00000,1.00000
-305727.50450,-483685.52219,157.71500,640496917.63382,9.63000,329629.00000,5.20000,0.00000,0.00000,1.00000
-305912.29218,-483967.53229,159.51900,640496917.68085,9.88000,226277.00000,5.39000,0.00000,0.00000,1.00000
-305864.36163,-484286.16435,160.17100,640496917.72787,10.00000,656573.00000,4.73000,0.00000,0.00000,1.00000
-301975.58354,-485209.13884,161.32800,640496917.77489,9.79000,460916.00000,5.25000,0.00000,0.00000,1.00000
-302382.91533,-485456.11179,161.23300,640496917.82191,9.92000,3351911.00000,3.94000,0.00000,0.00000,1.00000
-303991.53154,-485514.09753,153.33700,640496917.86893,9.89000,638763.00000,3.99000,0.00000,0.00000,1.00000
-303419.44342,-485915.17241,151.13000,640496917.91595,9.85000,558105.00000,4.40000,0.00000,0.00000,1.00000
-303930.45158,-486145.84760,151.82700,640496917.96297,9.88000,311676.00000,4.83000,0.00000,0.00000,1.00000
-304579.93451,-486354.75273,152.69400,640496918.00999,10.00000,680845.00000,5.39000,0.00000,0.00000,1.00000
-303485.12260,-486838.03583,149.07300,640496918.05701,10.08000,661487.00000,5.44000,0.00000,0.00000,1.00000
-304342.67406,-487014.22593,150.14700,640496918.10403,10.08000,1530984.00000,5.66000,0.00000,0.00000,1.00000
-304446.24878,-487309.01220,149.21000,640496918.15105,10.13000,3219039.00000,5.12000,0.00000,0.00000,1.00000
-302906.27172,-487862.28155,149.89300,640496918.19807,10.16000,988474.00000,4.93000,0.00000,0.00000,1.00000
-303627.52200,-488059.92828,150.74800,640496918.24510,10.31000,740677.00000,5.71000,0.00000,0.00000,1.00000
-304630.78749,-488213.22846,153.89700,640496918.29212,10.32000,984808.00000,5.90000,0.00000,0.00000,1.00000
-305011.28290,-488464.46046,155.71800,640496918.33914,10.37000,467603.00000,5.67000,0.00000,0.00000,1.00000
-305499.80194,-488698.71677,158.85700,640496918.38616,10.22000,648248.00000,5.51000,0.00000,0.00000,1.00000
-305589.58520,-488995.69451,160.26700,640496918.43318,9.81000,443027.00000,4.49000,0.00000,0.00000,1.00000
-304844.19819,-489423.97368,152.29200,640496918.48020,9.76000,2282104.00000,4.74000,0.00000,0.00000,1.00000
-305062.30339,-489700.76336,152.31000,640496918.52722,9.54000,2411584.00000,4.61000,0.00000,0.00000,1.00000
-305181.08102,-489993.17049,152.45800,640496918.57424,9.53000,2696997.00000,3.66000,0.00000,0.00000,1.00000
-305284.63501,-490287.97211,151.39300,640496918.62126,9.37000,2493872.00000,4.03000,0.00000,0.00000,1.00000
-304638.52771,-490700.62094,149.81400,640496918.66829,9.30000,652552.00000,3.68000,0.00000,0.00000,1.00000
-305092.25977,-490940.38177,148.90100,640496918.71531,9.44000,675534.00000,4.10000,0.00000,0.00000,1.00000
-304697.00134,-491313.59203,146.54200,640496918.76233,9.81000,397470.00000,5.12000,0.00000,0.00000,1.00000
-304517.78637,-491652.83567,145.61800,640496918.80935,9.77000,611319.00000,4.76000,0.00000,0.00000,1.00000
-304383.51575,-491985.01087,145.88300,640496918.85637,9.82000,648578.00000,5.68000,0.00000,0.00000,1.00000
-304622.62903,-492258.51018,146.58100,640496918.90339,9.86000,275038.00000,5.32000,0.00000,0.00000,1.00000
-304761.68900,-492547.73769,147.33200,640496918.95041,9.67000,218357.00000,4.55000,0.00000,0.00000,1.00000
-304826.78941,-492848.58217,148.05400,640496918.99743,9.83000,145869.00000,4.56000,0.00000,0.00000,1.00000
-304909.29388,-493146.69712,148.35400,640496919.04445,9.87000,209912.00000,4.35000,0.00000,0.00000,1.00000
-305010.64115,-493441.84185,148.15200,640496919.09147,9.72000,250139.00000,3.96000,0.00000,0.00000,1.00000
-305097.49416,-493739.27894,147.68100,640496919.13849,9.87000,1273069.00000,5.09000,0.00000,0.00000,1.00000
-305162.59903,-494040.14211,147.02500,640496919.18552,9.97000,339811.00000,5.38000,0.00000,0.00000,1.00000
-305240.01593,-494339.05122,146.84500,640496919.23254,9.94000,690174.00000,5.34000,0.00000,0.00000,1.00000
-305248.55885,-494648.78492,144.92200,640496919.27956,10.04000,176513.00000,5.70000,0.00000,0.00000,1.00000
-305918.33492,-494854.65839,146.29000,640496919.32658,10.22000,126853.00000,8.84000,0.00000,0.00000,1.00000
-306751.96386,-495034.79521,149.92600,640496919.37360,10.18000,283421.00000,7.03000,0.00000,0.00000,1.00000
-305772.28367,-495499.77645,143.03600,640496919.42062,9.88000,1003167.00000,6.08000,0.00000,0.00000,1.00000
-305290.68537,-495886.49680,139.88800,640496919.46764,9.85000,159569.00000,5.70000,0.00000,0.00000,1.00000
-305074.45256,-496231.54180,137.52700,640496919.51466,9.78000,339842.00000,6.91000,0.00000,0.00000,1.00000
-304965.52035,-496559.72539,135.41900,640496919.56168,9.72000,291123.00000,4.58000,0.00000,0.00000,1.00000
-304931.99676,-496876.07718,133.40300,640496919.60870,9.65000,309869.00000,3.67000,0.00000,0.00000,1.00000
-305192.11452,-497146.30274,131.55200,640496919.65573,9.59000,470409.00000,3.68000,0.00000,0.00000,1.00000
-304360.28813,-497588.00393,126.42600,640496919.70275,9.79000,406764.00000,3.76000,0.00000,0.00000,1.00000
-304508.01442,-497875.87677,123.19400,640496919.74977,9.98000,635512.00000,4.42000,0.00000,0.00000,1.00000
-304285.95248,-498221.81647,120.74300,640496919.79679,9.98000,563442.00000,4.15000,0.00000,0.00000,1.00000
-304248.77942,-498538.72478,118.35300,640496919.84381,9.93000,816651.00000,4.51000,0.00000,0.00000,1.00000
-304026.70093,-498884.65024,116.55200,640496919.89083,9.92000,420896.00000,4.52000,0.00000,0.00000,1.00000
-307404.61026,-498665.45556,142.87200,640496919.93785,9.88000,1225683.00000,3.87000,0.00000,0.00000,1.00000
-307460.97709,-498967.69956,141.59500,640496919.98487,9.71000,813629.00000,4.23000,0.00000,0.00000,1.00000
-307125.07667,-499331.51960,138.02700,640496920.03189,9.74000,604264.00000,5.88000,0.00000,0.00000,1.00000
-306148.92547,-499795.84085,133.45800,640496920.07891,9.86000,1203416.00000,5.19000,0.00000,0.00000,1.00000
-306292.30929,-500084.43292,129.01400,640496920.12594,10.02000,1796913.00000,5.96000,0.00000,0.00000,1.00000
-305354.55905,-500542.69029,126.03900,640496920.17296,10.00000,818237.00000,4.90000,0.00000,0.00000,1.00000
-306255.65282,-500712.36040,124.33500,640496920.21998,10.34000,574860.00000,6.12000,0.00000,0.00000,1.00000
-306521.55132,-500981.71748,124.68300,640496920.26700,10.38000,754429.00000,7.11000,0.00000,0.00000,1.00000
-304746.28301,-501571.37875,127.63900,640496920.31402,10.07000,3663005.00000,5.21000,0.00000,0.00000,1.00000
-305173.14560,-501815.47868,128.18900,640496920.36104,9.78000,1765970.00000,5.86000,0.00000,0.00000,1.00000
-305460.78930,-502081.42581,127.89200,640496920.40806,9.56000,425549.00000,5.27000,0.00000,0.00000,1.00000
-305588.91404,-502372.41224,127.03700,640496920.45508,9.60000,425300.00000,4.63000,0.00000,0.00000,1.00000
-305329.10027,-502724.25420,124.45200,640496920.50210,9.57000,311362.00000,4.94000,0.00000,0.00000,1.00000
-304911.93731,-503100.78537,121.59000,640496920.54913,9.64000,3210420.00000,4.54000,0.00000,0.00000,1.00000
-304376.56809,-503495.83800,119.00300,640496920.59615,9.72000,5497482.00000,4.12000,0.00000,0.00000,1.00000
-304771.52463,-503744.96810,109.66600,640496920.64317,10.13000,4083095.00000,4.90000,0.00000,0.00000,1.00000
-304331.85102,-504124.99580,109.70000,640496920.69019,10.30000,497121.00000,6.74000,0.00000,0.00000,1.00000
-303371.53488,-504586.68239,109.95400,640496920.73721,10.68000,804107.00000,6.58000,0.00000,0.00000,1.00000
-303668.59219,-504851.17024,108.38700,640496920.78424,10.82000,344754.00000,7.72000,0.00000,0.00000,1.00000
-302701.73263,-505313.84508,110.39600,640496920.83126,10.90000,512269.00000,6.88000,0.00000,0.00000,1.00000
-306530.23234,-505024.56861,108.12900,640496920.87828,11.03000,296450.00000,8.40000,0.00000,0.00000,1.00000
-305185.56457,-505546.52111,105.34200,640496920.92530,11.21000,138271.00000,8.25000,0.00000,0.00000,1.00000
-307846.60713,-505440.33088,111.06700,640496920.97232,11.03000,326217.00000,8.28000,0.00000,0.00000,1.00000
-308110.32127,-505710.08947,111.27800,640496921.01934,10.81000,280551.00000,7.45000,0.00000,0.00000,1.00000
-308154.30507,-506014.29700,110.86300,640496921.06637,10.84000,381117.00000,6.71000,0.00000,0.00000,1.00000
-307912.58374,-506363.31090,108.66100,640496921.11339,10.75000,395781.00000,6.76000,0.00000,0.00000,1.00000
-307573.68339,-506727.54797,105.90700,640496921.16041,10.43000,208622.00000,7.34000,0.00000,0.00000,1.00000
-307681.47975,-507021.75294,104.88800,640496921.20743,10.00000,288368.00000,6.00000,0.00000,0.00000,1.00000
-307038.00253,-507433.73906,101.90500,640496921.25445,10.10000,272760.00000,8.06000,0.00000,0.00000,1.00000
-306750.56882,-507789.89445,101.28100,640496921.30148,9.66000,789987.00000,5.99000,0.00000,0.00000,1.00000
-306361.60701,-508161.95758,101.41200,640496921.34850,9.39000,1058230.00000,5.81000,0.00000,0.00000,1.00000
-306420.06937,-508463.88309,102.41700,640496921.39552,9.27000,689051.00000,5.36000,0.00000,0.00000,1.00000
-305918.70328,-508853.56070,102.48200,640496921.44254,9.28000,874753.00000,5.38000,0.00000,0.00000,1.00000
-304396.28723,-509403.21681,107.23300,640496921.48956,9.28000,652027.00000,3.39000,0.00000,0.00000,1.00000
-304120.44271,-509757.51631,110.24100,640496921.53659,9.39000,333993.00000,3.81000,0.00000,0.00000,1.00000
-305798.19334,-511361.12227,107.49800,640496921.81871,9.78000,762504.00000,3.94000,0.00000,0.00000,1.00000
-303863.11739,-511975.31964,113.31200,640496921.86573,9.63000,3485858.00000,4.75000,0.00000,0.00000,1.00000
-304517.64958,-512183.86131,114.62700,640496921.91276,9.81000,5800090.00000,5.30000,0.00000,0.00000,1.00000
-307174.70054,-509919.93713,98.12900,640615823.57821,10.67000,202991.00000,4.99000,0.00000,0.00000,0.00000
-306981.45819,-508634.58918,102.63200,640615823.71935,10.62000,999727.00000,4.36000,0.00000,0.00000,0.00000
-306837.84069,-508312.58304,102.42800,640615823.76639,10.67000,333778.00000,6.08000,0.00000,0.00000,0.00000
-306611.35344,-508101.89808,101.65400,640615823.81344,10.72000,424577.00000,5.11000,0.00000,0.00000,0.00000
-306627.33866,-507565.48274,101.30900,640615823.86048,10.58000,620440.00000,4.61000,0.00000,0.00000,0.00000
-306310.53952,-507476.13850,101.84300,640615823.90753,10.50000,485429.00000,4.10000,0.00000,0.00000,0.00000
-306187.10052,-507127.03199,102.12300,640615823.95457,10.09000,907143.00000,4.39000,0.00000,0.00000,0.00000
-305694.93281,-507273.30511,104.19200,640615824.00162,9.14000,620236.00000,6.51000,0.00000,0.00000,0.00000
-306813.62309,-505255.48470,106.25000,640615824.04866,8.14000,3641877.00000,3.92000,0.00000,0.00000,0.00000
-308809.56300,-502059.09867,123.39000,640615824.09571,7.44000,3207080.00000,3.75000,0.00000,0.00000,0.00000
-304831.37578,-506888.62155,107.40500,640615824.14275,7.25000,3186519.00000,4.35000,0.00000,0.00000,0.00000
-304707.51353,-506540.10562,107.49700,640615824.18980,7.49000,904312.00000,5.25000,0.00000,0.00000,0.00000
-304910.74808,-505752.19202,106.12900,640615824.23684,7.77000,1445897.00000,4.82000,0.00000,0.00000,0.00000
-304636.93220,-505605.10627,107.54800,640615824.28389,8.33000,1089018.00000,5.24000,0.00000,0.00000,0.00000
-304200.88994,-505675.96084,107.77500,640615824.33093,9.16000,640432.00000,5.31000,0.00000,0.00000,0.00000
-303699.94780,-505833.97439,108.73600,640615824.37798,9.82000,653157.00000,4.27000,0.00000,0.00000,0.00000
-303402.01850,-505719.27860,109.04400,640615824.42502,10.26000,1730661.00000,4.55000,0.00000,0.00000,0.00000
-303293.08217,-505350.72557,111.72700,640615824.47207,10.59000,1179689.00000,5.57000,0.00000,0.00000,0.00000
-304289.12334,-503497.97897,112.17300,640615824.51911,10.81000,796397.00000,6.08000,0.00000,0.00000,0.00000
-304101.26720,-503235.45722,113.31400,640615824.56616,10.96000,1179653.00000,6.52000,0.00000,0.00000,0.00000
-304654.42415,-501977.61529,125.97400,640615824.61320,10.57000,4448742.00000,4.22000,0.00000,0.00000,0.00000
-304103.52885,-502202.76499,126.31100,640615824.66025,10.40000,1380112.00000,4.45000,0.00000,0.00000,0.00000
-303639.88935,-502310.70627,126.15100,640615824.70729,10.23000,336221.00000,6.47000,0.00000,0.00000,0.00000
-303227.10388,-502350.31084,124.94700,640615824.75434,10.36000,239834.00000,6.39000,0.00000,0.00000,0.00000
-302968.66742,-502182.61006,123.95500,640615824.80138,10.36000,358045.00000,4.98000,0.00000,0.00000,0.00000
-302629.11770,-502123.87094,122.65700,640615824.84843,10.46000,782937.00000,3.95000,0.00000,0.00000,0.00000
-299774.64006,-505442.69159,108.22100,640615824.89547,10.83000,792949.00000,3.02000,0.00000,0.00000,0.00000
-299491.62054,-505307.94382,107.11000,640615824.94252,11.07000,1168625.00000,3.65000,0.00000,0.00000,0.00000
-299389.28272,-504930.55896,104.34600,640615824.98956,11.32000,485124.00000,3.54000,0.00000,0.00000,0.00000
-299435.62028,-504353.52995,100.98000,640615825.03661,11.43000,596086.00000,4.14000,0.00000,0.00000,0.00000
-299232.86299,-504111.00247,99.48300,640615825.08365,11.63000,290998.00000,5.53000,0.00000,0.00000,0.00000
-299038.88760,-503856.70016,99.03800,640615825.13070,11.77000,392274.00000,7.53000,0.00000,0.00000,0.00000
-299051.91763,-503324.43193,98.20600,640615825.17774,11.48000,306216.00000,6.77000,0.00000,0.00000,0.00000
-298956.62383,-502937.61720,98.58600,640615825.22479,11.34000,441050.00000,7.08000,0.00000,0.00000,0.00000
-298751.25890,-502698.62504,99.17100,640615825.27183,11.44000,512286.00000,7.11000,0.00000,0.00000,0.00000
-298528.34777,-502483.18626,98.94900,640615825.31888,11.48000,282205.00000,6.54000,0.00000,0.00000,0.00000
-297942.74784,-502754.77134,100.01600,640615825.36592,11.32000,412327.00000,5.89000,0.00000,0.00000,0.00000
-297633.87077,-502654.74610,99.55300,640615825.41297,10.93000,944001.00000,3.85000,0.00000,0.00000,0.00000
-300803.61559,-497883.67898,120.03500,640615825.46001,11.03000,1614077.00000,2.75000,0.00000,0.00000,0.00000
-298147.66407,-500935.36124,100.07700,640615825.50706,11.18000,2813477.00000,2.91000,0.00000,0.00000,0.00000
-299398.79144,-498740.70789,103.51800,640615825.55411,11.56000,631519.00000,3.57000,0.00000,0.00000,0.00000
-299441.23065,-498169.01787,107.80100,640615825.60115,11.76000,1255331.00000,4.39000,0.00000,0.00000,0.00000
-299012.67400,-498229.78097,107.12300,640615825.64820,11.59000,334769.00000,5.74000,0.00000,0.00000,0.00000
-298684.10263,-498156.27540,108.80100,640615825.69524,11.37000,298873.00000,5.59000,0.00000,0.00000,0.00000
-298427.46235,-497986.20730,111.85300,640615825.74229,11.22000,321659.00000,4.76000,0.00000,0.00000,0.00000
-298088.80262,-497926.23532,113.87800,640615825.78933,11.07000,235042.00000,5.17000,0.00000,0.00000,0.00000
-297702.35066,-497930.45547,114.73200,640615825.83637,11.09000,248466.00000,6.48000,0.00000,0.00000,0.00000
-297399.65663,-497822.18476,114.29400,640615825.88342,11.11000,175956.00000,7.76000,0.00000,0.00000,0.00000
-297141.70279,-497653.85956,114.98400,640615825.93046,11.16000,154057.00000,7.30000,0.00000,0.00000,0.00000
-297040.76912,-497274.74331,116.74400,640615825.97751,10.94000,227717.00000,6.16000,0.00000,0.00000,0.00000
-296810.44203,-497069.31065,119.01900,640615826.02455,10.73000,263167.00000,4.60000,0.00000,0.00000,0.00000
-296273.12089,-497276.07005,120.57400,640615826.07160,10.51000,278808.00000,4.11000,0.00000,0.00000,0.00000
-295759.03417,-497451.59890,121.75100,640615826.11864,10.32000,432314.00000,5.07000,0.00000,0.00000,0.00000
-295262.92778,-497602.97843,124.33500,640615826.16569,10.15000,321912.00000,3.94000,0.00000,0.00000,0.00000
-294934.36800,-497529.42868,127.63300,640615826.21273,9.90000,275998.00000,3.99000,0.00000,0.00000,0.00000
-294597.48703,-497467.07666,131.89300,640615826.25978,9.68000,336031.00000,3.70000,0.00000,0.00000,0.00000
-294337.78953,-497301.07870,135.47500,640615826.30682,9.19000,450240.00000,3.70000,0.00000,0.00000,0.00000
-294111.87369,-497089.75642,138.03600,640615826.35387,9.08000,468756.00000,3.37000,0.00000,0.00000,0.00000
-293942.97320,-496801.88337,138.92400,640615826.40091,9.09000,271637.00000,4.16000,0.00000,0.00000,0.00000
-293791.62953,-496490.47857,138.75000,640615826.44795,9.25000,286572.00000,4.21000,0.00000,0.00000,0.00000
-293591.15372,-496244.99724,137.62900,640615826.49500,9.49000,196590.00000,4.25000,0.00000,0.00000,0.00000
-293466.56821,-495897.67183,136.18100,640615826.54204,9.78000,160195.00000,4.33000,0.00000,0.00000,0.00000
-293369.61771,-495513.25315,135.11400,640615826.58909,10.02000,322591.00000,5.01000,0.00000,0.00000,0.00000
-293259.50778,-495146.48711,134.00800,640615826.63613,10.10000,349667.00000,5.35000,0.00000,0.00000,0.00000
-293437.14724,-494393.51672,133.71400,640615826.68317,10.20000,271652.00000,6.95000,0.00000,0.00000,0.00000
-293247.21848,-494133.90392,131.57200,640615826.73022,10.33000,1694033.00000,4.51000,0.00000,0.00000,0.00000
-292570.85796,-494527.21846,128.28200,640615826.77726,10.58000,1096641.00000,5.14000,0.00000,0.00000,0.00000
-292622.62511,-493943.22144,129.24500,640615826.82431,10.70000,580033.00000,5.23000,0.00000,0.00000,0.00000
-291655.42459,-494726.84334,127.04100,640615826.87135,11.14000,267790.00000,7.49000,0.00000,0.00000,0.00000
-290772.86331,-495396.81849,128.45500,640615826.91839,11.29000,289496.00000,7.67000,0.00000,0.00000,0.00000
-290227.18588,-495614.64492,130.91700,640615826.96544,11.16000,298466.00000,6.10000,0.00000,0.00000,0.00000
-290053.92809,-495332.64041,131.48700,640615827.01248,10.92000,202130.00000,7.82000,0.00000,0.00000,0.00000
-290520.69707,-494191.72965,130.74800,640615827.05953,10.45000,159467.00000,8.56000,0.00000,0.00000,0.00000
-290380.35206,-493865.58707,134.74500,640615827.10657,9.88000,167625.00000,4.64000,0.00000,0.00000,0.00000
-290415.03453,-493304.55147,138.22500,640615827.15361,9.38000,294583.00000,4.64000,0.00000,0.00000,0.00000
-290268.55347,-492986.65398,139.62300,640615827.20066,9.07000,2075892.00000,2.78000,0.00000,0.00000,0.00000
-289732.10479,-493192.10471,146.69400,640615827.24770,8.94000,2090821.00000,2.49000,0.00000,0.00000,0.00000
-289494.38068,-492996.64181,147.93600,640615827.29475,8.69000,565244.00000,3.15000,0.00000,0.00000,0.00000
-289269.82565,-492783.52928,147.84400,640615827.34179,8.70000,396770.00000,3.79000,0.00000,0.00000,0.00000
-289063.26475,-492546.28527,146.90400,640615827.38883,8.66000,407268.00000,3.39000,0.00000,0.00000,0.00000
-288918.55176,-492226.03296,145.79300,640615827.43588,8.67000,249388.00000,3.99000,0.00000,0.00000,0.00000
-288797.53264,-491873.99164,144.04200,640615827.48292,8.60000,304802.00000,3.86000,0.00000,0.00000,0.00000
-288724.33580,-491457.78860,141.85000,640615827.52996,8.64000,297603.00000,4.92000,0.00000,0.00000,0.00000
-288760.37749,-490895.01039,140.51100,640615827.57701,8.71000,602690.00000,5.33000,0.00000,0.00000,0.00000
-288338.87082,-490946.19929,137.56300,640615827.62405,8.70000,751293.00000,3.61000,0.00000,0.00000,0.00000
-287600.60911,-491422.37492,133.61900,640615827.67110,9.07000,977474.00000,4.67000,0.00000,0.00000,0.00000
-287149.69709,-491512.99179,132.00800,640615827.71814,9.49000,517270.00000,5.99000,0.00000,0.00000,0.00000
-286736.07308,-491553.57113,130.56800,640615827.76518,9.89000,1855708.00000,8.42000,0.00000,0.00000,0.00000
-287655.26509,-489805.86436,134.80300,640615827.81223,10.00000,457878.00000,5.50000,0.00000,0.00000,0.00000
-295408.90282,-481558.06260,157.54200,640669570.51177,7.87000,359017.00000,5.23000,0.00000,0.00000,1.00000
-295034.48565,-481921.36535,155.28800,640669570.55876,8.06000,571895.00000,6.08000,0.00000,0.00000,1.00000
-295649.88294,-482144.23954,152.95100,640669570.60575,8.39000,1294816.00000,6.06000,0.00000,0.00000,1.00000
-295830.27640,-482428.83340,152.97700,640669570.65274,8.73000,263354.00000,6.75000,0.00000,0.00000,1.00000
-295465.28718,-482790.79747,151.72700,640669570.69973,8.76000,481905.00000,6.35000,0.00000,0.00000,1.00000
-295492.44180,-483097.12110,151.88700,640669570.74672,8.87000,228927.00000,6.81000,0.00000,0.00000,1.00000
-294858.74796,-483497.18943,150.65400,640669570.79371,8.90000,277218.00000,8.35000,0.00000,0.00000,1.00000
-295310.00169,-483743.36437,152.53600,640669570.84070,9.00000,120144.00000,8.31000,0.00000,0.00000,1.00000
-295340.77649,-484049.17792,153.37000,640669570.88769,8.99000,308160.00000,7.62000,0.00000,0.00000,1.00000
-295021.52574,-484404.64755,153.83200,640669570.93468,8.74000,691347.00000,4.89000,0.00000,0.00000,1.00000
-294844.60281,-484739.91619,153.91500,640669570.98167,8.85000,4571108.00000,3.46000,0.00000,0.00000,1.00000
-294653.14785,-485077.23415,155.43800,640669571.02866,8.89000,4043712.00000,3.11000,0.00000,0.00000,1.00000
-294585.87730,-485396.94502,155.84400,640669571.07565,8.94000,4616866.00000,3.20000,0.00000,0.00000,1.00000
-296097.42149,-485492.78680,149.17100,640669571.12264,8.99000,760200.00000,4.16000,0.00000,0.00000,1.00000
-295687.37910,-485861.12120,147.73000,640669571.16963,9.00000,456754.00000,4.20000,0.00000,0.00000,1.00000
-295280.22165,-486229.01055,146.23400,640669571.21661,9.10000,463587.00000,5.20000,0.00000,0.00000,1.00000
-294894.85288,-486593.81743,145.48600,640669571.26360,9.46000,534288.00000,5.72000,0.00000,0.00000,1.00000
-294645.28293,-486939.36358,144.94600,640669571.31059,9.58000,623342.00000,7.03000,0.00000,0.00000,1.00000
-294489.40076,-487271.63813,144.69800,640669571.35758,9.55000,410193.00000,6.89000,0.00000,0.00000,1.00000
-294743.83098,-487545.74383,144.89700,640669571.40457,9.75000,362489.00000,7.33000,0.00000,0.00000,1.00000
-295023.68302,-487816.25918,145.56100,640669571.45156,9.59000,625967.00000,6.31000,0.00000,0.00000,1.00000
-295032.64121,-488125.16019,145.81600,640669571.49855,9.24000,2066473.00000,4.59000,0.00000,0.00000,1.00000
-294990.75759,-488441.25640,144.93300,640669571.54554,9.37000,2674934.00000,4.98000,0.00000,0.00000,1.00000
-294883.51814,-488766.63487,145.02100,640669571.59253,9.35000,9031527.00000,3.80000,0.00000,0.00000,1.00000
-293508.96766,-489271.57558,131.86900,640669571.63952,9.33000,2004406.00000,3.26000,0.00000,0.00000,1.00000
-293014.61599,-489651.77381,131.71900,640669571.68650,9.52000,1639175.00000,3.33000,0.00000,0.00000,1.00000
-293107.07899,-489948.83596,132.13300,640669571.73349,9.72000,1400720.00000,3.68000,0.00000,0.00000,1.00000
-293928.70840,-490142.59527,138.63700,640669571.78048,9.83000,4500669.00000,3.68000,0.00000,0.00000,1.00000
-293852.67617,-490463.53685,138.53400,640669571.82747,10.03000,2485014.00000,4.75000,0.00000,0.00000,1.00000
-293478.14908,-490826.76666,133.74300,640669571.87446,10.24000,2345943.00000,4.69000,0.00000,0.00000,1.00000
-293876.36294,-491080.53079,134.46800,640669571.92145,10.41000,473342.00000,6.37000,0.00000,0.00000,1.00000
-294417.64892,-491314.03192,134.16200,640669571.96844,10.13000,270365.00000,7.08000,0.00000,0.00000,1.00000
-294873.96046,-491559.57650,135.32900,640669572.01543,10.07000,607473.00000,5.86000,0.00000,0.00000,1.00000
-294508.13568,-491921.56336,130.65800,640669572.06242,9.93000,526259.00000,3.93000,0.00000,0.00000,1.00000
-295032.72165,-492157.45023,130.05800,640669572.10941,9.75000,912054.00000,4.27000,0.00000,0.00000,1.00000
-295584.17987,-492389.53461,129.90300,640669572.15640,9.48000,1646967.00000,2.93000,0.00000,0.00000,1.00000
-296538.01181,-492564.64390,126.31900,640669572.20339,9.48000,702312.00000,3.53000,0.00000,0.00000,1.00000
-292329.36925,-493470.73666,125.27900,640669572.25038,9.38000,1058234.00000,2.51000,0.00000,0.00000,1.00000
-294411.85184,-493486.06994,136.62200,640669572.29737,9.61000,324020.00000,3.45000,0.00000,0.00000,1.00000
-294605.96801,-493768.76285,136.30700,640669572.34436,9.71000,287383.00000,3.60000,0.00000,0.00000,1.00000
-294731.08810,-494061.22963,136.55700,640669572.39135,9.65000,293035.00000,3.37000,0.00000,0.00000,1.00000
-294729.83431,-494371.58983,136.20900,640669572.43834,9.75000,594958.00000,3.43000,0.00000,0.00000,1.00000
-294722.76441,-494682.76596,136.39500,640669572.48533,9.94000,489120.00000,3.54000,0.00000,0.00000,1.00000
-294723.67822,-494992.80857,136.36100,640669572.53232,10.00000,583467.00000,3.31000,0.00000,0.00000,1.00000
-297700.28592,-494881.65722,120.88300,640669572.57931,9.93000,1056939.00000,2.98000,0.00000,0.00000,1.00000
-297017.01618,-495288.57630,119.57200,640669572.62630,10.03000,2171833.00000,2.46000,0.00000,0.00000,1.00000
-296132.54710,-495723.94468,119.68600,640669572.67329,10.06000,1678256.00000,2.53000,0.00000,0.00000,1.00000
-296106.57933,-496037.80267,120.18800,640669572.72028,10.10000,1873509.00000,2.64000,0.00000,0.00000,1.00000
-295352.84607,-496454.65779,120.96300,640669572.76727,10.16000,1475564.00000,2.56000,0.00000,0.00000,1.00000
-295496.83134,-496744.46179,121.71600,640669572.81426,10.20000,1560408.00000,2.71000,0.00000,0.00000,1.00000
-301169.02871,-496251.96937,119.91000,640669572.86125,10.30000,395710.00000,2.36000,0.00000,0.00000,1.00000
-300949.85200,-496593.21423,118.93300,640669572.90824,10.40000,420687.00000,2.87000,0.00000,0.00000,1.00000
-300906.44908,-496909.58510,118.86200,640669572.95523,10.53000,337380.00000,2.89000,0.00000,0.00000,1.00000
-300657.49042,-497255.03913,117.16100,640669573.00222,10.55000,258531.00000,3.52000,0.00000,0.00000,1.00000
-300437.58412,-497596.38054,115.68300,640669573.04921,10.64000,200450.00000,4.27000,0.00000,0.00000,1.00000
-300208.95467,-497938.95105,114.50600,640669573.09620,10.76000,223198.00000,4.65000,0.00000,0.00000,1.00000
-300022.44859,-498275.55527,113.81700,640669573.14319,10.88000,268036.00000,5.22000,0.00000,0.00000,1.00000
-299826.50119,-498613.49773,112.70900,640669573.19018,10.86000,373839.00000,5.13000,0.00000,0.00000,1.00000
-294140.05461,-499727.99003,115.18700,640669573.23717,10.98000,664033.00000,6.77000,0.00000,0.00000,1.00000
-294024.71106,-500054.46527,115.29100,640669573.28416,11.14000,136598.00000,7.33000,0.00000,0.00000,1.00000
-299211.04330,-499631.20285,107.75900,640669573.33115,11.13000,289703.00000,5.71000,0.00000,0.00000,1.00000
-298707.10750,-500012.69081,105.01500,640669573.37814,11.20000,290859.00000,5.24000,0.00000,0.00000,1.00000
-298339.72106,-500374.85360,102.93900,640669573.42513,11.25000,462759.00000,5.92000,0.00000,0.00000,1.00000
-297860.47011,-500752.83454,101.03000,640669573.47212,11.29000,536842.00000,4.68000,0.00000,0.00000,1.00000
-294581.79215,-501526.57409,109.67400,640669573.51911,11.45000,2465078.00000,5.08000,0.00000,0.00000,1.00000
-294548.51136,-501841.45198,108.92700,640669573.56610,11.49000,3152963.00000,4.38000,0.00000,0.00000,1.00000
-294586.40878,-502146.26772,107.66800,640669573.61309,11.61000,1054208.00000,3.88000,0.00000,0.00000,1.00000
-294513.17633,-502466.80569,107.30400,640669573.66008,11.76000,657919.00000,5.48000,0.00000,0.00000,1.00000
-294572.86611,-502768.55098,105.94700,640669573.70707,11.91000,401313.00000,6.54000,0.00000,0.00000,1.00000
-294753.12685,-503053.25083,105.12800,640669573.75407,12.02000,515823.00000,5.88000,0.00000,0.00000,1.00000
-295181.81190,-503302.85526,104.05600,640669573.80106,12.24000,845447.00000,6.92000,0.00000,0.00000,1.00000
-295543.66718,-503561.90152,103.66300,640669573.84805,12.29000,1446729.00000,5.68000,0.00000,0.00000,1.00000
-296265.08172,-503770.13799,104.13300,640669573.89504,12.08000,2182749.00000,5.68000,0.00000,0.00000,1.00000
-296698.85218,-504019.04088,105.66000,640669573.94203,12.18000,1684738.00000,5.64000,0.00000,0.00000,1.00000
-300608.40500,-503776.74580,110.44800,640669573.98902,12.10000,669650.00000,4.76000,0.00000,0.00000,1.00000
-300458.90161,-504108.11056,108.82200,640669574.03601,12.04000,412226.00000,5.60000,0.00000,0.00000,1.00000
-299888.80291,-504498.89277,105.26500,640669574.08300,11.92000,498348.00000,5.16000,0.00000,0.00000,1.00000
-295868.32313,-505377.16948,110.78000,640669574.12999,11.81000,491381.00000,5.36000,0.00000,0.00000,1.00000
-295822.66259,-505693.80098,110.74600,640669574.17698,11.64000,317301.00000,6.21000,0.00000,0.00000,1.00000
-296046.49744,-505972.37700,110.02000,640669574.22397,11.80000,164949.00000,7.40000,0.00000,0.00000,1.00000
-296077.10850,-506278.24532,109.31300,640669574.27096,11.72000,239909.00000,7.78000,0.00000,0.00000,1.00000
-297127.56668,-506440.05414,109.18900,640669574.31795,11.93000,263279.00000,9.06000,0.00000,0.00000,1.00000
-298154.79238,-506605.16458,110.32700,640669574.36494,11.84000,723388.00000,7.17000,0.00000,0.00000,1.00000
-298129.46511,-506918.94017,109.50900,640669574.41193,11.96000,747282.00000,5.54000,0.00000,0.00000,1.00000
-297351.59067,-507339.00879,106.29700,640669574.45892,12.12000,427686.00000,6.51000,0.00000,0.00000,1.00000
-297555.80503,-507620.37143,105.60800,640669574.50591,12.19000,309877.00000,8.28000,0.00000,0.00000,1.00000
-297901.65982,-507881.72399,106.59600,640669574.55290,11.95000,150207.00000,8.11000,0.00000,0.00000,1.00000
-297939.52535,-508186.58580,106.31200,640669574.59989,12.19000,144935.00000,10.60000,0.00000,0.00000,1.00000
-298103.78202,-508473.60195,106.62500,640669574.64688,12.21000,97618.00000,11.26000,0.00000,0.00000,1.00000
-298512.10268,-508726.14420,108.10100,640669574.69387,11.86000,442796.00000,11.69000,0.00000,0.00000,1.00000
-298132.27625,-509089.98379,106.23200,640669574.74086,11.56000,1188218.00000,12.38000,0.00000,0.00000,1.00000
-297863.57392,-509438.10642,105.34200,640669574.78785,11.30000,766205.00000,9.09000,0.00000,0.00000,1.00000
-297658.07754,-509777.32047,104.73700,640669574.83484,11.26000,365405.00000,8.11000,0.00000,0.00000,1.00000
-297050.85869,-510173.22218,103.32800,640669574.88183,10.84000,1013929.00000,5.84000,0.00000,0.00000,1.00000
-298428.95931,-510288.90670,103.82600,640669574.92882,10.58000,582528.00000,5.49000,0.00000,0.00000,1.00000
-299284.75546,-510478.30924,105.93800,640669574.97581,10.78000,1457944.00000,4.28000,0.00000,0.00000,1.00000
-294877.57784,-511410.49714,103.34100,640669575.02280,10.97000,1366442.00000,5.34000,0.00000,0.00000,1.00000
-294507.87660,-511772.84120,103.60400,640669575.06979,10.95000,653551.00000,6.05000,0.00000,0.00000,1.00000
-299977.23457,-511311.22851,112.32200,640669575.11678,10.74000,3874878.00000,4.90000,0.00000,0.00000,1.00000
-299539.98340,-511683.14724,111.15100,640669575.16377,10.61000,2693499.00000,5.79000,0.00000,0.00000,1.00000
-299117.26385,-512053.01543,108.90000,640669575.21076,10.58000,2270328.00000,6.68000,0.00000,0.00000,1.00000
-299670.86733,-512285.11139,109.67300,640669575.25775,10.69000,3575465.00000,6.35000,0.00000,0.00000,1.00000
-299306.97954,-512646.66822,107.91900,640669575.30474,10.76000,1315847.00000,7.04000,0.00000,0.00000,1.00000
-298894.41307,-513015.08722,106.75700,640669575.35173,10.79000,353108.00000,7.14000,0.00000,0.00000,1.00000
-299094.23196,-513297.10169,107.25400,640669575.39872,10.60000,846270.00000,7.38000,0.00000,0.00000,1.00000
-299906.43742,-513492.72435,110.14700,640669575.44570,10.49000,2371941.00000,5.97000,0.00000,0.00000,1.00000
-300006.72910,-513788.79504,111.88900,640669575.49269,10.63000,540309.00000,6.50000,0.00000,0.00000,1.00000
-299254.17916,-514205.16609,109.36200,640669575.53968,10.83000,242341.00000,8.27000,0.00000,0.00000,1.00000
-298517.59824,-514619.25915,108.09200,640669575.58667,10.85000,241752.00000,7.46000,0.00000,0.00000,1.00000
-298036.71555,-514997.26175,106.96900,640669575.63366,11.21000,392511.00000,7.11000,0.00000,0.00000,1.00000
-298663.67980,-515219.05295,107.34700,640669575.68065,11.13000,337902.00000,7.83000,0.00000,0.00000,1.00000
-299526.73041,-515407.53824,111.20300,640669575.72764,11.00000,449095.00000,5.14000,0.00000,0.00000,1.00000
-298490.11303,-515863.92383,110.25700,640669575.77462,10.94000,1591953.00000,5.28000,0.00000,0.00000,1.00000
-302542.90666,-513508.57495,116.65500,640788477.23818,9.58000,1161431.00000,5.89000,0.00000,0.00000,0.00000
-302704.76526,-512793.45280,117.85300,640788477.28520,9.48000,406265.00000,5.74000,0.00000,0.00000,0.00000
-302457.94205,-512610.31308,119.48500,640788477.33222,9.56000,280163.00000,4.37000,0.00000,0.00000,0.00000
-302276.40434,-512342.20047,121.07500,640788477.37923,9.48000,432935.00000,3.70000,0.00000,0.00000,0.00000
-298882.40485,-515750.91459,111.02000,640788477.47326,9.37000,168900.00000,3.70000,0.00000,0.00000,0.00000
-298551.04619,-515677.74143,111.07700,640788477.52028,9.09000,296002.00000,3.67000,0.00000,0.00000,0.00000
-298319.85135,-515474.19815,109.03200,640788477.56730,8.82000,393330.00000,3.42000,0.00000,0.00000,0.00000
-301184.97958,-511240.81338,120.74300,640788477.61431,8.63000,960836.00000,3.02000,0.00000,0.00000,0.00000
-301087.53328,-510863.28498,117.95400,640788477.66133,8.86000,2114523.00000,3.34000,0.00000,0.00000,0.00000
-300813.00734,-510716.21414,114.06500,640788477.70834,9.23000,3404715.00000,3.03000,0.00000,0.00000,0.00000
-300610.92987,-510474.87060,112.63000,640788477.75536,9.40000,2944147.00000,4.81000,0.00000,0.00000,0.00000
-300225.49748,-510472.11871,110.49200,640788477.80238,9.42000,2121773.00000,3.79000,0.00000,0.00000,0.00000
-299884.34268,-510411.77187,111.59900,640788477.84939,9.37000,1502374.00000,3.65000,0.00000,0.00000,0.00000
-299699.70346,-510147.71935,112.15600,640788477.89641,9.45000,1256181.00000,3.73000,0.00000,0.00000,0.00000
-299810.65202,-509498.97749,113.60100,640788477.94343,9.48000,632547.00000,4.56000,0.00000,0.00000,0.00000
-299488.28581,-509414.18021,113.61400,640788477.99044,9.78000,1201250.00000,4.92000,0.00000,0.00000,0.00000
-299038.91073,-509494.64877,113.83000,640788478.03746,9.99000,3212551.00000,3.20000,0.00000,0.00000,0.00000
-298526.92596,-509656.57831,109.79400,640788478.08448,10.16000,2300273.00000,4.08000,0.00000,0.00000,0.00000
-298264.03285,-509494.36042,108.95000,640788478.13149,10.51000,255705.00000,4.53000,0.00000,0.00000,0.00000
-298227.87401,-509037.07981,106.86000,640788478.17851,10.78000,894609.00000,5.63000,0.00000,0.00000,0.00000
-298473.47345,-508213.19261,107.60800,640788478.22553,11.16000,274305.00000,7.09000,0.00000,0.00000,0.00000
-298528.11082,-507637.79073,108.51100,640788478.27254,11.29000,1453491.00000,5.82000,0.00000,0.00000,0.00000
-297879.28636,-507977.79150,106.41800,640788478.31956,11.42000,1506102.00000,5.74000,0.00000,0.00000,0.00000
-297903.07298,-507442.54757,108.27100,640788478.36658,11.49000,548831.00000,5.92000,0.00000,0.00000,0.00000
-297334.74289,-507677.78733,106.85200,640788478.41359,11.86000,292550.00000,6.48000,0.00000,0.00000,0.00000
-296188.13450,-508665.45071,105.74100,640788478.46061,12.22000,446622.00000,5.62000,0.00000,0.00000,0.00000
-295698.05758,-508798.83706,104.65900,640788478.50763,12.57000,282587.00000,8.28000,0.00000,0.00000,0.00000
-295291.61312,-508823.39384,105.66000,640788478.55464,12.72000,581122.00000,12.42000,0.00000,0.00000,0.00000
-295390.11167,-508190.96798,106.00300,640788478.60166,12.74000,1632904.00000,9.27000,0.00000,0.00000,0.00000
-295311.95504,-507788.40179,107.28500,640788478.64868,12.72000,657261.00000,9.28000,0.00000,0.00000,0.00000
-295234.24332,-507385.25243,108.17700,640788478.69569,12.98000,2029697.00000,8.54000,0.00000,0.00000,0.00000
-294999.55268,-507186.35466,109.60400,640788478.74271,12.92000,1141869.00000,6.55000,0.00000,0.00000,0.00000
-294805.56681,-506934.50897,110.33100,640788478.78973,12.80000,781918.00000,6.71000,0.00000,0.00000,0.00000
-294604.86624,-506691.37632,110.56300,640788478.83674,12.73000,2171391.00000,6.03000,0.00000,0.00000,0.00000
-294409.54150,-506441.27290,110.93500,640788478.88376,12.88000,2057487.00000,6.37000,0.00000,0.00000,0.00000
-293938.25008,-506550.17619,110.70300,640788478.93078,12.67000,1152532.00000,5.77000,0.00000,0.00000,0.00000
-293379.74629,-506772.54855,110.75000,640788478.97779,12.70000,3799625.00000,5.87000,0.00000,0.00000,0.00000
-292599.82615,-507282.92717,111.65200,640788479.02481,12.50000,911914.00000,6.70000,0.00000,0.00000,0.00000
-291708.96594,-507937.58426,115.32900,640788479.07183,12.49000,474744.00000,6.40000,0.00000,0.00000,0.00000
-291014.01060,-508337.37078,118.97900,640788479.11884,12.45000,837265.00000,6.17000,0.00000,0.00000,0.00000
-290373.62475,-508666.17125,122.37600,640788479.16586,12.67000,941930.00000,6.24000,0.00000,0.00000,0.00000
-290167.54605,-508429.99954,119.29600,640788479.21288,12.79000,432352.00000,7.11000,0.00000,0.00000,0.00000
-290213.76681,-507865.66966,116.53300,640788479.25989,12.79000,280302.00000,9.06000,0.00000,0.00000,0.00000
-291098.25143,-506210.99184,109.34200,640788479.30691,12.59000,79075.00000,10.57000,0.00000,0.00000,0.00000
-291575.24586,-505086.36906,108.88100,640788479.35393,12.30000,293835.00000,8.35000,0.00000,0.00000,0.00000
-291339.23536,-504889.18917,109.85600,640788479.40094,12.18000,184533.00000,6.28000,0.00000,0.00000,0.00000
-291120.23151,-504669.91000,110.25900,640788479.44796,11.95000,192522.00000,7.35000,0.00000,0.00000,0.00000
-290994.71422,-504329.01805,110.88200,640788479.49498,11.76000,295374.00000,5.82000,0.00000,0.00000,0.00000
-290760.50722,-504129.51725,111.64400,640788479.54199,11.82000,280771.00000,5.72000,0.00000,0.00000,0.00000
-290490.51352,-503976.55240,112.44000,640788479.58901,11.78000,356558.00000,5.38000,0.00000,0.00000,0.00000
-290212.47489,-503834.06603,113.28600,640788479.63602,11.67000,625611.00000,5.48000,0.00000,0.00000,0.00000
-289998.84697,-503607.79139,114.58100,640788479.68304,11.54000,394649.00000,5.86000,0.00000,0.00000,0.00000
-289886.32178,-503250.03782,116.26100,640788479.73006,11.39000,191040.00000,7.53000,0.00000,0.00000,0.00000
-289753.67128,-502918.46966,118.98900,640788479.77707,11.17000,174351.00000,5.76000,0.00000,0.00000,0.00000
-289439.85284,-502822.51524,121.97700,640788479.82409,10.95000,275664.00000,4.72000,0.00000,0.00000,0.00000
-288998.99175,-502891.78033,125.36100,640788479.87110,10.77000,325079.00000,3.72000,0.00000,0.00000,0.00000
-288600.63627,-502905.78235,128.14700,640788479.91812,10.64000,199286.00000,5.53000,0.00000,0.00000,0.00000
-288287.27275,-502809.23846,129.95300,640788479.96513,10.51000,406042.00000,5.82000,0.00000,0.00000,0.00000
-288161.34485,-502468.93957,131.77900,640788480.01215,10.33000,498613.00000,5.36000,0.00000,0.00000,0.00000
-287955.79631,-502232.19478,133.34500,640788480.05916,10.39000,391706.00000,4.75000,0.00000,0.00000,0.00000
-287689.40614,-502074.56026,133.94300,640788480.10618,10.44000,242003.00000,4.86000,0.00000,0.00000,0.00000
-287397.07415,-501950.66672,134.02400,640788480.15319,10.52000,219111.00000,5.50000,0.00000,0.00000,0.00000
-287253.71207,-501633.05610,133.76000,640788480.20021,10.55000,280250.00000,7.68000,0.00000,0.00000,0.00000
-287316.57800,-501047.26476,133.93500,640788480.24722,10.36000,273949.00000,6.77000,0.00000,0.00000,0.00000
-287193.35508,-500703.48323,134.09700,640788480.29424,10.29000,292049.00000,6.31000,0.00000,0.00000,0.00000
-286724.32723,-500809.36615,133.59300,640788480.34125,10.40000,97033.00000,11.33000,0.00000,0.00000,0.00000
-286033.84821,-501203.18401,134.19000,640788480.38827,10.31000,64448.00000,9.34000,0.00000,0.00000,0.00000
-285460.12546,-501445.16702,134.64600,640788480.43528,10.05000,546939.00000,8.39000,0.00000,0.00000,0.00000
-285381.64815,-501043.20681,134.21800,640788480.48230,9.76000,1820506.00000,5.75000,0.00000,0.00000,0.00000
-284796.74098,-501299.72121,136.79800,640788480.52931,9.50000,1126922.00000,4.52000,0.00000,0.00000,0.00000
-284591.20964,-501062.95112,138.41200,640788480.57633,9.50000,388658.00000,4.41000,0.00000,0.00000,0.00000
-284590.13726,-500560.36179,136.66900,640788480.62334,9.41000,202522.00000,6.15000,0.00000,0.00000,0.00000
-284831.10065,-499743.07591,135.52100,640788480.67036,9.34000,91576.00000,5.04000,0.00000,0.00000,0.00000
-284838.98297,-499228.84988,136.02200,640788480.71737,9.29000,201776.00000,4.66000,0.00000,0.00000,0.00000
-284645.54928,-498976.38943,136.29500,640788480.76439,9.34000,722968.00000,2.71000,0.00000,0.00000,0.00000
-284300.00477,-498921.69319,134.78100,640788480.81140,9.44000,829186.00000,2.23000,0.00000,0.00000,0.00000
-283931.19419,-498897.23986,132.37600,640788480.85842,9.72000,2213191.00000,2.50000,0.00000,0.00000,0.00000
-283645.59920,-498764.59233,130.12900,640788480.90543,10.05000,2255080.00000,2.68000,0.00000,0.00000,0.00000
-283465.59033,-498494.66204,127.96300,640788480.95245,10.21000,5314758.00000,4.61000,0.00000,0.00000,0.00000
-283404.15145,-498070.60161,129.44000,640788480.99946,10.28000,7019154.00000,4.10000,0.00000,0.00000,0.00000
-282595.07919,-498618.47602,125.77500,640788481.04648,10.61000,2035613.00000,7.81000,0.00000,0.00000,0.00000
-282590.47080,-498120.54394,129.31100,640788481.09349,10.42000,1268643.00000,7.00000,0.00000,0.00000,0.00000
-282218.98217,-498099.56376,133.38000,640788481.14051,10.09000,472613.00000,7.32000,0.00000,0.00000,0.00000
-282083.73028,-497771.47387,134.33800,640788481.18752,10.05000,290116.00000,8.18000,0.00000,0.00000,0.00000
-282030.35560,-497336.93887,135.23800,640788481.23454,9.56000,339253.00000,7.30000,0.00000,0.00000,0.00000
-281823.52429,-497101.91335,134.87400,640788481.28155,9.24000,195734.00000,6.00000,0.00000,0.00000,0.00000
-281526.76239,-496983.79608,134.24100,640788481.32857,9.38000,400969.00000,4.56000,0.00000,0.00000,0.00000
-281195.54615,-496910.45560,133.33600,640788481.37558,9.35000,1448830.00000,4.75000,0.00000,0.00000,0.00000
-281034.35470,-496616.09222,132.03500,640788481.42260,9.35000,2200170.00000,4.59000,0.00000,0.00000,0.00000
-280559.06286,-496730.01922,136.62600,640788481.46961,9.30000,1360529.00000,3.49000,0.00000,0.00000,0.00000
-280297.20193,-496566.52044,136.80100,640788481.51663,9.14000,1072057.00000,4.65000,0.00000,0.00000,0.00000
-287541.73623,-490346.36240,131.02100,640842225.06533,9.10000,1935861.00000,3.25000,0.00000,0.00000,1.00000
-288261.62548,-490564.84710,136.64700,640842225.11228,9.10000,1749383.00000,3.36000,0.00000,0.00000,1.00000
-288673.87513,-490822.17233,139.52900,640842225.15923,9.15000,1282270.00000,4.86000,0.00000,0.00000,1.00000
-288353.02560,-491172.00951,135.01800,640842225.20618,9.28000,4361774.00000,4.46000,0.00000,0.00000,1.00000
-288308.53184,-491486.96588,134.56800,640842225.25314,9.43000,1298620.00000,4.24000,0.00000,0.00000,1.00000
-288143.30344,-491817.16047,134.92500,640842225.30009,9.28000,1290471.00000,3.28000,0.00000,0.00000,1.00000
-288932.99148,-492026.87066,145.12100,640842225.34704,9.10000,3731981.00000,3.36000,0.00000,0.00000,1.00000
-288004.11066,-492453.40187,136.70100,640842225.39400,9.21000,4348285.00000,2.98000,0.00000,0.00000,1.00000
-287923.97111,-492772.85724,137.34900,640842225.44095,9.16000,4102563.00000,2.83000,0.00000,0.00000,1.00000
-287665.63699,-493114.78699,136.87000,640842225.48790,9.14000,1644866.00000,3.48000,0.00000,0.00000,1.00000
-287388.39201,-493459.09859,135.99000,640842225.53486,9.01000,1648044.00000,4.00000,0.00000,0.00000,1.00000
-287482.06521,-493756.61795,136.17800,640842225.58181,8.86000,833048.00000,3.74000,0.00000,0.00000,1.00000
-287264.44724,-494093.39314,134.64900,640842225.62876,9.02000,1181741.00000,3.31000,0.00000,0.00000,1.00000
-287510.86191,-494371.66777,133.60600,640842225.67571,9.16000,580999.00000,4.34000,0.00000,0.00000,1.00000
-288086.01535,-494608.48492,135.95300,640842225.72267,9.18000,424844.00000,3.89000,0.00000,0.00000,1.00000
-288352.79257,-494884.19356,133.61300,640842225.76962,9.35000,637093.00000,3.87000,0.00000,0.00000,1.00000
-287457.30007,-495306.43521,128.89500,640842225.81657,9.68000,690005.00000,5.14000,0.00000,0.00000,1.00000
-287873.17282,-495563.34668,128.15600,640842225.86353,9.80000,1709908.00000,4.23000,0.00000,0.00000,1.00000
-288510.87135,-495792.29896,133.14300,640842225.91048,9.90000,6000548.00000,4.37000,0.00000,0.00000,1.00000
-286712.74062,-496328.29579,123.33800,640842225.95743,10.00000,1985522.00000,3.92000,0.00000,0.00000,1.00000
-286850.03681,-496620.32520,122.79100,640842226.00438,10.17000,762865.00000,5.78000,0.00000,0.00000,1.00000
-286842.59809,-496930.61088,122.80600,640842226.05134,10.33000,1175845.00000,4.71000,0.00000,0.00000,1.00000
-286876.60206,-497235.65200,122.45500,640842226.09829,10.19000,2449810.00000,3.42000,0.00000,0.00000,1.00000
-287675.04427,-497444.37844,136.30000,640842226.14524,10.16000,3447530.00000,2.86000,0.00000,0.00000,1.00000
-287298.10849,-497801.22019,135.74600,640842226.19220,10.07000,1018281.00000,3.65000,0.00000,0.00000,1.00000
-287146.64062,-498129.64133,135.46300,640842226.23915,10.12000,689298.00000,4.41000,0.00000,0.00000,1.00000
-287187.18388,-498433.86281,134.96200,640842226.28610,9.93000,323202.00000,5.02000,0.00000,0.00000,1.00000
-287298.28213,-498729.20695,134.95100,640842226.33306,9.96000,292467.00000,5.42000,0.00000,0.00000,1.00000
-287582.48584,-499002.74516,135.16200,640842226.38001,9.96000,575755.00000,5.91000,0.00000,0.00000,1.00000
-287578.66037,-499312.57160,136.10300,640842226.42696,9.88000,516431.00000,4.99000,0.00000,0.00000,1.00000
-287549.37134,-499625.59796,135.92700,640842226.47391,9.73000,405117.00000,4.86000,0.00000,0.00000,1.00000
-287718.65115,-499913.62571,135.52500,640842226.52087,9.60000,383691.00000,4.65000,0.00000,0.00000,1.00000
-287614.44047,-500236.08745,133.42600,640842226.56782,9.67000,1435287.00000,5.08000,0.00000,0.00000,1.00000
-287471.67646,-500563.40274,133.70000,640842226.61477,9.71000,1093333.00000,5.30000,0.00000,0.00000,1.00000
-287240.90046,-500901.79725,133.32400,640842226.66173,9.79000,148286.00000,8.18000,0.00000,0.00000,1.00000
-286939.57432,-501249.08610,133.85300,640842226.70868,9.85000,115924.00000,8.12000,0.00000,0.00000,1.00000
-286924.08842,-501560.36801,133.73600,640842226.75563,9.75000,206386.00000,8.62000,0.00000,0.00000,1.00000
-287393.02559,-501810.67015,133.45800,640842226.80259,9.70000,189348.00000,6.34000,0.00000,0.00000,1.00000
-287413.17511,-502117.46501,134.08800,640842226.84954,9.49000,643363.00000,5.79000,0.00000,0.00000,1.00000
-287212.93456,-502452.01197,134.59700,640842226.89649,9.36000,528430.00000,3.58000,0.00000,0.00000,1.00000
-287019.23960,-502785.73961,133.92800,640842226.94344,9.45000,411454.00000,4.24000,0.00000,0.00000,1.00000
-286963.00741,-503102.14878,133.47300,640842226.99040,9.52000,227499.00000,4.37000,0.00000,0.00000,1.00000
-287007.88388,-503405.84420,133.31300,640842227.03735,9.59000,247924.00000,3.96000,0.00000,0.00000,1.00000
-286793.08136,-503742.21361,132.83500,640842227.08430,9.63000,465438.00000,3.41000,0.00000,0.00000,1.00000
-286504.81108,-504087.82366,133.09900,640842227.13126,9.75000,280642.00000,3.51000,0.00000,0.00000,1.00000
-286219.44423,-504433.06177,133.07000,640842227.17821,9.75000,609838.00000,3.24000,0.00000,0.00000,1.00000
-285942.07956,-504777.29911,132.88900,640842227.22516,9.81000,2900395.00000,3.02000,0.00000,0.00000,1.00000
-288933.58447,-504710.23199,112.99800,640842227.27211,9.91000,3024650.00000,2.32000,0.00000,0.00000,1.00000
-285355.32991,-505469.77085,134.44600,640842227.31907,9.98000,7060397.00000,2.31000,0.00000,0.00000,1.00000
-287651.42887,-505490.25496,115.41800,640842227.36602,10.24000,1891424.00000,2.52000,0.00000,0.00000,1.00000
-287866.49035,-505772.53352,113.50500,640842227.41297,10.35000,1394583.00000,2.81000,0.00000,0.00000,1.00000
-287729.49274,-506099.11190,113.31700,640842227.45993,10.27000,1289443.00000,3.24000,0.00000,0.00000,1.00000
-287435.37734,-506445.45916,114.34900,640842227.50688,10.42000,897972.00000,3.60000,0.00000,0.00000,1.00000
-287278.72688,-506774.48975,114.99900,640842227.55383,10.49000,569890.00000,4.24000,0.00000,0.00000,1.00000
-286942.41300,-507126.12812,116.64300,640842227.60079,10.54000,604413.00000,3.61000,0.00000,0.00000,1.00000
-287457.16447,-507370.73988,114.53700,640842227.64774,10.64000,1700218.00000,3.31000,0.00000,0.00000,1.00000
-287168.12146,-507716.41962,116.21900,640842227.69469,10.78000,1808257.00000,3.99000,0.00000,0.00000,1.00000
-287109.67251,-508033.11809,117.01400,640842227.74164,10.79000,634651.00000,5.46000,0.00000,0.00000,1.00000
-286800.98461,-508381.25881,119.05300,640842227.78860,11.00000,1071761.00000,5.77000,0.00000,0.00000,1.00000
-287010.94725,-508664.19963,119.98400,640842227.83555,11.18000,614357.00000,8.17000,0.00000,0.00000,1.00000
-288895.41828,-508736.61576,120.83000,640842227.88250,10.84000,664993.00000,6.55000,0.00000,0.00000,1.00000
-288499.43468,-509095.74472,120.06100,640842227.92945,10.72000,2023515.00000,6.62000,0.00000,0.00000,1.00000
-288272.21136,-509433.65666,120.97700,640842227.97641,10.65000,556253.00000,5.61000,0.00000,0.00000,1.00000
-287673.26429,-509818.27535,121.78000,640842228.02336,10.44000,877791.00000,4.23000,0.00000,0.00000,1.00000
-287853.39096,-510104.97628,122.49500,640842228.07031,10.32000,766148.00000,3.92000,0.00000,0.00000,1.00000
-287717.81059,-510431.35517,123.35200,640842228.11726,10.26000,643919.00000,3.94000,0.00000,0.00000,1.00000
-287670.24554,-510746.66813,124.10200,640842228.16421,10.08000,958306.00000,3.49000,0.00000,0.00000,1.00000
-287575.40282,-511067.93381,125.39400,640842228.21116,10.07000,1722558.00000,2.69000,0.00000,0.00000,1.00000
-288272.72706,-511289.64295,136.35600,640842228.25812,9.97000,1166597.00000,2.66000,0.00000,0.00000,1.00000
-288345.17779,-511589.87027,136.91800,640842228.30507,9.90000,201590.00000,3.63000,0.00000,0.00000,1.00000
-288932.64024,-511825.39401,137.66500,640842228.35202,9.76000,365736.00000,3.82000,0.00000,0.00000,1.00000
-288729.40145,-512160.27542,136.27600,640842228.39897,9.62000,1005634.00000,4.30000,0.00000,0.00000,1.00000
-288019.14503,-512558.84613,137.08200,640842228.44592,9.52000,348170.00000,4.46000,0.00000,0.00000,1.00000
-287780.97872,-512898.09873,137.50900,640842228.49287,9.46000,258865.00000,4.09000,0.00000,0.00000,1.00000
-287948.71137,-513186.36345,137.19600,640842228.53982,9.32000,448050.00000,3.58000,0.00000,0.00000,1.00000
-288213.18764,-513462.47593,135.95200,640842228.58677,9.06000,833494.00000,2.85000,0.00000,0.00000,1.00000
-289428.41193,-513619.18094,152.84300,640842228.63372,8.91000,842602.00000,2.03000,0.00000,0.00000,1.00000
-289477.57039,-513922.35230,153.57400,640842228.68068,8.81000,999359.00000,1.92000,0.00000,0.00000,1.00000
-289453.98763,-514234.66418,154.52000,640842228.72763,8.74000,1025260.00000,2.15000,0.00000,0.00000,1.00000
-289414.40275,-514548.98518,155.68600,640842228.77458,8.79000,1176332.00000,2.22000,0.00000,0.00000,1.00000
-289451.91247,-514853.61454,155.01100,640842228.82153,8.79000,1402671.00000,1.98000,0.00000,0.00000,1.00000
-289323.57498,-515179.07340,152.43700,640842228.86848,8.78000,325052.00000,1.86000,0.00000,0.00000,1.00000
-289160.31382,-515508.91126,150.49700,640842228.91543,8.93000,748332.00000,1.80000,0.00000,0.00000,1.00000
-289088.70471,-515827.24283,147.62300,640842228.96238,9.05000,809167.00000,2.07000,0.00000,0.00000,1.00000
-289056.37114,-516140.63599,145.43000,640842229.00933,9.07000,202919.00000,3.61000,0.00000,0.00000,1.00000
-289027.67544,-516453.57720,145.84300,640842229.05628,9.07000,328873.00000,4.11000,0.00000,0.00000,1.00000
-288780.02016,-516794.00234,146.52900,640842229.10323,9.15000,4533202.00000,2.12000,0.00000,0.00000,1.00000
-288645.09909,-517120.26317,140.65600,640842229.15018,9.21000,2019592.00000,2.37000,0.00000,0.00000,1.00000
-289456.59921,-517327.75892,134.20400,640842229.19713,9.30000,3714004.00000,2.64000,0.00000,0.00000,1.00000
-289835.26849,-517589.57801,131.91200,640842229.24408,9.48000,959750.00000,3.28000,0.00000,0.00000,1.00000
-289750.54663,-517909.55466,131.17400,640842229.29103,9.60000,838404.00000,3.63000,0.00000,0.00000,1.00000
-290099.38839,-518175.12047,130.86400,640842229.33798,9.74000,1427357.00000,4.11000,0.00000,0.00000,1.00000
-289983.38438,-518499.03314,131.65500,640842229.38493,9.80000,2224909.00000,4.62000,0.00000,0.00000,1.00000
-292093.45972,-518416.38381,133.66200,640961131.40393,10.31000,2054044.00000,2.53000,0.00000,0.00000,0.00000
-291810.42014,-518279.01227,133.16500,640961131.45091,10.20000,1173457.00000,3.02000,0.00000,0.00000,0.00000
-291661.83982,-517972.09416,131.72800,640961131.49789,10.10000,621608.00000,3.90000,0.00000,0.00000,0.00000
-291562.48468,-517603.09700,130.66200,640961131.54488,9.99000,2090722.00000,3.72000,0.00000,0.00000,0.00000
-291198.77791,-517567.45376,129.44600,640961131.59186,9.96000,1449712.00000,5.08000,0.00000,0.00000,0.00000
-290950.84856,-517385.83200,128.90300,640961131.63884,9.90000,1567425.00000,6.02000,0.00000,0.00000,0.00000
-290895.71098,-516961.07215,128.80100,640961131.68582,9.94000,1099553.00000,5.47000,0.00000,0.00000,0.00000
-290645.04791,-516782.88404,129.40500,640961131.73280,9.73000,918151.00000,5.21000,0.00000,0.00000,0.00000
-290192.93166,-516858.73160,131.52600,640961131.77978,9.56000,1640160.00000,4.08000,0.00000,0.00000,0.00000
-289745.37059,-516928.82023,133.94700,640961131.82676,9.39000,1349007.00000,3.66000,0.00000,0.00000,0.00000
-290669.29740,-515269.55631,143.58900,640961131.87374,9.28000,2091873.00000,3.83000,0.00000,0.00000,0.00000
-290317.00823,-515219.53549,143.72500,640961131.92072,9.16000,1926152.00000,4.01000,0.00000,0.00000,0.00000
-289807.01418,-515368.35295,143.82800,640961131.96770,9.19000,5000317.00000,2.49000,0.00000,0.00000,0.00000
-289912.79793,-514740.73927,153.50500,640961132.01469,9.09000,4287754.00000,2.58000,0.00000,0.00000,0.00000
-289678.56323,-514541.85901,155.33900,640961132.06167,8.86000,1212483.00000,2.54000,0.00000,0.00000,0.00000
-289479.42962,-514298.73769,154.92600,640961132.10865,8.78000,838065.00000,3.02000,0.00000,0.00000,0.00000
-289330.43524,-513992.39394,153.62700,640961132.15563,8.61000,545447.00000,3.12000,0.00000,0.00000,0.00000
-289335.05045,-513492.38831,152.26100,640961132.20261,8.70000,328107.00000,3.49000,0.00000,0.00000,0.00000
-289219.78872,-513143.51532,150.73400,640961132.24959,8.82000,733588.00000,2.32000,0.00000,0.00000,0.00000
-289036.62322,-512880.28085,148.09500,640961132.29657,8.98000,403136.00000,2.17000,0.00000,0.00000,0.00000
-288783.71986,-512704.96187,144.72100,640961132.34355,9.21000,795762.00000,2.46000,0.00000,0.00000,0.00000
-288437.82562,-512646.86502,140.84700,640961132.39053,9.35000,351385.00000,3.13000,0.00000,0.00000,0.00000
-288005.33312,-512697.96903,137.91500,640961132.43751,9.35000,212021.00000,5.33000,0.00000,0.00000,0.00000
-287545.93577,-512782.95901,137.22900,640961132.48449,9.61000,100570.00000,8.09000,0.00000,0.00000,0.00000
-286974.40243,-513009.31096,138.19300,640961132.53147,9.68000,73566.00000,7.82000,0.00000,0.00000,0.00000
-286487.65566,-513128.76877,140.75200,640961132.57845,9.58000,393571.00000,4.59000,0.00000,0.00000,0.00000
-286165.46464,-513040.76691,143.71800,640961132.62544,9.54000,2183197.00000,3.89000,0.00000,0.00000,0.00000
-285888.86158,-512895.31118,144.16000,640961132.67242,9.43000,1431687.00000,2.98000,0.00000,0.00000,0.00000
-285648.26764,-512704.46225,141.79600,640961132.71940,9.50000,1885093.00000,2.68000,0.00000,0.00000,0.00000
-285429.09274,-512486.59076,138.51200,640961132.76638,9.75000,6536998.00000,2.73000,0.00000,0.00000,0.00000
-285462.01434,-511950.97428,128.19700,640961132.81336,10.11000,986210.00000,2.67000,0.00000,0.00000,0.00000
-285204.56629,-511781.36992,133.08200,640961132.86034,10.08000,1531836.00000,2.94000,0.00000,0.00000,0.00000
-285072.47224,-511453.73570,132.41400,640961132.90732,10.04000,1040532.00000,3.60000,0.00000,0.00000,0.00000
-284915.31496,-511157.72120,132.49700,640961132.95430,10.13000,847635.00000,3.16000,0.00000,0.00000,0.00000
-284666.53474,-510977.20743,132.65600,640961133.00129,10.01000,646453.00000,3.40000,0.00000,0.00000,0.00000
-284443.73797,-510763.93481,132.75000,640961133.04827,10.06000,646985.00000,3.69000,0.00000,0.00000,0.00000
-284247.83882,-510516.75455,132.66400,640961133.09525,10.04000,522795.00000,4.12000,0.00000,0.00000,0.00000
-284079.75023,-510234.52242,133.08200,640961133.14223,9.96000,212731.00000,4.78000,0.00000,0.00000,0.00000
-283895.25876,-509972.98721,133.84700,640961133.18921,9.95000,218385.00000,4.03000,0.00000,0.00000,0.00000
-283705.75358,-509717.76770,134.06800,640961133.23619,9.92000,290564.00000,5.09000,0.00000,0.00000,0.00000
-283545.42560,-509425.77168,134.28600,640961133.28317,9.84000,171384.00000,6.60000,0.00000,0.00000,0.00000
-283446.64117,-509056.19841,135.26300,640961133.33015,9.69000,289421.00000,4.98000,0.00000,0.00000,0.00000
-283262.61330,-508794.08594,135.80700,640961133.37713,9.50000,287522.00000,4.79000,0.00000,0.00000,0.00000
-283262.76868,-508299.84860,137.04900,640961133.42412,9.33000,257125.00000,5.89000,0.00000,0.00000,0.00000
-283392.39912,-507642.42634,138.39800,640961133.47110,9.31000,167601.00000,5.82000,0.00000,0.00000,0.00000
-283247.59133,-507330.90675,139.26700,640961133.51808,9.18000,525451.00000,3.86000,0.00000,0.00000,0.00000
-282988.81001,-507163.01905,138.71300,640961133.56506,9.30000,1001727.00000,3.47000,0.00000,0.00000,0.00000
-282662.10029,-507080.73322,136.79900,640961133.61204,9.53000,972049.00000,2.97000,0.00000,0.00000,0.00000
-282293.44898,-507051.30452,133.67600,640961133.65902,9.75000,951205.00000,3.27000,0.00000,0.00000,0.00000
-281976.78040,-506956.38959,130.29400,640961133.70600,10.04000,1543855.00000,3.34000,0.00000,0.00000,0.00000
-281779.09064,-506711.49431,128.62600,640961133.75298,10.43000,4876259.00000,3.73000,0.00000,0.00000,0.00000
-281382.62246,-506717.09472,121.26300,640961133.79997,10.64000,2927313.00000,4.29000,0.00000,0.00000,0.00000
-280592.67541,-507218.53514,116.21800,640961133.84695,10.77000,3052380.00000,4.09000,0.00000,0.00000,0.00000
-280322.49542,-507064.99044,114.88600,640961133.89393,10.74000,1298118.00000,4.80000,0.00000,0.00000,0.00000
-279763.69762,-507275.12396,113.84000,640961133.94091,10.77000,940226.00000,5.02000,0.00000,0.00000,0.00000
-280425.48395,-505947.23150,123.12500,640961133.98789,10.77000,8983973.00000,3.71000,0.00000,0.00000,0.00000
-280052.27329,-505923.53358,122.93700,640961134.03488,10.71000,5587023.00000,3.47000,0.00000,0.00000,0.00000
-279662.18989,-505921.08438,121.10700,640961134.08186,10.83000,10105169.00000,3.18000,0.00000,0.00000,0.00000
-279279.85519,-505908.85626,120.39600,640961134.12884,10.92000,1860262.00000,3.96000,0.00000,0.00000,0.00000
-278870.16272,-505931.10155,119.39000,640961134.17582,10.87000,517034.00000,4.93000,0.00000,0.00000,0.00000
-278575.82468,-505807.98539,118.20400,640961134.22280,11.03000,450687.00000,6.70000,0.00000,0.00000,0.00000
-278747.50198,-505097.74762,117.78100,640961134.26979,10.87000,158113.00000,6.01000,0.00000,0.00000,0.00000
-278627.80786,-504754.59543,116.18400,640961134.31677,10.76000,904536.00000,6.41000,0.00000,0.00000,0.00000
-277441.58216,-505755.19710,114.82300,640961134.36375,10.26000,1326002.00000,5.75000,0.00000,0.00000,0.00000
-278757.31943,-503603.56942,124.10600,640961134.41073,9.88000,4864000.00000,4.11000,0.00000,0.00000,0.00000
-278588.84821,-503321.90494,125.90600,640961134.45771,9.32000,1609207.00000,4.37000,0.00000,0.00000,0.00000
-278313.22790,-503175.24114,126.75200,640961134.50469,9.07000,820205.00000,3.84000,0.00000,0.00000,0.00000
-277839.26122,-503278.47467,126.96100,640961134.55168,8.94000,678636.00000,3.20000,0.00000,0.00000,0.00000
-277980.41410,-502606.73813,125.31600,640961134.59866,9.01000,1693090.00000,3.18000,0.00000,0.00000,0.00000
-277888.11139,-502229.13758,124.40200,640961134.64564,9.25000,3221366.00000,3.10000,0.00000,0.00000,0.00000
-277467.95299,-502264.57163,123.09100,640961134.69262,9.75000,4899132.00000,3.36000,0.00000,0.00000,0.00000
-279571.70713,-497260.68023,136.36100,641014879.29306,8.77000,170545.00000,3.89000,0.00000,0.00000,1.00000
-279848.62794,-497538.60090,134.03300,641014879.33997,9.21000,303887.00000,4.40000,0.00000,0.00000,1.00000
-279942.78054,-497836.74153,132.75700,641014879.38688,9.53000,117878.00000,5.61000,0.00000,0.00000,1.00000
-280241.54390,-498112.26092,134.12300,641014879.43380,9.32000,261026.00000,4.97000,0.00000,0.00000,1.00000
-280343.70200,-498409.51829,134.99500,641014879.48071,9.39000,358157.00000,4.66000,0.00000,0.00000,1.00000
-280297.31717,-498723.20879,135.34800,641014879.52762,9.44000,521869.00000,3.66000,0.00000,0.00000,1.00000
-280219.61722,-499040.36203,136.20600,641014879.57453,9.67000,1829383.00000,3.03000,0.00000,0.00000,1.00000
-282399.27262,-499107.87765,124.54600,641014879.62144,9.85000,1094815.00000,3.93000,0.00000,0.00000,1.00000
-281850.43876,-499477.14552,123.25000,641014879.66836,9.99000,496767.00000,5.02000,0.00000,0.00000,1.00000
-281723.94465,-499799.70139,122.82100,641014879.71527,9.86000,496675.00000,4.15000,0.00000,0.00000,1.00000
-282453.79339,-500027.58602,124.73400,641014879.76218,9.84000,290606.00000,5.13000,0.00000,0.00000,1.00000
-282749.63113,-500303.43976,125.93900,641014879.80909,9.79000,217635.00000,5.52000,0.00000,0.00000,1.00000
-282875.08011,-500598.15065,127.00000,641014879.85600,9.77000,330915.00000,4.75000,0.00000,0.00000,1.00000
-283256.13057,-500864.61343,127.55500,641014879.90292,9.85000,2875718.00000,4.00000,0.00000,0.00000,1.00000
-280323.18555,-501497.35631,121.46500,641014879.94983,9.81000,1536401.00000,3.47000,0.00000,0.00000,1.00000
-282320.08274,-501585.22631,121.26700,641014879.99674,9.90000,2280442.00000,3.44000,0.00000,0.00000,1.00000
-279349.24680,-502222.08459,123.96600,641014880.04365,9.91000,6272283.00000,3.37000,0.00000,0.00000,1.00000
-279241.66514,-502542.52865,128.06400,641014880.09056,9.83000,2363768.00000,3.49000,0.00000,0.00000,1.00000
-282100.74485,-502535.18562,118.21800,641014880.13748,9.88000,1106768.00000,3.87000,0.00000,0.00000,1.00000
-281819.11306,-502874.86733,116.76600,641014880.18439,10.17000,827550.00000,4.42000,0.00000,0.00000,1.00000
-281983.14457,-503165.32706,117.62700,641014880.23130,10.55000,1348832.00000,5.10000,0.00000,0.00000,1.00000
-282467.55928,-503420.37935,123.36600,641014880.27821,10.65000,2183247.00000,4.22000,0.00000,0.00000,1.00000
-281557.48630,-503829.48750,120.54800,641014880.32512,10.97000,898604.00000,5.84000,0.00000,0.00000,1.00000
-281179.72057,-504179.77653,119.75300,641014880.37204,11.29000,287292.00000,7.32000,0.00000,0.00000,1.00000
-281845.46987,-504414.81415,121.46600,641014880.41895,11.36000,491276.00000,8.96000,0.00000,0.00000,1.00000
-282233.04183,-504680.58207,123.33900,641014880.46586,11.52000,183377.00000,11.25000,0.00000,0.00000,1.00000
-281613.50425,-505057.57565,122.75400,641014880.51277,11.36000,128428.00000,11.90000,0.00000,0.00000,1.00000
-281309.27503,-505399.73974,123.30200,641014880.55968,11.17000,123997.00000,8.50000,0.00000,0.00000,1.00000
-281644.41009,-505671.30636,125.06600,641014880.60660,11.30000,122813.00000,11.29000,0.00000,0.00000,1.00000
-282665.51263,-505867.13909,129.44600,641014880.65351,10.68000,121356.00000,9.28000,0.00000,0.00000,1.00000
-283229.29441,-506113.47912,134.46500,641014880.70042,10.48000,406803.00000,5.65000,0.00000,0.00000,1.00000
-283219.24163,-506423.16455,136.90500,641014880.74733,10.25000,1624336.00000,4.11000,0.00000,0.00000,1.00000
-281596.97255,-506910.82444,124.37800,641014880.79424,10.01000,3395093.00000,3.26000,0.00000,0.00000,1.00000
-283023.65074,-507061.91795,138.90300,641014880.84116,9.84000,4807852.00000,2.97000,0.00000,0.00000,1.00000
-280178.70236,-507684.48855,117.57400,641014880.88807,9.91000,3721955.00000,3.02000,0.00000,0.00000,1.00000
-282675.13885,-507717.54536,137.29800,641014880.93498,9.74000,2059518.00000,3.59000,0.00000,0.00000,1.00000
-282470.66083,-508048.69623,136.25600,641014880.98189,9.84000,1715954.00000,2.95000,0.00000,0.00000,1.00000
-282323.70628,-508373.49552,136.06100,641014881.02880,9.74000,2943486.00000,2.87000,0.00000,0.00000,1.00000
-282193.49723,-508696.44019,135.41400,641014881.07572,9.78000,1616361.00000,3.32000,0.00000,0.00000,1.00000
-282176.15140,-509006.91705,135.83500,641014881.12263,9.71000,1728334.00000,3.13000,0.00000,0.00000,1.00000
-282013.89050,-509333.38960,135.55100,641014881.16954,9.74000,1898130.00000,3.06000,0.00000,0.00000,1.00000
-281850.17685,-509660.02879,134.60100,641014881.21645,9.75000,1090655.00000,3.90000,0.00000,0.00000,1.00000
-281791.31801,-509975.08551,134.26900,641014881.26336,9.75000,465551.00000,3.89000,0.00000,0.00000,1.00000
-281804.55280,-510282.19280,133.38900,641014881.31027,9.82000,400354.00000,3.54000,0.00000,0.00000,1.00000
-281811.96153,-510589.95504,133.05900,641014881.35719,10.04000,390093.00000,3.89000,0.00000,0.00000,1.00000
-281648.96037,-510916.49858,132.54400,641014881.40410,10.05000,402120.00000,4.41000,0.00000,0.00000,1.00000
-281488.87201,-511242.72881,131.63700,641014881.45101,10.12000,249753.00000,4.62000,0.00000,0.00000,1.00000
-281322.21640,-511569.66402,130.86900,641014881.49792,10.23000,459233.00000,4.61000,0.00000,0.00000,1.00000
-281144.64140,-511897.80808,130.38400,641014881.54483,10.28000,647977.00000,3.55000,0.00000,0.00000,1.00000
-281049.35755,-512216.89106,129.39600,641014881.59174,10.55000,4908169.00000,4.23000,0.00000,0.00000,1.00000
-282592.62434,-512355.32219,122.81100,641014881.63865,10.74000,662011.00000,5.20000,0.00000,0.00000,1.00000
-281775.63303,-512753.95311,121.61200,641014881.68556,10.98000,3722132.00000,4.62000,0.00000,0.00000,1.00000
-281042.38622,-513143.34131,125.64400,641014881.73248,11.18000,1838266.00000,4.46000,0.00000,0.00000,1.00000
-283553.48363,-513175.13444,130.41300,641014881.77939,11.19000,1333624.00000,4.71000,0.00000,0.00000,1.00000
-283355.50958,-513505.53699,127.59700,641014881.82630,11.36000,1140802.00000,5.77000,0.00000,0.00000,1.00000
-282569.82866,-513900.70933,123.67900,641014881.87321,11.33000,317556.00000,9.00000,0.00000,0.00000,1.00000
-283710.37784,-514083.60464,126.82400,641014881.92012,11.44000,1098235.00000,6.78000,0.00000,0.00000,1.00000
-283304.83390,-514436.87112,123.88200,641014881.96703,11.29000,1602563.00000,6.99000,0.00000,0.00000,1.00000
-282417.90907,-514843.18049,119.17300,641014882.01394,10.69000,2676394.00000,5.93000,0.00000,0.00000,1.00000
-282202.42998,-515175.49281,117.96800,641014882.06085,10.54000,1211972.00000,5.81000,0.00000,0.00000,1.00000
-282234.55629,-515480.52357,117.90900,641014882.10776,10.81000,1058054.00000,5.86000,0.00000,0.00000,1.00000
-281637.45784,-515854.86980,116.87400,641014882.15468,10.84000,1572330.00000,5.77000,0.00000,0.00000,1.00000
-285858.28116,-516932.91268,119.65300,641014882.38923,11.35000,3863109.00000,4.74000,0.00000,0.00000,1.00000
-284899.93467,-517347.06444,113.60300,641014882.43614,11.46000,2258354.00000,5.19000,0.00000,0.00000,1.00000
-283175.03176,-516868.30634,113.52100,641133785.92442,11.01000,2797159.00000,5.03000,0.00000,0.00000,0.00000
-282871.59745,-516754.51898,114.92700,641133785.97137,10.74000,140919.00000,4.84000,0.00000,0.00000,0.00000
-279615.03333,-514919.18960,119.63800,641133786.53470,10.67000,412275.00000,4.76000,0.00000,0.00000,0.00000
-299311.31564,-511167.77519,617.79500,641306437.86151,10.56000,869650.00000,2.87000,0.00000,0.00000,0.00000
