-302549.95664,-496493.98037,358.67000,466414539.79641,10.76000,2031509.00000,5.00000,0.00000,0.00000,1.00000
-311844.34642,-490248.33443,151.84700,466533445.03411,12.66000,209162.00000,7.11000,0.00000,0.00000,0.00000
-311700.71603,-489916.61006,153.11900,466533445.08128,12.59000,296238.00000,5.77000,0.00000,0.00000,0.00000
-311465.81914,-489714.96337,153.80000,466533445.12845,12.40000,261106.00000,6.22000,0.00000,0.00000,0.00000
-311167.12072,-489604.25091,154.25200,466533445.17562,12.13000,377715.00000,5.79000,0.00000,0.00000,0.00000
-310901.38190,-489446.56457,154.51500,466533445.22278,12.07000,185768.00000,5.58000,0.00000,0.00000,0.00000
-310633.10863,-489292.48570,153.13300,466533445.26995,12.18000,187284.00000,5.73000,0.00000,0.00000,0.00000
-310527.08903,-488907.14509,152.83500,466533445.31712,12.41000,246489.00000,5.63000,0.00000,0.00000,0.00000
-310393.19868,-488561.57018,153.04500,466533445.36429,12.51000,714656.00000,5.16000,0.00000,0.00000,0.00000
-310099.15415,-488444.22115,152.05400,466533445.41146,12.38000,538080.00000,5.13000,0.00000,0.00000,0.00000
-309548.62333,-488692.41648,150.39000,466533445.45863,12.56000,309601.00000,6.02000,0.00000,0.00000,0.00000
-308823.56483,-489189.31492,150.80100,466533445.50580,12.78000,247324.00000,8.15000,0.00000,0.00000,0.00000
-308279.35805,-489428.45519,152.81400,466533445.55297,12.50000,1282503.00000,6.07000,0.00000,0.00000,0.00000
-309927.03422,-486543.98117,145.14000,466533445.60014,12.15000,852841.00000,4.25000,0.00000,0.00000,0.00000
-309498.62586,-486618.13287,144.66300,466533445.64731,11.80000,1109013.00000,3.53000,0.00000,0.00000,0.00000
-309448.42802,-486153.32119,145.24300,466533445.69447,11.48000,971980.00000,3.36000,0.00000,0.00000,0.00000
-309462.55791,-485060.49473,146.34400,466533445.78881,11.25000,1152595.00000,3.38000,0.00000,0.00000,0.00000
-306748.38387,-488391.82079,164.48300,466533445.83598,11.11000,1448528.00000,2.66000,0.00000,0.00000,0.00000
-306649.58119,-487996.24186,163.05700,466533445.88315,10.90000,648565.00000,3.18000,0.00000,0.00000,0.00000
-306759.12675,-487303.80958,161.86800,466533445.93032,10.91000,376244.00000,4.00000,0.00000,0.00000,0.00000
-306800.64310,-486708.32921,162.30100,466533445.97749,10.93000,251033.00000,4.82000,0.00000,0.00000,0.00000
-306844.69339,-486109.23181,163.11700,466533446.02466,10.76000,249251.00000,4.28000,0.00000,0.00000,0.00000
-306893.40481,-485503.52734,163.80100,466533446.07183,10.75000,308626.00000,4.42000,0.00000,0.00000,0.00000
-304595.33253,-488241.53482,146.29300,466533446.11900,11.04000,425245.00000,7.01000,0.00000,0.00000,0.00000
-304203.24926,-488263.84986,145.98300,466533446.16617,11.17000,726792.00000,6.63000,0.00000,0.00000,0.00000
-304248.16983,-487663.52863,144.75100,466533446.21333,11.03000,693077.00000,4.61000,0.00000,0.00000,0.00000
-304205.61704,-487187.86397,144.91600,466533446.26050,11.11000,766936.00000,3.83000,0.00000,0.00000,0.00000
-306137.14867,-483899.64058,158.64600,466533446.30767,11.27000,851362.00000,4.02000,0.00000,0.00000,0.00000
-305759.89847,-483900.88086,155.14300,466533446.35484,11.78000,155528.00000,6.96000,0.00000,0.00000,0.00000
-304416.92663,-485277.96107,152.56600,466533446.40201,12.02000,221558.00000,9.47000,0.00000,0.00000,0.00000
-304240.83227,-484992.57982,152.00300,466533446.44918,11.64000,1119498.00000,8.84000,0.00000,0.00000,0.00000
-303826.79133,-485046.18218,153.67000,466533446.49635,11.28000,1676194.00000,6.75000,0.00000,0.00000,0.00000
-303428.39176,-485077.50508,156.02100,466533446.54352,11.00000,2338815.00000,5.61000,0.00000,0.00000,0.00000
-303108.17777,-484997.42931,159.40500,466533446.59069,11.04000,192755.00000,7.36000,0.00000,0.00000,0.00000
-303171.73417,-484370.65303,159.69900,466533446.63786,11.08000,183732.00000,8.60000,0.00000,0.00000,0.00000
-303365.05400,-483559.05439,161.43500,466533446.68502,10.80000,292245.00000,6.82000,0.00000,0.00000,0.00000
-303147.13238,-483333.27952,163.63400,466533446.73219,10.11000,160872.00000,6.10000,0.00000,0.00000,0.00000
-302884.40994,-483171.32047,164.71100,466533446.77936,10.09000,231693.00000,7.14000,0.00000,0.00000,0.00000
-302600.98463,-483038.86657,164.71800,466533446.82653,10.28000,140737.00000,7.04000,0.00000,0.00000,0.00000
-302356.01740,-482851.61344,164.33900,466533446.87370,10.26000,110806.00000,7.18000,0.00000,0.00000,0.00000
-302207.42734,-482527.10389,165.31700,466533446.92087,10.17000,294766.00000,6.91000,0.00000,0.00000,0.00000
-301796.35977,-482576.45908,163.92800,466533446.96804,10.20000,205300.00000,5.29000,0.00000,0.00000,0.00000
-301547.17426,-482395.22622,162.88600,466533447.01521,10.47000,144599.00000,7.88000,0.00000,0.00000,0.00000
-301267.13994,-482257.95106,163.77200,466533447.06238,10.31000,216379.00000,6.30000,0.00000,0.00000,0.00000
-300916.08731,-482221.79973,163.85300,466533447.10955,10.47000,134989.00000,6.39000,0.00000,0.00000,0.00000
-300603.08448,-482131.47711,164.33800,466533447.15672,10.51000,172556.00000,6.33000,0.00000,0.00000,0.00000
-300459.15773,-481800.33293,164.98600,466533447.20388,10.36000,120502.00000,6.96000,0.00000,0.00000,0.00000
-300245.90724,-481567.91916,166.56700,466533447.25105,9.96000,328324.00000,5.83000,0.00000,0.00000,0.00000
-299899.09294,-481525.74938,167.70500,466533447.29822,9.63000,288204.00000,4.31000,0.00000,0.00000,0.00000
-299504.93273,-481550.99575,166.98200,466533447.34539,9.62000,276748.00000,4.83000,0.00000,0.00000,0.00000
-299172.48205,-481488.33698,166.37600,466533447.39256,9.88000,286016.00000,4.75000,0.00000,0.00000,0.00000
-298946.13984,-481274.58335,165.23500,466533447.43973,9.92000,153197.00000,4.89000,0.00000,0.00000,0.00000
-298765.87941,-480995.21265,164.62800,466533447.48690,10.14000,192609.00000,5.35000,0.00000,0.00000,0.00000
-298595.33772,-480701.98827,164.22000,466533447.53407,10.19000,291401.00000,5.56000,0.00000,0.00000,0.00000
-309516.66910,-485702.12723,146.42100,466587191.83869,12.00000,343389.00000,5.22000,0.00000,0.00000,1.00000
-309643.81292,-485992.75206,145.88500,466587191.88581,12.22000,293415.00000,7.91000,0.00000,0.00000,1.00000
-309275.26583,-486367.94779,146.06900,466587191.93294,12.22000,266047.00000,6.74000,0.00000,0.00000,1.00000
-309195.14049,-486693.92993,146.71700,466587191.98007,12.10000,388530.00000,6.93000,0.00000,0.00000,1.00000
-309065.74017,-487028.32997,147.32800,466587192.02720,11.76000,799794.00000,5.51000,0.00000,0.00000,1.00000
-308938.50600,-487362.34669,148.38400,466587192.07432,11.75000,626675.00000,5.16000,0.00000,0.00000,1.00000
-309233.76762,-487624.29871,149.06100,466587192.12145,11.97000,302942.00000,6.49000,0.00000,0.00000,1.00000
-309113.04993,-487957.20341,150.31200,466587192.16858,11.96000,556583.00000,6.12000,0.00000,0.00000,1.00000
-309354.68363,-488228.31475,151.23500,466587192.21570,11.86000,580422.00000,5.52000,0.00000,0.00000,1.00000
-309311.50592,-488547.99838,151.28200,466587192.26283,11.86000,280368.00000,6.70000,0.00000,0.00000,1.00000
-309126.28257,-488891.89898,151.65000,466587192.30996,11.93000,219008.00000,5.88000,0.00000,0.00000,1.00000
-309225.14504,-489187.36412,151.49900,466587192.35708,12.24000,191178.00000,7.22000,0.00000,0.00000,1.00000
-309286.31005,-489489.23966,151.70700,466587192.40421,12.33000,255247.00000,7.80000,0.00000,0.00000,1.00000
-309296.02644,-489799.90156,151.97500,466587192.45134,12.42000,306513.00000,8.98000,0.00000,0.00000,1.00000
-309578.96251,-490063.98581,152.82100,466587192.49846,12.31000,320001.00000,6.65000,0.00000,0.00000,1.00000
-310236.56109,-490264.17266,153.26800,466587192.54559,12.46000,715266.00000,5.64000,0.00000,0.00000,1.00000
-309880.29006,-490637.22843,149.83800,466587192.59272,12.63000,2830100.00000,5.56000,0.00000,0.00000,1.00000
-310066.10500,-490917.86812,148.88700,466587192.63984,12.66000,3441711.00000,5.30000,0.00000,0.00000,1.00000
-310293.95603,-491191.35033,149.22200,466587192.68697,12.62000,3235774.00000,5.58000,0.00000,0.00000,1.00000
-310319.60306,-491499.30582,149.96000,466587192.73409,12.60000,2290088.00000,4.67000,0.00000,0.00000,1.00000
-309894.46431,-491884.08968,153.37900,466587192.78122,12.62000,7177432.00000,4.34000,0.00000,0.00000,1.00000
-310578.16257,-492079.86400,145.59100,466587192.82835,12.83000,1822608.00000,4.71000,0.00000,0.00000,1.00000
-311070.53763,-492308.26895,145.57900,466587192.87547,12.83000,758708.00000,5.25000,0.00000,0.00000,1.00000
-310048.72965,-493419.36969,152.85200,466587193.01685,12.67000,2799388.00000,4.62000,0.00000,0.00000,1.00000
-310012.03395,-493737.94394,152.50300,466587193.06398,12.35000,5396829.00000,5.16000,0.00000,0.00000,1.00000
-311170.23211,-494477.55015,144.37000,466587193.20536,11.99000,1872901.00000,4.67000,0.00000,0.00000,1.00000
-311051.62890,-494810.08450,144.05500,466587193.25248,11.98000,608100.00000,5.62000,0.00000,0.00000,1.00000
-311409.91529,-495061.37462,144.75100,466587193.29961,12.44000,285846.00000,7.45000,0.00000,0.00000,1.00000
-311643.53391,-495333.88990,145.00000,466587193.34673,12.19000,600767.00000,7.24000,0.00000,0.00000,1.00000
-311180.66174,-495725.07304,144.03300,466587193.39386,11.87000,956759.00000,5.64000,0.00000,0.00000,1.00000
-310321.33425,-496183.77486,142.52600,466587193.44099,11.47000,1368238.00000,4.74000,0.00000,0.00000,1.00000
-309584.48854,-496621.60143,142.58100,466587193.48811,11.04000,1817165.00000,4.25000,0.00000,0.00000,1.00000
-309773.89230,-496901.65313,145.89200,466587193.53524,10.93000,1773497.00000,3.68000,0.00000,0.00000,1.00000
-309362.44345,-497284.02750,141.45500,466587193.58236,10.65000,3807540.00000,4.10000,0.00000,0.00000,1.00000
-309237.29257,-497617.65559,142.24700,466587193.62949,10.44000,2972131.00000,3.78000,0.00000,0.00000,1.00000
-309029.00963,-498277.73395,144.61600,466587193.72374,9.99000,1429076.00000,3.55000,0.00000,0.00000,1.00000
-309335.09128,-498537.92579,143.80700,466587193.77087,9.85000,3335907.00000,4.28000,0.00000,0.00000,1.00000
-310292.02325,-498687.29360,144.85100,466587193.81799,9.69000,613210.00000,4.06000,0.00000,0.00000,1.00000
-310543.73227,-498956.72787,143.37200,466587193.86512,9.50000,358618.00000,3.33000,0.00000,0.00000,1.00000
-311729.14225,-496881.58002,151.85200,466706097.89834,8.64000,243005.00000,6.10000,0.00000,0.00000,0.00000
-310882.14659,-497525.79237,145.56300,466706097.94549,9.34000,342515.00000,7.48000,0.00000,0.00000,0.00000
-309796.96289,-498498.79090,142.26700,466706097.99264,9.87000,410773.00000,5.34000,0.00000,0.00000,0.00000
-309960.46405,-497748.10062,138.71200,466706098.03979,10.26000,2030508.00000,6.01000,0.00000,0.00000,0.00000
-309535.42681,-497809.81941,138.77100,466706098.08693,10.41000,580037.00000,3.60000,0.00000,0.00000,0.00000
-309630.76578,-497153.24037,137.97100,466706098.13408,10.59000,671223.00000,4.13000,0.00000,0.00000,0.00000
-309339.92129,-497029.72282,139.03500,466706098.18123,10.75000,1002402.00000,2.50000,0.00000,0.00000,0.00000
-308203.77420,-498072.94789,151.40400,466706098.22838,10.62000,947941.00000,2.56000,0.00000,0.00000,0.00000
-308038.93223,-497775.51995,150.95900,466706098.27553,10.54000,4498763.00000,2.58000,0.00000,0.00000,0.00000
-307994.90161,-497311.31329,150.62000,466706098.32267,10.46000,1869734.00000,3.61000,0.00000,0.00000,0.00000
-307983.67380,-496801.86185,153.25400,466706098.36982,10.16000,765249.00000,3.19000,0.00000,0.00000,0.00000
-307890.03125,-496406.16640,156.68400,466706098.41697,9.97000,541238.00000,2.83000,0.00000,0.00000,0.00000
-307682.03946,-496168.28337,159.69600,466706098.46412,9.86000,380236.00000,3.06000,0.00000,0.00000,0.00000
-307436.51621,-495982.21736,160.23100,466706098.51126,9.69000,744881.00000,2.80000,0.00000,0.00000,0.00000
-307250.98389,-495713.37520,157.81600,466706098.55841,9.64000,1834184.00000,1.86000,0.00000,0.00000,0.00000
-307104.70850,-495390.31391,155.08300,466706098.60556,9.81000,1325588.00000,2.04000,0.00000,0.00000,0.00000
-306927.38067,-495110.14995,152.12900,466706098.65271,10.25000,937082.00000,2.48000,0.00000,0.00000,0.00000
-306722.43277,-494868.09039,149.37200,466706098.69986,10.53000,633142.00000,2.93000,0.00000,0.00000,0.00000
-306475.63217,-494683.80236,147.42200,466706098.74700,10.57000,504751.00000,3.58000,0.00000,0.00000,0.00000
-306295.71527,-494407.20362,147.14900,466706098.79415,10.44000,545779.00000,4.02000,0.00000,0.00000,0.00000
-306147.74226,-494086.55541,147.95700,466706098.84130,10.47000,1081205.00000,4.39000,0.00000,0.00000,0.00000
-305984.65802,-493786.73302,148.87200,466706098.88845,10.55000,993874.00000,4.45000,0.00000,0.00000,0.00000
-305732.68096,-493609.58591,148.82200,466706098.93560,10.56000,2204180.00000,4.24000,0.00000,0.00000,0.00000
-305422.02428,-493513.43355,147.69000,466706098.98274,10.63000,512770.00000,4.12000,0.00000,0.00000,0.00000
-305160.55120,-493349.37709,147.38300,466706099.02989,10.48000,1186106.00000,3.82000,0.00000,0.00000,0.00000
-304842.55087,-493263.33440,146.64100,466706099.07704,10.70000,979980.00000,4.08000,0.00000,0.00000,0.00000
-304386.02943,-493368.43519,139.51500,466706099.12419,10.60000,1336832.00000,4.41000,0.00000,0.00000,0.00000
-304277.33234,-492993.56833,140.66700,466706099.17134,10.19000,1202417.00000,3.45000,0.00000,0.00000,0.00000
-304197.98642,-492578.22635,144.79200,466706099.21849,9.83000,1238491.00000,3.98000,0.00000,0.00000,0.00000
-304264.09873,-491962.18276,140.94500,466706099.26564,9.76000,2673522.00000,3.12000,0.00000,0.00000,0.00000
-304047.50953,-491736.20973,146.65500,466706099.31279,9.79000,3707447.00000,2.93000,0.00000,0.00000,0.00000
-303900.85470,-491413.76368,148.33000,466706099.35994,9.90000,5026941.00000,2.04000,0.00000,0.00000,0.00000
-301393.83438,-494347.95921,111.15200,466706099.40709,10.20000,851075.00000,2.57000,0.00000,0.00000,0.00000
-301223.86761,-494057.63139,111.65500,466706099.45423,10.73000,774517.00000,3.46000,0.00000,0.00000,0.00000
-301177.34415,-493596.98769,112.92500,466706099.50138,10.95000,699896.00000,4.03000,0.00000,0.00000,0.00000
-301256.86499,-492962.48049,115.44300,466706099.54853,10.85000,477576.00000,4.83000,0.00000,0.00000,0.00000
-301110.21906,-492640.00585,118.95900,466706099.59568,10.77000,287904.00000,5.29000,0.00000,0.00000,0.00000
-300726.18434,-492645.03962,121.15200,466706099.64283,10.81000,277343.00000,6.11000,0.00000,0.00000,0.00000
-300430.19522,-492528.58638,122.13000,466706099.68998,10.99000,230880.00000,6.57000,0.00000,0.00000,0.00000
-300559.36548,-491825.61265,122.63400,466706099.73713,10.85000,325083.00000,6.02000,0.00000,0.00000,0.00000
-300468.83912,-491425.72926,124.22500,466706099.78428,10.72000,646451.00000,4.21000,0.00000,0.00000,0.00000
-301631.72554,-489296.73402,142.45300,466706099.83143,10.71000,7414578.00000,3.38000,0.00000,0.00000,0.00000
-301064.28743,-489554.82538,139.62000,466706099.87858,10.63000,448429.00000,4.23000,0.00000,0.00000,0.00000
-300488.19508,-489824.80217,138.12100,466706099.92573,10.68000,177779.00000,5.30000,0.00000,0.00000,0.00000
-300144.32124,-489774.45211,138.79800,466706099.97287,10.73000,521256.00000,4.71000,0.00000,0.00000,0.00000
-299809.51360,-489711.58988,138.11900,466706100.02002,10.52000,2727949.00000,3.76000,0.00000,0.00000,0.00000
-299499.73140,-489614.18513,140.80600,466706100.06717,10.64000,1018474.00000,3.90000,0.00000,0.00000,0.00000
-299216.72200,-489479.86855,140.29300,466706100.11432,10.74000,704674.00000,3.92000,0.00000,0.00000,0.00000
-299078.31048,-489146.08600,140.87900,466706100.16147,10.67000,1367989.00000,4.09000,0.00000,0.00000,0.00000
-298837.60618,-488953.41815,140.89000,466706100.20862,10.64000,1350411.00000,4.72000,0.00000,0.00000,0.00000
-298556.75663,-488816.11250,140.52300,466706100.25577,10.78000,614552.00000,4.57000,0.00000,0.00000,0.00000
-298435.62038,-488458.50910,140.40300,466706100.30292,10.60000,320184.00000,6.62000,0.00000,0.00000,0.00000
-298585.56922,-487727.01906,142.60000,466706100.35007,10.72000,338767.00000,6.00000,0.00000,0.00000,0.00000
-297175.93945,-489146.62849,133.93200,466706100.39722,10.59000,1218203.00000,5.20000,0.00000,0.00000,0.00000
-296117.63651,-490081.58250,132.37500,466706100.44436,10.58000,540574.00000,5.85000,0.00000,0.00000,0.00000
-297954.99500,-487022.79763,147.95600,466706100.49151,10.01000,1665549.00000,4.66000,0.00000,0.00000,0.00000
-297243.80434,-487479.06467,141.97400,466706100.53866,9.62000,2115073.00000,5.61000,0.00000,0.00000,0.00000
-297137.34888,-487101.23389,148.34100,466706100.58581,9.45000,1013571.00000,5.44000,0.00000,0.00000,0.00000
-296618.23283,-487292.55600,147.82400,466706100.63296,9.29000,208090.00000,4.71000,0.00000,0.00000,0.00000
-296108.17861,-487471.36203,146.37500,466706100.68011,9.49000,99764.00000,6.90000,0.00000,0.00000,0.00000
-295660.71509,-487563.83913,145.27800,466706100.72726,9.79000,135761.00000,7.34000,0.00000,0.00000,0.00000
-295290.09013,-487550.34135,144.46400,466706100.77441,9.91000,292020.00000,6.39000,0.00000,0.00000,0.00000
-294994.14532,-487433.84299,144.32200,466706100.82156,10.20000,174145.00000,6.03000,0.00000,0.00000,0.00000
-295155.80964,-486686.30822,145.27200,466706100.86871,10.15000,115140.00000,7.66000,0.00000,0.00000,0.00000
-295252.72252,-486028.07394,146.60800,466706100.91585,9.89000,915624.00000,4.69000,0.00000,0.00000,0.00000
-292713.59009,-489004.85384,135.75600,466706100.96300,9.85000,747946.00000,2.39000,0.00000,0.00000,0.00000
-292254.00989,-489113.97106,134.33400,466706101.01015,10.01000,1919573.00000,3.34000,0.00000,0.00000,0.00000
-291917.90440,-489052.81299,134.60500,466706101.05730,9.90000,439772.00000,4.51000,0.00000,0.00000,0.00000
-291194.09458,-489526.24028,136.85600,466706101.10445,9.78000,286978.00000,5.31000,0.00000,0.00000,0.00000
-290839.84731,-489490.06437,137.47600,466706101.15160,9.31000,342303.00000,4.94000,0.00000,0.00000,0.00000
-292780.77853,-486289.28409,141.73400,466706101.19875,9.23000,1527293.00000,5.35000,0.00000,0.00000,0.00000
-292687.76471,-485892.98515,141.35700,466706101.24590,9.94000,190264.00000,8.86000,0.00000,0.00000,0.00000
-291619.44950,-486841.43780,140.76900,466706101.29304,10.41000,136901.00000,8.86000,0.00000,0.00000,0.00000
-290710.85254,-487569.60679,142.47300,466706101.34019,10.46000,711541.00000,6.78000,0.00000,0.00000,0.00000
-291238.70493,-486317.29184,139.84600,466706101.38734,10.14000,2099972.00000,6.01000,0.00000,0.00000,0.00000
-290463.95512,-486860.92704,139.69000,466706101.43449,9.96000,849044.00000,5.42000,0.00000,0.00000,0.00000
-289977.60529,-487006.90031,138.72200,466706101.48164,9.57000,1814296.00000,4.60000,0.00000,0.00000,0.00000
-289841.42014,-486670.12220,133.74300,466706101.52879,9.30000,1257101.00000,4.66000,0.00000,0.00000,0.00000
-300362.44400,-480596.43112,166.43800,466759844.22200,9.91000,468186.00000,4.82000,0.00000,0.00000,1.00000
-300184.54794,-480935.38918,166.68100,466759844.26909,9.86000,872766.00000,3.44000,0.00000,0.00000,1.00000
-299954.36772,-481282.43780,166.86000,466759844.31619,9.86000,2041396.00000,3.42000,0.00000,0.00000,1.00000
-301117.45044,-481413.36502,160.85800,466759844.36328,10.02000,4899442.00000,4.18000,0.00000,0.00000,1.00000
-299956.48533,-481904.80371,163.21800,466759844.41037,10.09000,1168430.00000,4.58000,0.00000,0.00000,1.00000
-300493.71375,-482132.81662,161.77400,466759844.45747,10.02000,1974019.00000,5.32000,0.00000,0.00000,1.00000
-299702.29673,-482566.91432,162.85300,466759844.50456,10.07000,1858183.00000,5.34000,0.00000,0.00000,1.00000
-299885.94262,-482849.77552,163.63300,466759844.55166,10.18000,307369.00000,5.43000,0.00000,0.00000,1.00000
-300166.87498,-483117.54817,163.25900,466759844.59875,10.24000,222194.00000,5.62000,0.00000,0.00000,1.00000
-300489.19803,-483378.91783,163.00600,466759844.64584,9.95000,215101.00000,6.07000,0.00000,0.00000,1.00000
-300706.96707,-483656.49917,162.56000,466759844.69294,9.97000,210932.00000,6.45000,0.00000,0.00000,1.00000
-300946.51814,-483930.71266,162.37600,466759844.74003,10.03000,103448.00000,6.25000,0.00000,0.00000,1.00000
-301061.90866,-484224.17114,162.59800,466759844.78713,10.10000,322766.00000,5.54000,0.00000,0.00000,1.00000
-301154.06473,-484521.23371,161.77700,466759844.83422,10.20000,280071.00000,5.28000,0.00000,0.00000,1.00000
-301247.66548,-484818.06597,161.21300,466759844.88131,10.48000,387567.00000,4.48000,0.00000,0.00000,1.00000
-301327.48000,-485117.05469,160.74000,466759844.92841,10.47000,454347.00000,4.08000,0.00000,0.00000,1.00000
-301467.55558,-485406.69762,158.65900,466759844.97550,10.42000,404294.00000,4.64000,0.00000,0.00000,1.00000
-301996.06554,-485636.11737,159.30400,466759845.02260,10.40000,383870.00000,4.42000,0.00000,0.00000,1.00000
-302342.34400,-485893.81314,160.04400,466759845.06969,10.63000,1282265.00000,4.92000,0.00000,0.00000,1.00000
-305704.82506,-485683.93082,158.52600,466759845.11678,10.68000,387546.00000,3.68000,0.00000,0.00000,1.00000
-305767.21348,-485985.65121,158.13400,466759845.16388,10.43000,895445.00000,3.86000,0.00000,0.00000,1.00000
-305884.05901,-486278.93619,158.26200,466759845.21097,10.44000,1107649.00000,3.91000,0.00000,0.00000,1.00000
-305623.33405,-486630.73867,155.36600,466759845.25807,10.73000,783528.00000,4.74000,0.00000,0.00000,1.00000
-303366.56873,-487291.89755,142.24500,466759845.30516,10.98000,498419.00000,4.37000,0.00000,0.00000,1.00000
-302076.18836,-487803.23183,149.02000,466759845.35225,11.06000,6414353.00000,3.94000,0.00000,0.00000,1.00000
-302274.33432,-488083.88872,147.75500,466759845.39935,11.20000,1848968.00000,4.49000,0.00000,0.00000,1.00000
-302402.77823,-488375.36262,146.50600,466759845.44644,11.45000,1032534.00000,5.33000,0.00000,0.00000,1.00000
-302069.42445,-488738.38885,142.01100,466759845.49354,11.76000,935542.00000,5.05000,0.00000,0.00000,1.00000
-302452.71810,-488990.36616,142.23600,466759845.54063,11.78000,1555157.00000,5.84000,0.00000,0.00000,1.00000
-302971.79494,-489221.31709,143.56500,466759845.58773,11.75000,796512.00000,6.15000,0.00000,0.00000,1.00000
-303763.90181,-489409.98645,144.59000,466759845.63482,11.55000,1875231.00000,5.46000,0.00000,0.00000,1.00000
-304497.90849,-489607.64664,146.70900,466759845.68192,11.36000,2068397.00000,4.68000,0.00000,0.00000,1.00000
-305197.05918,-489810.72565,151.01600,466759845.72901,11.11000,683424.00000,3.81000,0.00000,0.00000,1.00000
-304578.31982,-490217.96717,147.76500,466759845.77611,10.83000,3803556.00000,3.84000,0.00000,0.00000,1.00000
-304961.62541,-490469.98923,147.84000,466759845.82320,10.75000,2949127.00000,4.16000,0.00000,0.00000,1.00000
-305076.26390,-490763.62236,146.66500,466759845.87030,10.72000,3257811.00000,4.42000,0.00000,0.00000,1.00000
-305047.12901,-491079.52907,144.88700,466759845.91739,11.00000,2971908.00000,4.58000,0.00000,0.00000,1.00000
-299989.49735,-492174.12546,123.24000,466759845.96449,11.12000,207157.00000,3.87000,0.00000,0.00000,1.00000
-300049.64384,-492476.16190,122.01400,466759846.01158,11.26000,368091.00000,4.63000,0.00000,0.00000,1.00000
-300599.94170,-492702.31130,121.34600,466759846.05868,11.38000,292944.00000,3.72000,0.00000,0.00000,1.00000
-304226.87804,-492452.10301,144.88900,466759846.10577,11.47000,375774.00000,3.32000,0.00000,0.00000,1.00000
-304416.28059,-492734.15839,145.85000,466759846.15287,11.34000,322550.00000,3.17000,0.00000,0.00000,1.00000
-304506.92941,-493031.50436,145.89500,466759846.19996,11.36000,174520.00000,4.11000,0.00000,0.00000,1.00000
-304491.56458,-493345.27614,145.94100,466759846.24706,11.42000,268107.00000,3.63000,0.00000,0.00000,1.00000
-299351.02364,-494452.40631,118.67800,466759846.29415,11.52000,1044535.00000,3.88000,0.00000,0.00000,1.00000
-304414.35775,-493980.00399,143.67000,466759846.34125,11.44000,273744.00000,5.00000,0.00000,0.00000,1.00000
-304365.58101,-494298.94115,142.89900,466759846.38834,11.44000,160669.00000,5.03000,0.00000,0.00000,1.00000
-304349.47549,-494612.81164,141.84900,466759846.43544,11.24000,130018.00000,5.08000,0.00000,0.00000,1.00000
-304174.35195,-494951.31731,140.66000,466759846.48253,11.23000,219942.00000,5.17000,0.00000,0.00000,1.00000
-303912.80075,-495303.17352,138.60700,466759846.52963,11.40000,421594.00000,4.78000,0.00000,0.00000,1.00000
-303872.73071,-495620.75975,137.16900,466759846.57672,11.61000,529093.00000,7.53000,0.00000,0.00000,1.00000
-304529.75462,-495830.45091,139.68500,466759846.62382,11.41000,293133.00000,6.36000,0.00000,0.00000,1.00000
-306287.64015,-495869.79590,147.98600,466759846.67091,11.12000,1990032.00000,4.69000,0.00000,0.00000,1.00000
-305071.19571,-496369.44004,139.38600,466759846.71801,11.01000,590582.00000,4.15000,0.00000,0.00000,1.00000
-304347.06881,-496792.87538,134.54900,466759846.76510,10.85000,841300.00000,4.80000,0.00000,0.00000,1.00000
-303956.24984,-497164.73959,130.95500,466759846.81220,10.62000,426003.00000,4.40000,0.00000,0.00000,1.00000
-303959.00684,-497475.69192,128.42400,466759846.85929,10.73000,454005.00000,4.40000,0.00000,0.00000,1.00000
-303772.95346,-497815.85638,125.37900,466759846.90639,10.80000,528799.00000,4.07000,0.00000,0.00000,1.00000
-303738.67004,-498132.54432,122.64800,466759846.95348,10.88000,430243.00000,3.89000,0.00000,0.00000,1.00000
-303631.03967,-498460.57775,119.84400,466759847.00058,11.01000,378482.00000,4.19000,0.00000,0.00000,1.00000
-303398.48665,-498807.91247,117.29500,466759847.04767,11.02000,370023.00000,4.58000,0.00000,0.00000,1.00000
-303104.21374,-499164.81094,114.80500,466759847.09477,11.18000,340648.00000,5.46000,0.00000,0.00000,1.00000
-303256.54686,-499452.62660,114.03700,466759847.14186,10.99000,281551.00000,5.62000,0.00000,0.00000,1.00000
-303287.60012,-499759.20049,113.21900,466759847.18896,10.79000,451958.00000,4.86000,0.00000,0.00000,1.00000
-303609.85896,-500020.73471,113.23900,466759847.23605,10.66000,907002.00000,4.19000,0.00000,0.00000,1.00000
-305896.51639,-499978.49925,121.20300,466759847.28315,10.56000,2854733.00000,3.61000,0.00000,0.00000,1.00000
-305268.16787,-500387.06040,118.49800,466759847.33024,10.54000,1156921.00000,4.26000,0.00000,0.00000,1.00000
-304479.32246,-500820.43426,116.31700,466759847.37734,10.58000,390064.00000,3.65000,0.00000,0.00000,1.00000
-304449.33677,-501136.45123,127.33500,466759847.42443,10.53000,3515776.00000,3.82000,0.00000,0.00000,1.00000
-304335.14383,-501465.50147,126.25600,466759847.47153,10.57000,839160.00000,3.76000,0.00000,0.00000,1.00000
-304194.79637,-501798.57551,125.11500,466759847.51862,10.55000,488223.00000,4.99000,0.00000,0.00000,1.00000
-304068.96998,-502129.40712,123.84400,466759847.56572,10.74000,598422.00000,7.82000,0.00000,0.00000,1.00000
-303889.39873,-502468.54109,123.25100,466759847.61281,10.24000,334383.00000,6.19000,0.00000,0.00000,1.00000
-303520.28745,-502836.98036,120.95800,466759847.65991,10.03000,504694.00000,6.82000,0.00000,0.00000,1.00000
-303574.55730,-503139.97374,118.55400,466759847.70700,9.92000,1082948.00000,5.19000,0.00000,0.00000,1.00000
-303418.94532,-503475.40430,116.28800,466759847.75410,9.38000,2586424.00000,3.29000,0.00000,0.00000,1.00000
-303423.82026,-503786.01924,112.35000,466759847.80119,9.40000,1557622.00000,2.87000,0.00000,0.00000,1.00000
-303520.20119,-504082.49827,108.26300,466759847.84829,9.65000,5276473.00000,2.97000,0.00000,0.00000,1.00000
-303483.67639,-504399.51642,104.83800,466759847.89538,9.90000,3721774.00000,3.66000,0.00000,0.00000,1.00000
-305511.17405,-504397.59022,100.53700,466759847.94248,10.01000,3275482.00000,3.25000,0.00000,0.00000,1.00000
-304992.42096,-504789.15114,98.42600,466759847.98957,10.40000,2234837.00000,4.69000,0.00000,0.00000,1.00000
-308560.29855,-504549.19661,116.24300,466759848.03667,10.49000,713090.00000,4.53000,0.00000,0.00000,1.00000
-307938.42547,-504956.72061,111.15800,466759848.08376,10.62000,297005.00000,5.49000,0.00000,0.00000,1.00000
-297237.55108,-506921.19420,127.55500,466759848.13086,10.59000,944948.00000,6.55000,0.00000,0.00000,1.00000
-308386.11124,-505510.37642,112.52000,466759848.17795,10.29000,283930.00000,5.86000,0.00000,0.00000,1.00000
-307892.76481,-505898.01155,108.44200,466759848.22505,10.44000,555198.00000,6.30000,0.00000,0.00000,1.00000
-307632.54683,-506249.62894,105.67600,466759848.27215,10.50000,250742.00000,6.87000,0.00000,0.00000,1.00000
-307063.66522,-506648.93431,101.36900,466759848.31924,10.35000,250580.00000,7.21000,0.00000,0.00000,1.00000
-307492.67154,-506894.06261,101.92500,466759848.36634,9.98000,395854.00000,5.88000,0.00000,0.00000,1.00000
-306798.84545,-507312.63615,97.90300,466759848.41343,9.65000,570471.00000,6.97000,0.00000,0.00000,1.00000
-306381.71846,-507688.46268,97.44700,466759848.46053,9.46000,904512.00000,3.99000,0.00000,0.00000,1.00000
-307152.80380,-507880.77447,99.13100,466759848.50762,9.29000,1080284.00000,4.92000,0.00000,0.00000,1.00000
-306964.45125,-508221.27619,100.28600,466759848.55471,9.14000,1260410.00000,4.51000,0.00000,0.00000,1.00000
-306641.00738,-508582.62461,99.84600,466759848.60181,9.12000,728249.00000,5.11000,0.00000,0.00000,1.00000
-305302.20652,-509100.75860,99.74200,466759848.64890,9.28000,713823.00000,3.10000,0.00000,0.00000,1.00000
-304460.90762,-509542.03867,103.64800,466759848.69600,9.44000,1882679.00000,3.26000,0.00000,0.00000,1.00000
-304354.61689,-509869.83277,106.83500,466759848.74309,9.71000,471966.00000,4.79000,0.00000,0.00000,1.00000
-304096.53445,-510221.06638,109.19000,466759848.79019,10.07000,249256.00000,4.46000,0.00000,0.00000,1.00000
-303415.74715,-510637.53055,111.64900,466759848.83728,10.33000,433174.00000,4.17000,0.00000,0.00000,1.00000
-303108.99860,-510996.25733,113.98600,466759848.88438,10.42000,1540505.00000,3.71000,0.00000,0.00000,1.00000
-302910.45729,-511338.26768,115.62400,466759848.93148,10.48000,1040072.00000,5.08000,0.00000,0.00000,1.00000
-302507.83206,-511711.76576,119.08800,466759848.97857,10.48000,211767.00000,4.44000,0.00000,0.00000,1.00000
-302676.05538,-511997.16488,119.26700,466759849.02566,10.29000,1068818.00000,4.50000,0.00000,0.00000,1.00000
-302797.06572,-512289.85504,117.74600,466759849.07276,10.63000,1490752.00000,4.97000,0.00000,0.00000,1.00000
-303569.55500,-512482.01853,115.09000,466759849.11985,10.78000,163686.00000,5.23000,0.00000,0.00000,1.00000
-304565.01915,-512639.77088,115.09500,466759849.16695,10.90000,813220.00000,4.18000,0.00000,0.00000,1.00000
-306324.81435,-510546.50423,101.02300,466878750.66247,11.98000,179816.00000,7.93000,0.00000,0.00000,0.00000
-306875.16476,-508782.23649,102.40000,466878750.75671,12.03000,308600.00000,8.03000,0.00000,0.00000,0.00000
-306064.55597,-509352.09351,103.85600,466878750.80384,11.87000,1553524.00000,6.93000,0.00000,0.00000,0.00000
-305850.12616,-509124.72844,102.91900,466878750.85096,11.80000,757589.00000,7.39000,0.00000,0.00000,0.00000
-305924.97401,-508510.51489,101.64300,466878750.89808,11.74000,471955.00000,7.46000,0.00000,0.00000,0.00000
-306155.26262,-507688.47046,100.06600,466878750.94520,11.28000,1398921.00000,5.74000,0.00000,0.00000,0.00000
-305845.29246,-507588.86763,99.08300,466878750.99232,11.19000,1764488.00000,5.85000,0.00000,0.00000,0.00000
-305758.56304,-507190.74700,99.96800,466878751.03945,10.47000,3707306.00000,5.66000,0.00000,0.00000,0.00000
-304969.08757,-507732.30172,103.24300,466878751.08657,9.07000,690940.00000,5.77000,0.00000,0.00000,0.00000
-303747.20352,-508852.00974,109.83900,466878751.13369,7.71000,1057560.00000,4.24000,0.00000,0.00000,0.00000
-303346.07837,-508874.23638,112.78800,466878751.18081,7.22000,1023688.00000,4.13000,0.00000,0.00000,0.00000
-303047.55522,-508759.29336,114.09800,466878751.22793,7.17000,1125801.00000,5.88000,0.00000,0.00000,0.00000
-306269.46636,-503937.33804,110.49700,466878751.27506,7.52000,1994496.00000,5.69000,0.00000,0.00000,0.00000
-304712.08704,-505505.64319,104.09400,466878751.32218,8.16000,1432994.00000,6.70000,0.00000,0.00000,0.00000
-304111.94967,-505793.99830,106.67200,466878751.36930,8.88000,844839.00000,4.22000,0.00000,0.00000,0.00000
-303897.55329,-505566.63192,101.84000,466878751.41642,9.72000,3368186.00000,4.78000,0.00000,0.00000,0.00000
-303608.29414,-505439.32824,105.79400,466878751.46354,10.37000,412132.00000,4.30000,0.00000,0.00000,0.00000
-303153.47205,-505533.39538,108.88100,466878751.51067,10.93000,1592221.00000,5.44000,0.00000,0.00000,0.00000
-303144.27914,-505031.66571,110.35300,466878751.55779,11.11000,1521033.00000,6.53000,0.00000,0.00000,0.00000
-303921.98893,-503477.92268,114.32700,466878751.60491,10.95000,1535168.00000,5.88000,0.00000,0.00000,0.00000
-304165.54984,-502638.30850,121.94000,466878751.65203,10.77000,1565842.00000,4.96000,0.00000,0.00000,0.00000
-303735.40769,-502699.40920,122.63400,466878751.69915,10.70000,1813797.00000,5.26000,0.00000,0.00000,0.00000
-303260.77927,-502819.94809,123.80400,466878751.74628,10.73000,512229.00000,3.65000,0.00000,0.00000,0.00000
-302875.11453,-502821.57869,122.86700,466878751.79340,10.85000,198877.00000,3.63000,0.00000,0.00000,0.00000
-300406.91738,-505607.09536,107.58300,466878751.84052,10.96000,329756.00000,4.93000,0.00000,0.00000,0.00000
-300015.48922,-505616.34493,107.29800,466878751.88764,11.13000,373356.00000,4.16000,0.00000,0.00000,0.00000
-299986.94668,-505140.51751,105.17800,466878751.93476,11.57000,426592.00000,5.36000,0.00000,0.00000,0.00000
-299492.02813,-505288.10871,104.74600,466878751.98189,11.70000,1221525.00000,6.05000,0.00000,0.00000,0.00000
-299508.41292,-504752.23759,101.95900,466878752.02901,11.74000,686770.00000,4.64000,0.00000,0.00000,0.00000
-299325.29952,-504483.03762,99.99200,466878752.07613,12.24000,341036.00000,6.00000,0.00000,0.00000,0.00000
-298932.55520,-504494.04359,99.60400,466878752.12325,12.63000,278572.00000,6.86000,0.00000,0.00000,0.00000
-298749.88883,-504224.24920,98.53500,466878752.17037,12.71000,261189.00000,7.95000,0.00000,0.00000,0.00000
-298771.57941,-503681.31520,96.98400,466878752.21750,12.73000,351856.00000,9.49000,0.00000,0.00000,0.00000
-298884.89045,-503015.95403,96.17200,466878752.26462,12.80000,306422.00000,10.07000,0.00000,0.00000,0.00000
-298445.91585,-503088.76331,96.76200,466878752.31174,12.94000,288206.00000,11.38000,0.00000,0.00000,0.00000
-298353.98927,-502697.70146,96.54700,466878752.35886,12.43000,194707.00000,6.87000,0.00000,0.00000,0.00000
-297894.31540,-502798.17630,96.37600,466878752.40598,12.45000,189630.00000,7.08000,0.00000,0.00000,0.00000
-297722.22931,-502514.24620,94.81500,466878752.45311,12.39000,555044.00000,6.33000,0.00000,0.00000,0.00000
-297712.23279,-502013.70424,93.36400,466878752.50023,12.15000,500886.00000,4.53000,0.00000,0.00000,0.00000
-298779.97934,-500072.77644,96.44600,466878752.54735,12.12000,945273.00000,3.43000,0.00000,0.00000,0.00000
-299040.41512,-499210.83494,98.77100,466878752.59448,12.53000,1714149.00000,4.03000,0.00000,0.00000,0.00000
-299072.27784,-498654.40883,101.82200,466878752.64160,12.55000,864537.00000,4.50000,0.00000,0.00000,0.00000
-298620.10795,-498744.86113,101.94700,466878752.68872,12.41000,371543.00000,5.11000,0.00000,0.00000,0.00000
-298274.96662,-498692.28875,103.77200,466878752.73584,11.98000,1604855.00000,4.65000,0.00000,0.00000,0.00000
-298070.31521,-498451.93541,106.88900,466878752.78297,11.74000,425178.00000,3.98000,0.00000,0.00000,0.00000
-297671.88889,-498470.58397,109.49700,466878752.83009,11.49000,1181974.00000,3.35000,0.00000,0.00000,0.00000
-297232.93451,-498543.35899,110.94300,466878752.87721,11.25000,364201.00000,4.42000,0.00000,0.00000,0.00000
-296877.23043,-498504.89364,111.18900,466878752.92433,11.34000,300519.00000,5.00000,0.00000,0.00000,0.00000
-296616.21837,-498339.86903,111.34900,466878752.97146,11.33000,224893.00000,4.61000,0.00000,0.00000,0.00000
-296475.89650,-498013.58412,112.41900,466878753.01858,11.38000,284346.00000,5.59000,0.00000,0.00000,0.00000
-296218.42496,-497843.86888,113.93900,466878753.06570,11.21000,224615.00000,5.59000,0.00000,0.00000,0.00000
-295828.80811,-497850.70862,115.87800,466878753.11282,11.08000,543408.00000,5.29000,0.00000,0.00000,0.00000
-295352.42177,-497973.48688,117.92400,466878753.15994,10.92000,476995.00000,4.48000,0.00000,0.00000,0.00000
-294913.91845,-498045.65238,121.68500,466878753.20706,10.78000,692692.00000,3.61000,0.00000,0.00000,0.00000
-294622.53114,-497921.23502,125.69500,466878753.25418,10.55000,549647.00000,3.25000,0.00000,0.00000,0.00000
-294349.19814,-497772.67718,130.60100,466878753.30130,10.10000,594223.00000,3.09000,0.00000,0.00000,0.00000
-294093.48736,-497600.57718,134.89900,466878753.34843,9.96000,798641.00000,3.13000,0.00000,0.00000,0.00000
-293909.58329,-497332.56090,137.49700,466878753.39555,9.80000,765294.00000,3.28000,0.00000,0.00000,0.00000
-293695.28341,-497105.14109,138.19300,466878753.44267,9.81000,910785.00000,3.16000,0.00000,0.00000,0.00000
-293513.58443,-496834.17587,137.91000,466878753.48979,9.96000,1472943.00000,3.60000,0.00000,0.00000,0.00000
-293333.65037,-496560.85312,136.97200,466878753.53691,10.31000,1274688.00000,3.30000,0.00000,0.00000,0.00000
-293079.27333,-496386.97748,134.84700,466878753.58403,10.65000,395953.00000,3.89000,0.00000,0.00000,0.00000
-292887.45315,-496129.54445,133.12000,466878753.63115,10.97000,383419.00000,4.87000,0.00000,0.00000,0.00000
-292674.04847,-495900.94355,132.02400,466878753.67827,11.06000,373183.00000,5.00000,0.00000,0.00000,0.00000
-292247.44328,-495957.16256,129.92700,466878753.72539,11.17000,318396.00000,6.02000,0.00000,0.00000,0.00000
-291724.81269,-496141.68004,128.37600,466878753.77251,11.64000,190902.00000,7.95000,0.00000,0.00000,0.00000
-291310.53618,-496181.41444,127.72500,466878753.81964,12.24000,123767.00000,10.91000,0.00000,0.00000,0.00000
-290849.56786,-496283.52800,127.52400,466878753.86676,11.94000,230169.00000,9.19000,0.00000,0.00000,0.00000
-290444.53895,-496310.89025,128.31900,466878753.91388,11.62000,135824.00000,8.29000,0.00000,0.00000,0.00000
-290222.77756,-496093.46377,129.78000,466878753.96100,11.38000,299813.00000,6.29000,0.00000,0.00000,0.00000
-289891.31566,-496022.53727,132.16100,466878754.00812,10.99000,3694059.00000,3.80000,0.00000,0.00000,0.00000
-289534.75158,-495985.16351,134.32700,466878754.05524,10.71000,3315921.00000,3.88000,0.00000,0.00000,0.00000
-289338.98028,-495733.00482,134.83500,466878754.10236,10.61000,1631724.00000,4.01000,0.00000,0.00000,0.00000
-289593.44815,-494879.47292,133.38100,466878754.14948,10.51000,500182.00000,5.74000,0.00000,0.00000,0.00000
-289767.73773,-494133.03130,133.44800,466878754.19660,10.08000,767220.00000,3.87000,0.00000,0.00000,0.00000
-289828.37116,-493538.41830,139.59400,466878754.24372,9.72000,2664899.00000,3.68000,0.00000,0.00000,0.00000
-289755.08725,-493122.68829,140.92700,466878754.29084,9.42000,4959036.00000,2.08000,0.00000,0.00000,0.00000
-286388.18595,-497106.05071,126.38700,466878754.33796,9.36000,1043909.00000,2.17000,0.00000,0.00000,0.00000
-285867.26415,-497288.14284,126.16500,466878754.38508,9.40000,946506.00000,2.71000,0.00000,0.00000,0.00000
-288898.23352,-492726.36065,145.86700,466878754.43220,9.31000,381566.00000,3.67000,0.00000,0.00000,0.00000
-288658.87717,-492532.45891,144.77600,466878754.47932,9.36000,446173.00000,3.01000,0.00000,0.00000,0.00000
-288400.57915,-492363.84961,142.62400,466878754.52645,9.32000,423217.00000,3.80000,0.00000,0.00000,0.00000
-288116.28956,-492229.95836,140.32500,466878754.57357,9.32000,488566.00000,4.16000,0.00000,0.00000,0.00000
-287735.52500,-492224.93338,138.07600,466878754.62069,9.64000,335949.00000,4.71000,0.00000,0.00000,0.00000
-287280.30091,-492319.33575,135.85400,466878754.66781,9.94000,184452.00000,5.59000,0.00000,0.00000,0.00000
-286829.03403,-492408.43074,134.78900,466878754.71493,10.21000,572982.00000,5.83000,0.00000,0.00000,0.00000
-286273.79127,-492636.38863,133.42800,466878754.76205,10.64000,293814.00000,6.35000,0.00000,0.00000,0.00000
-285738.36561,-492837.85717,133.61500,466878754.80917,10.81000,1215375.00000,5.91000,0.00000,0.00000,0.00000
-285495.04336,-492649.22719,130.79100,466878754.85629,10.90000,572095.00000,7.05000,0.00000,0.00000,0.00000
-285285.65682,-492415.29496,130.71900,466878754.90341,10.72000,389052.00000,6.32000,0.00000,0.00000,0.00000
-294576.72253,-481970.36114,152.85200,466932497.57536,9.06000,908171.00000,5.71000,0.00000,0.00000,1.00000
-294343.61144,-482313.35126,152.60600,466932497.62242,9.27000,5776235.00000,4.46000,0.00000,0.00000,1.00000
-295767.13069,-482425.10256,149.75900,466932497.66948,9.31000,458226.00000,4.88000,0.00000,0.00000,1.00000
-295588.56248,-482760.49667,148.88100,466932497.71653,9.50000,339648.00000,5.03000,0.00000,0.00000,1.00000
-295362.71796,-483102.48711,148.44600,466932497.76359,9.68000,272831.00000,5.77000,0.00000,0.00000,1.00000
-294472.18366,-483537.23582,147.26300,466932497.81065,9.70000,483082.00000,4.59000,0.00000,0.00000,1.00000
-294492.85543,-483844.81179,149.79200,466932497.85770,9.71000,331431.00000,5.17000,0.00000,0.00000,1.00000
-294968.05604,-484088.96085,148.92400,466932497.90476,9.69000,1275198.00000,3.82000,0.00000,0.00000,1.00000
-294569.82181,-484454.98701,154.95100,466932497.95182,9.75000,3319691.00000,3.00000,0.00000,0.00000,1.00000
-294719.95096,-484744.49241,151.22000,466932497.99887,9.85000,4569092.00000,2.48000,0.00000,0.00000,1.00000
-294370.44420,-485103.71568,156.07800,466932498.04593,9.91000,929977.00000,3.33000,0.00000,0.00000,1.00000
-292227.61679,-485713.08984,129.25000,466932498.09299,10.16000,1817354.00000,3.27000,0.00000,0.00000,1.00000
-295690.31825,-485540.49581,142.56300,466932498.14004,10.23000,574309.00000,3.23000,0.00000,0.00000,1.00000
-295284.09254,-485907.63684,141.18700,466932498.18710,10.38000,1467099.00000,3.72000,0.00000,0.00000,1.00000
-294394.96466,-486342.12252,139.82600,466932498.23416,10.99000,485473.00000,5.41000,0.00000,0.00000,1.00000
-293764.01002,-486740.58678,139.06300,466932498.28122,11.02000,706906.00000,6.67000,0.00000,0.00000,1.00000
-293246.49263,-487123.20555,140.49100,466932498.32827,11.01000,332334.00000,6.11000,0.00000,0.00000,1.00000
-292745.69999,-487503.47303,140.54300,466932498.37533,10.95000,258445.00000,7.23000,0.00000,0.00000,1.00000
-292186.00107,-487891.95180,141.43000,466932498.42239,11.03000,357293.00000,8.47000,0.00000,0.00000,1.00000
-291875.74382,-488245.64337,142.32700,466932498.46944,10.85000,272249.00000,6.73000,0.00000,0.00000,1.00000
-291942.92693,-488546.71065,141.96500,466932498.51650,10.68000,615837.00000,5.51000,0.00000,0.00000,1.00000
-292760.63522,-488743.15493,141.43300,466932498.56355,10.34000,731160.00000,4.87000,0.00000,0.00000,1.00000
-294090.32260,-488868.20754,142.47100,466932498.61061,10.60000,1033574.00000,4.85000,0.00000,0.00000,1.00000
-293121.88981,-489313.65834,135.49700,466932498.65767,10.86000,976910.00000,6.51000,0.00000,0.00000,1.00000
-293287.97658,-489600.95253,136.44700,466932498.70472,10.87000,3110466.00000,4.87000,0.00000,0.00000,1.00000
-293416.23463,-489893.50713,137.38600,466932498.75178,10.74000,1225222.00000,5.78000,0.00000,0.00000,1.00000
-293324.13805,-490216.79634,138.23400,466932498.79883,10.75000,470072.00000,4.58000,0.00000,0.00000,1.00000
-292781.13356,-490602.92953,137.48000,466932498.84589,10.95000,371260.00000,7.44000,0.00000,0.00000,1.00000
-291972.66098,-491026.02554,137.88500,466932498.89295,11.10000,823733.00000,6.28000,0.00000,0.00000,1.00000
-291230.37516,-491439.90243,139.25000,466932498.94001,10.94000,750575.00000,5.23000,0.00000,0.00000,1.00000
-292866.98563,-491522.29455,132.05600,466932498.98706,11.04000,1614432.00000,5.28000,0.00000,0.00000,1.00000
-293182.87666,-491788.72671,132.13300,466932499.03412,11.06000,976513.00000,7.01000,0.00000,0.00000,1.00000
-291395.47021,-492348.18848,137.92200,466932499.08118,10.99000,952368.00000,3.95000,0.00000,0.00000,1.00000
-293332.46029,-492388.77128,128.79800,466932499.12823,10.87000,1076274.00000,4.14000,0.00000,0.00000,1.00000
-293475.98444,-492679.23508,127.59700,466932499.17529,10.77000,1250209.00000,4.01000,0.00000,0.00000,1.00000
-293732.23221,-492953.98429,128.28300,466932499.22235,10.71000,1648725.00000,3.50000,0.00000,0.00000,1.00000
-294581.22573,-493146.17011,129.36800,466932499.26940,10.70000,2489988.00000,3.19000,0.00000,0.00000,1.00000
-294057.80336,-493529.53458,135.03800,466932499.31646,10.83000,2905229.00000,3.96000,0.00000,0.00000,1.00000
-294239.13856,-493814.73711,134.85900,466932499.36352,10.97000,759188.00000,4.67000,0.00000,0.00000,1.00000
-294373.18543,-494106.50737,135.07700,466932499.41058,11.03000,1664282.00000,3.83000,0.00000,0.00000,1.00000
-294313.78009,-494425.23963,135.04100,466932499.45763,10.97000,1204102.00000,3.93000,0.00000,0.00000,1.00000
-294250.00884,-494744.57622,134.75500,466932499.50469,10.96000,4679829.00000,3.81000,0.00000,0.00000,1.00000
-294277.14800,-495051.25204,135.10700,466932499.55174,11.08000,362900.00000,4.25000,0.00000,0.00000,1.00000
-294245.36546,-495366.12426,135.58300,466932499.59880,11.05000,518663.00000,3.12000,0.00000,0.00000,1.00000
-294105.21815,-495696.09818,136.58600,466932499.64586,11.00000,460936.00000,3.24000,0.00000,0.00000,1.00000
-293921.42691,-496032.13822,137.04100,466932499.69292,10.95000,1295802.00000,2.77000,0.00000,0.00000,1.00000
-293847.45921,-496352.89290,137.64400,466932499.73997,10.98000,1672008.00000,2.80000,0.00000,0.00000,1.00000
-296893.73890,-496239.24535,121.39400,466932499.78703,11.11000,1864103.00000,2.20000,0.00000,0.00000,1.00000
-293714.05454,-496992.35971,138.51600,466932499.83409,11.11000,1210623.00000,2.40000,0.00000,0.00000,1.00000
-293647.35231,-497312.09927,138.38800,466932499.88114,11.11000,783106.00000,2.23000,0.00000,0.00000,1.00000
-300912.47253,-496611.18043,115.74100,466932499.92820,11.15000,236179.00000,2.72000,0.00000,0.00000,1.00000
-300569.37066,-496969.46315,113.30700,466932499.97526,11.24000,359273.00000,2.46000,0.00000,0.00000,1.00000
-300249.53660,-497324.49328,111.34300,466932500.02231,11.25000,371605.00000,2.88000,0.00000,0.00000,1.00000
-299946.43226,-497677.19481,109.48600,466932500.06937,11.37000,293882.00000,2.56000,0.00000,0.00000,1.00000
-299868.80159,-497998.49368,109.49100,466932500.11643,11.49000,1152528.00000,3.46000,0.00000,0.00000,1.00000
-295095.95220,-498973.23299,110.27900,466932500.16349,11.52000,724483.00000,2.84000,0.00000,0.00000,1.00000
-295026.31961,-499293.38552,108.56900,466932500.21054,11.69000,991230.00000,3.39000,0.00000,0.00000,1.00000
-299363.15396,-499000.37544,106.44000,466932500.25760,11.69000,317285.00000,3.83000,0.00000,0.00000,1.00000
-294046.21350,-500050.66310,108.05100,466932500.30466,11.68000,971278.00000,3.42000,0.00000,0.00000,1.00000
-293624.52733,-500419.78314,107.53600,466932500.35171,11.83000,1444189.00000,4.73000,0.00000,0.00000,1.00000
-292642.03655,-500866.89437,108.92900,466932500.39877,12.06000,1413078.00000,6.07000,0.00000,0.00000,1.00000
-292098.86623,-501252.87882,110.00300,466932500.44583,12.17000,673296.00000,7.12000,0.00000,0.00000,1.00000
-291586.24580,-501634.61020,111.74800,466932500.49288,12.09000,154979.00000,5.29000,0.00000,0.00000,1.00000
-292299.95249,-501845.80137,107.12100,466932500.53994,12.19000,201523.00000,5.83000,0.00000,0.00000,1.00000
-292823.81584,-502083.38237,104.28300,466932500.58700,12.35000,419945.00000,5.93000,0.00000,0.00000,1.00000
-293256.04197,-502333.72770,102.35200,466932500.63406,12.37000,1486322.00000,4.51000,0.00000,0.00000,1.00000
-293260.56351,-502643.54396,101.22900,466932500.68111,12.54000,769849.00000,4.45000,0.00000,0.00000,1.00000
-293358.19355,-502940.42035,100.30000,466932500.72817,12.96000,561341.00000,4.43000,0.00000,0.00000,1.00000
-293445.63247,-503238.70691,99.01300,466932500.77523,12.91000,472226.00000,5.16000,0.00000,0.00000,1.00000
-293702.55435,-503513.43745,97.64000,466932500.82228,12.89000,451384.00000,5.80000,0.00000,0.00000,1.00000
-294381.36725,-503729.52142,96.51300,466932500.86934,13.11000,230684.00000,7.97000,0.00000,0.00000,1.00000
-295160.56243,-503931.65632,97.24500,466932500.91640,13.10000,147294.00000,7.33000,0.00000,0.00000,1.00000
-295949.21370,-504132.48345,99.55400,466932500.96346,13.16000,256500.00000,7.26000,0.00000,0.00000,1.00000
-296129.02834,-504417.95681,102.30600,466932501.01051,13.03000,580253.00000,4.83000,0.00000,0.00000,1.00000
-300089.23314,-504177.88144,104.13500,466932501.05757,12.86000,412591.00000,4.26000,0.00000,0.00000,1.00000
-295514.66269,-505124.28332,106.66700,466932501.10463,12.63000,1632211.00000,3.84000,0.00000,0.00000,1.00000
-295252.22113,-505471.23406,107.70000,466932501.15168,12.59000,636171.00000,4.30000,0.00000,0.00000,1.00000
-295000.68559,-505816.66096,108.30500,466932501.19874,12.49000,622078.00000,4.05000,0.00000,0.00000,1.00000
-294858.97692,-506146.80897,108.99600,466932501.24580,12.59000,1323324.00000,4.08000,0.00000,0.00000,1.00000
-294891.11626,-506452.80330,108.75800,466932501.29285,12.99000,1506690.00000,4.67000,0.00000,0.00000,1.00000
-295272.41065,-506710.29132,103.39500,466932501.33991,13.16000,2363270.00000,6.82000,0.00000,0.00000,1.00000
-294869.54778,-507076.71434,104.07400,466932501.38697,13.17000,1622649.00000,6.74000,0.00000,0.00000,1.00000
-294703.82675,-507410.19905,105.06400,466932501.43402,13.27000,1193286.00000,7.20000,0.00000,0.00000,1.00000
-294585.38301,-507737.11354,105.88200,466932501.48108,13.18000,574342.00000,6.33000,0.00000,0.00000,1.00000
-294570.23009,-508049.68473,103.73100,466932501.52814,13.44000,749610.00000,7.10000,0.00000,0.00000,1.00000
-294515.06215,-508367.80370,102.49600,466932501.57520,13.51000,959468.00000,8.45000,0.00000,0.00000,1.00000
-294449.71120,-508687.34239,102.57900,466932501.62225,13.53000,1780211.00000,8.83000,0.00000,0.00000,1.00000
-294389.45448,-509006.17007,104.95300,466932501.66931,13.62000,703465.00000,8.36000,0.00000,0.00000,1.00000
-294815.82629,-509257.40921,100.47800,466932501.71637,13.88000,1691503.00000,7.85000,0.00000,0.00000,1.00000
-294876.31205,-509559.46789,101.73200,466932501.76342,13.87000,840503.00000,8.71000,0.00000,0.00000,1.00000
-294759.30434,-509886.17678,103.90500,466932501.81048,13.42000,528867.00000,8.29000,0.00000,0.00000,1.00000
-295422.09644,-510104.60150,104.13400,466932501.85754,13.52000,568666.00000,9.21000,0.00000,0.00000,1.00000
-297261.87478,-510159.60144,105.35800,466932501.90460,13.27000,258992.00000,8.82000,0.00000,0.00000,1.00000
-297308.53723,-510463.60146,104.84900,466932501.95165,12.97000,286249.00000,8.84000,0.00000,0.00000,1.00000
-295695.91557,-510997.98348,103.26200,466932501.99871,12.81000,469740.00000,7.83000,0.00000,0.00000,1.00000
-294923.47587,-511415.69263,103.51700,466932502.04577,13.04000,2582674.00000,7.68000,0.00000,0.00000,1.00000
-296096.19867,-511563.35408,100.19200,466932502.09282,12.97000,996785.00000,7.82000,0.00000,0.00000,1.00000
-296426.55488,-511827.97315,100.02300,466932502.13988,13.20000,367472.00000,9.79000,0.00000,0.00000,1.00000
-296613.59403,-512112.46825,99.56900,466932502.18694,13.33000,237968.00000,11.83000,0.00000,0.00000,1.00000
-297474.25668,-512303.47471,101.19900,466932502.23399,13.46000,311404.00000,10.37000,0.00000,0.00000,1.00000
-297862.80226,-512560.02166,103.23200,466932502.28105,13.28000,769258.00000,8.40000,0.00000,0.00000,1.00000
-296999.40123,-512990.33720,103.03700,466932502.32810,13.02000,515221.00000,8.18000,0.00000,0.00000,1.00000
-295961.40755,-513444.85694,102.79400,466932502.37516,12.98000,471084.00000,8.69000,0.00000,0.00000,1.00000
-296126.62189,-513732.40534,102.71800,466932502.42222,13.14000,334607.00000,7.48000,0.00000,0.00000,1.00000
-295928.09487,-514070.40696,102.35400,466932502.46927,13.44000,496112.00000,10.50000,0.00000,0.00000,1.00000
-295699.01973,-514412.65668,103.35700,466932502.51633,13.13000,338084.00000,10.54000,0.00000,0.00000,1.00000
-295864.22317,-514700.20039,104.21100,466932502.56338,12.89000,252759.00000,11.38000,0.00000,0.00000,1.00000
-296318.22408,-514947.67771,104.67700,466932502.61044,12.88000,370656.00000,8.26000,0.00000,0.00000,1.00000
-296683.47297,-515207.46600,105.05500,466932502.65749,12.49000,487639.00000,8.43000,0.00000,0.00000,1.00000
-296071.73802,-515602.78589,104.55500,466932502.70455,12.76000,1903765.00000,10.33000,0.00000,0.00000,1.00000
-295096.26852,-516048.54543,106.71100,466932502.75160,12.95000,358494.00000,10.60000,0.00000,0.00000,1.00000
-295655.74248,-516281.39671,107.26400,466932502.79866,12.61000,583664.00000,8.48000,0.00000,0.00000,1.00000
-295306.62462,-516640.28563,109.46100,466932502.84571,12.62000,1698450.00000,8.01000,0.00000,0.00000,1.00000
-296386.95901,-516800.91010,110.86600,466932502.89277,12.63000,2392289.00000,6.75000,0.00000,0.00000,1.00000
-302114.15228,-513768.16805,113.73300,467051404.09529,10.90000,606093.00000,6.64000,0.00000,0.00000,0.00000
-302235.57623,-513107.25831,115.82900,467051404.14238,10.87000,3830118.00000,4.23000,0.00000,0.00000,0.00000
-301936.98979,-512486.96987,120.10900,467051404.23655,10.63000,331464.00000,3.92000,0.00000,0.00000,0.00000
-298550.28867,-515867.44817,110.56900,467051404.33072,10.06000,654593.00000,4.42000,0.00000,0.00000,0.00000
-298242.48804,-515762.61201,109.11000,467051404.37781,9.97000,313963.00000,4.85000,0.00000,0.00000,0.00000
-297942.31372,-515647.87350,107.79700,467051404.42490,9.83000,939368.00000,3.68000,0.00000,0.00000,0.00000
-300129.18486,-512311.25453,107.01600,467051404.47199,9.78000,4616850.00000,2.49000,0.00000,0.00000,0.00000
-300127.17203,-511810.30159,105.59500,467051404.51908,10.11000,454542.00000,3.34000,0.00000,0.00000,0.00000
-299658.20958,-511914.28380,102.89000,467051404.56616,10.32000,3116230.00000,3.81000,0.00000,0.00000,0.00000
-300138.87690,-510788.06360,109.52900,467051404.61325,10.44000,4374558.00000,4.75000,0.00000,0.00000,0.00000
-299350.68330,-511305.59201,105.50700,467051404.66034,10.63000,1422791.00000,3.06000,0.00000,0.00000,0.00000
-299055.49113,-511184.47407,105.96500,467051404.70743,10.70000,1546173.00000,3.60000,0.00000,0.00000,0.00000
-298676.77599,-511171.52595,107.02600,467051404.75451,10.85000,1209654.00000,4.02000,0.00000,0.00000,0.00000
-298891.65794,-510389.65200,108.84700,467051404.80160,10.89000,3266111.00000,4.61000,0.00000,0.00000,0.00000
-298897.75672,-509878.25688,110.91900,467051404.84869,11.09000,3165735.00000,3.18000,0.00000,0.00000,0.00000
-297874.26273,-510700.51266,101.13700,467051404.89578,11.21000,4402581.00000,2.60000,0.00000,0.00000,0.00000
-298025.40038,-510001.24011,107.02400,467051404.94287,11.34000,8571241.00000,2.56000,0.00000,0.00000,0.00000
-297771.53269,-509826.59239,101.04000,467051404.98995,11.70000,765406.00000,2.86000,0.00000,0.00000,0.00000
-297499.69717,-509675.20985,101.84300,467051405.03704,12.12000,379014.00000,4.22000,0.00000,0.00000,0.00000
-297408.82039,-509289.42480,101.78700,467051405.08413,12.31000,533225.00000,5.77000,0.00000,0.00000,0.00000
-297244.31302,-508999.04239,102.99800,467051405.13122,12.27000,1029849.00000,5.54000,0.00000,0.00000,0.00000
-296610.10247,-509317.00244,102.39600,467051405.17831,12.46000,2002006.00000,5.90000,0.00000,0.00000,0.00000
-295882.03568,-509756.51250,102.18700,467051405.22539,12.67000,6113322.00000,6.05000,0.00000,0.00000,0.00000
-295558.10969,-509672.57138,103.53400,467051405.27248,13.15000,985765.00000,6.19000,0.00000,0.00000,0.00000
-294651.30254,-510343.54304,99.97200,467051405.31957,13.68000,3519325.00000,6.08000,0.00000,0.00000,0.00000
-294755.79067,-509704.76405,101.26300,467051405.36666,13.91000,183866.00000,6.68000,0.00000,0.00000,0.00000
-294452.07834,-509594.64260,102.26600,467051405.41374,14.09000,2175843.00000,7.82000,0.00000,0.00000,0.00000
-293407.84216,-510443.52270,108.63600,467051405.46083,14.27000,229892.00000,7.95000,0.00000,0.00000,0.00000
-294103.77534,-509038.83860,105.23400,467051405.50792,14.31000,1273376.00000,8.56000,0.00000,0.00000,0.00000
-293499.18279,-509318.35277,107.94500,467051405.55501,13.81000,640706.00000,7.81000,0.00000,0.00000,0.00000
-293333.34078,-509029.68501,108.33100,467051405.60210,13.75000,526471.00000,7.78000,0.00000,0.00000,0.00000
-293592.34186,-508190.87980,107.83700,467051405.64918,13.85000,551563.00000,6.92000,0.00000,0.00000,0.00000
-293179.96934,-508221.49415,108.28500,467051405.69627,13.74000,389206.00000,8.26000,0.00000,0.00000,0.00000
-292858.75469,-508134.04173,108.33100,467051405.74336,13.68000,230348.00000,9.52000,0.00000,0.00000,0.00000
-292180.95964,-508508.32146,110.11400,467051405.79044,13.92000,299945.00000,12.59000,0.00000,0.00000,0.00000
-291372.46641,-509051.80817,114.13000,467051405.83753,13.62000,149834.00000,9.41000,0.00000,0.00000,0.00000
-290847.36596,-509228.34919,118.31300,467051405.88462,12.74000,302317.00000,6.89000,0.00000,0.00000,0.00000
-290252.64643,-509494.99736,123.93200,467051405.93171,12.22000,174517.00000,5.44000,0.00000,0.00000,0.00000
-289946.70518,-509387.74087,126.48400,467051405.97879,12.04000,535752.00000,5.29000,0.00000,0.00000,0.00000
-289667.25165,-509246.17780,126.36600,467051406.02588,11.97000,1792132.00000,3.89000,0.00000,0.00000,0.00000
-289409.80658,-509076.12680,125.34700,467051406.07297,12.00000,4853997.00000,2.94000,0.00000,0.00000,0.00000
-289067.45906,-509015.97606,121.85200,467051406.12006,12.17000,3958110.00000,3.20000,0.00000,0.00000,0.00000
-289251.49683,-508274.34455,112.05600,467051406.16714,12.57000,2134238.00000,4.18000,0.00000,0.00000,0.00000
-288870.99323,-508263.61089,112.61700,467051406.21423,12.70000,266737.00000,6.29000,0.00000,0.00000,0.00000
-289068.08046,-507505.09438,107.84300,467051406.26132,12.90000,230824.00000,9.35000,0.00000,0.00000,0.00000
-289709.82561,-506170.89653,103.16600,467051406.30841,13.20000,114156.00000,9.25000,0.00000,0.00000,0.00000
-289996.31964,-505296.67820,102.43300,467051406.35549,13.31000,444910.00000,8.38000,0.00000,0.00000,0.00000
-290041.18000,-504735.30044,102.98200,467051406.40258,13.16000,323985.00000,8.07000,0.00000,0.00000,0.00000
-289759.96639,-504596.07270,102.93700,467051406.44967,13.16000,1429751.00000,7.45000,0.00000,0.00000,0.00000
-289519.62486,-504403.92736,104.16200,467051406.49675,13.20000,1927075.00000,6.94000,0.00000,0.00000,0.00000
-289118.49256,-504419.94791,105.63000,467051406.54384,12.98000,1751380.00000,7.05000,0.00000,0.00000,0.00000
-288835.48284,-504283.03357,108.26900,467051406.59093,12.84000,4048556.00000,5.26000,0.00000,0.00000,0.00000
-287966.77809,-504904.32472,111.88700,467051406.63802,12.50000,2229670.00000,5.09000,0.00000,0.00000,0.00000
-288690.78332,-503463.82543,121.46300,467051406.68510,12.14000,4733407.00000,3.83000,0.00000,0.00000,0.00000
-287006.85874,-505140.39563,118.89700,467051406.73219,11.80000,1006210.00000,3.83000,0.00000,0.00000,0.00000
-288030.02217,-503312.68178,128.65200,467051406.77928,11.69000,6745525.00000,4.51000,0.00000,0.00000,0.00000
-287734.45414,-503192.04414,130.87100,467051406.82636,11.51000,1489301.00000,4.63000,0.00000,0.00000,0.00000
-287487.40075,-503008.61924,132.09200,467051406.87345,11.62000,736577.00000,5.39000,0.00000,0.00000,0.00000
-287337.36385,-502699.60382,132.75700,467051406.92053,11.81000,568684.00000,8.25000,0.00000,0.00000,0.00000
-287120.40408,-502477.21781,133.01400,467051406.96762,11.90000,387368.00000,6.88000,0.00000,0.00000,0.00000
-286739.05442,-502467.62029,132.83000,467051407.01470,11.57000,369650.00000,6.08000,0.00000,0.00000,0.00000
-286297.96636,-502535.34657,132.63000,467051407.06179,11.33000,404888.00000,5.85000,0.00000,0.00000,0.00000
-285948.95322,-502483.88002,132.26600,467051407.10888,11.28000,363892.00000,6.84000,0.00000,0.00000,0.00000
-285683.03538,-502324.84605,132.87400,467051407.15596,11.15000,126986.00000,6.65000,0.00000,0.00000,0.00000
-285424.76638,-502155.94612,133.54300,467051407.20305,11.07000,481480.00000,6.23000,0.00000,0.00000,0.00000
-285382.10036,-501707.97563,131.35700,467051407.25013,10.94000,1672134.00000,6.67000,0.00000,0.00000,0.00000
-285236.57780,-501393.14490,131.52200,467051407.29722,10.34000,3074185.00000,3.93000,0.00000,0.00000,0.00000
-284936.53556,-501278.29840,132.81200,467051407.34431,10.14000,2116084.00000,3.13000,0.00000,0.00000,0.00000
-284446.03538,-501409.94072,136.26500,467051407.39139,10.10000,822047.00000,2.82000,0.00000,0.00000,0.00000
-284364.29997,-501012.54750,135.71700,467051407.43848,9.82000,273367.00000,3.58000,0.00000,0.00000,0.00000
-284438.45307,-500413.44721,134.17200,467051407.48556,9.99000,288464.00000,4.10000,0.00000,0.00000,0.00000
-284575.48840,-499732.94682,133.90700,467051407.53265,10.13000,190973.00000,4.95000,0.00000,0.00000,0.00000
-284474.45605,-499360.56279,133.66500,467051407.57974,10.21000,266945.00000,3.51000,0.00000,0.00000,0.00000
-284341.98157,-499028.87240,133.67300,467051407.62682,10.30000,405971.00000,2.58000,0.00000,0.00000,0.00000
-284085.08486,-498858.21468,132.22200,467051407.67391,10.48000,5271512.00000,1.85000,0.00000,0.00000,0.00000
-282682.66859,-500169.94074,114.65800,467051407.72099,10.62000,2213510.00000,2.42000,0.00000,0.00000,0.00000
-282793.23272,-499523.72824,119.48000,467051407.76808,10.88000,2570181.00000,3.02000,0.00000,0.00000,0.00000
-282607.31148,-499261.20788,122.50200,467051407.81517,11.06000,2478195.00000,5.02000,0.00000,0.00000,0.00000
-282393.09227,-499035.31717,127.75100,467051407.86225,11.44000,403483.00000,6.18000,0.00000,0.00000,0.00000
-281509.05816,-499676.14035,130.72900,467051407.90934,11.45000,194977.00000,7.82000,0.00000,0.00000,0.00000
-280965.09537,-499876.90290,134.16800,467051407.95643,10.95000,252954.00000,7.36000,0.00000,0.00000,0.00000
-280672.70968,-499752.14190,135.95000,467051408.00351,10.60000,391641.00000,8.02000,0.00000,0.00000,0.00000
-280427.48711,-499566.32710,137.07700,467051408.05060,10.44000,583689.00000,5.95000,0.00000,0.00000,0.00000
-280526.84679,-498934.68385,135.49900,467051408.09768,10.47000,292767.00000,7.32000,0.00000,0.00000,0.00000
-280509.40700,-498454.17732,133.80600,467051408.14477,10.52000,306414.00000,6.64000,0.00000,0.00000,0.00000
-280645.16148,-497775.44721,133.12200,467051408.19186,10.30000,197343.00000,6.80000,0.00000,0.00000,0.00000
-280762.51229,-497120.57064,132.97000,467051408.23894,10.22000,212011.00000,6.30000,0.00000,0.00000,0.00000
-280585.60058,-496846.41801,132.95000,467051408.28603,10.13000,258847.00000,7.10000,0.00000,0.00000,0.00000
-280370.50168,-496621.67023,132.96400,467051408.33311,9.87000,611306.00000,4.38000,0.00000,0.00000,0.00000
-287799.35485,-490161.25445,133.64600,467105151.82018,10.27000,937331.00000,5.23000,0.00000,0.00000,1.00000
-287254.58678,-490538.36683,131.68900,467105151.86719,10.78000,767802.00000,6.91000,0.00000,0.00000,1.00000
-286841.61549,-490899.12721,129.45300,467105151.91420,11.37000,161974.00000,10.34000,0.00000,0.00000,1.00000
-287475.05850,-491130.22107,132.22100,467105151.96122,11.46000,106198.00000,9.96000,0.00000,0.00000,1.00000
-287881.30634,-491389.48650,135.22600,467105152.00823,11.46000,469499.00000,8.69000,0.00000,0.00000,1.00000
-287931.45266,-491692.86614,137.36800,467105152.05524,11.50000,1207471.00000,8.71000,0.00000,0.00000,1.00000
-287888.39844,-492007.80084,137.65300,467105152.10226,11.59000,556791.00000,10.34000,0.00000,0.00000,1.00000
-287839.51221,-492323.45703,138.70100,467105152.14927,11.20000,219939.00000,8.73000,0.00000,0.00000,1.00000
-287836.49218,-492633.41792,139.91000,467105152.19628,11.06000,138565.00000,8.74000,0.00000,0.00000,1.00000
-287607.74108,-492971.35739,139.72000,467105152.24330,10.74000,108487.00000,7.84000,0.00000,0.00000,1.00000
-287411.02341,-493305.31661,139.34000,467105152.29031,10.84000,174153.00000,10.01000,0.00000,0.00000,1.00000
-287233.96598,-493636.83803,138.46300,467105152.33732,10.90000,141685.00000,9.35000,0.00000,0.00000,1.00000
-286859.56665,-493992.80361,136.62000,467105152.38433,10.63000,100919.00000,7.57000,0.00000,0.00000,1.00000
-286143.62271,-494391.03774,133.77800,467105152.43135,10.61000,138471.00000,8.18000,0.00000,0.00000,1.00000
-285361.40290,-494797.46234,132.46800,467105152.47836,10.53000,620981.00000,5.91000,0.00000,0.00000,1.00000
-284888.67156,-495165.56062,132.03600,467105152.52537,10.58000,385558.00000,5.43000,0.00000,0.00000,1.00000
-285731.82838,-495370.75220,126.50200,467105152.57238,10.78000,1023673.00000,4.41000,0.00000,0.00000,1.00000
-286032.46318,-495643.11053,125.91200,467105152.61940,11.24000,313345.00000,5.87000,0.00000,0.00000,1.00000
-286998.70262,-495833.08408,126.58500,467105152.66641,11.70000,237937.00000,8.97000,0.00000,0.00000,1.00000
-286721.84266,-496176.92855,126.56800,467105152.71342,11.57000,308562.00000,8.76000,0.00000,0.00000,1.00000
-288251.00150,-496297.24362,131.73200,467105152.76043,11.25000,1168660.00000,5.73000,0.00000,0.00000,1.00000
-285563.68843,-496939.42693,125.02800,467105152.80744,11.16000,1733070.00000,5.34000,0.00000,0.00000,1.00000
-286744.03064,-497102.94203,126.26700,467105152.85446,11.35000,601480.00000,5.73000,0.00000,0.00000,1.00000
-286483.90843,-497444.70686,126.17000,467105152.90147,11.39000,1213472.00000,6.04000,0.00000,0.00000,1.00000
-286800.55039,-497715.11967,134.03400,467105152.94848,11.13000,1540718.00000,4.01000,0.00000,0.00000,1.00000
-286288.45548,-498088.05420,133.55700,467105152.99549,11.12000,683183.00000,6.31000,0.00000,0.00000,1.00000
-285986.81989,-498434.94870,133.82000,467105153.04250,11.04000,260076.00000,7.21000,0.00000,0.00000,1.00000
-286086.44590,-498732.20980,133.90200,467105153.08952,10.89000,121434.00000,7.44000,0.00000,0.00000,1.00000
-286166.40186,-499031.89592,133.91200,467105153.13653,10.92000,190343.00000,7.87000,0.00000,0.00000,1.00000
-286351.22585,-499318.61801,134.05200,467105153.18354,10.88000,138874.00000,7.00000,0.00000,0.00000,1.00000
-286516.37846,-499607.76105,134.35700,467105153.23055,10.75000,320065.00000,6.35000,0.00000,0.00000,1.00000
-286363.29369,-499936.27834,133.54800,467105153.27757,10.88000,134001.00000,9.15000,0.00000,0.00000,1.00000
-286178.16037,-500268.75604,133.58600,467105153.32458,10.85000,296730.00000,7.79000,0.00000,0.00000,1.00000
-285792.75205,-500625.98789,133.63800,467105153.37159,10.57000,354240.00000,6.40000,0.00000,0.00000,1.00000
-285265.34021,-501000.78798,133.79100,467105153.41860,10.63000,269475.00000,7.73000,0.00000,0.00000,1.00000
-285663.51815,-501261.11800,132.46600,467105153.46561,10.48000,793731.00000,6.97000,0.00000,0.00000,1.00000
-285697.57756,-501566.48594,132.50100,467105153.51263,10.42000,662842.00000,5.97000,0.00000,0.00000,1.00000
-285513.88586,-501898.77309,132.81200,467105153.55964,10.44000,532901.00000,7.69000,0.00000,0.00000,1.00000
-285528.27444,-502206.56411,133.68400,467105153.60665,10.49000,140271.00000,8.57000,0.00000,0.00000,1.00000
-286020.39878,-502455.30543,133.29000,467105153.65366,10.36000,123025.00000,9.74000,0.00000,0.00000,1.00000
-286079.20780,-502757.61211,133.61700,467105153.70067,10.19000,167180.00000,6.02000,0.00000,0.00000,1.00000
-285984.35829,-503078.92684,133.34800,467105153.74768,10.31000,268474.00000,7.86000,0.00000,0.00000,1.00000
-286164.77955,-503366.19915,132.75800,467105153.79470,10.19000,131342.00000,6.49000,0.00000,0.00000,1.00000
-286160.22578,-503676.34685,132.96600,467105153.84171,10.03000,126605.00000,4.64000,0.00000,0.00000,1.00000
-286047.88485,-503999.80793,133.33000,467105153.88872,10.04000,245608.00000,4.32000,0.00000,0.00000,1.00000
-285801.53700,-504339.82423,133.27700,467105153.93573,10.23000,412054.00000,4.83000,0.00000,0.00000,1.00000
-285529.69779,-504682.99074,133.24400,467105153.98275,10.29000,330098.00000,3.67000,0.00000,0.00000,1.00000
-285354.71450,-505014.18183,133.40100,467105154.02976,10.22000,232716.00000,3.15000,0.00000,0.00000,1.00000
-285105.44092,-505354.54064,134.24500,467105154.07677,10.21000,598432.00000,3.19000,0.00000,0.00000,1.00000
-284806.65145,-505701.02859,135.84700,467105154.12378,10.34000,774342.00000,2.90000,0.00000,0.00000,1.00000
-284557.37728,-506041.38132,137.84300,467105154.17079,10.42000,1943531.00000,2.11000,0.00000,0.00000,1.00000
-289192.06187,-505778.47313,102.57200,467105154.21781,10.51000,5083574.00000,1.75000,0.00000,0.00000,1.00000
-287671.11534,-506275.95236,107.03900,467105154.26482,10.65000,7018892.00000,1.59000,0.00000,0.00000,1.00000
-289156.69226,-506402.05295,103.00900,467105154.31183,10.82000,3144893.00000,1.71000,0.00000,0.00000,1.00000
-288661.21831,-506772.85302,103.39500,467105154.35884,10.87000,3143462.00000,2.02000,0.00000,0.00000,1.00000
-284257.70107,-507626.23549,135.21800,467105154.40585,10.92000,464561.00000,2.22000,0.00000,0.00000,1.00000
-284367.43958,-507922.24015,133.50900,467105154.45286,11.11000,559777.00000,2.75000,0.00000,0.00000,1.00000
-288216.28574,-507756.58576,107.68700,467105154.49988,11.29000,1892397.00000,2.69000,0.00000,0.00000,1.00000
-284420.14727,-508534.86575,132.18800,467105154.54689,11.48000,1120619.00000,3.27000,0.00000,0.00000,1.00000
-287842.20792,-508421.96359,113.08400,467105154.59390,11.59000,341285.00000,4.11000,0.00000,0.00000,1.00000
-287388.24251,-508787.60521,115.74500,467105154.64091,11.72000,625627.00000,5.46000,0.00000,0.00000,1.00000
-286578.85494,-509197.09844,119.92600,467105154.68792,12.04000,609471.00000,6.00000,0.00000,0.00000,1.00000
-285173.72103,-509680.10967,126.45100,467105154.73493,12.03000,841439.00000,5.63000,0.00000,0.00000,1.00000
-287568.16595,-509694.14724,124.96200,467105154.78194,12.07000,227405.00000,6.46000,0.00000,0.00000,1.00000
-288566.44618,-509880.51923,126.34800,467105154.82895,11.86000,504105.00000,6.05000,0.00000,0.00000,1.00000
-288022.88628,-510257.19568,125.99000,467105154.87597,11.43000,366158.00000,5.81000,0.00000,0.00000,1.00000
-287666.50203,-510610.77218,126.44000,467105154.92298,11.24000,563638.00000,5.55000,0.00000,0.00000,1.00000
-287450.67718,-510946.98401,127.21800,467105154.96999,11.23000,1155474.00000,5.20000,0.00000,0.00000,1.00000
-287329.52775,-511271.50754,128.65700,467105155.01700,11.09000,2375944.00000,4.49000,0.00000,0.00000,1.00000
-287840.55609,-511518.03661,135.33300,467105155.06401,10.87000,399804.00000,3.96000,0.00000,0.00000,1.00000
-287543.15465,-511864.31106,136.02700,467105155.11102,10.84000,169536.00000,5.50000,0.00000,0.00000,1.00000
-287544.36056,-512173.74732,137.17400,467105155.15803,10.73000,127239.00000,6.06000,0.00000,0.00000,1.00000
-288890.75631,-512317.23689,141.16400,467105155.20504,10.73000,691609.00000,4.73000,0.00000,0.00000,1.00000
-288963.32796,-512617.86705,141.60300,467105155.25205,10.53000,512652.00000,4.39000,0.00000,0.00000,1.00000
-287746.05566,-513077.60524,138.80000,467105155.29906,10.35000,1832960.00000,3.65000,0.00000,0.00000,1.00000
-287719.57508,-513390.45625,137.60300,467105155.34607,10.13000,1318447.00000,5.32000,0.00000,0.00000,1.00000
-288419.95477,-513613.65556,137.05300,467105155.39308,9.74000,1230116.00000,2.49000,0.00000,0.00000,1.00000
-288651.30792,-513894.72568,133.75400,467105155.44009,9.51000,708683.00000,1.86000,0.00000,0.00000,1.00000
-289432.49592,-514107.97632,152.65500,467105155.48710,9.45000,1156950.00000,2.30000,0.00000,0.00000,1.00000
-289415.47187,-514419.66545,153.63600,467105155.53411,9.32000,895001.00000,2.31000,0.00000,0.00000,1.00000
-289364.94882,-514735.49353,153.85900,467105155.58112,9.29000,1650454.00000,2.16000,0.00000,0.00000,1.00000
-289319.52411,-515050.69196,152.68800,467105155.62813,9.41000,656687.00000,1.99000,0.00000,0.00000,1.00000
-289132.08026,-515383.40689,150.47800,467105155.67514,9.48000,1544042.00000,2.06000,0.00000,0.00000,1.00000
-288942.43771,-515716.37370,147.89100,467105155.72215,9.57000,523944.00000,2.08000,0.00000,0.00000,1.00000
-288818.34466,-516041.26098,145.78500,467105155.76916,9.62000,677352.00000,2.37000,0.00000,0.00000,1.00000
-288727.74705,-516362.01579,143.81500,467105155.81616,9.65000,643330.00000,2.99000,0.00000,0.00000,1.00000
-288642.24705,-516682.14823,144.41200,467105155.86317,9.61000,1191862.00000,2.46000,0.00000,0.00000,1.00000
-288498.47161,-517009.44896,144.49000,467105155.91019,9.68000,8014260.00000,1.86000,0.00000,0.00000,1.00000
-288193.01276,-517356.69362,143.04500,467105155.95720,9.81000,5363583.00000,1.71000,0.00000,0.00000,1.00000
-287988.05176,-517691.53396,141.57200,467105156.00420,9.96000,846353.00000,3.45000,0.00000,0.00000,1.00000
-287925.83880,-518008.77513,141.31600,467105156.05121,9.92000,2186850.00000,2.70000,0.00000,0.00000,1.00000
-287928.45348,-518318.03794,140.79900,467105156.09822,9.94000,1262790.00000,2.60000,0.00000,0.00000,1.00000
-287909.21631,-518629.99978,139.40900,467105156.14523,10.17000,1309718.00000,3.21000,0.00000,0.00000,1.00000
-292094.55046,-518432.57972,132.53900,467224057.91704,10.99000,532613.00000,3.27000,0.00000,0.00000,0.00000
-291763.46497,-518354.71714,132.51800,467224057.96408,11.03000,419170.00000,3.42000,0.00000,0.00000,0.00000
-291522.51532,-518163.72002,131.18800,467224058.01113,10.83000,102677.00000,5.38000,0.00000,0.00000,0.00000
-291368.04207,-517864.17426,130.21000,467224058.05817,10.78000,313008.00000,5.93000,0.00000,0.00000,0.00000
-291165.98085,-517624.34768,129.86900,467224058.10522,10.68000,286375.00000,6.68000,0.00000,0.00000,0.00000
-290919.54713,-517440.23465,129.89500,467224058.15226,10.49000,206733.00000,6.57000,0.00000,0.00000,0.00000
-290812.66540,-517080.95307,130.35300,467224058.19931,10.41000,567095.00000,6.99000,0.00000,0.00000,0.00000
-290514.53552,-516961.73642,130.58300,467224058.24635,10.33000,879043.00000,5.86000,0.00000,0.00000,0.00000
-290167.45296,-516903.96700,132.14100,467224058.29340,10.14000,1164560.00000,6.67000,0.00000,0.00000,0.00000
-289681.27869,-517020.78216,134.56600,467224058.34044,10.05000,2110628.00000,5.89000,0.00000,0.00000,0.00000
-290433.21117,-515583.54864,142.90400,467224058.38749,9.88000,1620340.00000,4.75000,0.00000,0.00000,0.00000
-290292.02585,-515267.34394,143.63000,467224058.43453,9.63000,3284255.00000,4.37000,0.00000,0.00000,0.00000
-289824.62379,-515360.61134,143.90200,467224058.48158,9.58000,2417533.00000,3.27000,0.00000,0.00000,0.00000
-289849.07446,-514836.53007,152.46200,467224058.52862,9.39000,4440528.00000,2.45000,0.00000,0.00000,0.00000
-289635.15093,-514611.64128,154.34900,467224058.57567,9.20000,1209960.00000,2.34000,0.00000,0.00000,0.00000
-289396.97588,-514417.17773,153.48000,467224058.62271,9.15000,1637902.00000,2.85000,0.00000,0.00000,0.00000
-289249.40839,-514109.02416,152.00500,467224058.66976,9.27000,917064.00000,2.89000,0.00000,0.00000,0.00000
-289256.49598,-513606.77568,150.77900,467224058.71680,9.36000,902114.00000,3.59000,0.00000,0.00000,0.00000
-289147.36462,-513250.37942,149.68600,467224058.76384,9.42000,684952.00000,2.39000,0.00000,0.00000,0.00000
-288965.94887,-512984.71514,146.97100,467224058.81089,9.43000,975977.00000,2.45000,0.00000,0.00000,0.00000
-288687.08306,-512841.37589,143.16200,467224058.85793,9.54000,575109.00000,2.41000,0.00000,0.00000,0.00000
-288342.77450,-512780.13325,139.98700,467224058.90498,9.71000,203600.00000,3.23000,0.00000,0.00000,0.00000
-287836.94061,-512921.59603,137.47600,467224058.95202,9.82000,845422.00000,4.17000,0.00000,0.00000,0.00000
-287167.74660,-513268.05802,136.81300,467224058.99907,9.90000,759809.00000,5.02000,0.00000,0.00000,0.00000
-286953.84510,-513043.15456,135.25000,467224059.04611,9.96000,1747208.00000,5.86000,0.00000,0.00000,0.00000
-286373.41932,-513278.20509,139.77900,467224059.09316,9.95000,538719.00000,3.41000,0.00000,0.00000,0.00000
-286127.02784,-513094.05795,141.89300,467224059.14020,9.86000,957975.00000,2.40000,0.00000,0.00000,0.00000
-285874.69256,-512917.38200,142.45200,467224059.18725,9.92000,1149353.00000,2.70000,0.00000,0.00000,0.00000
-285580.25453,-512793.52316,140.40100,467224059.23429,10.14000,990112.00000,2.63000,0.00000,0.00000,0.00000
-285369.56278,-512564.59327,137.35300,467224059.28134,10.38000,1548435.00000,2.52000,0.00000,0.00000,0.00000
-285239.87187,-512234.03134,134.53600,467224059.32838,10.69000,3387325.00000,2.63000,0.00000,0.00000,0.00000
-285162.35367,-511838.00934,132.30600,467224059.37543,11.01000,3846742.00000,3.21000,0.00000,0.00000,0.00000
-284992.39462,-511557.96451,131.59800,467224059.42247,11.09000,2181463.00000,3.32000,0.00000,0.00000,0.00000
-284471.89846,-511717.75961,117.81700,467224059.46952,10.98000,883044.00000,2.78000,0.00000,0.00000,0.00000
-284599.86784,-511063.91927,132.17800,467224059.51656,11.06000,952742.00000,2.69000,0.00000,0.00000,0.00000
-284347.55167,-510887.23484,132.09900,467224059.56361,11.12000,1444422.00000,3.00000,0.00000,0.00000,0.00000
-284125.89656,-510672.07717,132.32700,467224059.61065,11.13000,996033.00000,3.91000,0.00000,0.00000,0.00000
-283901.49660,-510460.36242,132.53700,467224059.65770,11.24000,467173.00000,4.58000,0.00000,0.00000,0.00000
-283687.62988,-510235.44993,132.91700,467224059.70474,11.26000,398733.00000,5.09000,0.00000,0.00000,0.00000
-283514.94936,-509958.85499,133.16600,467224059.75179,11.26000,423434.00000,5.29000,0.00000,0.00000,0.00000
-283315.72059,-509715.55429,133.72900,467224059.79883,11.21000,510528.00000,4.59000,0.00000,0.00000,0.00000
-283191.09511,-509378.67397,134.37700,467224059.84588,11.11000,390140.00000,5.35000,0.00000,0.00000,0.00000
-283045.41786,-509068.19499,135.40700,467224059.89293,10.97000,794369.00000,5.04000,0.00000,0.00000,0.00000
-282846.65953,-508824.32637,135.47300,467224059.93997,11.10000,275964.00000,5.63000,0.00000,0.00000,0.00000
-282712.43812,-508499.50893,135.85700,467224059.98702,11.07000,172997.00000,7.71000,0.00000,0.00000,0.00000
-282726.95533,-507988.09473,136.04100,467224060.03406,11.00000,125488.00000,6.10000,0.00000,0.00000,0.00000
-282633.92055,-507611.58957,135.81900,467224060.08111,10.90000,350915.00000,4.30000,0.00000,0.00000,0.00000
-282321.22422,-507510.67503,133.64500,467224060.12815,11.13000,443584.00000,4.50000,0.00000,0.00000,0.00000
-282079.01711,-507321.35859,131.55300,467224060.17520,11.40000,597812.00000,3.44000,0.00000,0.00000,0.00000
-281710.02867,-507291.05215,128.44400,467224060.22224,11.49000,670502.00000,3.81000,0.00000,0.00000,0.00000
-281405.57108,-507179.78884,124.43800,467224060.26929,11.61000,1542012.00000,4.15000,0.00000,0.00000,0.00000
-281180.75326,-506968.63954,123.11500,467224060.31633,11.59000,538073.00000,5.02000,0.00000,0.00000,0.00000
-280698.25613,-507080.70553,119.12300,467224060.36338,11.71000,1929517.00000,4.88000,0.00000,0.00000,0.00000
-280349.85197,-507024.54781,117.55300,467224060.41042,11.90000,1201997.00000,5.15000,0.00000,0.00000,0.00000
-280190.02457,-506731.86753,117.66700,467224060.45747,11.86000,1343905.00000,5.01000,0.00000,0.00000,0.00000
-279515.28668,-507085.04815,115.33000,467224060.50451,11.86000,5674389.00000,4.59000,0.00000,0.00000,0.00000
-279759.15000,-506286.00078,118.91800,467224060.55156,11.72000,1088666.00000,4.51000,0.00000,0.00000,0.00000
-279465.67865,-506160.95099,119.76500,467224060.59861,11.81000,480923.00000,4.49000,0.00000,0.00000,0.00000
-279071.05447,-506162.77144,119.07600,467224060.64565,11.69000,310935.00000,5.17000,0.00000,0.00000,0.00000
-278595.86927,-506265.61897,118.38200,467224060.69270,11.86000,309825.00000,5.12000,0.00000,0.00000,0.00000
-278104.66087,-506388.55202,118.11500,467224060.73975,11.96000,335190.00000,5.32000,0.00000,0.00000,0.00000
-277661.05813,-506451.78945,116.88500,467224060.78679,11.94000,129272.00000,7.10000,0.00000,0.00000,0.00000
-278126.95800,-505374.34156,116.37600,467224060.83384,11.92000,171783.00000,7.58000,0.00000,0.00000,0.00000
-277836.69822,-505245.25593,115.36100,467224060.88088,11.90000,317299.00000,6.75000,0.00000,0.00000,0.00000
-278581.37049,-503818.23168,118.04600,467224060.92793,11.50000,494369.00000,5.67000,0.00000,0.00000,0.00000
-277239.50896,-502542.59395,117.27200,467224061.21020,11.18000,1476186.00000,5.10000,0.00000,0.00000,0.00000
-277146.10691,-502166.67159,116.41000,467224061.25725,11.52000,894862.00000,5.40000,0.00000,0.00000,0.00000
-281715.90120,-495470.96862,126.05200,467277805.47516,9.91000,501859.00000,2.49000,0.00000,0.00000,1.00000
-279208.09448,-497904.21602,130.90400,467277805.80390,10.59000,529976.00000,4.12000,0.00000,0.00000,1.00000
-279432.86832,-498188.62959,131.31800,467277805.85086,10.68000,266204.00000,4.36000,0.00000,0.00000,1.00000
-279614.62805,-498477.69387,131.81500,467277805.89782,10.79000,389134.00000,4.96000,0.00000,0.00000,1.00000
-279759.21592,-498770.80729,132.75400,467277805.94479,10.86000,205214.00000,5.09000,0.00000,0.00000,1.00000
-279816.33014,-499073.39199,133.59700,467277805.99175,10.83000,862477.00000,4.58000,0.00000,0.00000,1.00000
-279794.71027,-499384.49692,135.13700,467277806.03872,10.80000,1263574.00000,4.26000,0.00000,0.00000,1.00000
-279751.22462,-499697.97848,136.60300,467277806.08568,10.67000,1415912.00000,4.18000,0.00000,0.00000,1.00000
-279767.50694,-500004.98351,138.37100,467277806.13264,10.45000,6780276.00000,2.38000,0.00000,0.00000,1.00000
-283224.52993,-499939.32675,127.08900,467277806.17960,10.39000,1038253.00000,2.92000,0.00000,0.00000,1.00000
-283361.82909,-500233.26106,128.14000,467277806.22657,10.38000,582953.00000,3.54000,0.00000,0.00000,1.00000
-283850.47812,-500489.13492,131.37200,467277806.27353,10.50000,984597.00000,4.88000,0.00000,0.00000,1.00000
-283586.11332,-500826.56099,129.32700,467277806.32049,10.79000,241035.00000,5.15000,0.00000,0.00000,1.00000
-283405.57352,-501154.91310,128.52600,467277806.36746,10.58000,348620.00000,3.61000,0.00000,0.00000,1.00000
-283184.95022,-501487.59383,125.49000,467277806.41442,10.59000,2968610.00000,3.47000,0.00000,0.00000,1.00000
-279229.07145,-502224.65788,128.52300,467277806.46138,10.59000,207694.00000,3.41000,0.00000,0.00000,1.00000
-278399.02996,-502623.25818,127.90300,467277806.50835,10.55000,293712.00000,3.29000,0.00000,0.00000,1.00000
-282522.32464,-502485.72548,118.85900,467277806.55531,10.54000,3361234.00000,3.02000,0.00000,0.00000,1.00000
-281639.75786,-502890.04825,117.30500,467277806.60227,10.75000,453603.00000,2.93000,0.00000,0.00000,1.00000
-281177.09333,-503248.90636,114.04300,467277806.64923,11.15000,1743323.00000,3.89000,0.00000,0.00000,1.00000
-281589.18810,-503513.08710,114.92200,467277806.69620,11.34000,431407.00000,4.96000,0.00000,0.00000,1.00000
-281485.17267,-503833.13852,114.35900,467277806.74316,11.64000,343617.00000,5.67000,0.00000,0.00000,1.00000
-281319.18026,-504159.87696,113.80100,467277806.79012,11.65000,674842.00000,6.09000,0.00000,0.00000,1.00000
-281038.73581,-504499.00247,113.82500,467277806.83709,12.03000,1443412.00000,5.52000,0.00000,0.00000,1.00000
-278111.36791,-505124.45534,116.26500,467277806.88405,12.22000,1145815.00000,4.52000,0.00000,0.00000,1.00000
-279307.82502,-505303.81400,117.01800,467277806.93101,12.25000,264760.00000,7.81000,0.00000,0.00000,1.00000
-279668.13661,-505573.60281,119.64500,467277806.97798,12.31000,1725644.00000,5.70000,0.00000,0.00000,1.00000
-279552.43330,-505894.88938,120.06600,467277807.02494,12.20000,1180353.00000,4.89000,0.00000,0.00000,1.00000
-279484.84355,-506210.97515,119.94200,467277807.07190,12.48000,300001.00000,7.24000,0.00000,0.00000,1.00000
-279972.72537,-506466.98133,120.55300,467277807.11886,13.03000,172159.00000,12.54000,0.00000,0.00000,1.00000
-281493.57090,-506611.30117,125.98500,467277807.16583,13.03000,153325.00000,15.14000,0.00000,0.00000,1.00000
-282396.96666,-506822.39829,131.28600,467277807.21279,12.49000,488429.00000,8.77000,0.00000,0.00000,1.00000
-280818.20401,-507301.89210,121.73100,467277807.25975,12.64000,2129988.00000,9.43000,0.00000,0.00000,1.00000
-280224.27377,-507674.88167,119.38600,467277807.30672,12.70000,710294.00000,12.03000,0.00000,0.00000,1.00000
-279919.01558,-508016.65552,118.42600,467277807.35368,12.96000,579831.00000,12.26000,0.00000,0.00000,1.00000
-280030.00716,-508313.43113,118.72700,467277807.40064,12.54000,624782.00000,8.73000,0.00000,0.00000,1.00000
-280684.82545,-508551.43780,122.01300,467277807.44760,12.47000,1592046.00000,5.69000,0.00000,0.00000,1.00000
-280549.40928,-508874.84111,122.30200,467277807.49457,12.39000,3101315.00000,5.17000,0.00000,0.00000,1.00000
-281567.96889,-509073.52602,129.26000,467277807.54153,12.05000,2689486.00000,3.97000,0.00000,0.00000,1.00000
-281592.19995,-509379.69309,131.04300,467277807.58849,11.93000,1053952.00000,4.47000,0.00000,0.00000,1.00000
-281397.00549,-509709.57644,131.83600,467277807.63545,11.68000,792676.00000,5.10000,0.00000,0.00000,1.00000
-281201.80913,-510039.44609,131.09800,467277807.68241,11.44000,611464.00000,3.55000,0.00000,0.00000,1.00000
-281062.01502,-510363.33001,130.20800,467277807.72938,11.64000,636751.00000,4.83000,0.00000,0.00000,1.00000
-280908.36510,-510688.70665,129.70100,467277807.77634,11.90000,452418.00000,5.14000,0.00000,0.00000,1.00000
-280843.64772,-511004.46930,129.50200,467277807.82330,11.89000,244250.00000,4.81000,0.00000,0.00000,1.00000
-280706.03031,-511328.11344,129.56800,467277807.87026,12.03000,423905.00000,5.44000,0.00000,0.00000,1.00000
-280545.81541,-511654.20213,128.75900,467277807.91722,11.96000,600837.00000,5.04000,0.00000,0.00000,1.00000
-280417.66470,-511976.80903,128.43200,467277807.96419,11.89000,768299.00000,4.52000,0.00000,0.00000,1.00000
-280364.60883,-512291.32421,128.01300,467277808.01115,11.96000,1327096.00000,4.11000,0.00000,0.00000,1.00000
-280227.70667,-512614.87495,126.73800,467277808.05811,12.12000,1297509.00000,3.93000,0.00000,0.00000,1.00000
-284101.89391,-512505.28682,126.76200,467277808.10507,12.28000,344983.00000,5.41000,0.00000,0.00000,1.00000
-284453.42980,-512776.13116,129.78500,467277808.15203,12.44000,399251.00000,4.71000,0.00000,0.00000,1.00000
-279943.83566,-513571.83205,119.02500,467277808.19900,12.64000,6597198.00000,4.17000,0.00000,0.00000,1.00000
-279822.95991,-513893.65666,122.32400,467277808.24596,12.96000,6530407.00000,4.76000,0.00000,0.00000,1.00000
-279358.71154,-514252.53089,121.75500,467277808.29292,13.05000,2539265.00000,6.37000,0.00000,0.00000,1.00000
-281206.93263,-514361.82093,117.18300,467277808.33988,12.91000,456112.00000,7.84000,0.00000,0.00000,1.00000
-280927.12109,-514700.80009,115.89000,467277808.38684,13.12000,813340.00000,9.43000,0.00000,0.00000,1.00000
-280438.80936,-515062.28943,114.79800,467277808.43381,12.89000,800492.00000,9.11000,0.00000,0.00000,1.00000
-285989.43605,-516933.72250,119.52800,467277808.80950,12.22000,462227.00000,6.37000,0.00000,0.00000,1.00000
