-311956.72729,-493223.78096,144.86300,373586323.05195,11.94000,704576.00000,7.45000,0.00000,0.00000,0.00000
-311666.42571,-493101.06161,146.57700,373586323.09907,11.90000,1140173.00000,7.18000,0.00000,0.00000,0.00000
-311207.86694,-493215.88745,149.43500,373586323.14619,11.61000,2551168.00000,4.46000,0.00000,0.00000,0.00000
-310774.81153,-493294.73040,151.26600,373586323.19331,11.29000,568274.00000,5.12000,0.00000,0.00000,0.00000
-310375.73895,-493325.56471,152.49900,373586323.24043,11.28000,556216.00000,6.52000,0.00000,0.00000,0.00000
-310079.05766,-493211.81628,152.38600,373586323.28755,11.35000,77099.00000,8.72000,0.00000,0.00000,0.00000
-309631.12012,-493311.63073,152.07800,373586323.33467,11.82000,159076.00000,10.23000,0.00000,0.00000,0.00000
-309440.66522,-493047.90983,151.61200,373586323.38179,12.10000,98542.00000,10.75000,0.00000,0.00000,0.00000
-309330.95360,-492670.21862,151.78200,373586323.42891,11.88000,304817.00000,8.73000,0.00000,0.00000,0.00000
-309267.12358,-492227.73004,151.43100,373586323.47603,11.94000,266371.00000,8.12000,0.00000,0.00000,0.00000
-309273.42208,-491686.28228,151.21900,373586323.52315,11.80000,225830.00000,8.38000,0.00000,0.00000,0.00000
-309029.44770,-491498.14933,150.20600,373586323.57027,11.51000,340231.00000,6.50000,0.00000,0.00000,0.00000
-308728.53614,-491390.39358,148.63800,373586323.61739,11.49000,289170.00000,7.90000,0.00000,0.00000,0.00000
-308247.03131,-491537.57214,148.38100,373586323.66451,11.82000,160481.00000,7.37000,0.00000,0.00000,0.00000
-307799.51914,-491636.76058,148.91300,373586323.71163,11.70000,140463.00000,7.15000,0.00000,0.00000,0.00000
-307628.63470,-491345.44061,150.21800,373586323.75875,11.37000,166012.00000,7.67000,0.00000,0.00000,0.00000
-307537.21763,-490941.95658,152.17800,373586323.80587,11.20000,518932.00000,6.28000,0.00000,0.00000,0.00000
-307492.96793,-490471.88684,153.79100,373586323.85299,10.97000,572570.00000,5.08000,0.00000,0.00000,0.00000
-307452.12358,-489997.03224,157.33300,373586323.90011,10.55000,7858488.00000,2.94000,0.00000,0.00000,0.00000
-306572.87688,-490705.61488,146.57800,373586323.94723,10.03000,1599914.00000,2.32000,0.00000,0.00000,0.00000
-306170.40754,-490741.19983,145.37300,373586323.99435,9.74000,724700.00000,2.84000,0.00000,0.00000,0.00000
-305749.66059,-490802.56961,144.13100,373586324.04147,9.62000,492876.00000,3.51000,0.00000,0.00000,0.00000
-305506.11965,-490613.80487,143.78900,373586324.08859,9.52000,993935.00000,3.46000,0.00000,0.00000,0.00000
-305541.79594,-490030.97428,144.64900,373586324.13571,9.53000,1407454.00000,3.29000,0.00000,0.00000,0.00000
-305388.35547,-489715.04967,146.38700,373586324.18283,9.85000,833452.00000,4.37000,0.00000,0.00000,0.00000
-305181.37727,-489474.71031,147.46400,373586324.22995,10.18000,988279.00000,6.80000,0.00000,0.00000,0.00000
-305149.06181,-488987.84708,148.79400,373586324.27707,10.47000,991846.00000,8.60000,0.00000,0.00000,0.00000
-305322.45124,-488210.70689,150.98000,373586324.32419,10.59000,630968.00000,9.23000,0.00000,0.00000,0.00000
-305112.92786,-487973.96168,152.76500,373586324.37131,10.60000,231579.00000,7.81000,0.00000,0.00000,0.00000
-303863.05295,-489205.49120,149.49300,373586324.41843,10.57000,1399493.00000,5.89000,0.00000,0.00000,0.00000
-303751.70047,-488830.18236,148.41400,373586324.46555,10.79000,571342.00000,5.91000,0.00000,0.00000,0.00000
-303522.63673,-488621.02248,147.32600,373586324.51267,10.90000,378731.00000,7.44000,0.00000,0.00000,0.00000
-303491.62440,-488132.36883,144.62100,373586324.55979,11.07000,1263286.00000,7.64000,0.00000,0.00000,0.00000
-303192.85931,-488021.56490,146.92000,373586324.60691,11.24000,329817.00000,5.60000,0.00000,0.00000,0.00000
-303440.66009,-487139.47076,149.25100,373586324.65403,11.01000,353441.00000,6.34000,0.00000,0.00000,0.00000
-303452.58597,-486590.25931,153.22100,373586324.70115,10.62000,482688.00000,3.54000,0.00000,0.00000,0.00000
-303223.95831,-486380.50530,156.46600,373586324.74827,10.49000,1270892.00000,3.93000,0.00000,0.00000,0.00000
-303004.25230,-486158.14734,158.73700,373586324.79539,10.42000,3291424.00000,2.93000,0.00000,0.00000,0.00000
-302790.50632,-485927.39730,159.85200,373586324.84251,10.41000,955591.00000,3.62000,0.00000,0.00000,0.00000
-302545.73136,-485740.41704,159.92600,373586324.88963,10.41000,2204065.00000,2.77000,0.00000,0.00000,0.00000
-302311.59392,-485538.45378,159.31100,373586324.93675,10.35000,2151302.00000,2.89000,0.00000,0.00000,0.00000
-302117.82743,-485279.50081,158.74400,373586324.98388,10.44000,2260422.00000,3.33000,0.00000,0.00000,0.00000
-301985.27045,-484934.20242,160.31300,373586325.03100,10.31000,3172969.00000,2.74000,0.00000,0.00000,0.00000
-301787.26067,-484681.25603,161.43000,373586325.07812,10.15000,4277710.00000,2.83000,0.00000,0.00000,0.00000
-301507.64552,-484543.44938,161.87600,373586325.12524,10.17000,1508115.00000,2.97000,0.00000,0.00000,0.00000
-301197.01109,-484449.42549,161.54800,373586325.17236,10.40000,848250.00000,4.12000,0.00000,0.00000,0.00000
-300918.68243,-484309.82036,160.97600,373586325.21948,10.42000,257107.00000,4.16000,0.00000,0.00000,0.00000
-300615.69826,-484204.99949,161.57000,373586325.26660,10.27000,739354.00000,3.61000,0.00000,0.00000,0.00000
-300183.07320,-484283.07077,160.36300,373586325.31372,10.29000,210503.00000,4.18000,0.00000,0.00000,0.00000
-299866.48826,-484197.43224,160.56100,373586325.36084,10.33000,249008.00000,6.12000,0.00000,0.00000,0.00000
-299625.99065,-484004.44856,161.35800,373586325.40796,10.40000,292136.00000,5.87000,0.00000,0.00000,0.00000
-299395.69441,-483797.06495,161.47000,373586325.45508,10.25000,154668.00000,6.01000,0.00000,0.00000,0.00000
-299236.38706,-483489.53691,161.97600,373586325.50221,10.17000,363666.00000,5.96000,0.00000,0.00000,0.00000
-299106.40954,-483140.62572,162.83500,373586325.54933,10.18000,467271.00000,5.59000,0.00000,0.00000,0.00000
-298983.66240,-482781.52847,164.34300,373586325.59645,9.94000,896868.00000,3.89000,0.00000,0.00000,0.00000
-298658.15655,-482708.46371,165.13300,373586325.64357,9.85000,2829815.00000,2.40000,0.00000,0.00000,0.00000
-298311.83042,-482664.78881,164.51000,373586325.69069,9.69000,948469.00000,3.23000,0.00000,0.00000,0.00000
-298002.91113,-482568.33323,162.94100,373586325.73781,9.61000,168801.00000,3.81000,0.00000,0.00000,0.00000
-297742.02315,-482404.11064,161.84700,373586325.78493,9.69000,457630.00000,4.32000,0.00000,0.00000,0.00000
-297298.36157,-482497.74698,157.00800,373586325.83205,10.00000,1106533.00000,5.89000,0.00000,0.00000,0.00000
-297153.10000,-482170.41368,156.99500,373586325.87917,10.51000,246733.00000,8.73000,0.00000,0.00000,0.00000
-297026.12622,-481817.30062,156.95400,373586325.92629,10.69000,130249.00000,9.66000,0.00000,0.00000,0.00000
-296698.93349,-481746.62341,155.70900,373586325.97342,10.47000,674085.00000,6.58000,0.00000,0.00000,0.00000
-295781.24408,-482508.82653,152.39300,373586326.02054,10.28000,444432.00000,5.19000,0.00000,0.00000,0.00000
-294989.37885,-483093.54058,148.93500,373586326.06766,9.92000,319995.00000,5.49000,0.00000,0.00000,0.00000
-291352.81184,-485561.35952,128.76400,373586326.30327,8.14000,488956.00000,3.71000,0.00000,0.00000,0.00000
-291186.29366,-485263.97157,126.79600,373586326.35039,7.85000,386732.00000,3.37000,0.00000,0.00000,0.00000
-306328.47859,-482275.16330,158.15000,373640069.47282,11.13000,2547689.00000,4.97000,0.00000,0.00000,1.00000
-306486.42793,-482561.38369,156.65400,373640069.52002,11.19000,1794735.00000,4.42000,0.00000,0.00000,1.00000
-306232.72616,-482915.98962,154.62900,373640069.56721,11.16000,1295147.00000,3.94000,0.00000,0.00000,1.00000
-305887.52922,-483285.77187,152.93900,373640069.61441,11.19000,679775.00000,4.75000,0.00000,0.00000,1.00000
-306240.78470,-483539.57658,151.06600,373640069.66161,11.30000,1831558.00000,5.23000,0.00000,0.00000,1.00000
-306358.79619,-483832.43783,149.61400,373640069.70880,11.40000,891768.00000,5.88000,0.00000,0.00000,1.00000
-306439.78169,-484131.45186,148.98000,373640069.75600,11.59000,512304.00000,5.77000,0.00000,0.00000,1.00000
-306340.70370,-484460.36508,148.96200,373640069.80320,11.62000,820737.00000,5.20000,0.00000,0.00000,1.00000
-306020.18150,-484826.05053,149.38700,373640069.85040,11.35000,527784.00000,4.16000,0.00000,0.00000,1.00000
-305602.35476,-485207.87024,149.44800,373640069.89759,11.25000,1745375.00000,4.26000,0.00000,0.00000,1.00000
-307282.52690,-486178.81553,140.38100,373640070.08638,11.09000,280706.00000,4.87000,0.00000,0.00000,1.00000
-308860.67468,-486229.33631,142.06300,373640070.13358,11.07000,278816.00000,5.16000,0.00000,0.00000,1.00000
-308736.16326,-486562.48314,142.91200,373640070.18078,11.08000,682410.00000,3.74000,0.00000,0.00000,1.00000
-308902.08373,-486847.42646,144.07700,373640070.22798,11.10000,921196.00000,3.74000,0.00000,0.00000,1.00000
-308581.52782,-487213.11339,144.95100,373640070.27517,11.12000,710142.00000,4.28000,0.00000,0.00000,1.00000
-308716.22473,-487503.24396,146.09600,373640070.32237,11.13000,1048810.00000,3.54000,0.00000,0.00000,1.00000
-309265.50859,-487724.55843,146.64500,373640070.36957,11.22000,1095996.00000,5.20000,0.00000,0.00000,1.00000
-309257.16580,-488038.44013,147.38500,373640070.41676,11.11000,1258982.00000,6.13000,0.00000,0.00000,1.00000
-309319.24450,-488340.62615,148.31900,373640070.46396,10.94000,1534751.00000,5.81000,0.00000,0.00000,1.00000
-308864.34524,-488728.59661,148.42100,373640070.51116,10.94000,978049.00000,5.54000,0.00000,0.00000,1.00000
-308832.03082,-489046.44948,148.85700,373640070.55836,11.11000,904255.00000,5.29000,0.00000,0.00000,1.00000
-308552.11555,-489405.37913,148.98900,373640070.60556,11.04000,512390.00000,5.15000,0.00000,0.00000,1.00000
-308816.03767,-489674.07087,148.72300,373640070.65275,10.95000,683238.00000,6.52000,0.00000,0.00000,1.00000
-308944.18278,-489965.29709,148.71700,373640070.69995,10.88000,967027.00000,8.13000,0.00000,0.00000,1.00000
-308516.85933,-490348.67657,148.80300,373640070.74715,11.27000,913206.00000,6.66000,0.00000,0.00000,1.00000
-307920.34636,-490760.10368,149.53000,373640070.79435,11.23000,1070119.00000,5.32000,0.00000,0.00000,1.00000
-307710.84440,-491107.33263,150.05700,373640070.84155,11.13000,659270.00000,6.70000,0.00000,0.00000,1.00000
-308172.26194,-491343.28429,150.22600,373640070.88874,11.35000,280561.00000,7.32000,0.00000,0.00000,1.00000
-308752.75781,-491559.48412,150.13100,373640070.93594,11.39000,187499.00000,9.07000,0.00000,0.00000,1.00000
-309047.89218,-491823.01608,150.36300,373640070.98314,11.53000,196907.00000,7.93000,0.00000,0.00000,1.00000
-309236.29336,-492104.26469,150.56300,373640071.03034,11.59000,198316.00000,7.04000,0.00000,0.00000,1.00000
-309274.38299,-492410.43479,150.17400,373640071.07754,11.63000,324601.00000,7.24000,0.00000,0.00000,1.00000
-309263.09752,-492724.79756,149.40800,373640071.12473,11.63000,1299303.00000,5.69000,0.00000,0.00000,1.00000
-309156.68167,-493054.93135,151.43100,373640071.17193,11.43000,609539.00000,5.88000,0.00000,0.00000,1.00000
-309021.21601,-493389.87230,151.48400,373640071.21913,11.43000,611561.00000,4.92000,0.00000,0.00000,1.00000
-308851.62373,-493730.47482,151.74900,373640071.26633,11.31000,417308.00000,5.01000,0.00000,0.00000,1.00000
-308686.38352,-494070.35373,152.32400,373640071.31353,11.21000,247577.00000,6.09000,0.00000,0.00000,1.00000
-308399.88278,-494430.34069,153.32300,373640071.36072,11.14000,804923.00000,4.39000,0.00000,0.00000,1.00000
-308162.74221,-494782.11658,155.11800,373640071.40792,10.83000,1902995.00000,3.34000,0.00000,0.00000,1.00000
-311743.69425,-494500.98919,143.64100,373640071.45512,10.78000,1116762.00000,3.88000,0.00000,0.00000,1.00000
-311046.89433,-494929.01004,143.99600,373640071.50232,10.88000,1967170.00000,3.57000,0.00000,0.00000,1.00000
-310891.08409,-495267.34078,143.18400,373640071.54952,11.00000,1907640.00000,4.44000,0.00000,0.00000,1.00000
-310563.89488,-495634.07055,142.40100,373640071.59671,11.06000,357573.00000,5.69000,0.00000,0.00000,1.00000
-310679.65519,-495927.37433,142.60700,373640071.64391,11.00000,343633.00000,6.83000,0.00000,0.00000,1.00000
-310605.88849,-496252.09763,142.76500,373640071.69111,10.88000,732298.00000,5.54000,0.00000,0.00000,1.00000
-310651.93802,-496556.96613,142.60700,373640071.73831,10.57000,718806.00000,5.37000,0.00000,0.00000,1.00000
-310366.13039,-496916.83030,141.24100,373640071.78551,10.35000,1217906.00000,5.00000,0.00000,0.00000,1.00000
-310094.83336,-497274.27522,140.83600,373640071.83270,10.01000,1892839.00000,4.25000,0.00000,0.00000,1.00000
-309819.91003,-497632.32916,139.88500,373640071.87990,9.80000,1617103.00000,4.20000,0.00000,0.00000,1.00000
-311558.92268,-497969.17364,148.39900,373640071.97430,9.79000,1909191.00000,6.49000,0.00000,0.00000,1.00000
-310696.52323,-498424.56265,144.06900,373640072.02150,9.40000,1316099.00000,6.55000,0.00000,0.00000,1.00000
-310253.83639,-498810.39330,142.14300,373640072.06869,9.09000,1433499.00000,8.41000,0.00000,0.00000,1.00000
-310143.01115,-499141.24908,141.54700,373640072.11589,8.59000,453204.00000,7.01000,0.00000,0.00000,1.00000
-311292.83282,-499263.27242,144.50000,373640072.16309,8.25000,590990.00000,5.31000,0.00000,0.00000,1.00000
-306103.31905,-506712.31313,94.77000,373758975.75479,5.48000,1213682.00000,2.41000,0.00000,0.00000,0.00000
-311053.94948,-499419.43690,140.55100,373758975.80196,4.43000,1220299.00000,3.39000,0.00000,0.00000,0.00000
-310735.77126,-499332.61481,139.41800,373758975.84912,4.06000,1490694.00000,3.53000,0.00000,0.00000,0.00000
-309685.47699,-500247.11430,139.72500,373758975.89629,4.52000,2772606.00000,4.92000,0.00000,0.00000,0.00000
-309380.75484,-500141.86626,137.93300,373758975.94345,5.57000,336002.00000,4.21000,0.00000,0.00000,0.00000
-309274.04751,-499765.81390,137.81500,373758975.99062,6.84000,295202.00000,4.78000,0.00000,0.00000,0.00000
-308684.48365,-500050.15333,130.05500,373758976.03779,7.90000,1494109.00000,4.38000,0.00000,0.00000,0.00000
-307907.72263,-500590.43773,126.84000,373758976.08495,8.67000,489112.00000,6.78000,0.00000,0.00000,0.00000
-307529.16615,-500586.13988,126.79300,373758976.13212,9.02000,273960.00000,6.57000,0.00000,0.00000,0.00000
-306992.10661,-500798.60737,126.28300,373758976.17929,9.34000,345933.00000,4.72000,0.00000,0.00000,0.00000
-306725.59078,-500641.07980,126.35000,373758976.22645,9.45000,172453.00000,5.20000,0.00000,0.00000,0.00000
-306490.34447,-500440.79251,125.91000,373758976.27362,9.47000,291693.00000,5.06000,0.00000,0.00000,0.00000
-306504.81836,-499899.05122,126.73500,373758976.32079,9.51000,430247.00000,4.21000,0.00000,0.00000,0.00000
-306384.22777,-499541.98912,128.28600,373758976.36795,9.60000,922891.00000,3.99000,0.00000,0.00000,0.00000
-306275.36416,-499168.89191,130.17900,373758976.41512,9.41000,759268.00000,3.50000,0.00000,0.00000,0.00000
-306152.61320,-498814.81316,132.21200,373758976.46229,9.13000,1122301.00000,3.23000,0.00000,0.00000,0.00000
-306073.72630,-498400.74718,133.25600,373758976.50945,8.91000,2869076.00000,2.59000,0.00000,0.00000,0.00000
-305382.49727,-498823.97944,128.18800,373758976.55662,9.04000,4906024.00000,2.34000,0.00000,0.00000,0.00000
-304725.56216,-499200.29354,121.01700,373758976.60379,9.70000,2750676.00000,2.79000,0.00000,0.00000,0.00000
-303837.98378,-499891.93300,114.24200,373758976.65096,10.47000,1871440.00000,4.80000,0.00000,0.00000,0.00000
-304032.30336,-499104.33681,113.03100,373758976.69812,11.11000,530893.00000,4.84000,0.00000,0.00000,0.00000
-303198.99869,-499721.73596,110.50300,373758976.74529,11.18000,2673517.00000,3.84000,0.00000,0.00000,0.00000
-303017.62650,-499447.78920,111.35000,373758976.79246,10.69000,1754686.00000,2.65000,0.00000,0.00000,0.00000
-305558.12769,-495452.47942,140.72500,373758976.83963,10.19000,436286.00000,3.57000,0.00000,0.00000,0.00000
-305015.43452,-495672.60147,138.16200,373758976.88679,9.97000,170469.00000,4.94000,0.00000,0.00000,0.00000
-304524.41399,-495822.05227,137.03800,373758976.93396,9.87000,154433.00000,4.93000,0.00000,0.00000,0.00000
-304135.89235,-495831.36885,136.85500,373758976.98113,9.82000,130943.00000,4.69000,0.00000,0.00000,0.00000
-303763.00210,-495819.30075,137.10700,373758977.02830,9.71000,290903.00000,4.05000,0.00000,0.00000,0.00000
-303429.64458,-495753.20325,136.53200,373758977.07547,9.65000,460914.00000,3.74000,0.00000,0.00000,0.00000
-303202.26103,-495542.21113,135.98200,373758977.12263,9.60000,281752.00000,4.43000,0.00000,0.00000,0.00000
-303056.96487,-495218.98847,135.54000,373758977.16980,9.69000,760639.00000,5.20000,0.00000,0.00000,0.00000
-303004.63266,-494768.70728,134.49200,373758977.21697,9.73000,2484895.00000,2.60000,0.00000,0.00000,0.00000
-301975.90482,-495653.19922,119.48100,373758977.26414,10.29000,6947182.00000,2.29000,0.00000,0.00000,0.00000
-301994.37830,-495106.12142,118.02900,373758977.31130,11.11000,3407372.00000,3.01000,0.00000,0.00000,0.00000
-301443.40745,-495337.47692,112.07000,373758977.35847,11.87000,680881.00000,5.12000,0.00000,0.00000,0.00000
-300878.08438,-495588.42010,109.77700,373758977.40564,12.85000,133769.00000,8.80000,0.00000,0.00000,0.00000
-299974.36910,-496301.90581,110.67200,373758977.45281,12.88000,624979.00000,7.52000,0.00000,0.00000,0.00000
-299484.18397,-496450.11646,113.66600,373758977.49998,12.70000,434699.00000,7.03000,0.00000,0.00000,0.00000
-299052.63588,-496518.15142,115.90100,373758977.54715,12.73000,256351.00000,7.27000,0.00000,0.00000,0.00000
-299050.27961,-495999.57708,116.03800,373758977.59431,12.89000,203910.00000,8.50000,0.00000,0.00000,0.00000
-299295.52862,-495142.55888,117.41400,373758977.64148,12.84000,560390.00000,7.68000,0.00000,0.00000,0.00000
-299347.48082,-494549.77630,120.47300,373758977.68865,12.20000,464665.00000,6.07000,0.00000,0.00000,0.00000
-299129.66949,-494325.70350,123.10300,373758977.73582,12.01000,1992519.00000,4.69000,0.00000,0.00000,0.00000
-298778.06044,-494284.48476,123.36200,373758977.78299,11.86000,2168489.00000,5.37000,0.00000,0.00000,0.00000
-298421.68266,-494249.80318,122.92300,373758977.83016,12.24000,777987.00000,8.23000,0.00000,0.00000,0.00000
-298223.85762,-493998.40446,123.23900,373758977.87732,12.88000,213358.00000,7.92000,0.00000,0.00000,0.00000
-297912.22172,-493902.56471,123.73000,373758977.92449,12.98000,210473.00000,7.63000,0.00000,0.00000,0.00000
-297561.92415,-493859.55783,124.32100,373758977.97166,12.85000,162885.00000,8.69000,0.00000,0.00000,0.00000
-297087.81442,-493985.74961,125.88000,373758978.01883,13.00000,150000.00000,10.47000,0.00000,0.00000,0.00000
-296650.63826,-494061.48213,128.22200,373758978.06600,12.63000,129318.00000,9.74000,0.00000,0.00000,0.00000
-296232.13004,-494111.66289,131.00500,373758978.11317,12.31000,340877.00000,7.47000,0.00000,0.00000,0.00000
-295832.74080,-494135.72171,132.47800,373758978.16033,12.04000,275538.00000,7.30000,0.00000,0.00000,0.00000
-295540.66022,-494013.14476,133.35100,373758978.20750,12.17000,333957.00000,6.86000,0.00000,0.00000,0.00000
-295437.13390,-493632.92197,133.28000,373758978.25467,11.99000,289467.00000,6.53000,0.00000,0.00000,0.00000
-295241.92968,-493377.93923,133.39500,373758978.30184,11.69000,430065.00000,5.31000,0.00000,0.00000,0.00000
-295104.08876,-493044.61194,133.65800,373758978.34900,11.53000,307158.00000,6.10000,0.00000,0.00000,0.00000
-295087.02454,-492546.24452,134.78200,373758978.39617,11.26000,276096.00000,5.05000,0.00000,0.00000,0.00000
-294860.98933,-492333.41904,136.71800,373758978.44334,10.99000,2432122.00000,3.77000,0.00000,0.00000,0.00000
-295440.88415,-491019.36914,127.66600,373758978.49051,10.80000,3268507.00000,3.00000,0.00000,0.00000,0.00000
-294587.49497,-491663.78590,130.23700,373758978.53768,10.75000,1302945.00000,4.51000,0.00000,0.00000,0.00000
-294407.52362,-491388.03995,132.12300,373758978.58485,10.88000,236381.00000,6.09000,0.00000,0.00000,0.00000
-294694.60319,-490474.12648,134.44300,373758978.63201,10.94000,663220.00000,3.95000,0.00000,0.00000,0.00000
-294811.82183,-489792.35397,136.62900,373758978.67918,11.07000,427617.00000,4.61000,0.00000,0.00000,0.00000
-294528.89317,-489657.29086,135.35200,373758978.72635,11.02000,3050443.00000,3.31000,0.00000,0.00000,0.00000
-290919.04709,-494067.67608,125.29300,373758978.77352,10.84000,331245.00000,4.18000,0.00000,0.00000,0.00000
-293950.44127,-489404.41631,141.30100,373758978.82068,10.61000,412878.00000,3.95000,0.00000,0.00000,0.00000
-293509.37472,-489485.43493,139.42200,373758978.86785,10.65000,776433.00000,5.69000,0.00000,0.00000,0.00000
-293016.15688,-489637.66922,138.03800,373758978.91502,10.92000,441561.00000,8.58000,0.00000,0.00000,0.00000
-292124.07794,-490334.84220,136.98500,373758978.96219,11.18000,288188.00000,9.59000,0.00000,0.00000,0.00000
-291168.10717,-491119.25299,138.57400,373758979.00936,11.49000,249417.00000,10.04000,0.00000,0.00000,0.00000
-290706.15725,-491228.72275,140.68000,373758979.05653,11.17000,486894.00000,7.30000,0.00000,0.00000,0.00000
-290564.00930,-490901.31408,141.16000,373758979.10369,10.95000,293886.00000,7.24000,0.00000,0.00000,0.00000
-290467.92229,-490510.98859,140.72900,373758979.15086,10.79000,184729.00000,8.05000,0.00000,0.00000,0.00000
-290485.68377,-489965.14456,140.27200,373758979.19803,10.79000,268918.00000,7.02000,0.00000,0.00000,0.00000
-290660.74868,-489204.43282,138.82600,373758979.24520,10.44000,855044.00000,7.49000,0.00000,0.00000,0.00000
-290644.62383,-488704.88685,139.29600,373758979.29237,9.85000,723168.00000,4.94000,0.00000,0.00000,0.00000
-290280.88781,-488680.20672,136.59000,373758979.33953,9.74000,2415466.00000,2.85000,0.00000,0.00000,0.00000
-289831.11212,-488773.04556,146.93100,373758979.38670,9.66000,1169343.00000,2.35000,0.00000,0.00000,0.00000
-289545.15145,-488642.10139,145.19600,373758979.43387,9.66000,404056.00000,2.78000,0.00000,0.00000,0.00000
-289355.22675,-488379.98544,142.76500,373758979.48104,9.65000,296008.00000,3.13000,0.00000,0.00000,0.00000
-289221.35976,-488041.29948,140.55700,373758979.52821,9.69000,309912.00000,3.02000,0.00000,0.00000,0.00000
-289026.23041,-487786.30775,136.43000,373758979.57538,9.73000,832545.00000,3.20000,0.00000,0.00000,0.00000
-298615.42874,-480552.95583,163.64600,373812722.18543,10.05000,273849.00000,7.74000,0.00000,0.00000,1.00000
-299012.31769,-480805.07861,164.23200,373812722.23266,10.07000,167035.00000,6.16000,0.00000,0.00000,1.00000
-299234.45590,-481083.52808,165.16800,373812722.27989,10.04000,603604.00000,5.66000,0.00000,0.00000,1.00000
-299332.80877,-481380.61730,165.84300,373812722.32712,10.10000,830438.00000,5.00000,0.00000,0.00000,1.00000
-299291.35885,-481698.76041,166.65400,373812722.37435,10.08000,1930066.00000,3.40000,0.00000,0.00000,1.00000
-299165.44656,-482029.62675,166.59500,373812722.42158,10.06000,3871665.00000,3.05000,0.00000,0.00000,1.00000
-300647.28075,-482118.39113,157.82700,373812722.46882,10.21000,2811750.00000,3.04000,0.00000,0.00000,1.00000
-300433.25487,-482462.53499,158.11800,373812722.51605,10.31000,2678607.00000,3.00000,0.00000,0.00000,1.00000
-298835.73718,-483014.95948,163.46200,373812722.56328,10.38000,1892232.00000,3.72000,0.00000,0.00000,1.00000
-299128.49608,-483282.79172,162.49900,373812722.61051,10.42000,757280.00000,4.57000,0.00000,0.00000,1.00000
-299325.86439,-483564.98276,161.77300,373812722.65774,10.54000,545036.00000,4.49000,0.00000,0.00000,1.00000
-299404.53572,-483865.03134,160.97400,373812722.70497,10.73000,610159.00000,5.11000,0.00000,0.00000,1.00000
-299509.42666,-484161.14685,160.66000,373812722.75220,10.81000,495663.00000,5.31000,0.00000,0.00000,1.00000
-299622.32118,-484456.05474,159.93800,373812722.79943,10.61000,437026.00000,6.10000,0.00000,0.00000,1.00000
-299690.80088,-484757.65544,159.07800,373812722.84666,10.52000,216546.00000,6.59000,0.00000,0.00000,1.00000
-299727.96826,-485063.97009,157.95200,373812722.89390,10.56000,200251.00000,5.81000,0.00000,0.00000,1.00000
-299824.84091,-485361.29480,156.29800,373812722.94113,10.71000,274764.00000,8.18000,0.00000,0.00000,1.00000
-299877.28992,-485665.29927,154.67300,373812722.98836,10.95000,201279.00000,7.14000,0.00000,0.00000,1.00000
-299820.51929,-485985.75538,152.84800,373812723.03559,11.27000,178972.00000,7.57000,0.00000,0.00000,1.00000
-300439.49125,-486204.52327,152.14000,373812723.08282,11.31000,74869.00000,11.25000,0.00000,0.00000,1.00000
-301303.86387,-486386.38260,153.52500,373812723.13005,11.05000,264809.00000,6.99000,0.00000,0.00000,1.00000
-301576.22766,-486657.31690,152.27900,373812723.17728,11.20000,342792.00000,6.75000,0.00000,0.00000,1.00000
-301574.06199,-486969.56419,151.20800,373812723.22451,11.30000,361035.00000,5.87000,0.00000,0.00000,1.00000
-301430.62747,-487303.07423,149.57000,373812723.27174,11.26000,248881.00000,5.51000,0.00000,0.00000,1.00000
-301074.55144,-487668.56111,146.49600,373812723.31898,11.11000,441603.00000,6.80000,0.00000,0.00000,1.00000
-300593.21894,-488052.88450,143.99000,373812723.36621,11.26000,311719.00000,5.58000,0.00000,0.00000,1.00000
-300299.75517,-488408.94423,142.40100,373812723.41344,11.37000,249339.00000,6.53000,0.00000,0.00000,1.00000
-300133.71936,-488745.82476,141.27500,373812723.46067,11.55000,291769.00000,5.93000,0.00000,0.00000,1.00000
-300162.11878,-489053.47308,140.70800,373812723.50791,11.83000,556634.00000,6.27000,0.00000,0.00000,1.00000
-300313.58189,-489342.60897,139.98700,373812723.55514,11.97000,279547.00000,7.42000,0.00000,0.00000,1.00000
-301153.21191,-489528.26288,140.95300,373812723.60237,11.82000,270936.00000,8.53000,0.00000,0.00000,1.00000
-302472.00709,-489641.85874,145.20100,373812723.64960,11.68000,2793460.00000,5.46000,0.00000,0.00000,1.00000
-301772.18644,-490059.02816,139.94800,373812723.69683,11.93000,1231619.00000,6.30000,0.00000,0.00000,1.00000
-301209.98266,-490455.48092,136.30100,373812723.74407,11.83000,777061.00000,5.95000,0.00000,0.00000,1.00000
-300791.96571,-490830.25696,133.43300,373812723.79130,11.83000,474989.00000,5.38000,0.00000,0.00000,1.00000
-299934.81181,-491271.04952,130.06100,373812723.83853,11.85000,594367.00000,5.14000,0.00000,0.00000,1.00000
-300220.26247,-491540.05722,123.36900,373812723.88576,11.75000,1989807.00000,4.96000,0.00000,0.00000,1.00000
-300006.85375,-491884.05027,121.19100,373812723.93300,11.89000,3019735.00000,5.30000,0.00000,0.00000,1.00000
-299332.46200,-492297.33674,125.97600,373812723.98023,11.95000,770338.00000,5.41000,0.00000,0.00000,1.00000
-299572.74465,-492573.12794,124.54900,373812724.02746,11.81000,304464.00000,5.45000,0.00000,0.00000,1.00000
-299523.19215,-492892.50120,123.60500,373812724.07469,12.06000,328626.00000,6.71000,0.00000,0.00000,1.00000
-303045.74509,-492674.98753,130.69100,373812724.12193,11.87000,1447013.00000,7.28000,0.00000,0.00000,1.00000
-304070.37216,-492832.93080,136.37200,373812724.16916,11.79000,609521.00000,4.59000,0.00000,0.00000,1.00000
-298223.10246,-494023.59628,121.70200,373812724.21639,11.85000,2440736.00000,5.13000,0.00000,0.00000,1.00000
-299064.19997,-494209.12275,119.38700,373812724.26363,11.91000,3085294.00000,3.90000,0.00000,0.00000,1.00000
-298804.14976,-494560.10217,118.15600,373812724.31086,11.98000,2761833.00000,3.83000,0.00000,0.00000,1.00000
-299081.55718,-494830.31956,115.85400,373812724.35809,12.16000,1647403.00000,4.79000,0.00000,0.00000,1.00000
-299121.55600,-495136.22503,114.61100,373812724.40533,12.48000,1014505.00000,5.20000,0.00000,0.00000,1.00000
-299240.20825,-495430.31575,113.52300,373812724.45256,12.58000,2390904.00000,5.04000,0.00000,0.00000,1.00000
-298551.19199,-495845.72694,118.26500,373812724.49979,12.42000,1171258.00000,5.00000,0.00000,0.00000,1.00000
-306106.37474,-495022.64411,139.71700,373812724.54703,12.44000,1359621.00000,5.72000,0.00000,0.00000,1.00000
-298835.81878,-496426.80103,116.49100,373812724.59426,12.48000,552169.00000,6.02000,0.00000,0.00000,1.00000
-298993.78463,-496714.98112,116.06400,373812724.64149,12.18000,563682.00000,4.31000,0.00000,0.00000,1.00000
-298903.40481,-497040.46647,115.77000,373812724.68873,11.95000,605874.00000,4.23000,0.00000,0.00000,1.00000
-298703.03797,-497382.46459,113.47000,373812724.73596,11.77000,1278919.00000,4.43000,0.00000,0.00000,1.00000
-298726.98835,-497690.76755,113.03300,373812724.78319,11.57000,1442462.00000,3.92000,0.00000,0.00000,1.00000
-298562.31076,-498027.40853,113.38400,373812724.83043,11.57000,1532824.00000,4.22000,0.00000,0.00000,1.00000
-304007.09281,-497521.70778,116.36600,373812724.87766,11.66000,531308.00000,4.40000,0.00000,0.00000,1.00000
-297859.94263,-499068.58391,111.90500,373812724.97213,11.73000,1662253.00000,5.58000,0.00000,0.00000,1.00000
-298013.51605,-499357.43253,110.22100,373812725.01936,11.89000,1421426.00000,5.87000,0.00000,0.00000,1.00000
-303648.43985,-498823.38377,120.84600,373812725.06659,12.00000,544276.00000,6.01000,0.00000,0.00000,1.00000
-304349.73758,-499030.04167,121.75900,373812725.11383,12.10000,672282.00000,5.96000,0.00000,0.00000,1.00000
-304569.61973,-499308.99649,121.55600,373812725.16106,12.29000,1463121.00000,5.84000,0.00000,0.00000,1.00000
-303635.09903,-499761.24322,115.40100,373812725.20830,12.03000,425960.00000,6.62000,0.00000,0.00000,1.00000
-303685.26692,-500065.66768,115.50600,373812725.25553,12.00000,387030.00000,6.51000,0.00000,0.00000,1.00000
-303313.00260,-500433.50640,114.04500,373812725.30276,11.80000,1523558.00000,6.42000,0.00000,0.00000,1.00000
-303676.34477,-500690.92430,116.70100,373812725.35000,11.68000,1588415.00000,4.38000,0.00000,0.00000,1.00000
-298807.99557,-501733.46920,102.35300,373812725.39723,11.69000,345890.00000,5.30000,0.00000,0.00000,1.00000
-298780.92931,-502049.44486,101.22200,373812725.44447,11.60000,1114125.00000,4.12000,0.00000,0.00000,1.00000
-299241.85436,-502292.19803,99.16400,373812725.49170,11.28000,354672.00000,4.40000,0.00000,0.00000,1.00000
-298790.88102,-502671.76973,100.35300,373812725.53893,11.00000,213195.00000,5.25000,0.00000,0.00000,1.00000
-298637.07637,-503006.76687,99.95500,373812725.58617,10.63000,494534.00000,7.44000,0.00000,0.00000,1.00000
-298803.74186,-503293.67371,99.01600,373812725.63340,10.33000,673844.00000,5.72000,0.00000,0.00000,1.00000
-298847.30653,-503599.03798,98.44000,373812725.68064,10.21000,408337.00000,4.92000,0.00000,0.00000,1.00000
-298804.20904,-503917.42614,98.67700,373812725.72787,10.03000,298902.00000,4.26000,0.00000,0.00000,1.00000
-298843.40800,-504223.45661,98.94600,373812725.77510,9.92000,280324.00000,4.46000,0.00000,0.00000,1.00000
-298756.60121,-504548.39293,99.94300,373812725.82234,9.89000,356121.00000,4.25000,0.00000,0.00000,1.00000
-298990.26476,-504825.24787,99.69100,373812725.86957,9.84000,2868003.00000,2.74000,0.00000,0.00000,1.00000
-301466.61725,-504765.77882,98.28900,373812725.91681,9.74000,537242.00000,2.92000,0.00000,0.00000,1.00000
-300699.49481,-505192.75971,95.98200,373812725.96404,9.73000,1461599.00000,4.42000,0.00000,0.00000,1.00000
-301054.08017,-505451.51636,95.55900,373812726.01127,9.64000,2393494.00000,3.35000,0.00000,0.00000,1.00000
-301739.35725,-505660.68615,107.33600,373812726.05851,9.57000,4144396.00000,2.97000,0.00000,0.00000,1.00000
-301235.17701,-506048.22012,106.96700,373812726.10574,9.25000,1735479.00000,3.48000,0.00000,0.00000,1.00000
-300866.47307,-506415.43999,107.12400,373812726.15298,8.93000,628259.00000,3.69000,0.00000,0.00000,1.00000
-307227.43657,-505773.52151,103.81100,373812726.20021,8.79000,297768.00000,3.34000,0.00000,0.00000,1.00000
-307171.23152,-506093.94281,102.27600,373812726.24744,8.98000,257250.00000,4.06000,0.00000,0.00000,1.00000
-306634.99795,-506486.34291,97.72400,373812726.29468,9.12000,342430.00000,4.53000,0.00000,0.00000,1.00000
-306902.91517,-506758.15117,98.98600,373812726.34192,8.87000,722734.00000,3.00000,0.00000,0.00000,1.00000
-307618.80505,-506962.78087,102.65400,373812726.38915,8.46000,1589591.00000,2.77000,0.00000,0.00000,1.00000
-301504.35870,-508191.41506,113.78500,373812726.43638,8.14000,3995757.00000,2.36000,0.00000,0.00000,1.00000
-302248.60713,-508391.78868,112.46700,373812726.48362,7.97000,732267.00000,2.76000,0.00000,0.00000,1.00000
-302311.09068,-508694.36861,111.01200,373812726.53085,7.64000,1249747.00000,2.15000,0.00000,0.00000,1.00000
-306980.83954,-508306.35218,100.16900,373812726.57809,7.76000,947590.00000,2.59000,0.00000,0.00000,1.00000
-306790.55967,-508646.85767,100.58500,373812726.62532,8.01000,695853.00000,2.56000,0.00000,0.00000,1.00000
-302712.66981,-509570.00803,104.45900,373812726.67255,8.30000,3317637.00000,2.40000,0.00000,0.00000,1.00000
-303762.14350,-509724.67808,102.37600,373812726.71979,8.43000,1776744.00000,2.66000,0.00000,0.00000,1.00000
-303279.02772,-510109.02143,103.95600,373812726.76702,8.54000,588777.00000,4.31000,0.00000,0.00000,1.00000
-303704.24773,-510357.25534,106.22100,373812726.81425,8.89000,318700.00000,5.93000,0.00000,0.00000,1.00000
-303467.33768,-510704.70952,108.35200,373812726.86149,8.84000,384885.00000,5.21000,0.00000,0.00000,1.00000
-303117.50924,-511069.05789,110.92900,373812726.90872,8.74000,636674.00000,3.44000,0.00000,0.00000,1.00000
-303005.15562,-511397.84475,112.96500,373812726.95596,8.79000,1939581.00000,2.68000,0.00000,0.00000,1.00000
-302540.24068,-511779.43263,115.59300,373812727.00319,8.80000,929778.00000,3.51000,0.00000,0.00000,1.00000
-302585.20902,-512084.62969,115.82600,373812727.05043,8.89000,2316131.00000,2.97000,0.00000,0.00000,1.00000
-301788.86609,-512515.85472,119.40400,373812727.09766,8.98000,2375593.00000,2.35000,0.00000,0.00000,1.00000
-301962.75863,-512801.74510,117.51800,373812727.14489,8.89000,1041292.00000,3.26000,0.00000,0.00000,1.00000
-302389.41616,-513049.79051,113.60800,373812727.19213,9.12000,182416.00000,5.51000,0.00000,0.00000,1.00000
-303372.58983,-513214.48013,113.34400,373812727.23936,9.34000,909824.00000,5.44000,0.00000,0.00000,1.00000
-304582.12858,-512209.38490,111.20400,373931628.47443,9.84000,505596.00000,4.22000,0.00000,0.00000,0.00000
-304721.80520,-511512.34946,111.02400,373931628.52164,9.61000,2887594.00000,5.34000,0.00000,0.00000,0.00000
-304394.95378,-511433.55965,112.96800,373931628.56885,9.51000,639809.00000,4.10000,0.00000,0.00000,0.00000
-304040.15791,-511391.78272,114.25100,373931628.61606,9.43000,753973.00000,4.27000,0.00000,0.00000,0.00000
-303595.33453,-511469.30446,114.19800,373931628.66326,9.38000,1108520.00000,3.71000,0.00000,0.00000,0.00000
-303337.65430,-511298.83064,110.02000,373931628.71047,9.30000,5173165.00000,3.70000,0.00000,0.00000,0.00000
-302923.87567,-511335.20392,112.07400,373931628.75768,8.99000,806101.00000,3.86000,0.00000,0.00000,0.00000
-302545.14301,-511325.13863,117.63800,373931628.80488,8.32000,1284841.00000,4.75000,0.00000,0.00000,0.00000
-302594.38650,-510748.00930,118.02800,373931628.85209,7.41000,446889.00000,6.05000,0.00000,0.00000,0.00000
-302652.49485,-510159.12134,118.20900,373931628.89930,6.23000,191926.00000,7.77000,0.00000,0.00000,0.00000
-302774.48166,-509485.63238,118.47600,373931628.94651,5.41000,285038.00000,6.06000,0.00000,0.00000,0.00000
-301549.06040,-510597.37994,109.49100,373931628.99371,5.32000,1437293.00000,2.97000,0.00000,0.00000,0.00000
-301954.91293,-509547.79537,107.47500,373931629.04092,5.79000,1227335.00000,4.46000,0.00000,0.00000,0.00000
-302263.63724,-508626.91202,109.07400,373931629.08813,6.42000,397105.00000,3.89000,0.00000,0.00000,0.00000
-297601.12849,-514292.04103,134.80300,373931629.13533,6.92000,1057339.00000,3.17000,0.00000,0.00000,0.00000
-302297.87324,-507557.89348,113.78200,373931629.18254,7.39000,2169651.00000,3.83000,0.00000,0.00000,0.00000
-296905.70221,-514189.51500,141.26000,373931629.22975,7.73000,378134.00000,4.18000,0.00000,0.00000,0.00000
-301583.89575,-507480.17096,114.16700,373931629.27695,8.11000,782945.00000,4.44000,0.00000,0.00000,0.00000
-301700.60594,-506813.75936,113.44500,373931629.32416,8.60000,364069.00000,5.17000,0.00000,0.00000,0.00000
-301556.95984,-506492.25987,113.00200,373931629.37137,8.96000,715264.00000,4.07000,0.00000,0.00000,0.00000
-300727.16374,-507079.76537,106.82000,373931629.41858,9.51000,2820188.00000,4.84000,0.00000,0.00000,0.00000
-300783.56235,-506493.25880,109.34400,373931629.46578,10.20000,395477.00000,5.74000,0.00000,0.00000,0.00000
-300680.73219,-506117.70286,108.98300,373931629.51299,10.53000,291624.00000,6.81000,0.00000,0.00000,0.00000
-300580.11960,-505739.20036,109.44000,373931629.56020,10.53000,187469.00000,5.65000,0.00000,0.00000,0.00000
-299650.50865,-506458.88565,109.18800,373931629.60741,10.43000,360543.00000,4.58000,0.00000,0.00000,0.00000
-299457.19773,-506203.18637,107.06500,373931629.65461,10.30000,837454.00000,4.08000,0.00000,0.00000,0.00000
-299550.88215,-505567.33523,105.29200,373931629.70182,10.52000,837125.00000,4.11000,0.00000,0.00000,0.00000
-299568.71630,-505031.94690,102.56400,373931629.74903,11.08000,1021455.00000,4.33000,0.00000,0.00000,0.00000
-298968.21273,-505315.62811,99.33300,373931629.79624,11.76000,463381.00000,3.81000,0.00000,0.00000,0.00000
-298723.45850,-505128.08294,96.51300,373931629.84345,12.57000,658208.00000,4.58000,0.00000,0.00000,0.00000
-298613.56412,-504761.92966,94.00800,373931629.89065,12.91000,2280221.00000,3.69000,0.00000,0.00000,0.00000
-297600.06444,-505592.60218,105.19600,373931629.93786,12.71000,2178730.00000,3.66000,0.00000,0.00000,0.00000
-297355.74740,-505404.44909,105.18600,373931629.98507,12.49000,3869294.00000,3.83000,0.00000,0.00000,0.00000
-297175.76613,-505131.12026,105.52600,373931630.03228,12.57000,876516.00000,5.49000,0.00000,0.00000,0.00000
-296992.67065,-504861.88502,105.00500,373931630.07949,12.72000,260803.00000,6.15000,0.00000,0.00000,0.00000
-296886.77921,-504490.44107,105.39700,373931630.12669,12.88000,425469.00000,6.50000,0.00000,0.00000,0.00000
-296610.53475,-504344.59049,106.12300,373931630.17390,12.83000,187933.00000,5.44000,0.00000,0.00000,0.00000
-296315.66618,-504223.42374,106.27600,373931630.22111,12.75000,308605.00000,6.24000,0.00000,0.00000,0.00000
-296200.01760,-503864.89205,105.76800,373931630.26832,12.95000,228292.00000,9.52000,0.00000,0.00000,0.00000
-296310.17370,-503207.31994,106.61700,373931630.31553,12.82000,233383.00000,6.03000,0.00000,0.00000,0.00000
-296062.77653,-503023.28282,108.68400,373931630.36273,12.86000,564492.00000,4.52000,0.00000,0.00000,0.00000
-295783.88883,-502880.95964,109.36600,373931630.40994,13.04000,273864.00000,6.22000,0.00000,0.00000,0.00000
-295455.30748,-502804.42333,110.31100,373931630.45715,13.06000,244477.00000,7.18000,0.00000,0.00000,0.00000
-295266.48228,-502542.84321,111.28100,373931630.50436,12.94000,223159.00000,6.56000,0.00000,0.00000,0.00000
-295163.71312,-502167.27154,112.92100,373931630.55157,12.73000,202504.00000,6.36000,0.00000,0.00000,0.00000
-294950.93776,-501937.41499,114.49100,373931630.59877,12.32000,298308.00000,7.14000,0.00000,0.00000,0.00000
-294709.76351,-501745.14362,116.13300,373931630.64598,11.98000,204755.00000,5.99000,0.00000,0.00000,0.00000
-294434.43528,-501598.11197,117.03900,373931630.69319,12.00000,157537.00000,6.35000,0.00000,0.00000,0.00000
-294160.88141,-501448.72475,117.66100,373931630.74040,11.91000,232061.00000,5.26000,0.00000,0.00000,0.00000
-293779.08690,-501442.68271,117.75600,373931630.78760,12.23000,216076.00000,6.15000,0.00000,0.00000,0.00000
-293434.99239,-501386.68970,117.19800,373931630.83481,12.44000,165742.00000,8.46000,0.00000,0.00000,0.00000
-293383.72548,-500942.99941,117.45300,373931630.88202,12.23000,128232.00000,8.66000,0.00000,0.00000,0.00000
-293561.37481,-500196.16687,118.63500,373931630.92923,11.98000,254350.00000,7.28000,0.00000,0.00000,0.00000
-293745.68025,-499440.53777,122.41100,373931630.97644,11.70000,214402.00000,5.08000,0.00000,0.00000,0.00000
-292618.98716,-500420.78335,117.22200,373931631.02364,11.34000,4139115.00000,3.94000,0.00000,0.00000,0.00000
-293546.42818,-498681.23105,130.15900,373931631.07085,10.88000,2984087.00000,3.18000,0.00000,0.00000,0.00000
-293398.01048,-498366.20145,133.58300,373931631.11806,10.50000,3081146.00000,3.24000,0.00000,0.00000,0.00000
-292588.10911,-498926.99205,128.08500,373931631.16527,10.24000,4083916.00000,3.46000,0.00000,0.00000,0.00000
-292841.20547,-498080.35164,135.39100,373931631.21247,10.15000,1710118.00000,4.24000,0.00000,0.00000,0.00000
-292255.79383,-498343.90321,132.22800,373931631.25968,10.42000,375882.00000,5.79000,0.00000,0.00000,0.00000
-291421.91350,-498936.39053,129.51100,373931631.30689,10.75000,232471.00000,7.47000,0.00000,0.00000,0.00000
-290706.48012,-499372.03449,128.40500,373931631.35409,11.14000,118050.00000,9.00000,0.00000,0.00000,0.00000
-290245.71314,-499470.49462,128.49000,373931631.40130,11.41000,136781.00000,8.60000,0.00000,0.00000,0.00000
-289953.55597,-499345.75714,129.14100,373931631.44851,11.34000,111531.00000,7.57000,0.00000,0.00000,0.00000
-289754.56863,-499097.64838,130.72500,373931631.49572,11.14000,264420.00000,5.65000,0.00000,0.00000,0.00000
-289400.73787,-499054.54593,132.73100,373931631.54292,11.04000,442904.00000,4.25000,0.00000,0.00000,0.00000
-288979.02188,-499101.31170,134.05300,373931631.59013,10.89000,354937.00000,3.41000,0.00000,0.00000,0.00000
-288636.27460,-499043.50506,134.39000,373931631.63734,10.85000,400441.00000,4.63000,0.00000,0.00000,0.00000
-288495.86711,-498717.86751,134.30400,373931631.68454,10.83000,232624.00000,5.81000,0.00000,0.00000,0.00000
-288275.59455,-498497.95430,134.56500,373931631.73175,10.75000,197435.00000,4.97000,0.00000,0.00000,0.00000
-288174.69075,-498120.05123,134.59500,373931631.77896,10.53000,215410.00000,5.53000,0.00000,0.00000,0.00000
-288265.47127,-497488.40126,134.37300,373931631.82617,10.49000,65865.00000,8.35000,0.00000,0.00000,0.00000
-288319.88124,-496904.93600,135.17200,373931631.87337,10.25000,129298.00000,5.09000,0.00000,0.00000,0.00000
-287963.39765,-496865.33382,134.97400,373931631.92058,10.18000,378901.00000,5.26000,0.00000,0.00000,0.00000
-287417.88758,-497075.94119,130.63900,373931631.96779,10.13000,1863504.00000,6.93000,0.00000,0.00000,0.00000
-287153.25873,-496914.76043,131.01900,373931632.01499,10.21000,230272.00000,6.28000,0.00000,0.00000,0.00000
-287495.67334,-495950.11278,129.48500,373931632.06220,10.63000,607060.00000,8.07000,0.00000,0.00000,0.00000
-286972.34658,-496131.33853,128.07300,373931632.10941,10.62000,385427.00000,6.03000,0.00000,0.00000,0.00000
-286245.33607,-496582.14784,126.34000,373931632.15661,11.00000,1071314.00000,7.49000,0.00000,0.00000,0.00000
-285908.37399,-496516.68940,124.77700,373931632.20382,11.14000,189459.00000,6.92000,0.00000,0.00000,0.00000
-285819.92076,-496122.32747,122.88600,373931632.25103,10.42000,220816.00000,7.22000,0.00000,0.00000,0.00000
-285402.63703,-496163.16484,122.40000,373931632.29824,10.25000,477731.00000,6.72000,0.00000,0.00000,0.00000
-285195.70618,-495925.61467,123.97200,373931632.34545,10.37000,419024.00000,4.70000,0.00000,0.00000,0.00000
-286278.81167,-493980.79759,134.33700,373931632.39265,10.33000,3322098.00000,5.57000,0.00000,0.00000,0.00000
-285803.41721,-494098.57556,134.31000,373931632.43986,10.12000,1847977.00000,5.26000,0.00000,0.00000,0.00000
-285455.81878,-494047.19807,134.60600,373931632.48707,10.08000,2531833.00000,5.30000,0.00000,0.00000,0.00000
-285049.20372,-494073.93032,134.37700,373931632.53428,9.94000,1121355.00000,5.77000,0.00000,0.00000,0.00000
-284709.59498,-494011.97519,133.85700,373931632.58149,10.09000,1099113.00000,6.48000,0.00000,0.00000,0.00000
-284304.30987,-494036.93742,132.53100,373931632.62869,10.22000,638842.00000,6.99000,0.00000,0.00000,0.00000
-283723.72570,-494293.87017,130.63800,373931632.67590,10.48000,297059.00000,8.20000,0.00000,0.00000,0.00000
-283141.80185,-494552.55779,129.01100,373931632.72311,10.76000,233760.00000,10.19000,0.00000,0.00000,0.00000
-282535.90597,-494842.95292,128.53900,373931632.77032,11.22000,194886.00000,7.96000,0.00000,0.00000,0.00000
-282072.90964,-494944.23490,128.80300,373931632.81753,11.35000,263781.00000,6.21000,0.00000,0.00000,0.00000
-294357.61625,-483911.93559,148.82400,373985375.60140,9.34000,1404751.00000,4.81000,0.00000,0.00000,1.00000
-291944.99006,-484860.61609,127.15400,373985375.69592,9.72000,2229554.00000,3.84000,0.00000,0.00000,1.00000
-292106.74264,-485150.14122,128.71200,373985375.74318,9.63000,1585159.00000,4.18000,0.00000,0.00000,1.00000
-292015.16664,-485473.88629,130.45100,373985375.79044,9.64000,1887572.00000,3.94000,0.00000,0.00000,1.00000
-291922.12976,-485797.82684,132.23900,373985375.83770,9.63000,1392993.00000,3.97000,0.00000,0.00000,1.00000
-291918.88367,-486109.63552,134.66500,373985375.88495,9.79000,790929.00000,4.07000,0.00000,0.00000,1.00000
-291859.41933,-486429.03319,136.69300,373985375.93221,9.93000,935862.00000,4.25000,0.00000,0.00000,1.00000
-291877.34327,-486737.98650,138.24100,373985375.97947,9.98000,1129824.00000,6.03000,0.00000,0.00000,1.00000
-291761.66621,-487064.98732,139.74300,373985376.02673,10.02000,1294308.00000,5.45000,0.00000,0.00000,1.00000
-291572.98025,-487401.83985,140.79500,373985376.07399,10.07000,1036783.00000,7.97000,0.00000,0.00000,1.00000
-291388.67025,-487738.09310,142.28400,373985376.12125,10.07000,2246103.00000,6.14000,0.00000,0.00000,1.00000
-290594.76101,-488156.62314,143.65800,373985376.16851,10.06000,3855811.00000,5.93000,0.00000,0.00000,1.00000
-292987.57585,-488145.03708,138.42200,373985376.21576,10.20000,460000.00000,4.55000,0.00000,0.00000,1.00000
-293453.75036,-488393.49277,139.24800,373985376.26302,10.26000,554604.00000,4.66000,0.00000,0.00000,1.00000
-292623.31840,-488816.95715,137.91300,373985376.31028,10.37000,477468.00000,6.66000,0.00000,0.00000,1.00000
-292125.79440,-489195.47927,136.75200,373985376.35754,10.51000,137054.00000,7.64000,0.00000,0.00000,1.00000
-291426.03218,-489601.27769,137.02000,373985376.40480,10.38000,225639.00000,8.41000,0.00000,0.00000,1.00000
-290934.33466,-489978.98403,137.55800,373985376.45206,10.48000,198665.00000,7.25000,0.00000,0.00000,1.00000
-290525.13878,-490345.56237,139.03300,373985376.49931,10.31000,701923.00000,6.57000,0.00000,0.00000,1.00000
-290487.54255,-490661.99295,139.16600,373985376.54657,10.19000,1244453.00000,4.88000,0.00000,0.00000,1.00000
-290409.05908,-490983.93927,139.18600,373985376.59383,10.26000,1938904.00000,4.79000,0.00000,0.00000,1.00000
-290090.38285,-491338.28964,142.61900,373985376.64109,10.17000,6130555.00000,3.11000,0.00000,0.00000,1.00000
-292457.68916,-491330.34276,130.93200,373985376.68835,10.29000,1841934.00000,3.43000,0.00000,0.00000,1.00000
-293291.10243,-491529.30001,128.70000,373985376.73560,10.47000,2177582.00000,3.45000,0.00000,0.00000,1.00000
-292741.69838,-491914.79808,129.47900,373985376.78286,10.58000,289260.00000,5.86000,0.00000,0.00000,1.00000
-293388.92784,-492138.88829,131.73700,373985376.83012,10.51000,387656.00000,4.76000,0.00000,0.00000,1.00000
-293414.10731,-492446.88609,133.67500,373985376.87738,10.34000,1147526.00000,4.20000,0.00000,0.00000,1.00000
-290575.08991,-493141.10487,135.18800,373985376.92464,10.33000,6895898.00000,3.27000,0.00000,0.00000,1.00000
-293054.89417,-493118.10910,124.08400,373985376.97190,10.45000,2484047.00000,3.72000,0.00000,0.00000,1.00000
-293062.54154,-493428.46613,126.56100,373985377.01916,10.55000,904603.00000,3.60000,0.00000,0.00000,1.00000
-292628.46464,-493798.37916,131.38600,373985377.06642,10.60000,2245797.00000,4.95000,0.00000,0.00000,1.00000
-293765.60289,-493956.45153,132.23200,373985377.11368,10.91000,538734.00000,5.65000,0.00000,0.00000,1.00000
-293725.06868,-494273.31268,129.72200,373985377.16093,11.21000,1157355.00000,7.98000,0.00000,0.00000,1.00000
-293777.97575,-494577.56669,130.09800,373985377.20819,11.22000,1387727.00000,6.05000,0.00000,0.00000,1.00000
-293696.54742,-494899.95355,131.77000,373985377.25545,11.04000,532141.00000,5.22000,0.00000,0.00000,1.00000
-293197.47662,-495278.60863,128.62000,373985377.30271,10.82000,1857020.00000,4.91000,0.00000,0.00000,1.00000
-293668.00810,-495526.58306,134.23800,373985377.34997,10.84000,1469039.00000,4.81000,0.00000,0.00000,1.00000
-292045.99173,-496056.57278,126.65000,373985377.39723,10.72000,1051091.00000,5.03000,0.00000,0.00000,1.00000
-291894.45171,-496388.37900,126.50300,373985377.44449,10.71000,981645.00000,3.88000,0.00000,0.00000,1.00000
-293543.41472,-496477.55649,136.89000,373985377.49175,10.57000,6688106.00000,3.04000,0.00000,0.00000,1.00000
-292585.81006,-496917.98608,128.64600,373985377.53901,10.55000,1409766.00000,2.62000,0.00000,0.00000,1.00000
-291839.19992,-497329.97305,127.27300,373985377.58626,10.50000,2817711.00000,2.80000,0.00000,0.00000,1.00000
-292538.98824,-497547.06645,128.72900,373985377.63352,10.57000,792012.00000,2.70000,0.00000,0.00000,1.00000
-292789.01368,-497824.76970,128.52900,373985377.68078,10.44000,729947.00000,2.81000,0.00000,0.00000,1.00000
-292308.88842,-498200.83351,126.93900,373985377.72804,10.46000,1448036.00000,3.26000,0.00000,0.00000,1.00000
-292117.89761,-498537.94400,126.04200,373985377.77530,10.50000,1178590.00000,3.27000,0.00000,0.00000,1.00000
-292184.64623,-498840.33484,125.61600,373985377.82256,10.41000,1731331.00000,2.84000,0.00000,0.00000,1.00000
-292461.67827,-499114.40006,129.03400,373985377.86982,10.62000,2042976.00000,2.36000,0.00000,0.00000,1.00000
-292154.58514,-499467.14508,128.39800,373985377.91708,10.69000,2149607.00000,2.71000,0.00000,0.00000,1.00000
-291880.34107,-499815.45771,126.79000,373985377.96434,10.96000,2691815.00000,3.38000,0.00000,0.00000,1.00000
-294328.90084,-499797.10475,116.55100,373985378.01160,11.14000,2774303.00000,3.02000,0.00000,0.00000,1.00000
-292792.17230,-500315.43696,117.17400,373985378.05885,11.18000,1441605.00000,4.41000,0.00000,0.00000,1.00000
-291567.96569,-500791.66306,119.47000,373985378.10611,11.21000,2215725.00000,4.70000,0.00000,0.00000,1.00000
-291226.52535,-501148.99883,120.81600,373985378.15337,11.32000,374884.00000,6.97000,0.00000,0.00000,1.00000
-291657.61095,-501402.33988,119.05400,373985378.20063,11.60000,202347.00000,10.13000,0.00000,0.00000,1.00000
-292612.97269,-501585.11292,117.65200,373985378.24789,11.61000,113265.00000,8.33000,0.00000,0.00000,1.00000
-292911.90404,-501856.26632,117.17100,373985378.29515,11.52000,181596.00000,6.82000,0.00000,0.00000,1.00000
-292876.40272,-502172.42946,117.44400,373985378.34241,11.60000,182011.00000,5.38000,0.00000,0.00000,1.00000
-292760.57583,-502499.39955,117.55100,373985378.38967,11.55000,233653.00000,4.36000,0.00000,0.00000,1.00000
-292600.93915,-502832.27532,117.05200,373985378.43693,11.55000,498393.00000,4.92000,0.00000,0.00000,1.00000
-292492.41115,-503158.26745,116.86900,373985378.48419,11.69000,686380.00000,5.25000,0.00000,0.00000,1.00000
-292413.09228,-503480.33500,116.41700,373985378.53144,11.57000,545723.00000,4.88000,0.00000,0.00000,1.00000
-292270.23592,-503810.93917,116.19300,373985378.57870,11.57000,487344.00000,4.28000,0.00000,0.00000,1.00000
-292120.80765,-504142.42966,115.69200,373985378.62596,11.75000,291083.00000,3.83000,0.00000,0.00000,1.00000
-292133.47731,-504452.10601,114.67200,373985378.67322,11.82000,2394081.00000,3.96000,0.00000,0.00000,1.00000
-292127.89069,-504764.24387,113.87500,373985378.72048,11.80000,3797552.00000,4.50000,0.00000,0.00000,1.00000
-292143.47654,-505073.53107,113.00900,373985378.76774,11.99000,2807502.00000,4.28000,0.00000,0.00000,1.00000
-292634.42786,-505318.87734,107.65500,373985378.81500,12.20000,4345423.00000,4.31000,0.00000,0.00000,1.00000
-292264.46267,-505680.03998,110.16800,373985378.86226,12.10000,291272.00000,6.64000,0.00000,0.00000,1.00000
-292985.44001,-505894.45381,108.73000,373985378.90952,12.35000,167062.00000,7.81000,0.00000,0.00000,1.00000
-293493.19720,-506137.56031,108.24900,373985378.95678,12.27000,287282.00000,7.48000,0.00000,0.00000,1.00000
-293445.97330,-506455.29857,108.25200,373985379.00404,12.33000,447802.00000,5.87000,0.00000,0.00000,1.00000
-293095.70657,-506813.80640,108.93000,373985379.05130,12.33000,286046.00000,4.94000,0.00000,0.00000,1.00000
-292692.13086,-507179.47797,109.13200,373985379.09856,12.47000,193601.00000,5.73000,0.00000,0.00000,1.00000
-292360.11173,-507535.51907,109.61300,373985379.14582,12.35000,273367.00000,8.75000,0.00000,0.00000,1.00000
-292088.69543,-507883.40189,109.97800,373985379.19308,12.30000,488206.00000,7.43000,0.00000,0.00000,1.00000
-291662.47022,-508252.09937,111.36500,373985379.24034,12.47000,1039629.00000,7.92000,0.00000,0.00000,1.00000
-291322.40641,-508609.19643,112.83400,373985379.28760,12.46000,985596.00000,6.98000,0.00000,0.00000,1.00000
-291705.27252,-508869.11571,110.88900,373985379.33486,12.30000,1239041.00000,8.32000,0.00000,0.00000,1.00000
-291958.88363,-509146.40545,109.89500,373985379.38212,12.02000,472330.00000,8.39000,0.00000,0.00000,1.00000
-291788.22948,-509480.73831,110.53500,373985379.42938,12.19000,321021.00000,8.18000,0.00000,0.00000,1.00000
-291943.98181,-509771.18075,109.79100,373985379.47664,12.36000,574193.00000,7.97000,0.00000,0.00000,1.00000
-291778.43577,-510104.82688,110.68800,373985379.52390,12.26000,438302.00000,8.24000,0.00000,0.00000,1.00000
-291516.48370,-510451.40777,112.09700,373985379.57116,12.08000,564861.00000,7.38000,0.00000,0.00000,1.00000
-290785.71656,-510860.98619,116.35900,373985379.61842,12.32000,2195358.00000,6.03000,0.00000,0.00000,1.00000
-291740.35889,-511044.10083,111.41900,373985379.66568,12.03000,2934488.00000,6.11000,0.00000,0.00000,1.00000
-292340.83322,-511274.80423,109.01300,373985379.71294,11.61000,4405203.00000,4.72000,0.00000,0.00000,1.00000
-296237.02554,-511062.64092,99.17000,373985379.76020,11.56000,202979.00000,6.15000,0.00000,0.00000,1.00000
-295565.37901,-511464.31192,97.88700,373985379.80746,11.41000,343692.00000,6.37000,0.00000,0.00000,1.00000
-295171.96583,-511828.59585,97.10500,373985379.85472,11.59000,904848.00000,7.79000,0.00000,0.00000,1.00000
-294124.94169,-512280.67736,99.00000,373985379.90198,11.42000,415630.00000,5.78000,0.00000,0.00000,1.00000
-293544.56512,-512670.03920,101.36100,373985379.94924,11.42000,198551.00000,5.62000,0.00000,0.00000,1.00000
-293363.65023,-513005.73861,102.77700,373985379.99650,11.52000,1777320.00000,6.05000,0.00000,0.00000,1.00000
-295397.68313,-513043.89991,97.73500,373985380.04376,11.34000,5234394.00000,4.70000,0.00000,0.00000,1.00000
-294804.88040,-513434.93982,99.74000,373985380.09102,10.88000,3916762.00000,5.01000,0.00000,0.00000,1.00000
-294407.78803,-513799.67338,101.19700,373985380.13828,10.79000,1651019.00000,6.49000,0.00000,0.00000,1.00000
-293923.79728,-514176.08611,103.38000,373985380.18554,10.77000,938563.00000,6.14000,0.00000,0.00000,1.00000
-294259.18073,-514442.44124,103.57200,373985380.23279,10.58000,1637535.00000,4.88000,0.00000,0.00000,1.00000
-294317.78185,-514745.96607,104.22000,373985380.28005,10.75000,227009.00000,7.07000,0.00000,0.00000,1.00000
-293614.68752,-515151.77648,106.35000,373985380.32731,10.98000,396356.00000,7.96000,0.00000,0.00000,1.00000
-293437.40505,-515486.98176,107.22800,373985380.37457,11.18000,1077464.00000,7.14000,0.00000,0.00000,1.00000
-293501.83779,-515789.72053,107.16200,373985380.42183,11.41000,405268.00000,5.67000,0.00000,0.00000,1.00000
-295228.43605,-515869.31628,102.67800,373985380.46909,11.34000,934687.00000,5.22000,0.00000,0.00000,1.00000
-295941.38329,-516085.00442,103.06300,373985380.51635,11.28000,1404991.00000,6.93000,0.00000,0.00000,1.00000
-295819.59159,-516412.77501,105.45200,373985380.56361,11.20000,1116652.00000,5.47000,0.00000,0.00000,1.00000
-295521.05887,-516764.26007,108.53600,373985380.61087,11.27000,1564931.00000,5.25000,0.00000,0.00000,1.00000
-294778.50084,-517175.33850,111.69900,373985380.65812,11.17000,735381.00000,5.24000,0.00000,0.00000,1.00000
-294892.58710,-517471.43049,113.24900,373985380.70538,11.05000,350383.00000,7.05000,0.00000,0.00000,1.00000
-295141.66969,-516794.85428,108.60600,374104282.06536,12.37000,782928.00000,8.16000,0.00000,0.00000,0.00000
-295299.73632,-516089.80726,105.79100,374104282.11260,12.22000,321561.00000,9.59000,0.00000,0.00000,0.00000
-294551.63541,-516548.16585,109.64500,374104282.15983,12.25000,423403.00000,8.43000,0.00000,0.00000,0.00000
-293799.89826,-517011.14877,114.57600,374104282.20707,12.58000,286204.00000,9.15000,0.00000,0.00000,0.00000
-293893.69419,-516388.61839,111.15300,374104282.25431,12.85000,391364.00000,9.99000,0.00000,0.00000,0.00000
-293368.72900,-516560.46627,113.04800,374104282.30155,13.07000,318355.00000,11.54000,0.00000,0.00000,0.00000
-292979.10251,-516558.54660,114.34000,374104282.34879,12.91000,672319.00000,10.12000,0.00000,0.00000,0.00000
-292307.93585,-516918.06188,120.09000,374104282.39603,12.74000,1336833.00000,7.01000,0.00000,0.00000,0.00000
-292008.84648,-516799.91193,121.86100,374104282.44326,12.73000,643320.00000,5.47000,0.00000,0.00000,0.00000
-291820.66256,-516539.38742,123.07700,374104282.49050,12.60000,2297044.00000,4.44000,0.00000,0.00000,0.00000
-292810.75482,-514766.35384,108.25300,374104282.53774,12.41000,1715240.00000,4.31000,0.00000,0.00000,0.00000
-293468.61641,-513419.81699,102.32600,374104282.58498,12.36000,1002801.00000,4.64000,0.00000,0.00000,0.00000
-293526.70090,-512843.20996,101.75600,374104282.63222,12.19000,543975.00000,5.63000,0.00000,0.00000,0.00000
-293196.40383,-512765.17775,103.82800,374104282.67946,11.87000,450761.00000,4.90000,0.00000,0.00000,0.00000
-292856.60722,-512699.34938,106.53800,374104282.72669,11.57000,586017.00000,3.85000,0.00000,0.00000,0.00000
-293703.25904,-511110.53143,103.71000,374104282.77393,11.28000,1712294.00000,3.26000,0.00000,0.00000,0.00000
-293330.41896,-511087.11816,105.20200,374104282.82117,11.19000,1471399.00000,3.94000,0.00000,0.00000,0.00000
-292683.26269,-511415.83347,107.62800,374104282.86841,11.12000,1390212.00000,3.53000,0.00000,0.00000,0.00000
-291945.11525,-511861.32295,113.04800,374104282.91564,10.93000,8954720.00000,2.14000,0.00000,0.00000,0.00000
-292586.73626,-510535.76448,106.65900,374104282.96288,10.92000,672438.00000,3.00000,0.00000,0.00000,0.00000
-292057.27045,-510713.38201,108.50700,374104283.01012,10.88000,1201208.00000,2.60000,0.00000,0.00000,0.00000
-292175.60658,-510059.52605,107.00100,374104283.05736,10.85000,3243974.00000,2.62000,0.00000,0.00000,0.00000
-291728.98709,-510130.81279,109.40500,374104283.10460,10.90000,1129559.00000,3.03000,0.00000,0.00000,0.00000
-291011.64759,-510549.53135,113.28500,374104283.15184,10.91000,1348095.00000,2.76000,0.00000,0.00000,0.00000
-290446.41637,-510773.02218,116.70200,374104283.19907,10.81000,2652895.00000,2.23000,0.00000,0.00000,0.00000
-289388.64718,-511628.62618,127.15800,374104283.24631,10.65000,4702144.00000,2.23000,0.00000,0.00000,0.00000
-288918.03571,-511730.65744,133.01000,374104283.29355,10.55000,977676.00000,2.75000,0.00000,0.00000,0.00000
-288842.62580,-511325.47182,133.38600,374104283.34079,10.50000,869916.00000,4.16000,0.00000,0.00000,0.00000
-288824.26292,-510847.09196,132.91500,374104283.38802,10.43000,501624.00000,5.25000,0.00000,0.00000,0.00000
-288680.04888,-510530.22877,132.23200,374104283.43526,10.50000,561130.00000,4.66000,0.00000,0.00000,0.00000
-288430.34850,-510348.73608,129.85500,374104283.48250,10.85000,161972.00000,4.20000,0.00000,0.00000,0.00000
-288231.81273,-510101.60117,126.34100,374104283.52974,11.27000,451302.00000,5.70000,0.00000,0.00000,0.00000
-287835.42769,-510108.33645,124.45800,374104283.57698,11.86000,386457.00000,6.39000,0.00000,0.00000,0.00000
-287541.81960,-509983.19792,121.91500,374104283.62422,12.42000,123367.00000,8.12000,0.00000,0.00000,0.00000
-287270.84455,-509828.99948,119.97800,374104283.67145,12.68000,98876.00000,9.99000,0.00000,0.00000,0.00000
-287128.45234,-509509.80247,118.78600,374104283.71869,13.02000,186475.00000,12.08000,0.00000,0.00000,0.00000
-286940.34152,-509249.28841,118.35800,374104283.76593,13.40000,130960.00000,16.94000,0.00000,0.00000,0.00000
-286746.80080,-508995.74330,118.72600,374104283.81317,13.57000,45737.00000,15.17000,0.00000,0.00000,0.00000
-286494.40347,-508817.71486,119.51800,374104283.86041,13.10000,89081.00000,13.15000,0.00000,0.00000,0.00000
-286281.84897,-508588.55360,120.61400,374104283.90765,12.88000,168165.00000,12.51000,0.00000,0.00000,0.00000
-285943.89160,-508520.33278,122.03800,374104283.95488,12.52000,101884.00000,8.69000,0.00000,0.00000,0.00000
-285622.68631,-508430.60400,124.67900,374104284.00212,12.31000,192520.00000,7.34000,0.00000,0.00000,0.00000
-285536.46510,-508039.36762,125.76800,374104284.04936,12.04000,323981.00000,6.89000,0.00000,0.00000,0.00000
-285425.35013,-507680.08959,127.40800,374104284.09660,11.53000,310367.00000,6.00000,0.00000,0.00000,0.00000
-285309.25465,-507327.19890,129.16100,374104284.14384,11.22000,270895.00000,6.07000,0.00000,0.00000,0.00000
-285241.15411,-506912.72813,131.20100,374104284.19107,10.87000,311297.00000,5.48000,0.00000,0.00000,0.00000
-285036.31911,-506673.69810,133.05700,374104284.23831,10.38000,455459.00000,4.81000,0.00000,0.00000,0.00000
-284754.06636,-506534.00345,136.66500,374104284.28555,10.20000,1909856.00000,3.78000,0.00000,0.00000,0.00000
-284466.82766,-506400.69454,137.85500,374104284.33279,9.94000,871642.00000,3.91000,0.00000,0.00000,0.00000
-284175.50905,-506272.60523,137.94800,374104284.38003,9.94000,573475.00000,4.16000,0.00000,0.00000,0.00000
-284006.44970,-505987.69243,135.80200,374104284.42727,9.82000,296483.00000,5.95000,0.00000,0.00000,0.00000
-283969.60817,-505533.15357,133.24900,374104284.47451,10.33000,241421.00000,6.67000,0.00000,0.00000,0.00000
-284083.10324,-504885.76563,130.85200,374104284.52174,10.52000,150552.00000,7.86000,0.00000,0.00000,0.00000
-284545.25561,-503791.10815,131.30500,374104284.56898,10.37000,320198.00000,4.87000,0.00000,0.00000,0.00000
-284069.67982,-503899.44427,126.30500,374104284.61622,10.50000,2467315.00000,3.99000,0.00000,0.00000,0.00000
-283153.95884,-504572.38358,123.00200,374104284.66346,10.42000,1421245.00000,3.86000,0.00000,0.00000,0.00000
-282842.28160,-504470.43619,120.91000,374104284.71070,10.30000,1010846.00000,4.21000,0.00000,0.00000,0.00000
-282761.54027,-504072.23298,119.51700,374104284.75794,10.35000,775330.00000,4.53000,0.00000,0.00000,0.00000
-282503.29824,-503901.73584,117.96800,374104284.80518,10.48000,352005.00000,4.19000,0.00000,0.00000,0.00000
-281989.66349,-504058.84816,116.46100,374104284.85241,10.64000,297751.00000,5.54000,0.00000,0.00000,0.00000
-281581.98477,-504080.02738,115.28900,374104284.89965,10.82000,318956.00000,5.12000,0.00000,0.00000,0.00000
-281138.07642,-504147.67516,113.50800,374104284.94689,11.22000,266912.00000,6.63000,0.00000,0.00000,0.00000
-281389.73991,-503323.12386,110.99300,374104284.99413,11.58000,225879.00000,7.25000,0.00000,0.00000,0.00000
-281634.62347,-502507.29756,110.10400,374104285.04137,12.09000,242354.00000,7.85000,0.00000,0.00000,0.00000
-281578.36934,-502077.74218,111.24500,374104285.08861,12.32000,932790.00000,6.03000,0.00000,0.00000,0.00000
-282190.50874,-500790.87256,118.92900,374104285.13585,11.96000,418280.00000,6.09000,0.00000,0.00000,0.00000
-281230.37789,-501520.66360,117.78400,374104285.18309,11.45000,486000.00000,5.48000,0.00000,0.00000,0.00000
-281034.65530,-501270.00915,118.35100,374104285.23033,11.12000,1735436.00000,5.75000,0.00000,0.00000,0.00000
-280553.63211,-501385.26631,119.97100,374104285.27756,10.17000,669382.00000,4.35000,0.00000,0.00000,0.00000
-280026.41497,-501559.75900,122.23900,374104285.32480,9.49000,940377.00000,4.66000,0.00000,0.00000,0.00000
-279866.46768,-501263.20726,124.01200,374104285.37204,9.05000,804159.00000,4.94000,0.00000,0.00000,0.00000
-279597.38522,-501106.63229,124.91200,374104285.41928,8.83000,754682.00000,4.15000,0.00000,0.00000,0.00000
-278844.17890,-501570.91962,124.52600,374104285.46652,8.80000,561980.00000,4.57000,0.00000,0.00000,0.00000
-278688.31643,-501269.14325,123.22700,374104285.51376,8.93000,944378.00000,3.79000,0.00000,0.00000,0.00000
-278776.55868,-500654.31439,121.27000,374104285.56100,8.93000,1655176.00000,2.51000,0.00000,0.00000,0.00000
-279082.17978,-499760.72462,134.02600,374104285.60824,9.06000,2878416.00000,2.25000,0.00000,0.00000,0.00000
-278810.84125,-499607.03578,131.63600,374104285.65548,9.11000,398021.00000,3.24000,0.00000,0.00000,0.00000
-278560.79686,-499426.06050,129.11900,374104285.70272,9.30000,298880.00000,4.12000,0.00000,0.00000,0.00000
-278409.02808,-499119.05968,127.87300,374104285.74996,9.74000,164092.00000,5.74000,0.00000,0.00000,0.00000
-289683.56549,-518383.69959,128.11000,374276936.68889,10.18000,1750424.00000,2.93000,0.00000,0.00000,0.00000
-288979.99988,-518766.41862,134.87100,374276936.73615,9.54000,1561246.00000,3.55000,0.00000,0.00000,0.00000
-288799.44494,-518498.39816,135.88600,374276936.78341,9.15000,1133471.00000,4.84000,0.00000,0.00000,0.00000
-288562.11267,-518301.01544,136.50100,374276936.83067,8.91000,708292.00000,4.62000,0.00000,0.00000,0.00000
-288417.56525,-517988.19134,138.65600,374276936.87793,8.53000,288242.00000,4.36000,0.00000,0.00000,0.00000
-288408.29087,-517507.12346,141.28700,374276936.92519,8.38000,426513.00000,4.19000,0.00000,0.00000,0.00000
-288411.47569,-517010.52976,142.45100,374276936.97245,8.39000,469103.00000,5.25000,0.00000,0.00000,0.00000
-288737.80045,-516111.93460,145.46800,374276937.01971,7.98000,114004.00000,5.40000,0.00000,0.00000,0.00000
-288978.72673,-515319.60649,149.93900,374276937.06697,7.73000,4046797.00000,2.58000,0.00000,0.00000,0.00000
-288726.19472,-515141.18975,148.80900,374276937.11423,7.87000,4892461.00000,2.27000,0.00000,0.00000,0.00000
-286753.59099,-517102.51613,126.01500,374276937.16149,8.08000,873826.00000,2.55000,0.00000,0.00000,0.00000
-288326.85932,-514652.81837,142.47000,374276937.20875,8.33000,858719.00000,2.86000,0.00000,0.00000,0.00000
-285320.97624,-517899.37634,114.62600,374276937.25601,8.52000,2232527.00000,2.56000,0.00000,0.00000,0.00000
-285043.94652,-517751.36709,111.02100,374276937.30327,8.96000,522900.00000,2.54000,0.00000,0.00000,0.00000
-285233.23019,-517023.32055,109.95500,374276937.35053,9.42000,1254907.00000,2.82000,0.00000,0.00000,0.00000
-285066.55959,-516738.05520,108.42200,374276937.39779,9.82000,1297613.00000,3.43000,0.00000,0.00000,0.00000
-285053.63553,-516261.55317,108.36400,374276937.44505,10.06000,1173946.00000,3.62000,0.00000,0.00000,0.00000
-284825.10399,-516053.23988,108.35800,374276937.49231,10.01000,1032437.00000,3.17000,0.00000,0.00000,0.00000
-284392.49977,-516098.75458,108.92200,374276937.53957,9.89000,1669086.00000,3.34000,0.00000,0.00000,0.00000
-284840.81909,-515048.55903,113.04300,374276937.58684,9.48000,429930.00000,2.97000,0.00000,0.00000,0.00000
-284160.74301,-515401.86116,112.38700,374276937.63410,9.27000,355650.00000,3.75000,0.00000,0.00000,0.00000
-283641.34098,-515555.32447,112.39700,374276937.68136,9.09000,228486.00000,3.37000,0.00000,0.00000,0.00000
-282931.23845,-515945.93386,112.63000,374276937.72862,9.07000,428889.00000,3.43000,0.00000,0.00000,0.00000
-282427.05641,-516080.42337,112.50200,374276937.77588,9.21000,399127.00000,3.00000,0.00000,0.00000,0.00000
-284326.11690,-513226.03508,129.16200,374276937.82314,9.59000,239790.00000,3.81000,0.00000,0.00000,0.00000
-283865.37067,-513306.54374,124.99100,374276937.87040,10.44000,211300.00000,6.03000,0.00000,0.00000,0.00000
-283770.29827,-512932.27309,124.07200,374276937.91766,10.71000,268369.00000,6.39000,0.00000,0.00000,0.00000
-283946.25028,-512220.93588,125.34400,374276937.96492,10.91000,1245944.00000,5.26000,0.00000,0.00000,0.00000
-283724.67819,-512004.01199,125.09900,374276938.01218,10.86000,1118763.00000,5.65000,0.00000,0.00000,0.00000
-283327.64827,-512005.27656,124.78700,374276938.05945,10.83000,1040254.00000,6.14000,0.00000,0.00000,0.00000
-282992.03381,-511930.18740,125.36600,374276938.10671,10.55000,1111528.00000,6.44000,0.00000,0.00000,0.00000
-282642.55704,-511872.30075,126.58900,374276938.15397,10.27000,240714.00000,5.86000,0.00000,0.00000,0.00000
-282185.49766,-511948.19647,127.18900,374276938.20123,10.00000,246224.00000,6.45000,0.00000,0.00000,0.00000
-281957.93112,-511738.73414,128.50500,374276938.24849,10.00000,439799.00000,5.58000,0.00000,0.00000,0.00000
-281601.52949,-511689.45059,129.07700,374276938.29575,9.98000,809326.00000,3.88000,0.00000,0.00000,0.00000
-281307.92278,-511562.06643,129.23500,374276938.34301,9.75000,1216000.00000,4.82000,0.00000,0.00000,0.00000
-281078.50444,-511354.87858,129.19400,374276938.39028,9.74000,3908524.00000,4.21000,0.00000,0.00000,0.00000
-280811.68662,-511194.19483,128.32300,374276938.43754,9.66000,1393254.00000,4.97000,0.00000,0.00000,0.00000
-280637.22281,-510918.67850,128.03300,374276938.48480,9.78000,376405.00000,5.24000,0.00000,0.00000,0.00000
-280459.99335,-510646.60665,127.36900,374276938.53206,10.09000,299546.00000,5.54000,0.00000,0.00000,0.00000
-280143.32149,-510547.93651,125.70500,374276938.57932,10.26000,649763.00000,6.18000,0.00000,0.00000,0.00000
-279706.57499,-510598.52172,123.89800,374276938.62658,10.50000,482869.00000,5.35000,0.00000,0.00000,0.00000
-279333.09420,-510570.45414,121.98200,374276938.67385,10.87000,278084.00000,6.62000,0.00000,0.00000,0.00000
-278961.46671,-510540.10154,120.50200,374276938.72111,10.91000,294324.00000,6.07000,0.00000,0.00000,0.00000
-278744.52883,-510317.39142,119.41400,374276938.76837,11.11000,357718.00000,6.16000,0.00000,0.00000,0.00000
-278609.32962,-509993.05688,118.75400,374276938.81563,11.45000,500362.00000,5.42000,0.00000,0.00000,0.00000
-278455.66221,-509691.68927,118.10700,374276938.86289,11.64000,878058.00000,4.81000,0.00000,0.00000,0.00000
-277876.22489,-509919.67385,113.78200,374276938.91016,11.77000,1989004.00000,4.39000,0.00000,0.00000,0.00000
-277643.13190,-509717.05305,111.91700,374276938.95742,11.59000,1023029.00000,4.46000,0.00000,0.00000,0.00000
-277761.01770,-509078.10058,112.27700,374276939.00468,11.48000,1488600.00000,4.37000,0.00000,0.00000,0.00000
-277115.99908,-509387.60911,118.10000,374276939.05194,11.22000,6888257.00000,3.63000,0.00000,0.00000,0.00000
-278755.53904,-498515.81042,128.04800,374330685.05337,10.09000,122613.00000,7.02000,-0.14700,0.00000,1.00000
-278879.07896,-498813.38019,128.82600,374330685.10065,10.24000,152385.00000,7.70000,-0.14700,0.00000,1.00000
-279040.72921,-499106.98030,130.15800,374330685.14793,9.95000,209198.00000,6.08000,-0.14700,0.00000,1.00000
-279223.63572,-499398.38879,132.43000,374330685.19522,9.97000,382123.00000,5.36000,-0.14700,0.00000,1.00000
-279355.95977,-499695.05264,134.41700,374330685.24250,9.65000,606789.00000,3.88000,-0.14700,0.00000,1.00000
-279398.84750,-500001.00364,135.00400,374330685.28979,9.35000,2333267.00000,3.28000,-0.14700,0.00000,1.00000
-279521.63941,-500298.65906,136.98500,374330685.33707,9.17000,5339073.00000,2.50000,-0.14700,0.00000,1.00000
-279203.87741,-500642.06690,129.79800,374330685.38436,9.38000,5921020.00000,2.19000,-0.14700,0.00000,1.00000
-282894.43871,-500879.61297,121.84800,374330685.47892,9.80000,354440.00000,3.98000,-0.14700,0.00000,1.00000
-283059.75435,-501172.89322,123.82600,374330685.52621,10.05000,294717.00000,3.82000,-0.14700,0.00000,1.00000
-283507.29975,-501436.84769,128.43400,374330685.57350,10.00000,703915.00000,4.03000,-0.14700,0.00000,1.00000
-278633.14390,-502253.34176,126.92500,374330685.62078,10.11000,125940.00000,3.81000,-0.14700,0.00000,1.00000
-285255.68501,-501876.19474,150.08800,374330685.66807,10.41000,249305.00000,4.43000,-0.14700,0.00000,1.00000
-282564.88894,-502466.02583,120.01900,374330685.71535,10.58000,865650.00000,4.53000,-0.14700,0.00000,1.00000
-282488.27615,-502784.41393,118.65600,374330685.76263,10.76000,465326.00000,4.81000,-0.14700,0.00000,1.00000
-282408.71742,-503103.09644,117.93300,374330685.80992,10.84000,283106.00000,4.70000,-0.14700,0.00000,1.00000
-282491.91265,-503404.90368,118.51300,374330685.85720,10.87000,312963.00000,5.18000,-0.14700,0.00000,1.00000
-282200.47782,-503745.57921,116.07300,374330685.90449,10.98000,929612.00000,5.28000,-0.14700,0.00000,1.00000
-281660.50540,-504112.04984,113.86300,374330685.95177,10.82000,826422.00000,4.07000,-0.14700,0.00000,1.00000
-281724.61375,-504415.81883,115.74400,374330685.99906,10.85000,2268671.00000,3.36000,0.00000,0.00000,1.00000
-277997.70793,-505112.88797,112.53500,374330686.04634,11.19000,3031921.00000,3.34000,0.00000,0.00000,1.00000
-277797.89014,-505444.01214,114.53700,374330686.09363,11.47000,360526.00000,6.01000,0.00000,0.00000,1.00000
-278833.38783,-505647.02300,116.55800,374330686.14091,11.64000,156273.00000,7.71000,0.00000,0.00000,1.00000
-278882.09811,-505952.38313,118.30900,374330686.18820,11.73000,554103.00000,5.78000,0.00000,0.00000,1.00000
-278520.25224,-506300.30186,118.03800,374330686.23548,11.87000,584718.00000,6.10000,0.00000,0.00000,1.00000
-278060.90101,-506658.33018,117.61800,374330686.28276,11.91000,427507.00000,8.38000,0.00000,0.00000,1.00000
-277792.89370,-506996.52231,117.54100,374330686.33005,11.77000,403748.00000,9.80000,0.00000,0.00000,1.00000
-277484.55932,-507338.88865,117.95300,374330686.37733,12.14000,475570.00000,8.19000,0.00000,0.00000,1.00000
-277796.45395,-507616.95985,115.35200,374330686.42462,12.44000,717418.00000,10.82000,0.00000,0.00000,1.00000
-277263.03869,-507982.65047,115.99100,374330686.47190,12.22000,940917.00000,9.82000,0.00000,0.00000,1.00000
-277244.28492,-508294.99606,116.98100,374330686.51919,12.00000,326925.00000,9.29000,0.00000,0.00000,1.00000
-277983.58499,-508528.76315,116.98200,374330686.56647,12.29000,243682.00000,12.90000,0.00000,0.00000,1.00000
-278875.38556,-508746.74323,118.59100,374330686.61376,12.08000,109766.00000,11.05000,0.00000,0.00000,1.00000
-279289.91091,-509014.19422,120.25300,374330686.66104,11.88000,40926.00000,12.25000,0.00000,0.00000,1.00000
-280083.46462,-509242.36286,123.14200,374330686.70832,11.82000,44626.00000,12.16000,0.00000,0.00000,1.00000
-280591.09358,-509500.17357,125.63800,374330686.75561,11.56000,261647.00000,8.79000,0.00000,0.00000,1.00000
-280695.49067,-509799.77737,127.19800,374330686.80289,10.97000,355805.00000,6.12000,0.00000,0.00000,1.00000
-280546.96128,-510125.60147,127.14800,374330686.85018,10.78000,402624.00000,4.74000,0.00000,0.00000,1.00000
-280364.70228,-510454.90924,126.44900,374330686.89746,10.74000,295868.00000,5.13000,0.00000,0.00000,1.00000
-280229.35751,-510779.34492,126.18100,374330686.94475,10.78000,293987.00000,5.75000,0.00000,0.00000,1.00000
-280149.73206,-511098.01418,126.23200,374330686.99203,10.80000,270217.00000,6.06000,0.00000,0.00000,1.00000
-279961.59345,-511427.91098,125.69500,374330687.03932,10.66000,358023.00000,4.79000,0.00000,0.00000,1.00000
-279834.30634,-511751.50921,125.83400,374330687.08660,10.71000,398077.00000,3.94000,0.00000,0.00000,1.00000
-279783.99733,-512067.13378,125.50200,374330687.13388,10.63000,242610.00000,4.92000,0.00000,0.00000,1.00000
-279731.48385,-512382.98220,125.53800,374330687.18117,10.70000,399413.00000,4.66000,0.00000,0.00000,1.00000
-279607.85865,-512706.20052,124.34700,374330687.22845,10.68000,442774.00000,4.71000,0.00000,0.00000,1.00000
-279425.57400,-513035.48439,122.21100,374330687.27574,10.83000,225286.00000,5.83000,0.00000,0.00000,1.00000
-279403.11336,-513348.21552,121.22700,374330687.32302,11.03000,115132.00000,7.64000,0.00000,0.00000,1.00000
-279198.09322,-513679.85339,120.75500,374330687.37030,10.89000,298674.00000,6.32000,0.00000,0.00000,1.00000
-281043.84016,-514730.48109,114.13500,374330687.55944,10.98000,1582343.00000,4.36000,0.00000,0.00000,1.00000
-280200.19412,-515128.20575,111.16900,374330687.60672,11.02000,1028442.00000,4.90000,0.00000,0.00000,1.00000
-311285.22071,-488181.57289,152.00200,375914178.23789,10.37000,518549.00000,4.38000,0.00000,0.00000,0.00000
-311080.46535,-487936.94843,152.35800,375914178.28497,10.51000,1642371.00000,4.28000,0.00000,0.00000,0.00000
-310807.94173,-487790.14948,151.77700,375914178.33205,10.66000,4939629.00000,4.46000,0.00000,0.00000,0.00000
-310649.63008,-487478.50476,144.27000,375914178.37913,10.80000,3402062.00000,4.56000,0.00000,0.00000,0.00000
-310451.15374,-487224.80793,148.35900,375914178.42621,11.39000,304840.00000,7.35000,0.00000,0.00000,0.00000
-309262.50720,-487319.99332,148.53300,375914178.56744,11.26000,183025.00000,8.32000,0.00000,0.00000,0.00000
-308498.38980,-487882.67004,151.08900,375914178.61452,11.10000,346096.00000,7.42000,0.00000,0.00000,0.00000
-308635.88971,-487144.11094,148.96800,375914178.66160,10.76000,560498.00000,6.38000,0.00000,0.00000,0.00000
-308899.33222,-486223.80429,146.01200,375914178.70868,10.52000,1533198.00000,6.18000,0.00000,0.00000,0.00000
-308880.78227,-485710.46938,146.40000,375914178.75576,10.52000,1138257.00000,6.38000,0.00000,0.00000,0.00000
-308657.23677,-485493.01687,146.93900,375914178.80284,10.90000,1801902.00000,6.81000,0.00000,0.00000,0.00000
-307264.69905,-486962.56493,158.69900,375914178.84992,10.30000,6146636.00000,4.46000,0.00000,0.00000,0.00000
-307411.01074,-486211.34226,159.12300,375914178.89700,9.86000,880621.00000,3.91000,0.00000,0.00000,0.00000
-307395.82565,-485693.18440,160.98400,375914178.94407,9.67000,414939.00000,3.43000,0.00000,0.00000,0.00000
-307314.95276,-485269.82174,162.15900,375914178.99115,9.39000,410843.00000,3.31000,0.00000,0.00000,0.00000
-307272.99093,-484790.31104,164.09400,375914179.03823,9.19000,815264.00000,3.00000,0.00000,0.00000,0.00000
-307084.18149,-484522.73823,165.44000,375914179.08531,9.10000,694137.00000,2.95000,0.00000,0.00000,0.00000
-306939.71969,-484191.15771,165.55700,375914179.13239,9.06000,386183.00000,3.15000,0.00000,0.00000,0.00000
-306792.75288,-483863.19703,164.38800,375914179.17947,9.16000,398688.00000,3.30000,0.00000,0.00000,0.00000
-306708.56417,-483444.69174,162.13100,375914179.22654,9.34000,437391.00000,3.97000,0.00000,0.00000,0.00000
-306818.51281,-482746.02687,161.65500,375914179.27362,9.60000,1918413.00000,3.90000,0.00000,0.00000,0.00000
-305211.18403,-483985.29921,150.42600,375914179.36778,9.80000,1199407.00000,5.58000,0.00000,0.00000,0.00000
-304960.46363,-483807.06728,151.90300,375914179.41486,9.92000,674145.00000,7.04000,0.00000,0.00000,0.00000
-304621.45231,-483756.21744,153.17200,375914179.46193,9.84000,1622978.00000,6.57000,0.00000,0.00000,0.00000
-305176.58420,-481875.32279,160.10900,375914179.55609,9.70000,389199.00000,8.20000,0.00000,0.00000,0.00000
-304735.90215,-481971.18102,161.35500,375914179.60317,9.36000,288674.00000,6.73000,0.00000,0.00000,0.00000
-304332.87981,-482012.70027,163.61100,375914179.65025,9.07000,289606.00000,5.39000,0.00000,0.00000,0.00000
-304042.00243,-481892.41903,164.97200,375914179.69732,8.80000,421418.00000,4.58000,0.00000,0.00000,0.00000
-303751.12993,-481772.14388,165.94300,375914179.74440,8.93000,347138.00000,4.37000,0.00000,0.00000,0.00000
-303550.64329,-481521.46018,165.74300,375914179.79148,8.87000,241809.00000,5.26000,0.00000,0.00000,0.00000
-303356.85037,-481261.11172,166.63700,375914179.83856,8.68000,550525.00000,4.57000,0.00000,0.00000,0.00000
-303027.90263,-481195.76066,165.71500,375914179.88564,8.83000,434885.00000,4.19000,0.00000,0.00000,0.00000
-302873.45085,-480878.66533,164.84700,375914179.93271,9.21000,206153.00000,5.97000,0.00000,0.00000,0.00000
-310749.10065,-487248.62948,139.29100,375967925.39061,10.09000,959418.00000,4.49000,0.00000,0.00000,1.00000
-311400.24324,-493681.43998,146.12600,375967926.37716,9.13000,442655.00000,3.12000,0.00000,0.00000,1.00000
-311177.68947,-494032.51609,145.54900,375967926.42414,9.18000,416569.00000,3.38000,0.00000,0.00000,1.00000
