-311889.19721,-490926.56757,152.70500,547323370.63004,10.16000,160279.00000,8.27000,0.00000,0.00000,0.00000
-311586.85106,-490822.10274,152.33600,547323370.67707,10.31000,166397.00000,9.65000,0.00000,0.00000,0.00000
-311424.05104,-490519.67226,152.95100,547323370.72409,10.20000,239602.00000,10.96000,0.00000,0.00000,0.00000
-311222.34796,-490272.42807,153.98900,547323370.77111,9.97000,86879.00000,8.59000,0.00000,0.00000,0.00000
-310944.95162,-490132.55620,154.79200,547323370.81814,10.01000,100432.00000,9.87000,0.00000,0.00000,0.00000
-310764.39641,-489855.31448,154.97900,547323370.86516,9.97000,131062.00000,8.16000,0.00000,0.00000,0.00000
-310468.82854,-489741.24671,154.42800,547323370.91219,9.78000,244591.00000,6.93000,0.00000,0.00000,0.00000
-310308.15756,-489435.81316,153.00700,547323370.95921,9.63000,248458.00000,7.21000,0.00000,0.00000,0.00000
-310297.18932,-488918.02714,153.25300,547323371.00623,9.68000,313379.00000,5.68000,0.00000,0.00000,0.00000
-309991.89364,-488817.74026,152.71300,547323371.05326,9.86000,364086.00000,6.67000,0.00000,0.00000,0.00000
-309508.99009,-488969.40009,151.43200,547323371.10028,10.06000,212286.00000,8.01000,0.00000,0.00000,0.00000
-308762.60993,-489494.75472,151.63900,547323371.14731,10.13000,158807.00000,9.52000,0.00000,0.00000,0.00000
-308233.59710,-489711.77575,153.51300,547323371.19433,9.92000,295604.00000,7.03000,0.00000,0.00000,0.00000
-307949.87382,-489580.88680,156.24500,547323371.24135,9.64000,449799.00000,4.59000,0.00000,0.00000,0.00000
-310025.15012,-486104.06275,146.03200,547323371.28838,9.35000,1260279.00000,3.88000,0.00000,0.00000,0.00000
-306738.49506,-488632.47299,166.30400,547323371.47647,8.85000,869964.00000,2.66000,0.00000,0.00000,0.00000
-306599.83751,-488295.83329,164.59700,547323371.52350,8.78000,1408275.00000,2.83000,0.00000,0.00000,0.00000
-306560.57496,-487818.24575,163.03100,547323371.57052,8.68000,831517.00000,3.67000,0.00000,0.00000,0.00000
-306638.46974,-487174.51168,162.57600,547323371.61755,8.68000,201754.00000,4.57000,0.00000,0.00000,0.00000
-306657.16686,-486614.76191,162.68100,547323371.66457,8.66000,265498.00000,4.46000,0.00000,0.00000,0.00000
-306729.99510,-485978.23120,163.40000,547323371.71159,8.73000,988120.00000,4.08000,0.00000,0.00000,0.00000
-304659.74232,-488380.86583,148.03300,547323371.75862,8.72000,387049.00000,5.56000,0.00000,0.00000,0.00000
-304299.88707,-488357.90662,147.31000,547323371.80564,8.98000,883297.00000,7.42000,0.00000,0.00000,0.00000
-304450.99133,-487610.40324,145.77600,547323371.85266,8.99000,367000.00000,5.61000,0.00000,0.00000,0.00000
-304571.64404,-486906.08470,145.49700,547323371.89969,8.82000,641886.00000,4.62000,0.00000,0.00000,0.00000
-306045.78203,-484282.49320,158.11900,547323371.94671,9.10000,3474004.00000,3.54000,0.00000,0.00000,0.00000
-305561.61375,-484435.87020,154.86800,547323371.99374,9.48000,161763.00000,7.80000,0.00000,0.00000,0.00000
-304351.62727,-485618.46306,152.80200,547323372.04076,9.71000,397563.00000,8.26000,0.00000,0.00000,0.00000
-304248.54560,-485231.44196,150.98500,547323372.08779,9.55000,1036175.00000,7.20000,0.00000,0.00000,0.00000
-304362.03070,-484537.34138,152.02200,547323372.13481,9.29000,910965.00000,6.54000,0.00000,0.00000,0.00000
-303207.42580,-485641.32924,160.63400,547323372.18183,8.95000,4333296.00000,4.39000,0.00000,0.00000,0.00000
-302981.25432,-485428.82423,160.77200,547323372.22886,8.76000,947794.00000,4.27000,0.00000,0.00000,0.00000
-302869.30190,-485054.40538,160.59400,547323372.27588,8.80000,276487.00000,5.77000,0.00000,0.00000,0.00000
-302883.40459,-484501.26190,160.49700,547323372.32290,8.78000,126636.00000,7.17000,0.00000,0.00000,0.00000
-302905.96631,-483936.12151,162.39000,547323372.36993,8.51000,219901.00000,6.39000,0.00000,0.00000,0.00000
-302706.46851,-483685.85618,164.00200,547323372.41695,8.41000,112543.00000,6.53000,0.00000,0.00000,0.00000
-302449.43703,-483517.13535,164.79700,547323372.46398,8.56000,99152.00000,6.53000,0.00000,0.00000,0.00000
-302134.03475,-483431.17890,164.50000,547323372.51100,8.57000,114371.00000,6.69000,0.00000,0.00000,0.00000
-302019.56662,-483060.35997,164.41900,547323372.55803,8.56000,70987.00000,7.69000,0.00000,0.00000,0.00000
-301766.77124,-482885.64082,165.38200,547323372.60505,8.57000,252372.00000,6.21000,0.00000,0.00000,0.00000
-301288.09608,-483031.17090,163.46800,547323372.65207,8.67000,126747.00000,7.55000,0.00000,0.00000,0.00000
-301108.90963,-482752.09706,163.36000,547323372.69910,8.87000,173036.00000,6.89000,0.00000,0.00000,0.00000
-300770.67406,-482698.52048,163.94000,547323372.74612,8.99000,235059.00000,6.77000,0.00000,0.00000,0.00000
-300487.84973,-482566.37105,164.50300,547323372.79314,8.94000,170097.00000,5.96000,0.00000,0.00000,0.00000
-300235.91804,-482390.45748,165.06500,547323372.84017,8.74000,155660.00000,5.07000,0.00000,0.00000,0.00000
-300080.42870,-482077.79396,165.83400,547323372.88719,8.61000,188468.00000,6.12000,0.00000,0.00000,0.00000
-299830.18942,-481899.47338,167.06200,547323372.93422,8.54000,195765.00000,6.14000,0.00000,0.00000,0.00000
-299521.14246,-481804.49497,167.77800,547323372.98124,8.52000,286412.00000,4.41000,0.00000,0.00000,0.00000
-299173.60856,-481764.09715,167.32200,547323373.02826,8.47000,440581.00000,4.40000,0.00000,0.00000,0.00000
-298843.83534,-481698.49726,166.23800,547323373.07529,8.57000,631832.00000,4.86000,0.00000,0.00000,0.00000
-298651.56268,-481438.01456,165.26700,547323373.12231,8.87000,643934.00000,5.25000,0.00000,0.00000,0.00000
-298467.32466,-481166.12919,164.80900,547323373.16934,8.89000,427008.00000,5.90000,0.00000,0.00000,0.00000
-298288.16303,-480887.04728,164.37700,547323373.21636,8.84000,805040.00000,5.05000,0.00000,0.00000,0.00000
-306640.50718,-482292.92876,160.04500,547377116.64294,9.41000,2768227.00000,4.58000,0.00000,0.00000,1.00000
-306369.98924,-482650.43050,158.44400,547377116.69002,9.49000,1892239.00000,5.63000,0.00000,0.00000,1.00000
-306226.22854,-482986.57777,156.73600,547377116.73710,9.49000,2055178.00000,3.88000,0.00000,0.00000,1.00000
-305684.78721,-483389.70143,154.84900,547377116.78418,9.60000,1001370.00000,4.83000,0.00000,0.00000,1.00000
-305562.74530,-483722.17258,153.78800,547377116.83125,9.72000,821773.00000,4.11000,0.00000,0.00000,1.00000
-305642.80006,-484020.61422,152.61000,547377116.87833,9.72000,2913783.00000,3.71000,0.00000,0.00000,1.00000
-305396.16021,-484374.06562,152.39800,547377116.92541,9.75000,3366846.00000,4.55000,0.00000,0.00000,1.00000
-305647.89125,-484643.60330,152.18800,547377116.97249,9.76000,3129205.00000,3.90000,0.00000,0.00000,1.00000
-305717.80007,-484943.75638,152.01400,547377117.01957,9.84000,4660633.00000,4.08000,0.00000,0.00000,1.00000
-305823.92334,-485237.80898,151.83600,547377117.06665,9.81000,4972464.00000,4.17000,0.00000,0.00000,1.00000
-309671.21223,-485837.80826,145.55200,547377117.25497,9.34000,3569876.00000,3.79000,0.00000,0.00000,1.00000
-307507.76693,-486513.97547,141.84200,547377117.30205,9.47000,697075.00000,3.89000,0.00000,0.00000,1.00000
-308404.94025,-486674.88437,143.08100,547377117.34913,9.48000,1062113.00000,3.70000,0.00000,0.00000,1.00000
-308559.59296,-486960.79752,144.42000,547377117.39621,9.36000,725098.00000,3.64000,0.00000,0.00000,1.00000
-308776.54217,-487236.22404,145.98200,547377117.44329,9.39000,821333.00000,3.20000,0.00000,0.00000,1.00000
-308897.14716,-487527.87259,146.13300,547377117.49037,9.48000,1693480.00000,3.79000,0.00000,0.00000,1.00000
-309176.39551,-487792.82253,147.64000,547377117.53745,9.32000,1351215.00000,4.49000,0.00000,0.00000,1.00000
-309010.12683,-488132.75982,148.06900,547377117.58453,9.29000,914997.00000,4.14000,0.00000,0.00000,1.00000
-308702.58919,-488496.46460,148.75400,547377117.63161,9.28000,438174.00000,4.12000,0.00000,0.00000,1.00000
-308923.14942,-488771.28749,149.65400,547377117.67869,9.17000,821630.00000,4.09000,0.00000,0.00000,1.00000
-308747.45917,-489112.81178,149.99100,547377117.72577,9.25000,1137028.00000,4.84000,0.00000,0.00000,1.00000
-308810.81975,-489414.09518,150.19500,547377117.77285,9.40000,1643524.00000,3.56000,0.00000,0.00000,1.00000
-309140.76735,-489670.52042,149.96800,547377117.81993,9.40000,1429836.00000,5.15000,0.00000,0.00000,1.00000
-308952.75085,-490014.10902,149.71800,547377117.86701,9.40000,2629259.00000,5.57000,0.00000,0.00000,1.00000
-308469.88496,-490407.29844,149.86700,547377117.91409,9.52000,1190644.00000,6.53000,0.00000,0.00000,1.00000
-308107.99344,-490780.12168,150.06700,547377117.96117,9.51000,2726282.00000,5.63000,0.00000,0.00000,1.00000
-307890.25931,-491128.68876,150.13200,547377118.00825,9.72000,1801704.00000,6.85000,0.00000,0.00000,1.00000
-307636.30519,-491483.35042,151.02800,547377118.05533,9.94000,335473.00000,8.04000,0.00000,0.00000,1.00000
-308032.88376,-491728.57597,151.18000,547377118.10241,10.04000,370764.00000,7.86000,0.00000,0.00000,1.00000
-308714.89599,-491925.80188,151.64600,547377118.14949,9.91000,166007.00000,8.01000,0.00000,0.00000,1.00000
-308995.56641,-492190.53399,151.99300,547377118.19657,9.82000,304030.00000,6.84000,0.00000,0.00000,1.00000
-309258.12890,-492458.32734,152.70100,547377118.24365,9.74000,390198.00000,7.22000,0.00000,0.00000,1.00000
-309218.59726,-492776.93021,152.99200,547377118.29073,9.84000,610443.00000,6.09000,0.00000,0.00000,1.00000
-309117.47971,-493105.87919,153.00400,547377118.33781,9.87000,689906.00000,6.35000,0.00000,0.00000,1.00000
-308832.35256,-493465.77625,152.50300,547377118.38489,10.07000,359438.00000,6.07000,0.00000,0.00000,1.00000
-308597.20603,-493817.26316,152.70100,547377118.43197,10.03000,358688.00000,5.13000,0.00000,0.00000,1.00000
-308429.43428,-494157.42293,153.39700,547377118.47905,9.89000,218019.00000,5.93000,0.00000,0.00000,1.00000
-308226.87863,-494503.41507,154.64400,547377118.52613,9.74000,1269635.00000,3.87000,0.00000,0.00000,1.00000
-309792.01802,-494552.19700,144.69400,547377118.57321,9.78000,1941924.00000,3.14000,0.00000,0.00000,1.00000
-311894.33216,-494822.65353,146.18600,547377118.66737,9.87000,2821498.00000,4.10000,0.00000,0.00000,1.00000
-311428.77326,-495212.89749,147.07400,547377118.71445,9.74000,2402826.00000,4.85000,0.00000,0.00000,1.00000
-311190.70968,-495564.88634,146.39100,547377118.76153,9.64000,1530498.00000,5.23000,0.00000,0.00000,1.00000
-311005.53342,-495907.97880,144.80000,547377118.80861,9.64000,744598.00000,6.45000,0.00000,0.00000,1.00000
-310917.42935,-496234.75443,145.14600,547377118.85569,9.52000,752397.00000,5.43000,0.00000,0.00000,1.00000
-310998.85448,-496533.02924,145.27700,547377118.90277,9.56000,1802050.00000,4.53000,0.00000,0.00000,1.00000
-311224.44432,-496807.07475,147.67200,547377118.94985,9.42000,569420.00000,4.95000,0.00000,0.00000,1.00000
-309454.05661,-497416.57636,150.98500,547377118.99693,9.33000,5514075.00000,4.43000,0.00000,0.00000,1.00000
-311253.33643,-498362.02905,146.90600,547377119.18525,9.31000,1805706.00000,8.04000,0.00000,0.00000,1.00000
-310528.37706,-498795.80775,144.18100,547377119.23233,9.09000,1745867.00000,6.98000,0.00000,0.00000,1.00000
-310895.96153,-499046.00229,144.65100,547377119.27941,8.85000,787698.00000,7.09000,0.00000,0.00000,1.00000
-311293.25284,-499291.21429,145.45900,547377119.32649,8.90000,1386362.00000,6.87000,0.00000,0.00000,1.00000
-311708.15723,-497151.23009,151.87100,547496022.86729,8.45000,284006.00000,8.90000,0.00000,0.00000,0.00000
-310924.58039,-497705.40867,147.10100,547496022.91435,8.55000,257897.00000,7.37000,0.00000,0.00000,0.00000
-309967.25886,-498498.26483,142.99000,547496022.96140,8.65000,263433.00000,5.79000,0.00000,0.00000,0.00000
-309577.31939,-498511.47841,139.18800,547496023.00846,9.15000,1735560.00000,4.12000,0.00000,0.00000,0.00000
-309577.61210,-497988.51326,137.94100,547496023.05552,9.24000,2487489.00000,3.95000,0.00000,0.00000,0.00000
-306832.76909,-501237.23635,126.76000,547496023.10258,9.13000,603421.00000,3.37000,0.00000,0.00000,0.00000
-306582.82462,-501058.03892,126.69100,547496023.14963,9.11000,511063.00000,3.63000,0.00000,0.00000,0.00000
-306212.73456,-501043.91184,127.25800,547496023.19669,9.12000,887655.00000,3.29000,0.00000,0.00000,0.00000
-305903.15098,-500946.65061,127.75900,547496023.24375,9.03000,1344588.00000,2.12000,0.00000,0.00000,0.00000
-307942.08822,-497622.89511,150.78400,547496023.29081,8.94000,1563866.00000,2.85000,0.00000,0.00000,0.00000
-307955.35639,-497082.12310,152.56500,547496023.33787,8.77000,1276756.00000,2.61000,0.00000,0.00000,0.00000
-307884.79216,-496656.54998,155.68100,547496023.38493,8.60000,1005340.00000,2.40000,0.00000,0.00000,0.00000
-307688.47211,-496403.75755,158.67500,547496023.43198,8.39000,1739189.00000,2.24000,0.00000,0.00000,0.00000
-307524.56543,-496106.43189,160.83600,547496023.47904,8.33000,1535496.00000,1.89000,0.00000,0.00000,0.00000
-307269.48002,-495934.37621,159.60300,547496023.52610,8.33000,1552104.00000,1.76000,0.00000,0.00000,0.00000
-307132.81124,-495599.63185,156.99500,547496023.57316,8.39000,1393487.00000,1.61000,0.00000,0.00000,0.00000
-306937.37572,-495345.63597,153.52200,547496023.62022,8.52000,1515926.00000,1.83000,0.00000,0.00000,0.00000
-306753.60375,-495075.59995,151.31600,547496023.66727,8.76000,890670.00000,2.19000,0.00000,0.00000,0.00000
-306536.99372,-494850.69186,148.62900,547496023.71433,8.80000,1443052.00000,2.44000,0.00000,0.00000,0.00000
-306303.52934,-494648.94299,147.15500,547496023.76139,8.74000,712944.00000,3.48000,0.00000,0.00000,0.00000
-306107.23967,-494396.14468,147.39600,547496023.80845,8.56000,1443304.00000,3.57000,0.00000,0.00000,0.00000
-305929.52261,-494117.79858,148.19700,547496023.85550,8.46000,1269074.00000,3.72000,0.00000,0.00000,0.00000
-305717.67608,-493886.37203,148.70700,547496023.90256,8.50000,1375879.00000,3.67000,0.00000,0.00000,0.00000
-305421.12023,-493771.30239,147.74300,547496023.94962,8.54000,413100.00000,4.08000,0.00000,0.00000,0.00000
-305138.38735,-493637.22111,147.28700,547496023.99668,8.67000,435640.00000,4.67000,0.00000,0.00000,0.00000
-304848.31666,-493513.24562,146.93800,547496024.04374,8.81000,590365.00000,3.78000,0.00000,0.00000,0.00000
-304543.11283,-493410.03465,146.22300,547496024.09079,8.70000,1632914.00000,4.02000,0.00000,0.00000,0.00000
-304307.93591,-493210.65652,145.54500,547496024.13785,8.65000,6436449.00000,3.56000,0.00000,0.00000,0.00000
-304137.58567,-492922.20933,144.87700,547496024.18491,8.56000,9932327.00000,3.38000,0.00000,0.00000,0.00000
-304172.57589,-492351.75816,138.01100,547496024.23197,8.47000,1610432.00000,2.92000,0.00000,0.00000,0.00000
-304210.57623,-491777.16489,138.85700,547496024.27903,8.66000,2884009.00000,2.66000,0.00000,0.00000,0.00000
-301527.95277,-494939.12887,113.10300,547496024.32609,9.20000,1105914.00000,2.28000,0.00000,0.00000,0.00000
-301414.23632,-494572.89785,112.32100,547496024.37315,9.58000,972566.00000,3.14000,0.00000,0.00000,0.00000
-301370.55332,-494110.48611,112.63000,547496024.42021,9.82000,485198.00000,4.39000,0.00000,0.00000,0.00000
-301429.75952,-493506.78923,114.26200,547496024.46727,10.10000,555932.00000,4.78000,0.00000,0.00000,0.00000
-301226.13428,-493264.03506,115.56300,547496024.51433,10.38000,319681.00000,7.67000,0.00000,0.00000,0.00000
-300899.31711,-493190.48581,118.04400,547496024.56139,10.27000,1052613.00000,5.94000,0.00000,0.00000,0.00000
-300719.04400,-492915.68112,122.02800,547496024.60844,10.32000,1488069.00000,5.03000,0.00000,0.00000,0.00000
-300802.03472,-492279.34152,124.69000,547496024.65550,10.42000,772111.00000,5.71000,0.00000,0.00000,0.00000
-300351.15863,-492376.16228,123.68100,547496024.70256,10.37000,948946.00000,6.32000,0.00000,0.00000,0.00000
-300320.03126,-491896.54374,124.52200,547496024.74962,10.51000,291815.00000,8.83000,0.00000,0.00000,0.00000
-300341.23110,-491345.12303,126.90000,547496024.79668,10.17000,1493112.00000,4.78000,0.00000,0.00000,0.00000
-301113.73108,-489761.99702,139.86400,547496024.84374,10.08000,3067281.00000,3.58000,0.00000,0.00000,0.00000
-300479.58205,-490110.50212,137.65200,547496024.89080,10.20000,297806.00000,4.27000,0.00000,0.00000,0.00000
-300094.42259,-490117.07348,137.89000,547496024.93786,10.14000,895145.00000,3.94000,0.00000,0.00000,0.00000
-299766.32472,-490045.29545,139.74500,547496024.98492,10.15000,3792854.00000,3.38000,0.00000,0.00000,0.00000
-299459.40673,-489944.41436,140.56400,547496025.03198,10.33000,4252987.00000,3.60000,0.00000,0.00000,0.00000
-299178.43122,-489807.91507,140.72200,547496025.07904,10.44000,5519319.00000,3.59000,0.00000,0.00000,0.00000
-298944.58348,-489606.71753,140.49100,547496025.12610,10.47000,3658775.00000,4.35000,0.00000,0.00000,0.00000
-298741.43064,-489363.37240,140.52200,547496025.17316,10.76000,1823723.00000,4.90000,0.00000,0.00000,0.00000
-298449.22087,-489242.29390,140.06300,547496025.22022,10.78000,2049652.00000,5.49000,0.00000,0.00000,0.00000
-298106.00672,-489191.27196,139.42900,547496025.26727,10.65000,1089620.00000,7.70000,0.00000,0.00000,0.00000
-297937.88164,-488899.84044,139.08600,547496025.31433,10.72000,127333.00000,8.22000,0.00000,0.00000,0.00000
-298126.86383,-488118.12505,141.44700,547496025.36139,10.80000,298559.00000,8.41000,0.00000,0.00000,0.00000
-296482.31240,-489853.72209,133.71000,547496025.40845,10.78000,801365.00000,11.14000,0.00000,0.00000,0.00000
-297673.46748,-487696.14654,145.31100,547496025.45551,10.08000,3824614.00000,6.15000,0.00000,0.00000,0.00000
-297489.36058,-487426.68613,146.37800,547496025.50257,9.73000,1603848.00000,5.86000,0.00000,0.00000,0.00000
-296996.12581,-487581.61178,147.09600,547496025.54963,9.47000,2792149.00000,5.36000,0.00000,0.00000,0.00000
-296501.59805,-487738.31081,146.70300,547496025.59669,9.41000,1590793.00000,5.49000,0.00000,0.00000,0.00000
-295925.35464,-488007.18587,146.04900,547496025.64375,9.48000,137948.00000,5.86000,0.00000,0.00000,0.00000
-295471.88633,-488107.47059,145.47100,547496025.69081,9.65000,83349.00000,6.75000,0.00000,0.00000,0.00000
-295067.71300,-488140.10277,144.56700,547496025.73786,9.65000,108887.00000,5.96000,0.00000,0.00000,0.00000
-294821.78279,-487955.49306,144.17200,547496025.78492,9.93000,249499.00000,5.24000,0.00000,0.00000,0.00000
-294678.76886,-487629.64449,144.36500,547496025.83198,10.11000,196151.00000,5.54000,0.00000,0.00000,0.00000
-294989.73960,-486680.58346,146.12500,547496025.87904,10.00000,860107.00000,6.47000,0.00000,0.00000,0.00000
-294994.60122,-486151.75080,147.47100,547496025.92610,10.13000,4264443.00000,3.30000,0.00000,0.00000,0.00000
-292978.06198,-488397.55515,135.37000,547496025.97316,10.14000,1112062.00000,3.48000,0.00000,0.00000,0.00000
-292223.62330,-488910.90023,134.67200,547496026.02022,10.36000,270958.00000,6.13000,0.00000,0.00000,0.00000
-291701.80764,-489104.92085,134.70100,547496026.06728,10.11000,251686.00000,7.04000,0.00000,0.00000,0.00000
-291005.30173,-489538.71887,137.45900,547496026.11434,9.78000,285190.00000,5.41000,0.00000,0.00000,0.00000
-292292.73667,-487249.55272,142.57600,547496026.16140,9.62000,2299415.00000,6.51000,0.00000,0.00000,0.00000
-292671.21729,-486207.93585,143.64700,547496026.20845,9.70000,207420.00000,7.39000,0.00000,0.00000,0.00000
-290928.71243,-488077.34510,144.80300,547496026.25551,9.82000,475814.00000,7.05000,0.00000,0.00000,0.00000
-290351.54953,-488347.30022,146.48300,547496026.30257,10.04000,1634930.00000,5.67000,0.00000,0.00000,0.00000
-291575.87922,-486144.86634,135.79600,547496026.34963,9.75000,2872355.00000,4.44000,0.00000,0.00000,0.00000
-291174.72837,-486173.29059,134.41200,547496026.39669,9.70000,5428189.00000,4.44000,0.00000,0.00000,0.00000
-291484.93160,-485225.45814,132.77000,547496026.44375,9.82000,849781.00000,6.28000,0.00000,0.00000,0.00000
-291069.51819,-485273.47045,130.94500,547496026.49081,9.73000,1202562.00000,5.98000,0.00000,0.00000,0.00000
-298400.98191,-480783.29915,164.32300,547549768.98660,9.74000,172183.00000,8.45000,0.00000,0.00000,1.00000
-298812.13756,-481031.72582,165.17100,547549769.03370,9.73000,171742.00000,7.65000,0.00000,0.00000,1.00000
-299022.07845,-481310.90873,166.17300,547549769.08081,9.66000,329934.00000,6.60000,0.00000,0.00000,1.00000
-299158.66174,-481601.32855,167.01000,547549769.12791,9.62000,465247.00000,6.05000,0.00000,0.00000,1.00000
-299120.18068,-481918.50430,167.42900,547549769.17501,9.65000,956908.00000,5.35000,0.00000,0.00000,1.00000
-298995.26515,-482248.90769,167.64800,547549769.22212,9.57000,2512766.00000,3.23000,0.00000,0.00000,1.00000
-298820.22832,-482586.97070,166.88400,547549769.26922,9.60000,3518548.00000,3.23000,0.00000,0.00000,1.00000
-298662.62149,-482922.36680,165.53400,547549769.31633,9.42000,2982021.00000,3.51000,0.00000,0.00000,1.00000
-298674.25119,-483231.87894,164.14800,547549769.36343,9.58000,1764635.00000,3.93000,0.00000,0.00000,1.00000
-298943.02309,-483502.09360,163.10100,547549769.41053,9.79000,435175.00000,6.39000,0.00000,0.00000,1.00000
-299083.95481,-483791.86138,162.32100,547549769.45764,9.78000,655225.00000,5.20000,0.00000,0.00000,1.00000
-299229.24096,-484080.95845,161.56500,547549769.50474,9.73000,571024.00000,5.31000,0.00000,0.00000,1.00000
-299251.03465,-484388.92746,160.96200,547549769.55185,9.62000,507409.00000,5.43000,0.00000,0.00000,1.00000
-299373.06914,-484681.57819,160.09800,547549769.59895,9.75000,413540.00000,6.59000,0.00000,0.00000,1.00000
-299417.37831,-484986.10867,159.32200,547549769.64605,9.62000,985333.00000,5.38000,0.00000,0.00000,1.00000
-299379.60140,-485303.18412,158.00600,547549769.69316,9.62000,1190826.00000,5.57000,0.00000,0.00000,1.00000
-299421.00189,-485608.16224,156.36600,547549769.74026,9.60000,212426.00000,5.82000,0.00000,0.00000,1.00000
-299378.13636,-485926.01660,154.96500,547549769.78737,9.64000,152413.00000,6.38000,0.00000,0.00000,1.00000
-299430.42838,-486229.33177,152.51600,547549769.83447,9.94000,156498.00000,8.32000,0.00000,0.00000,1.00000
-299859.00179,-486475.15389,151.33300,547549769.88157,10.57000,204250.00000,13.91000,0.00000,0.00000,1.00000
-300230.92268,-486729.65188,150.85900,547549769.92868,10.00000,104501.00000,9.02000,0.00000,0.00000,1.00000
-300524.38272,-486996.12160,149.49500,547549769.97578,10.47000,523872.00000,13.22000,0.00000,0.00000,1.00000
-300644.95159,-487289.01505,148.98200,547549770.02289,10.11000,141510.00000,8.48000,0.00000,0.00000,1.00000
-300562.12350,-487612.99150,147.29000,547549770.06999,10.03000,193077.00000,7.55000,0.00000,0.00000,1.00000
-300304.93941,-487963.59009,145.92700,547549770.11710,10.09000,309498.00000,7.72000,0.00000,0.00000,1.00000
-299912.63571,-488334.82632,143.92400,547549770.16420,10.04000,181485.00000,6.60000,0.00000,0.00000,1.00000
-299726.63333,-488674.54244,142.71400,547549770.21131,10.06000,375755.00000,5.66000,0.00000,0.00000,1.00000
-299717.16206,-488987.31170,142.03300,547549770.25841,10.14000,767113.00000,6.46000,0.00000,0.00000,1.00000
-299783.96029,-489288.42262,140.71400,547549770.30552,10.35000,1091509.00000,7.53000,0.00000,0.00000,1.00000
-299855.11151,-489588.86485,140.38600,547549770.35262,10.38000,403487.00000,6.56000,0.00000,0.00000,1.00000
-300208.86032,-489846.17177,140.35200,547549770.39973,10.38000,241428.00000,6.49000,0.00000,0.00000,1.00000
-301639.94292,-489938.97458,143.94100,547549770.44683,10.25000,1054224.00000,5.69000,0.00000,0.00000,1.00000
-300958.48084,-490354.33767,138.88300,547549770.49394,10.09000,2156033.00000,5.48000,0.00000,0.00000,1.00000
-301249.03147,-490621.30923,138.18700,547549770.54104,10.20000,498218.00000,4.46000,0.00000,0.00000,1.00000
-300578.45233,-491035.00324,134.23300,547549770.58815,10.44000,391548.00000,4.52000,0.00000,0.00000,1.00000
-299864.99863,-491455.22987,131.26200,547549770.63525,10.62000,775847.00000,4.38000,0.00000,0.00000,1.00000
-299196.58182,-491868.57569,129.27200,547549770.68236,10.63000,2706966.00000,5.39000,0.00000,0.00000,1.00000
-298791.86218,-492241.64593,127.89700,547549770.72946,10.63000,1398093.00000,6.59000,0.00000,0.00000,1.00000
-299240.03618,-492484.54382,126.11700,547549770.77657,11.01000,921841.00000,8.10000,0.00000,0.00000,1.00000
-299425.95317,-492767.48173,124.37500,547549770.82367,11.28000,275811.00000,9.52000,0.00000,0.00000,1.00000
-302219.26867,-492652.49547,129.00200,547549770.87078,11.10000,746605.00000,8.00000,0.00000,0.00000,1.00000
-303154.20600,-492821.14089,133.37500,547549770.91788,11.09000,502229.00000,6.89000,0.00000,0.00000,1.00000
-300759.60348,-493497.92558,123.45600,547549770.96499,10.90000,832185.00000,4.82000,0.00000,0.00000,1.00000
-298131.75449,-494210.20895,121.70600,547549771.01209,10.97000,1816428.00000,5.04000,0.00000,0.00000,1.00000
-299461.91228,-494318.57773,119.50600,547549771.05920,11.15000,941624.00000,5.17000,0.00000,0.00000,1.00000
-298783.98934,-494733.31428,117.94700,547549771.10631,11.28000,2050800.00000,5.29000,0.00000,0.00000,1.00000
-298623.33963,-495069.12995,117.25400,547549771.15341,11.37000,1365140.00000,6.35000,0.00000,0.00000,1.00000
-298685.72518,-495370.91857,115.05500,547549771.20052,11.54000,3778935.00000,5.54000,0.00000,0.00000,1.00000
-298546.14563,-495703.50916,118.66700,547549771.24762,11.66000,1021904.00000,5.49000,0.00000,0.00000,1.00000
-312173.62545,-493935.63970,231.97900,547549771.29473,11.59000,730129.00000,6.96000,0.00000,0.00000,1.00000
-304626.26114,-495398.67898,131.28900,547549771.34184,11.58000,1060785.00000,6.08000,0.00000,0.00000,1.00000
-304459.08200,-495735.53881,129.80700,547549771.38894,11.50000,816874.00000,5.31000,0.00000,0.00000,1.00000
-285367.86184,-499268.99220,291.98600,547549771.48316,10.78000,499074.00000,4.81000,0.00000,0.00000,1.00000
-298889.79301,-497830.25409,112.64500,547549771.57737,10.61000,948840.00000,4.58000,0.00000,0.00000,1.00000
-304232.63299,-497638.20591,119.77300,547549771.67158,10.40000,644476.00000,4.58000,0.00000,0.00000,1.00000
-301752.05623,-498327.79463,121.17200,547549771.71869,10.45000,1366084.00000,5.06000,0.00000,0.00000,1.00000
-301678.57320,-498650.34612,119.50200,547549771.76579,10.60000,4470172.00000,4.67000,0.00000,0.00000,1.00000
-297577.03142,-499586.92056,109.98900,547549771.81290,10.73000,1806474.00000,5.13000,0.00000,0.00000,1.00000
-301465.46996,-499305.49726,115.12800,547549771.86000,10.84000,740666.00000,6.05000,0.00000,0.00000,1.00000
-302731.02073,-499423.90281,116.49700,547549771.90711,10.83000,556998.00000,6.16000,0.00000,0.00000,1.00000
-304221.81104,-499507.98384,121.67200,547549771.95422,11.06000,320003.00000,6.92000,0.00000,0.00000,1.00000
-303863.50275,-499873.94951,118.58300,547549772.00132,10.77000,413482.00000,5.53000,0.00000,0.00000,1.00000
-303422.36314,-500252.54800,116.01600,547549772.04843,10.60000,1542507.00000,6.05000,0.00000,0.00000,1.00000
-303562.46678,-500542.53867,116.99200,547549772.09553,10.59000,1391387.00000,6.74000,0.00000,0.00000,1.00000
-303462.79299,-500869.06773,117.46100,547549772.14264,10.42000,1707991.00000,5.50000,0.00000,0.00000,1.00000
-303825.93630,-501125.06342,121.61700,547549772.18975,10.33000,2869658.00000,3.68000,0.00000,0.00000,1.00000
-303801.82339,-501440.10289,125.51000,547549772.23685,10.17000,259035.00000,3.88000,0.00000,0.00000,1.00000
-303359.93017,-501818.77941,123.87600,547549772.28396,9.95000,163916.00000,5.93000,0.00000,0.00000,1.00000
-303124.38251,-502166.01354,123.69100,547549772.33106,9.80000,270675.00000,5.68000,0.00000,0.00000,1.00000
-298665.16300,-503156.72959,99.33600,547549772.37817,9.73000,444533.00000,4.87000,0.00000,0.00000,1.00000
-298566.18905,-503483.11595,99.73800,547549772.42528,9.57000,352852.00000,5.20000,0.00000,0.00000,1.00000
-298426.52357,-503815.70101,100.40500,547549772.47238,9.41000,334393.00000,4.25000,0.00000,0.00000,1.00000
-298554.23964,-504107.55336,99.87400,547549772.51949,9.58000,349197.00000,5.01000,0.00000,0.00000,1.00000
-298819.29915,-504378.50761,100.16700,547549772.56660,9.56000,393136.00000,4.07000,0.00000,0.00000,1.00000
-298987.70761,-504664.16700,101.13000,547549772.61370,9.27000,1433409.00000,2.91000,0.00000,0.00000,1.00000
-302220.24368,-504483.16974,98.48800,547549772.66081,9.37000,852262.00000,3.77000,0.00000,0.00000,1.00000
-299538.87514,-505202.87033,100.40400,547549772.70792,9.52000,1318316.00000,3.24000,0.00000,0.00000,1.00000
-304317.68075,-504786.41182,101.44000,547549772.75503,9.43000,734348.00000,4.75000,0.00000,0.00000,1.00000
-301943.63278,-505459.31246,113.15800,547549772.80213,9.40000,2224395.00000,3.94000,0.00000,0.00000,1.00000
-301783.61278,-505795.01909,110.87000,547549772.84924,9.25000,2992966.00000,3.22000,0.00000,0.00000,1.00000
-301267.54892,-506184.93739,109.83700,547549772.89635,9.24000,973826.00000,3.94000,0.00000,0.00000,1.00000
-301164.19154,-506512.00205,109.09000,547549772.94345,9.06000,630505.00000,4.07000,0.00000,0.00000,1.00000
-302022.87465,-506692.60110,116.25800,547549772.99056,8.87000,3216169.00000,3.94000,0.00000,0.00000,1.00000
-306806.21543,-506275.62162,101.55600,547549773.03767,8.86000,314201.00000,4.49000,0.00000,0.00000,1.00000
-302112.61982,-507301.61672,117.30100,547549773.08477,8.74000,2467581.00000,2.87000,0.00000,0.00000,1.00000
-307548.51908,-506785.35104,105.21600,547549773.13188,8.40000,1393568.00000,2.63000,0.00000,0.00000,1.00000
-307371.04642,-507123.75607,103.96500,547549773.17899,8.24000,1280924.00000,2.55000,0.00000,0.00000,1.00000
-301612.14629,-508311.80760,115.07300,547549773.22609,8.35000,3136029.00000,3.47000,0.00000,0.00000,1.00000
-302361.84137,-508509.04975,114.18000,547549773.27320,8.34000,396955.00000,3.10000,0.00000,0.00000,1.00000
-301759.99306,-508911.97771,111.68000,547549773.32031,8.36000,1124972.00000,2.62000,0.00000,0.00000,1.00000
-307153.05223,-508402.46024,103.57700,547549773.36741,8.42000,611780.00000,2.85000,0.00000,0.00000,1.00000
-302074.95964,-509486.71379,108.72500,547549773.41452,8.52000,1538872.00000,2.34000,0.00000,0.00000,1.00000
-302885.69461,-509674.67087,104.77500,547549773.46163,8.60000,1716172.00000,2.46000,0.00000,0.00000,1.00000
-303814.87832,-509844.61363,106.04300,547549773.50873,8.62000,1073875.00000,2.61000,0.00000,0.00000,1.00000
-302890.38055,-510296.64415,105.81700,547549773.55584,8.68000,1390010.00000,4.04000,0.00000,0.00000,1.00000
-303625.53883,-510496.11791,108.65600,547549773.60294,8.77000,971477.00000,4.79000,0.00000,0.00000,1.00000
-303293.97961,-510857.91785,111.16500,547549773.65005,8.92000,1251240.00000,3.53000,0.00000,0.00000,1.00000
-302967.49714,-511218.92291,113.39000,547549773.69716,9.01000,1689085.00000,2.70000,0.00000,0.00000,1.00000
-302744.92463,-511564.11535,116.37700,547549773.74426,9.12000,1086474.00000,2.98000,0.00000,0.00000,1.00000
-302430.80154,-511923.24778,118.24600,547549773.79137,9.23000,2461030.00000,2.61000,0.00000,0.00000,1.00000
-301755.52405,-512337.29190,120.91800,547549773.83847,9.25000,690130.00000,2.59000,0.00000,0.00000,1.00000
-301771.28459,-512646.22329,120.03400,547549773.88558,9.25000,1972505.00000,3.19000,0.00000,0.00000,1.00000
-302600.89420,-512831.37675,114.25900,547549773.93269,9.57000,2079647.00000,4.53000,0.00000,0.00000,1.00000
-302341.25274,-513182.20407,115.28600,547549773.97979,9.80000,242107.00000,6.34000,0.00000,0.00000,1.00000
-303354.71891,-513339.41351,115.64800,547549774.02690,9.98000,296719.00000,6.96000,0.00000,0.00000,1.00000
-305823.47411,-511314.32107,106.03100,547668675.06180,11.80000,119657.00000,8.19000,0.00000,0.00000,0.00000
-306409.33859,-510022.05203,102.56100,547668675.10889,11.53000,1721731.00000,6.11000,0.00000,0.00000,0.00000
-307182.32118,-508480.68786,103.40900,547668675.15597,11.84000,388919.00000,8.97000,0.00000,0.00000,0.00000
-305706.56337,-509420.60722,104.29300,547668675.25015,11.70000,3101512.00000,7.10000,0.00000,0.00000,0.00000
-305993.23027,-508526.69651,102.94600,547668675.29724,11.82000,1541475.00000,8.52000,0.00000,0.00000,0.00000
-308633.43070,-504499.71642,115.95500,547668675.34433,11.74000,763795.00000,8.19000,0.00000,0.00000,0.00000
-305695.38131,-507898.57482,100.99300,547668675.39141,11.74000,4776913.00000,7.03000,0.00000,0.00000,0.00000
-305545.14026,-507586.27683,102.93700,547668675.43850,11.24000,373545.00000,8.77000,0.00000,0.00000,0.00000
-304155.61034,-508923.60992,108.37900,547668675.48559,9.69000,887209.00000,6.36000,0.00000,0.00000,0.00000
-303906.50753,-508742.88031,111.90900,547668675.53268,8.12000,2225702.00000,4.95000,0.00000,0.00000,0.00000
-310565.34567,-499366.71076,164.80200,547668675.57977,7.37000,494212.00000,5.17000,0.00000,0.00000,0.00000
-303702.50650,-507477.58437,105.24100,547668675.67394,8.19000,500330.00000,8.15000,0.00000,0.00000,0.00000
-305263.42446,-504887.74103,106.91400,547668675.72103,8.37000,731210.00000,6.06000,0.00000,0.00000,0.00000
-304603.88403,-505253.36098,104.80300,547668675.76812,8.74000,3634437.00000,4.83000,0.00000,0.00000,0.00000
-304027.31142,-505508.53477,105.76500,547668675.81521,9.10000,1808005.00000,3.71000,0.00000,0.00000,0.00000
-303692.17249,-505442.38931,106.73100,547668675.86229,9.67000,2077435.00000,3.77000,0.00000,0.00000,0.00000
-302976.56152,-505882.58642,110.07600,547668675.90938,10.08000,2448544.00000,4.64000,0.00000,0.00000,0.00000
-303106.62464,-505197.27647,111.30500,547668675.95647,10.26000,2260789.00000,5.41000,0.00000,0.00000,0.00000
-303459.14778,-504215.91786,113.98000,547668676.00356,10.41000,1333699.00000,8.41000,0.00000,0.00000,0.00000
-303876.98276,-503147.63166,120.15100,547668676.05064,10.33000,1280210.00000,6.42000,0.00000,0.00000,0.00000
-303564.80116,-503050.92723,122.01700,547668676.09773,9.95000,2192581.00000,4.35000,0.00000,0.00000,0.00000
-301806.67204,-504878.55455,110.94500,547668676.14482,9.84000,3759845.00000,3.30000,0.00000,0.00000,0.00000
-301196.53488,-505178.32155,109.10400,547668676.19191,9.84000,1253709.00000,3.38000,0.00000,0.00000,0.00000
-300649.07737,-505394.68531,108.34900,547668676.23900,9.99000,498244.00000,5.13000,0.00000,0.00000,0.00000
-300407.06321,-505204.54876,107.20900,547668676.28608,10.27000,386766.00000,6.81000,0.00000,0.00000,0.00000
-299908.59172,-505355.68816,107.16200,547668676.33317,10.56000,363587.00000,7.87000,0.00000,0.00000,0.00000
-300117.27669,-504565.83916,104.44700,547668676.38026,10.53000,389254.00000,6.87000,0.00000,0.00000,0.00000
-299863.79545,-504390.97697,102.71900,547668676.42735,10.62000,292961.00000,5.77000,0.00000,0.00000,0.00000
-299333.98172,-504583.81663,101.88200,547668676.47443,11.01000,387048.00000,7.58000,0.00000,0.00000,0.00000
-298926.88333,-504613.35732,101.45200,547668676.52152,11.40000,274704.00000,8.11000,0.00000,0.00000,0.00000
-298726.82045,-504367.41778,100.79900,547668676.56861,11.52000,257278.00000,8.31000,0.00000,0.00000,0.00000
-298618.14161,-503999.89301,99.65600,547668676.61570,11.94000,357455.00000,10.85000,0.00000,0.00000,0.00000
-299066.55495,-502891.09325,98.86600,547668676.66279,11.70000,615107.00000,9.86000,0.00000,0.00000,0.00000
-298912.42151,-502584.07539,99.61900,547668676.70988,11.95000,459984.00000,13.56000,0.00000,0.00000,0.00000
-298997.54871,-501958.70275,100.51300,547668676.75696,11.69000,652616.00000,9.25000,0.00000,0.00000,0.00000
-298310.14630,-502361.20591,100.97800,547668676.80405,11.73000,348498.00000,11.98000,0.00000,0.00000,0.00000
-298875.13344,-501097.38684,102.05500,547668676.85114,11.39000,454666.00000,8.64000,0.00000,0.00000,0.00000
-299742.93478,-499430.66653,109.86400,547668676.89823,11.23000,518474.00000,7.16000,0.00000,0.00000,0.00000
-298712.55482,-500289.52220,105.83900,547668676.94532,11.26000,146782.00000,13.08000,0.00000,0.00000,0.00000
-297468.91902,-501432.03406,105.45200,547668676.99241,11.24000,140723.00000,8.14000,0.00000,0.00000,0.00000
-296984.58618,-501564.33300,106.22100,547668677.03950,11.38000,280013.00000,9.23000,0.00000,0.00000,0.00000
-296933.76917,-501119.86553,107.27600,547668677.08658,11.09000,173464.00000,6.87000,0.00000,0.00000,0.00000
-296822.48340,-500755.87633,109.35900,547668677.13367,10.97000,208186.00000,6.67000,0.00000,0.00000,0.00000
-296712.96223,-500389.53467,111.45500,547668677.18076,11.04000,225034.00000,9.20000,0.00000,0.00000,0.00000
-296611.83090,-500012.03502,113.64500,547668677.22785,10.96000,232363.00000,7.06000,0.00000,0.00000,0.00000
-296434.32862,-499736.13889,115.83700,547668677.27494,10.85000,255705.00000,6.23000,0.00000,0.00000,0.00000
-296093.48424,-499677.54487,117.02400,547668677.32202,10.82000,732627.00000,5.66000,0.00000,0.00000,0.00000
-295772.50467,-499592.51469,117.01400,547668677.36911,10.81000,258515.00000,5.82000,0.00000,0.00000,0.00000
-295593.24632,-499318.96393,116.97600,547668677.41620,11.06000,258413.00000,6.84000,0.00000,0.00000,0.00000
-295510.67337,-498916.79766,117.37900,547668677.46329,11.07000,253271.00000,6.86000,0.00000,0.00000,0.00000
-295369.38572,-498592.74368,118.81800,547668677.51038,10.96000,245595.00000,6.62000,0.00000,0.00000,0.00000
-295118.17228,-498414.92440,120.90800,547668677.55746,10.50000,358018.00000,6.28000,0.00000,0.00000,0.00000
-294791.90269,-498336.93274,123.21400,547668677.60455,10.24000,562179.00000,4.32000,0.00000,0.00000,0.00000
-294458.57322,-498268.33414,127.00300,547668677.65164,10.02000,1295446.00000,3.33000,0.00000,0.00000,0.00000
-294302.28897,-497964.25071,130.93400,547668677.69872,9.70000,1417220.00000,3.38000,0.00000,0.00000,0.00000
-294061.23141,-497772.91125,134.97100,547668677.74581,9.46000,1290649.00000,2.95000,0.00000,0.00000,0.00000
-293875.81338,-497507.59209,137.61800,547668677.79290,9.25000,1708607.00000,3.63000,0.00000,0.00000,0.00000
-293702.31395,-497226.40646,138.60800,547668677.83999,9.37000,1510307.00000,3.62000,0.00000,0.00000,0.00000
-293468.33004,-497025.66479,137.96500,547668677.88708,9.41000,2465271.00000,3.37000,0.00000,0.00000,0.00000
-293315.15363,-496717.47095,136.92700,547668677.93416,9.73000,806655.00000,4.59000,0.00000,0.00000,0.00000
-293064.83843,-496538.45441,135.70000,547668677.98125,9.99000,1448598.00000,3.00000,0.00000,0.00000,0.00000
-292804.81858,-496372.36267,133.64000,547668678.02834,10.31000,382700.00000,4.38000,0.00000,0.00000,0.00000
-292580.56410,-496158.70280,132.05600,547668678.07543,10.50000,278363.00000,6.12000,0.00000,0.00000,0.00000
-292163.80250,-496201.06047,130.89700,547668678.12251,10.75000,203212.00000,5.70000,0.00000,0.00000,0.00000
-291536.43340,-496523.52407,129.40400,547668678.16960,10.98000,305451.00000,8.28000,0.00000,0.00000,0.00000
-290870.19104,-496897.63511,129.19200,547668678.21669,11.14000,306516.00000,8.14000,0.00000,0.00000,0.00000
-290385.86591,-497029.82304,129.30500,547668678.26378,11.34000,248601.00000,8.02000,0.00000,0.00000,0.00000
-290111.71495,-496882.49670,129.62300,547668678.31086,10.98000,244511.00000,9.29000,0.00000,0.00000,0.00000
-289996.53108,-496523.78784,130.37200,547668678.35795,10.93000,204120.00000,7.11000,0.00000,0.00000,0.00000
-289768.75385,-496314.81017,132.23800,547668678.40504,10.60000,422655.00000,5.36000,0.00000,0.00000,0.00000
-289439.85255,-496240.28333,134.62100,547668678.45213,10.32000,3206195.00000,4.08000,0.00000,0.00000,0.00000
-289220.89874,-496019.54653,135.26000,547668678.49921,10.22000,1525298.00000,6.13000,0.00000,0.00000,0.00000
-289275.28696,-495435.37642,134.25200,547668678.54630,10.14000,277154.00000,7.10000,0.00000,0.00000,0.00000
-289589.75712,-494505.35903,134.08200,547668678.59339,10.10000,1185802.00000,4.08000,0.00000,0.00000,0.00000
-289761.16378,-493765.60038,139.64400,547668678.64048,9.85000,4602047.00000,4.06000,0.00000,0.00000,0.00000
-289677.78881,-493364.62121,140.65900,547668678.68756,9.67000,3246623.00000,2.38000,0.00000,0.00000,0.00000
-286359.33828,-497265.10783,128.77400,547668678.73465,9.48000,677200.00000,3.00000,0.00000,0.00000,0.00000
-285945.18950,-497303.88621,127.21000,547668678.78174,9.52000,493702.00000,3.33000,0.00000,0.00000,0.00000
-285514.25361,-497364.96992,126.30700,547668678.82883,9.51000,800633.00000,3.72000,0.00000,0.00000,0.00000
-288615.76047,-492729.53185,144.81100,547668678.87591,9.28000,403462.00000,3.12000,0.00000,0.00000,0.00000
-288353.12122,-492566.91992,142.91300,547668678.92300,9.17000,621763.00000,3.43000,0.00000,0.00000,0.00000
-288062.66573,-492441.30079,140.72800,547668678.97009,9.20000,555361.00000,4.76000,0.00000,0.00000,0.00000
-287672.41596,-492448.37277,138.48900,547668679.01718,9.38000,467281.00000,4.51000,0.00000,0.00000,0.00000
-287151.44524,-492629.22335,135.74400,547668679.06427,9.74000,189781.00000,6.32000,0.00000,0.00000,0.00000
-286764.72188,-492631.59291,134.91100,547668679.11135,10.04000,238833.00000,6.72000,0.00000,0.00000,0.00000
-286075.48918,-493036.12061,134.56300,547668679.15844,10.21000,375561.00000,5.59000,0.00000,0.00000,0.00000
-285721.87711,-492994.44631,131.50300,547668679.20553,10.30000,1021152.00000,7.53000,0.00000,0.00000,0.00000
-285695.94735,-492517.12730,129.47900,547668679.25262,10.22000,1781452.00000,9.16000,0.00000,0.00000,0.00000
-285244.74028,-492605.19414,130.59000,547668679.29971,10.15000,540414.00000,6.26000,0.00000,0.00000,0.00000
-291958.89910,-484981.46591,129.62200,547722422.23467,9.26000,2644265.00000,3.88000,0.00000,0.00000,1.00000
-293372.73904,-485098.04385,138.18100,547722422.28180,9.35000,986735.00000,4.39000,0.00000,0.00000,1.00000
-291762.27624,-485629.91224,131.42900,547722422.32892,9.40000,1410479.00000,6.05000,0.00000,0.00000,1.00000
-291704.37935,-485948.58303,133.13700,547722422.37604,9.23000,1855607.00000,4.51000,0.00000,0.00000,1.00000
-291700.36400,-486259.85037,135.52800,547722422.42317,9.15000,546760.00000,5.55000,0.00000,0.00000,1.00000
-291564.54532,-486589.22392,137.91300,547722422.47029,8.98000,516043.00000,4.50000,0.00000,0.00000,1.00000
-291604.94556,-486894.38899,139.98900,547722422.51741,9.20000,1124840.00000,5.22000,0.00000,0.00000,1.00000
-292511.20970,-487080.71133,144.60300,547722422.56454,8.96000,1198080.00000,4.65000,0.00000,0.00000,1.00000
-291387.90237,-487545.61262,143.75300,547722422.61166,8.81000,1984584.00000,5.41000,0.00000,0.00000,1.00000
-290342.51892,-487999.80654,144.12800,547722422.65878,8.81000,2896099.00000,5.30000,0.00000,0.00000,1.00000
-293613.37941,-487861.61563,140.62200,547722422.70590,8.89000,321984.00000,4.25000,0.00000,0.00000,1.00000
-293450.60370,-488194.69442,139.99700,547722422.75303,9.01000,344250.00000,5.24000,0.00000,0.00000,1.00000
-293214.26664,-488537.85390,139.10900,547722422.80015,9.30000,410577.00000,5.98000,0.00000,0.00000,1.00000
-292824.26805,-488902.10123,137.72800,547722422.84727,9.63000,142070.00000,8.42000,0.00000,0.00000,1.00000
-291752.62041,-489359.86252,136.05800,547722422.89440,9.69000,240444.00000,9.21000,0.00000,0.00000,1.00000
-291831.61112,-489659.75600,136.29800,547722422.94152,10.15000,880022.00000,13.15000,0.00000,0.00000,1.00000
-290925.99867,-490094.71865,136.88700,547722422.98864,9.80000,1189924.00000,7.49000,0.00000,0.00000,1.00000
-291036.28578,-490390.29562,137.25200,547722423.03577,9.44000,1624917.00000,6.49000,0.00000,0.00000,1.00000
-290708.17001,-490746.01963,138.23400,547722423.08289,9.39000,2011759.00000,4.53000,0.00000,0.00000,1.00000
-290869.43029,-491034.60425,138.06400,547722423.13001,9.36000,6099587.00000,3.45000,0.00000,0.00000,1.00000
-293178.35097,-491028.62262,132.71800,547722423.17713,9.23000,1412604.00000,3.21000,0.00000,0.00000,1.00000
-293028.64970,-491359.89083,132.73400,547722423.22426,9.32000,2002413.00000,3.70000,0.00000,0.00000,1.00000
-292302.87895,-491770.15250,131.65500,547722423.27138,9.42000,743867.00000,4.24000,0.00000,0.00000,1.00000
-292506.38576,-492052.97209,131.07600,547722423.31850,9.47000,728060.00000,4.03000,0.00000,0.00000,1.00000
-292848.98646,-492316.71269,131.49000,547722423.36563,9.71000,227935.00000,5.65000,0.00000,0.00000,1.00000
-292685.43675,-492649.87737,132.60500,547722423.41275,9.51000,481996.00000,4.62000,0.00000,0.00000,1.00000
-291463.69114,-493128.11465,132.80900,547722423.45987,9.50000,936264.00000,4.26000,0.00000,0.00000,1.00000
-289866.88619,-493657.75123,135.83300,547722423.50700,9.68000,1291637.00000,3.82000,0.00000,0.00000,1.00000
-289883.93299,-493966.12211,135.41100,547722423.55412,9.64000,1599267.00000,4.22000,0.00000,0.00000,1.00000
-291195.12419,-494097.08503,131.48600,547722423.60124,9.85000,1711421.00000,4.39000,0.00000,0.00000,1.00000
-291662.97483,-494343.66338,130.48700,547722423.64837,10.14000,1054545.00000,6.80000,0.00000,0.00000,1.00000
-292810.32982,-494497.11797,130.68800,547722423.69549,10.60000,531114.00000,8.13000,0.00000,0.00000,1.00000
-293339.36315,-494735.32894,131.50800,547722423.74261,10.86000,500736.00000,7.91000,0.00000,0.00000,1.00000
-293334.55202,-495046.71752,132.90700,547722423.78973,10.50000,120275.00000,6.90000,0.00000,0.00000,1.00000
-293369.80308,-495352.62517,133.36600,547722423.83686,10.49000,478516.00000,7.38000,0.00000,0.00000,1.00000
-292917.82474,-495725.31082,130.18200,547722423.88398,10.34000,1732747.00000,6.74000,0.00000,0.00000,1.00000
-292642.07560,-496073.82146,129.84400,547722423.93111,10.19000,654108.00000,5.65000,0.00000,0.00000,1.00000
-291789.51028,-496501.37123,128.30700,547722423.97823,10.09000,1434372.00000,5.70000,0.00000,0.00000,1.00000
-293001.69164,-496646.01787,131.62800,547722424.02535,9.85000,454912.00000,4.16000,0.00000,0.00000,1.00000
-293478.26998,-496891.45439,137.69600,547722424.07248,9.84000,8771691.00000,3.74000,0.00000,0.00000,1.00000
-292206.92836,-497376.37020,129.28700,547722424.11960,9.89000,1462281.00000,4.01000,0.00000,0.00000,1.00000
-292243.61806,-497682.08095,129.26600,547722424.16673,9.86000,2098697.00000,3.49000,0.00000,0.00000,1.00000
-291946.00465,-498033.58069,128.91200,547722424.21385,9.78000,685762.00000,4.41000,0.00000,0.00000,1.00000
-291862.51063,-498355.73960,128.20200,547722424.26097,9.74000,2126197.00000,4.91000,0.00000,0.00000,1.00000
-291872.96521,-498665.03141,127.79200,547722424.30810,9.81000,1710455.00000,4.72000,0.00000,0.00000,1.00000
-292048.02216,-498951.78541,127.73900,547722424.35522,9.70000,1071904.00000,4.03000,0.00000,0.00000,1.00000
-291831.23364,-499292.19446,126.75100,547722424.40234,9.78000,2628426.00000,3.88000,0.00000,0.00000,1.00000
-291972.05757,-499583.64006,128.83500,547722424.44947,9.86000,523613.00000,4.22000,0.00000,0.00000,1.00000
-291549.15017,-499952.27907,127.59600,547722424.49659,9.81000,272663.00000,4.05000,0.00000,0.00000,1.00000
-291084.72111,-500326.59532,126.69800,547722424.54372,9.92000,2352280.00000,4.30000,0.00000,0.00000,1.00000
-290742.64660,-500684.14941,126.37900,547722424.59084,10.04000,2308938.00000,4.17000,0.00000,0.00000,1.00000
-290355.40424,-501047.87363,126.05200,547722424.63796,10.21000,2258129.00000,5.63000,0.00000,0.00000,1.00000
-292207.81121,-501105.00855,115.64100,547722424.68509,10.40000,1033549.00000,4.64000,0.00000,0.00000,1.00000
-290945.81508,-501588.48521,118.25000,547722424.73221,10.60000,2682679.00000,5.57000,0.00000,0.00000,1.00000
-290652.51737,-501939.34028,118.86300,547722424.77934,10.72000,991731.00000,9.21000,0.00000,0.00000,1.00000
-290914.95675,-502214.14361,118.19700,547722424.82646,10.95000,267105.00000,13.41000,0.00000,0.00000,1.00000
-291898.46743,-502390.25953,116.23000,547722424.87358,10.50000,112223.00000,10.17000,0.00000,0.00000,1.00000
-292356.83308,-502638.25237,115.78400,547722424.92071,10.33000,198599.00000,7.34000,0.00000,0.00000,1.00000
-292397.84397,-502943.36243,115.90900,547722424.96783,10.43000,386591.00000,6.02000,0.00000,0.00000,1.00000
-292422.10501,-503250.77405,115.52600,547722425.01496,10.31000,194305.00000,6.70000,0.00000,0.00000,1.00000
-292330.55534,-503574.03865,115.53800,547722425.06208,10.09000,479511.00000,6.36000,0.00000,0.00000,1.00000
-292279.06034,-503891.81706,115.20800,547722425.10921,10.07000,603543.00000,5.43000,0.00000,0.00000,1.00000
-292119.76125,-504224.33864,115.06000,547722425.15633,10.17000,385948.00000,5.35000,0.00000,0.00000,1.00000
-292003.43256,-504550.98167,114.57000,547722425.20345,10.23000,329266.00000,4.57000,0.00000,0.00000,1.00000
-291844.12735,-504883.50386,113.71800,547722425.25058,10.35000,1141571.00000,4.62000,0.00000,0.00000,1.00000
-291770.03898,-505204.36720,113.11300,547722425.29770,10.43000,2257924.00000,4.61000,0.00000,0.00000,1.00000
-291699.58728,-505524.72981,111.87200,547722425.34483,10.50000,759714.00000,5.41000,0.00000,0.00000,1.00000
-291955.44840,-505800.45694,109.63800,547722425.39195,10.66000,490363.00000,6.84000,0.00000,0.00000,1.00000
-292978.31409,-505971.29259,108.43700,547722425.43907,10.55000,67999.00000,8.87000,0.00000,0.00000,1.00000
-293744.79021,-506177.20516,108.80200,547722425.48620,10.78000,355552.00000,7.62000,0.00000,0.00000,1.00000
-293626.98896,-506504.06147,109.28100,547722425.53332,10.83000,524606.00000,7.45000,0.00000,0.00000,1.00000
-293120.21627,-506884.10557,109.07700,547722425.58045,11.05000,150859.00000,7.72000,0.00000,0.00000,1.00000
-292480.87752,-507282.27946,110.39100,547722425.62757,10.93000,98993.00000,7.54000,0.00000,0.00000,1.00000
-291808.02330,-507685.01366,111.96000,547722425.67470,10.95000,447159.00000,7.73000,0.00000,0.00000,1.00000
-291704.77766,-508009.86322,111.66700,547722425.72182,10.98000,1158338.00000,6.39000,0.00000,0.00000,1.00000
-292230.13554,-508248.76007,109.96400,547722425.76895,10.94000,1631180.00000,6.42000,0.00000,0.00000,1.00000
-291699.30535,-508632.05608,111.81900,547722425.81607,10.70000,584849.00000,6.51000,0.00000,0.00000,1.00000
-292043.29305,-508895.77129,110.72100,547722425.86320,10.60000,962708.00000,5.60000,0.00000,0.00000,1.00000
-291867.19795,-509230.58351,111.15400,547722425.91032,10.65000,772084.00000,5.82000,0.00000,0.00000,1.00000
-291839.68841,-509545.07360,111.25000,547722425.95745,10.51000,828662.00000,6.37000,0.00000,0.00000,1.00000
-291521.53749,-509899.27486,112.36800,547722426.00457,10.55000,480677.00000,6.42000,0.00000,0.00000,1.00000
-291483.09642,-510215.24832,112.58600,547722426.05169,10.75000,643955.00000,5.88000,0.00000,0.00000,1.00000
-290996.68456,-510592.44987,115.31600,547722426.09882,10.74000,410327.00000,6.50000,0.00000,0.00000,1.00000
-291326.09146,-510858.16128,114.44500,547722426.14594,10.42000,828735.00000,5.03000,0.00000,0.00000,1.00000
-297057.57096,-510385.64538,104.16100,547722426.19307,10.58000,431004.00000,4.96000,0.00000,0.00000,1.00000
-296853.05400,-510724.37154,103.25300,547722426.24019,10.70000,251636.00000,5.70000,0.00000,0.00000,1.00000
-296480.98289,-511085.97756,101.66500,547722426.28732,10.25000,296999.00000,6.20000,0.00000,0.00000,1.00000
-296195.60094,-511435.74546,100.18200,547722426.33444,10.05000,1434772.00000,5.95000,0.00000,0.00000,1.00000
-295468.03362,-511845.91133,99.34200,547722426.38156,10.24000,1757016.00000,5.24000,0.00000,0.00000,1.00000
-295263.49685,-512184.61726,99.59900,547722426.42869,10.34000,1275818.00000,4.50000,0.00000,0.00000,1.00000
-293347.08823,-512757.15535,103.86400,547722426.47581,10.33000,1402573.00000,3.38000,0.00000,0.00000,1.00000
-293962.77691,-512983.80023,102.17700,547722426.52294,10.38000,3445378.00000,3.38000,0.00000,0.00000,1.00000
-295591.75408,-513072.03167,100.12900,547722426.57006,10.30000,2765126.00000,3.74000,0.00000,0.00000,1.00000
-295055.02363,-513456.09489,100.91600,547722426.61718,10.35000,2552966.00000,3.68000,0.00000,0.00000,1.00000
-294777.62324,-513804.73158,102.08700,547722426.66430,10.20000,1340215.00000,5.01000,0.00000,0.00000,1.00000
-294829.47587,-514108.38375,103.27200,547722426.71143,10.34000,831412.00000,5.33000,0.00000,0.00000,1.00000
-294646.77458,-514444.09451,104.67900,547722426.75855,10.70000,509031.00000,7.15000,0.00000,0.00000,1.00000
-294144.99032,-514823.34302,105.84600,547722426.80567,10.57000,296328.00000,8.19000,0.00000,0.00000,1.00000
-293722.62235,-515191.77312,107.12600,547722426.85280,10.51000,390058.00000,5.76000,0.00000,0.00000,1.00000
-293624.40105,-515515.90838,108.00900,547722426.89992,10.60000,477811.00000,4.75000,0.00000,0.00000,1.00000
-295625.63008,-515553.42390,103.75600,547722426.94704,10.54000,2941665.00000,4.17000,0.00000,0.00000,1.00000
-295493.90665,-515882.17141,104.07700,547722426.99417,10.54000,590448.00000,4.06000,0.00000,0.00000,1.00000
-295721.31107,-516161.87029,104.88000,547722427.04129,10.57000,552443.00000,5.12000,0.00000,0.00000,1.00000
-296497.98609,-516366.59626,108.05500,547722427.08841,10.54000,1153540.00000,4.57000,0.00000,0.00000,1.00000
-296070.47943,-516735.70609,111.12600,547722427.13554,10.56000,1081852.00000,4.36000,0.00000,0.00000,1.00000
-295168.74804,-517169.55086,112.47600,547722427.18266,10.57000,304464.00000,6.23000,0.00000,0.00000,1.00000
-292610.61202,-518140.13188,130.71300,547722427.27691,10.40000,2515781.00000,4.34000,0.00000,0.00000,1.00000
-299643.07212,-515415.16938,108.85800,547841328.15775,10.37000,552469.00000,4.52000,0.00000,0.00000,0.00000
-299035.87701,-515695.93191,110.55700,547841328.20486,10.44000,833353.00000,4.63000,0.00000,0.00000,0.00000
-298777.28487,-515527.06091,110.18600,547841328.25197,10.25000,461349.00000,4.71000,0.00000,0.00000,0.00000
-298331.77388,-515599.27208,109.54100,547841328.29908,10.18000,469460.00000,5.03000,0.00000,0.00000,0.00000
-298252.45029,-515199.21112,106.67900,547841328.34619,9.92000,842994.00000,4.38000,0.00000,0.00000,0.00000
-299618.04369,-512935.60801,106.35500,547841328.39330,9.87000,1661360.00000,2.74000,0.00000,0.00000,0.00000
-299771.58970,-512235.22472,105.69700,547841328.44041,10.19000,776715.00000,4.40000,0.00000,0.00000,0.00000
-299652.64878,-511886.28575,104.47900,547841328.48752,10.55000,1162957.00000,5.22000,0.00000,0.00000,0.00000
-299972.40675,-510971.58123,109.68900,547841328.53463,10.56000,3148770.00000,4.12000,0.00000,0.00000,0.00000
-295424.36538,-516334.48096,106.94400,547841328.58174,10.38000,287384.00000,3.47000,0.00000,0.00000,0.00000
-298823.80726,-511448.24213,105.67000,547841328.62885,10.44000,774695.00000,4.03000,0.00000,0.00000,0.00000
-298659.83237,-511157.38884,106.40200,547841328.67596,10.48000,662182.00000,4.28000,0.00000,0.00000,0.00000
-298458.47843,-510914.75640,108.50400,547841328.72307,10.60000,2927493.00000,4.14000,0.00000,0.00000,0.00000
-298710.25376,-510087.77760,110.84300,547841328.77018,10.61000,6356788.00000,3.54000,0.00000,0.00000,0.00000
-297644.08435,-510960.37698,102.67900,547841328.81729,10.70000,2249158.00000,2.78000,0.00000,0.00000,0.00000
-298028.29905,-509962.63175,109.07200,547841328.86440,10.77000,12787946.00000,3.01000,0.00000,0.00000,0.00000
-297499.49115,-510142.26003,104.43100,547841328.91151,10.87000,720724.00000,3.93000,0.00000,0.00000,0.00000
-297303.56023,-509892.65122,102.54500,547841328.95862,11.19000,577041.00000,5.57000,0.00000,0.00000,0.00000
-297121.58776,-509625.02029,100.54700,547841329.00573,11.59000,612373.00000,7.34000,0.00000,0.00000,0.00000
-296674.30294,-509699.52029,102.51900,547841329.05284,11.60000,486431.00000,5.28000,0.00000,0.00000,0.00000
-296125.66071,-509904.69149,103.25100,547841329.09995,11.63000,1932101.00000,5.66000,0.00000,0.00000,0.00000
-292862.88629,-513609.33880,112.10100,547841329.14706,11.93000,808616.00000,6.52000,0.00000,0.00000,0.00000
-295312.16614,-509949.09837,104.94200,547841329.19417,12.02000,4357323.00000,7.50000,0.00000,0.00000,0.00000
-295047.77083,-509787.76181,106.50100,547841329.24128,11.99000,3226906.00000,5.10000,0.00000,0.00000,0.00000
-294060.80139,-510558.04094,105.25500,547841329.28839,12.07000,693312.00000,7.33000,0.00000,0.00000,0.00000
-293057.15955,-511349.77898,112.49200,547841329.33550,12.33000,455290.00000,7.49000,0.00000,0.00000,0.00000
-292939.16219,-510999.65894,111.61600,547841329.38261,12.55000,533633.00000,9.25000,0.00000,0.00000,0.00000
-293384.28263,-509923.54465,108.39800,547841329.42972,12.32000,164645.00000,10.27000,0.00000,0.00000,0.00000
-292963.56884,-509963.72225,110.12800,547841329.47683,12.22000,300415.00000,9.79000,0.00000,0.00000,0.00000
-293340.22637,-508975.90057,108.23100,547841329.52394,12.06000,177427.00000,9.19000,0.00000,0.00000,0.00000
-293011.41195,-508897.58783,108.84800,547841329.57105,11.96000,278078.00000,9.89000,0.00000,0.00000,0.00000
-292646.56385,-508865.74481,109.34800,547841329.61816,12.76000,165632.00000,11.33000,0.00000,0.00000,0.00000
-292237.56573,-508890.81222,109.98300,547841329.66527,13.21000,112727.00000,13.58000,0.00000,0.00000,0.00000
-291333.00335,-509554.71148,114.05000,547841329.71238,12.57000,275451.00000,14.05000,0.00000,0.00000,0.00000
-290358.60604,-510308.59930,121.90100,547841329.75949,11.83000,160014.00000,12.25000,0.00000,0.00000,0.00000
-290497.43525,-509627.43997,121.29100,547841329.80660,11.20000,372498.00000,7.04000,0.00000,0.00000,0.00000
-290058.70110,-509690.79210,125.86700,547841329.85371,11.05000,866573.00000,4.93000,0.00000,0.00000,0.00000
-289761.87895,-509571.21245,128.06100,547841329.90082,11.28000,2209265.00000,5.99000,0.00000,0.00000,0.00000
-290557.11357,-508043.96347,113.24500,547841329.94793,11.37000,1112329.00000,4.63000,0.00000,0.00000,0.00000
-289763.36406,-508564.94459,117.76700,547841329.99504,11.73000,572071.00000,6.09000,0.00000,0.00000,0.00000
-289394.00624,-508538.86496,118.62700,547841330.04215,12.02000,206279.00000,10.90000,0.00000,0.00000,0.00000
-290451.51021,-506673.63373,112.77500,547841330.08926,12.25000,66512.00000,11.57000,0.00000,0.00000,0.00000
-290845.82469,-505663.23359,113.94300,547841330.13637,11.72000,588565.00000,7.19000,0.00000,0.00000,0.00000
-290684.18785,-505369.45928,114.62100,547841330.18348,11.70000,618709.00000,6.56000,0.00000,0.00000,0.00000
-290407.21570,-505224.34611,115.28500,547841330.23059,11.63000,1860574.00000,5.85000,0.00000,0.00000,0.00000
-290178.45488,-505017.09889,115.43100,547841330.27770,11.82000,1175499.00000,6.05000,0.00000,0.00000,0.00000
-289967.71273,-504786.61412,115.87000,547841330.32481,11.78000,4566306.00000,5.11000,0.00000,0.00000,0.00000
-289744.36524,-504572.39975,116.45900,547841330.37192,11.86000,3275216.00000,5.23000,0.00000,0.00000,0.00000
-289496.68756,-504389.53661,117.20900,547841330.41903,12.05000,3144656.00000,5.24000,0.00000,0.00000,0.00000
-289232.78785,-504227.57277,118.21800,547841330.46614,12.07000,5085734.00000,5.46000,0.00000,0.00000,0.00000
-288930.59222,-504114.96405,119.26800,547841330.51325,11.86000,1802986.00000,5.39000,0.00000,0.00000,0.00000
-288722.11895,-503881.57894,121.49000,547841330.56036,11.87000,1630859.00000,4.47000,0.00000,0.00000,0.00000
-288536.17255,-503619.15670,124.18600,547841330.60747,11.67000,2593267.00000,5.27000,0.00000,0.00000,0.00000
-288138.91986,-503629.07003,127.12200,547841330.65457,11.29000,3816658.00000,4.67000,0.00000,0.00000,0.00000
-287852.95667,-503495.55438,130.22500,547841330.70168,11.03000,4443016.00000,4.18000,0.00000,0.00000,0.00000
-287548.97124,-503385.25952,131.65700,547841330.74879,10.97000,1387952.00000,5.71000,0.00000,0.00000,0.00000
-287247.69675,-503271.48806,132.45700,547841330.79590,11.38000,556033.00000,6.63000,0.00000,0.00000,0.00000
-287015.36181,-503068.87333,132.87000,547841330.84301,11.62000,642424.00000,9.10000,0.00000,0.00000,0.00000
-286859.61757,-502767.53485,133.83300,547841330.89012,11.24000,773270.00000,7.47000,0.00000,0.00000,0.00000
-286477.24151,-502758.26898,133.30000,547841330.93723,11.00000,377832.00000,7.56000,0.00000,0.00000,0.00000
-286111.53746,-502727.51384,133.62600,547841330.98434,10.80000,269945.00000,5.81000,0.00000,0.00000,0.00000
-285702.12600,-502753.07716,133.96600,547841331.03145,10.98000,446012.00000,5.64000,0.00000,0.00000,0.00000
-285479.70270,-502537.66587,133.93600,547841331.07856,10.89000,81246.00000,5.76000,0.00000,0.00000,0.00000
-285325.78009,-502234.01039,134.85500,547841331.12567,10.72000,434610.00000,5.70000,0.00000,0.00000,0.00000
-285117.77912,-502000.01742,136.61800,547841331.17277,10.34000,2614361.00000,4.30000,0.00000,0.00000,0.00000
-285203.12892,-501388.06006,131.70100,547841331.21988,10.07000,1436945.00000,3.50000,0.00000,0.00000,0.00000
-285020.37004,-501121.55473,132.64400,547841331.26699,10.06000,2562946.00000,2.75000,0.00000,0.00000,0.00000
-284392.85962,-501428.09958,138.43700,547841331.31411,9.93000,1435574.00000,2.60000,0.00000,0.00000,0.00000
-284287.16733,-501062.32714,137.16400,547841331.36121,9.87000,1249213.00000,2.92000,0.00000,0.00000,0.00000
-284318.45667,-500520.03874,134.60300,547841331.40833,10.01000,267782.00000,3.88000,0.00000,0.00000,0.00000
-284456.10490,-499840.74801,134.43900,547841331.45543,10.05000,324877.00000,4.90000,0.00000,0.00000,0.00000
-284428.82357,-499373.93854,134.50000,547841331.50254,10.30000,280288.00000,4.43000,0.00000,0.00000,0.00000
-284366.85216,-498951.84344,134.67200,547841331.54965,10.50000,893688.00000,2.89000,0.00000,0.00000,0.00000
-284023.24835,-498892.60935,133.16800,547841331.59677,10.70000,2446849.00000,1.99000,0.00000,0.00000,0.00000
-283623.76959,-498905.36592,130.31800,547841331.64388,10.77000,2601186.00000,2.48000,0.00000,0.00000,0.00000
-283284.21519,-498840.89259,128.02200,547841331.69098,11.00000,2146720.00000,5.44000,0.00000,0.00000,0.00000
-282822.08833,-498934.33807,127.13200,547841331.73810,11.23000,255539.00000,8.51000,0.00000,0.00000,0.00000
-281738.04705,-499828.93345,128.25800,547841331.78521,11.14000,127982.00000,8.91000,0.00000,0.00000,0.00000
-281098.80133,-500150.51434,131.66800,547841331.83231,10.87000,475993.00000,7.99000,0.00000,0.00000,0.00000
-280785.37792,-500052.34367,134.47100,547841331.87943,10.62000,550908.00000,7.92000,0.00000,0.00000,0.00000
-280587.33168,-499805.56384,136.12400,547841331.92654,10.55000,435798.00000,7.26000,0.00000,0.00000,0.00000
-280278.41494,-499701.58353,137.24700,547841331.97364,10.67000,374965.00000,8.35000,0.00000,0.00000,0.00000
-280388.18012,-499058.30547,135.95300,547841332.02076,10.36000,297360.00000,8.61000,0.00000,0.00000,0.00000
-280405.55592,-498534.02877,134.61200,547841332.06787,10.43000,178513.00000,7.59000,0.00000,0.00000,0.00000
-280509.92185,-497897.71980,133.68300,547841332.11497,10.53000,76290.00000,8.14000,0.00000,0.00000,0.00000
-280615.19354,-497260.24996,133.76700,547841332.16208,10.38000,215777.00000,7.87000,0.00000,0.00000,0.00000
-280483.86663,-496927.56014,133.93800,547841332.20920,10.04000,373272.00000,5.98000,0.00000,0.00000,0.00000
-280198.41081,-496793.40856,135.23400,547841332.25630,10.04000,450264.00000,4.70000,0.00000,0.00000,0.00000
-287410.15511,-489827.98928,133.37000,547895075.59375,10.82000,1768765.00000,6.14000,0.00000,0.00000,1.00000
-284669.52314,-492953.32876,126.69000,547895076.01797,11.93000,538530.00000,8.99000,0.00000,0.00000,1.00000
-285074.53891,-493214.21274,129.89100,547895076.06511,11.74000,284620.00000,7.52000,0.00000,0.00000,1.00000
-284552.68229,-493587.89740,129.12200,547895076.11224,11.83000,449835.00000,7.36000,0.00000,0.00000,1.00000
-283199.53576,-494062.69969,127.33900,547895076.15938,11.68000,1972851.00000,7.14000,0.00000,0.00000,1.00000
-283587.03411,-494325.72796,129.12400,547895076.20652,11.51000,1375233.00000,7.93000,0.00000,0.00000,1.00000
-284121.22892,-494570.91233,130.92600,547895076.25365,11.25000,1051919.00000,7.42000,0.00000,0.00000,1.00000
-283867.93197,-494911.89223,130.39500,547895076.30079,11.20000,1607511.00000,8.74000,0.00000,0.00000,1.00000
-283777.38264,-495233.07578,133.35600,547895076.34792,10.68000,456123.00000,6.42000,0.00000,0.00000,1.00000
-283465.69398,-495581.15307,133.69400,547895076.39506,10.44000,396536.00000,5.95000,0.00000,0.00000,1.00000
-286944.13119,-495468.28218,126.91600,547895076.44219,10.24000,518879.00000,5.59000,0.00000,0.00000,1.00000
-286131.75135,-495877.27511,124.01800,547895076.48933,10.37000,445445.00000,5.16000,0.00000,0.00000,1.00000
-285487.23019,-496265.83984,123.10700,547895076.53646,10.49000,698529.00000,5.64000,0.00000,0.00000,1.00000
-286558.61630,-496445.74468,124.75400,547895076.58360,10.67000,1228008.00000,6.50000,0.00000,0.00000,1.00000
-285799.49549,-496848.23494,124.04900,547895076.63073,10.92000,434274.00000,7.27000,0.00000,0.00000,1.00000
-285481.21244,-497197.12217,125.06500,547895076.67787,11.05000,517661.00000,7.39000,0.00000,0.00000,1.00000
-284215.55709,-497661.15594,125.84700,547895076.72500,11.40000,589586.00000,8.14000,0.00000,0.00000,1.00000
-282930.93864,-498127.48274,129.03600,547895076.77214,11.38000,749514.00000,12.02000,0.00000,0.00000,1.00000
-284680.33857,-498225.01365,130.61100,547895076.81927,11.21000,248596.00000,8.69000,0.00000,0.00000,1.00000
-284791.93635,-498521.62676,129.65300,547895076.86641,10.84000,1070671.00000,6.23000,0.00000,0.00000,1.00000
-285196.21079,-498782.67302,129.16800,547895076.91354,10.71000,1682218.00000,5.50000,0.00000,0.00000,1.00000
-284709.30493,-499152.02523,134.92200,547895076.96068,10.63000,7079845.00000,4.60000,0.00000,0.00000,1.00000
-285220.86822,-499400.03669,130.31800,547895077.00781,10.53000,1924852.00000,4.46000,0.00000,0.00000,1.00000
-285047.80626,-499731.24623,130.98900,547895077.05495,10.21000,2029729.00000,4.50000,0.00000,0.00000,1.00000
-284955.02996,-500052.70320,131.85800,547895077.10208,10.07000,3712931.00000,3.42000,0.00000,0.00000,1.00000
-285533.00387,-500292.65433,130.61500,547895077.14922,9.93000,2469507.00000,3.75000,0.00000,0.00000,1.00000
-285489.85855,-500608.08927,130.66200,547895077.19635,9.93000,1699862.00000,3.87000,0.00000,0.00000,1.00000
-285183.20945,-500955.51345,131.56700,547895077.24349,9.80000,3599748.00000,3.01000,0.00000,0.00000,1.00000
-285178.00870,-501266.32999,131.94200,547895077.29062,9.61000,2440028.00000,2.59000,0.00000,0.00000,1.00000
-285285.20645,-501563.49217,131.41700,547895077.33776,9.41000,1050110.00000,2.46000,0.00000,0.00000,1.00000
-285647.86327,-501829.62486,130.86900,547895077.38489,9.41000,1677834.00000,2.86000,0.00000,0.00000,1.00000
-285484.99740,-502159.59215,131.24100,547895077.43203,9.59000,2110488.00000,3.14000,0.00000,0.00000,1.00000
-284764.49431,-502557.27506,133.41300,547895077.47916,9.35000,567079.00000,3.23000,0.00000,0.00000,1.00000
-284806.71694,-502862.32034,134.31800,547895077.52630,9.47000,255533.00000,3.90000,0.00000,0.00000,1.00000
-284988.35502,-503150.45546,134.09200,547895077.57343,9.46000,401128.00000,4.38000,0.00000,0.00000,1.00000
-285036.41840,-503454.80086,133.95900,547895077.62057,9.52000,435796.00000,4.09000,0.00000,0.00000,1.00000
-285066.95862,-503761.27114,133.20600,547895077.66770,9.50000,175968.00000,4.53000,0.00000,0.00000,1.00000
-285189.46601,-504056.57883,133.16600,547895077.71484,9.50000,266832.00000,5.73000,0.00000,0.00000,1.00000
-285107.59644,-504376.69758,133.86000,547895077.76197,9.55000,287367.00000,5.50000,0.00000,0.00000,1.00000
-285003.09981,-504699.56285,134.47200,547895077.80911,9.61000,812969.00000,4.56000,0.00000,0.00000,1.00000
-284835.83121,-505030.04878,134.32200,547895077.85624,9.53000,649519.00000,3.56000,0.00000,0.00000,1.00000
-284634.97506,-505364.59523,134.91700,547895077.90338,9.61000,329995.00000,5.22000,0.00000,0.00000,1.00000
-284438.50492,-505698.62106,136.44800,547895077.95051,9.47000,447192.00000,4.01000,0.00000,0.00000,1.00000
-284198.23722,-506037.95598,138.23100,547895077.99765,9.30000,385126.00000,3.19000,0.00000,0.00000,1.00000
-284066.72198,-506364.08973,140.02300,547895078.04478,9.28000,1615954.00000,2.44000,0.00000,0.00000,1.00000
-283955.63600,-506687.73808,140.52300,547895078.09192,9.36000,990087.00000,2.97000,0.00000,0.00000,1.00000
-283883.23478,-507006.69490,140.23300,547895078.13905,9.35000,1716440.00000,2.44000,0.00000,0.00000,1.00000
-283780.17278,-507329.37249,138.84400,547895078.18619,9.37000,463020.00000,2.62000,0.00000,0.00000,1.00000
-283717.97445,-507647.07922,137.10200,547895078.23332,9.45000,519608.00000,3.24000,0.00000,0.00000,1.00000
-283642.64279,-507966.38472,136.08300,547895078.28045,9.45000,341188.00000,3.80000,0.00000,0.00000,1.00000
-283643.21642,-508276.48170,135.45400,547895078.32759,9.50000,436194.00000,3.80000,0.00000,0.00000,1.00000
-283554.01310,-508597.47615,135.15100,547895078.37472,9.69000,302119.00000,3.96000,0.00000,0.00000,1.00000
-283556.77483,-508907.31308,134.85100,547895078.42186,9.84000,261023.00000,4.48000,0.00000,0.00000,1.00000
-283642.74487,-509207.05709,134.22900,547895078.46899,9.99000,189294.00000,4.29000,0.00000,0.00000,1.00000
-283746.95695,-509504.58440,133.62000,547895078.51613,10.13000,246001.00000,4.90000,0.00000,0.00000,1.00000
-283827.08748,-509805.04647,133.32700,547895078.56326,10.13000,1198379.00000,4.49000,0.00000,0.00000,1.00000
-286954.73302,-509736.00108,121.02900,547895078.61040,10.18000,843402.00000,4.68000,0.00000,0.00000,1.00000
-286798.35250,-510065.15205,122.86800,547895078.65753,10.39000,615801.00000,7.27000,0.00000,0.00000,1.00000
-286465.33067,-510415.73174,124.03000,547895078.70467,10.39000,702704.00000,6.67000,0.00000,0.00000,1.00000
-285667.32348,-510822.66512,125.13500,547895078.75180,10.29000,706965.00000,6.13000,0.00000,0.00000,1.00000
-285235.01712,-511185.24515,127.69400,547895078.79894,10.29000,1067882.00000,7.57000,0.00000,0.00000,1.00000
-285478.64726,-511465.89973,130.88000,547895078.84607,9.92000,310774.00000,7.45000,0.00000,0.00000,1.00000
-286109.14834,-511699.66620,133.07000,547895078.89321,9.84000,139764.00000,6.60000,0.00000,0.00000,1.00000
-286051.29883,-512016.85828,135.97900,547895078.94034,9.64000,262410.00000,4.20000,0.00000,0.00000,1.00000
-285927.02372,-512342.10196,139.11300,547895078.98747,9.44000,3531515.00000,3.46000,0.00000,0.00000,1.00000
-287308.64900,-512484.85782,135.45400,547895079.03461,9.41000,825405.00000,4.18000,0.00000,0.00000,1.00000
-287725.99313,-512744.47847,138.75200,547895079.08174,9.57000,722460.00000,4.84000,0.00000,0.00000,1.00000
-287444.04006,-513088.84019,140.22400,547895079.12888,9.27000,1583297.00000,5.15000,0.00000,0.00000,1.00000
-287533.63743,-513388.17792,139.96200,547895079.17601,9.04000,1588473.00000,5.09000,0.00000,0.00000,1.00000
-287200.59032,-513738.72432,137.46600,547895079.22314,8.72000,2095706.00000,4.47000,0.00000,0.00000,1.00000
-287198.22138,-514049.21944,133.81400,547895079.27028,8.51000,2063959.00000,3.40000,0.00000,0.00000,1.00000
-287377.60120,-514337.67560,130.82400,547895079.31741,8.57000,1544435.00000,2.96000,0.00000,0.00000,1.00000
-285920.37348,-514824.37951,120.54900,547895079.36455,8.75000,1814361.00000,3.05000,0.00000,0.00000,1.00000
-285373.40818,-515200.81259,115.96100,547895079.41168,8.81000,617383.00000,3.23000,0.00000,0.00000,1.00000
-285192.88683,-515532.84980,113.61000,547895079.45881,9.01000,944936.00000,3.21000,0.00000,0.00000,1.00000
-284864.89859,-515882.74014,111.36000,547895079.50595,9.07000,729008.00000,4.34000,0.00000,0.00000,1.00000
-284498.22502,-516237.32346,110.66300,547895079.55308,8.99000,925021.00000,4.59000,0.00000,0.00000,1.00000
-284501.65145,-516547.07604,109.82000,547895079.60022,9.09000,345880.00000,4.19000,0.00000,0.00000,1.00000
-284388.27355,-516870.96898,109.62000,547895079.64735,9.07000,396828.00000,3.75000,0.00000,0.00000,1.00000
-288373.07522,-516698.71779,144.82500,547895079.69448,8.90000,1000257.00000,2.62000,0.00000,0.00000,1.00000
-283276.73308,-517625.85537,109.62800,547895079.74162,8.89000,1455734.00000,1.85000,0.00000,0.00000,1.00000
-287905.45665,-517375.74015,143.71600,547895079.78875,8.96000,3364207.00000,1.95000,0.00000,0.00000,1.00000
-287617.62767,-517720.78850,141.98400,547895079.83589,8.99000,406240.00000,2.62000,0.00000,0.00000,1.00000
-287565.57425,-518037.28521,141.40600,547895079.88302,8.94000,1826803.00000,2.70000,0.00000,0.00000,1.00000
-287441.25127,-518362.53321,141.05700,547895079.93015,8.93000,745630.00000,3.07000,0.00000,0.00000,1.00000
-287349.04568,-518683.89422,140.19300,547895079.97729,8.91000,623227.00000,3.88000,0.00000,0.00000,1.00000
-291893.69559,-518445.45088,133.36400,548013981.48794,9.94000,1302857.00000,2.99000,0.00000,0.00000,0.00000
-291535.23460,-518400.63760,132.71500,548013981.53506,9.80000,178207.00000,3.87000,0.00000,0.00000,0.00000
-291306.29935,-518193.91824,131.60900,548013981.58219,9.68000,105857.00000,5.18000,0.00000,0.00000,0.00000
-291124.68088,-517928.07438,130.94700,548013981.62931,9.46000,180046.00000,6.33000,0.00000,0.00000,0.00000
-290882.43320,-517738.00486,131.11700,548013981.67643,9.34000,167051.00000,6.07000,0.00000,0.00000,0.00000
-290695.77428,-517478.48329,131.55600,548013981.72356,9.07000,171017.00000,5.96000,0.00000,0.00000,0.00000
-290639.56133,-517055.90990,131.86000,548013981.77068,9.08000,360328.00000,9.09000,0.00000,0.00000,0.00000
-290364.71205,-516906.60270,132.71800,548013981.81781,9.10000,639160.00000,7.51000,0.00000,0.00000,0.00000
-290015.44428,-516850.27937,134.47000,548013981.86493,9.00000,1647881.00000,6.65000,0.00000,0.00000,0.00000
-289875.65079,-516532.20311,136.34500,548013981.91206,8.77000,1818718.00000,6.03000,0.00000,0.00000,0.00000
-290250.32602,-515571.20689,144.20200,548013981.95918,8.47000,1506646.00000,4.43000,0.00000,0.00000,0.00000
-290006.72666,-515382.86830,144.88600,548013982.00630,8.41000,2089366.00000,4.98000,0.00000,0.00000,0.00000
-289637.25446,-515351.78916,145.69100,548013982.05343,8.23000,1912563.00000,3.44000,0.00000,0.00000,0.00000
-289694.98679,-514786.88964,151.11500,548013982.10055,7.87000,3846693.00000,2.03000,0.00000,0.00000,0.00000
-289499.16496,-514538.85728,154.64500,548013982.14767,7.69000,1595953.00000,2.35000,0.00000,0.00000,0.00000
-289285.42781,-514313.19159,153.27400,548013982.19480,7.61000,633435.00000,2.46000,0.00000,0.00000,0.00000
-289141.51992,-514000.28330,151.68700,548013982.24192,7.70000,830544.00000,2.57000,0.00000,0.00000,0.00000
-289191.92753,-513444.57940,150.63000,548013982.28905,7.95000,1676200.00000,2.50000,0.00000,0.00000,0.00000
-289035.16197,-513147.73255,148.43600,548013982.33617,8.18000,2027210.00000,2.36000,0.00000,0.00000,0.00000
-288794.34516,-512955.93980,145.25400,548013982.38329,8.33000,537398.00000,2.20000,0.00000,0.00000,0.00000
-288464.40077,-512875.48200,141.73300,548013982.43042,8.51000,480405.00000,3.13000,0.00000,0.00000,0.00000
-288044.42367,-512907.53684,138.99600,548013982.47754,8.72000,264997.00000,3.34000,0.00000,0.00000,0.00000
-287405.30566,-513213.37290,137.58700,548013982.52467,8.81000,230596.00000,3.26000,0.00000,0.00000,0.00000
-286861.27422,-513400.37836,138.27300,548013982.57179,8.84000,987004.00000,3.21000,0.00000,0.00000,0.00000
-286802.37393,-512981.27280,135.87900,548013982.61892,9.02000,5152214.00000,2.59000,0.00000,0.00000,0.00000
-286207.34189,-513231.97540,142.12000,548013982.66604,9.10000,747507.00000,2.56000,0.00000,0.00000,0.00000
-285960.08616,-513048.19303,143.49200,548013982.71317,9.06000,2109599.00000,2.31000,0.00000,0.00000,0.00000
-285669.18324,-512918.92935,142.98900,548013982.76029,8.90000,617516.00000,1.96000,0.00000,0.00000,0.00000
-285429.28359,-512725.96524,140.07800,548013982.80742,9.06000,848269.00000,2.21000,0.00000,0.00000,0.00000
-285220.62386,-512493.97176,136.10000,548013982.85454,9.24000,2682953.00000,2.46000,0.00000,0.00000,0.00000
-285147.49350,-512092.64946,133.66500,548013982.90167,9.51000,4391422.00000,2.36000,0.00000,0.00000,0.00000
-285036.23628,-511738.96922,132.31900,548013982.94879,9.62000,3822400.00000,2.80000,0.00000,0.00000,0.00000
-284889.61017,-511429.48742,132.04100,548013982.99592,9.88000,1019046.00000,4.01000,0.00000,0.00000,0.00000
-284672.69581,-511207.82379,132.48800,548013983.04304,10.25000,1337093.00000,3.38000,0.00000,0.00000,0.00000
-284419.01933,-511032.05640,132.68800,548013983.09017,10.49000,753556.00000,3.09000,0.00000,0.00000,0.00000
-284174.99732,-510844.24199,132.42100,548013983.13729,10.47000,1585423.00000,3.61000,0.00000,0.00000,0.00000
-283920.87546,-510669.06582,132.68600,548013983.18442,10.43000,2113142.00000,3.39000,0.00000,0.00000,0.00000
-283670.42002,-510489.27512,132.99900,548013983.23154,10.62000,946223.00000,4.42000,0.00000,0.00000,0.00000
-283470.51660,-510246.37186,133.82800,548013983.27867,10.58000,384398.00000,4.38000,0.00000,0.00000,0.00000
-283227.41556,-510057.39388,134.00100,548013983.32579,10.44000,336786.00000,4.67000,0.00000,0.00000,0.00000
-283038.08088,-509801.28217,134.43400,548013983.37292,10.44000,277455.00000,5.79000,0.00000,0.00000,0.00000
-282909.85915,-509468.84567,135.00800,548013983.42004,10.25000,285439.00000,4.92000,0.00000,0.00000,0.00000
-282774.74710,-509145.01493,135.81200,548013983.46717,10.38000,370701.00000,5.72000,0.00000,0.00000,0.00000
-282546.82566,-508937.10999,136.10000,548013983.51429,10.27000,407972.00000,5.29000,0.00000,0.00000,0.00000
-282421.36912,-508601.22396,135.76400,548013983.56142,9.96000,324242.00000,5.82000,0.00000,0.00000,0.00000
-282472.35568,-508044.97584,136.02800,548013983.60854,10.13000,282414.00000,6.48000,0.00000,0.00000,0.00000
-282277.52249,-507795.73888,134.62100,548013983.65567,10.27000,441674.00000,5.55000,0.00000,0.00000,0.00000
-282009.64886,-507637.76618,132.59900,548013983.70279,10.42000,744640.00000,4.67000,0.00000,0.00000,0.00000
-281711.43832,-507517.64422,129.74500,548013983.74992,10.71000,269636.00000,4.39000,0.00000,0.00000,0.00000
-281369.12399,-507452.62620,126.89500,548013983.79704,10.96000,286053.00000,4.76000,0.00000,0.00000,0.00000
-281084.70161,-507315.29318,124.21300,548013983.84417,11.16000,450789.00000,5.66000,0.00000,0.00000,0.00000
-280803.03076,-507174.50506,121.26700,548013983.89129,11.42000,949224.00000,6.76000,0.00000,0.00000,0.00000
-280626.58997,-506902.30816,120.62200,548013983.93842,11.63000,819497.00000,7.32000,0.00000,0.00000,0.00000
-280301.26518,-506816.03148,119.42800,548013983.98555,11.60000,1297010.00000,6.63000,0.00000,0.00000,0.00000
-280040.28363,-506649.43519,119.09800,548013984.03267,11.62000,1067749.00000,6.19000,0.00000,0.00000,0.00000
-279808.24798,-506446.67950,120.76100,548013984.07980,11.36000,562280.00000,6.63000,0.00000,0.00000,0.00000
-279517.85053,-506316.78491,120.46200,548013984.12692,11.39000,557089.00000,5.70000,0.00000,0.00000,0.00000
-279109.35894,-506334.37263,119.64100,548013984.17405,11.53000,290214.00000,6.61000,0.00000,0.00000,0.00000
-278659.04949,-506404.17574,119.04700,548013984.22117,11.48000,215729.00000,6.94000,0.00000,0.00000,0.00000
-278064.89946,-506653.57730,118.53700,548013984.26830,11.64000,116269.00000,7.49000,0.00000,0.00000,0.00000
-277587.46935,-506757.22248,118.49000,548013984.31543,11.85000,124264.00000,8.03000,0.00000,0.00000,0.00000
-277195.05168,-506754.70267,117.78500,548013984.36255,11.77000,147760.00000,9.76000,0.00000,0.00000,0.00000
-277592.14924,-505766.36736,116.72100,548013984.40968,11.63000,234458.00000,10.75000,0.00000,0.00000,0.00000
-277373.45039,-505546.95039,115.71100,548013984.45681,11.62000,206841.00000,8.36000,0.00000,0.00000,0.00000
-277279.74971,-505171.44621,114.72800,548013984.50393,11.30000,283635.00000,8.60000,0.00000,0.00000,0.00000
-278319.43930,-498807.48883,127.12400,548067729.46597,11.54000,114054.00000,9.92000,0.53200,0.00000,1.00000
-278431.64004,-499105.24923,127.77000,548067729.51311,11.48000,186901.00000,10.12000,0.53200,0.00000,1.00000
-278620.61711,-499394.87209,128.60900,548067729.56025,11.79000,118183.00000,12.76000,0.53200,0.00000,1.00000
-279009.20860,-499663.32046,130.76400,548067729.60739,11.55000,236825.00000,8.21000,0.53200,0.00000,1.00000
-278696.59225,-500006.17969,129.21300,548067729.65453,11.39000,849253.00000,6.71000,0.00000,0.00000,1.00000
-278285.26273,-500359.51078,127.20300,548067729.70167,11.11000,684833.00000,6.15000,0.00000,0.00000,1.00000
-278758.26112,-500928.68690,128.15100,548067729.79595,10.22000,2430530.00000,4.27000,0.00000,0.00000,1.00000
-282921.83928,-501106.24510,123.60100,548067729.89024,10.45000,423502.00000,4.70000,0.00000,0.00000,1.00000
-279124.07996,-501818.92056,129.08600,548067729.93738,10.60000,158959.00000,5.66000,0.00000,0.00000,1.00000
-278257.20250,-502220.57354,125.74400,548067729.98452,10.69000,151717.00000,6.22000,0.00000,0.00000,1.00000
-283076.97739,-502638.36670,126.04600,548067730.12594,11.06000,564043.00000,4.00000,0.00000,0.00000,1.00000
-282622.48689,-502996.30361,120.66800,548067730.17308,11.00000,1400209.00000,5.37000,0.00000,0.00000,1.00000
-282322.97974,-503337.77426,118.81700,548067730.22022,10.85000,374453.00000,4.17000,0.00000,0.00000,1.00000
-282035.18355,-503678.01352,116.86100,548067730.26736,10.88000,368701.00000,3.31000,0.00000,0.00000,1.00000
-282115.18658,-503979.24720,118.01500,548067730.31450,11.11000,1254765.00000,3.09000,0.00000,0.00000,1.00000
-282056.96853,-504295.13244,119.81400,548067730.36164,11.09000,1019527.00000,2.25000,0.00000,0.00000,1.00000
-276983.93248,-505142.65172,118.25800,548067730.40878,11.12000,4069557.00000,2.84000,0.00000,0.00000,1.00000
-276956.43548,-505455.24562,116.27300,548067730.45592,11.46000,309647.00000,4.31000,0.00000,0.00000,1.00000
-277267.48593,-505731.95040,114.99900,548067730.50306,11.95000,164919.00000,7.13000,0.00000,0.00000,1.00000
-277838.85380,-505981.07504,116.16300,548067730.55020,11.85000,219635.00000,7.77000,0.00000,0.00000,1.00000
-277868.37852,-506287.62312,117.46100,548067730.59735,12.18000,283206.00000,7.04000,0.00000,0.00000,1.00000
-277396.27649,-506647.32392,117.80800,548067730.64449,12.32000,296677.00000,6.62000,0.00000,0.00000,1.00000
-276902.24237,-507009.35474,118.86500,548067730.69163,12.44000,685349.00000,5.62000,0.00000,0.00000,1.00000
-276645.84355,-507346.17911,119.14800,548067730.73877,12.44000,1145458.00000,6.41000,0.00000,0.00000,1.00000
-278665.07006,-507441.95403,114.51600,548067730.78591,12.18000,1259946.00000,6.04000,0.00000,0.00000,1.00000
-279724.90623,-507639.36270,117.95900,548067730.83305,12.23000,1697718.00000,7.31000,0.00000,0.00000,1.00000
-279752.22365,-507946.15629,118.61400,548067730.88019,12.51000,683243.00000,9.37000,0.00000,0.00000,1.00000
-279177.72987,-508316.70673,117.12800,548067730.92733,12.51000,904226.00000,8.80000,0.00000,0.00000,1.00000
-278399.94385,-508708.77802,116.21100,548067730.97447,12.40000,849405.00000,11.47000,0.00000,0.00000,1.00000
-277423.98554,-509121.81178,116.53500,548067731.02161,12.74000,2882371.00000,9.48000,0.00000,0.00000,1.00000
-277001.57832,-509476.21205,119.25800,548067731.06875,12.45000,273421.00000,9.48000,0.00000,0.00000,1.00000
-277738.19281,-509707.89128,119.01200,548067731.11589,13.05000,241967.00000,13.52000,0.00000,0.00000,1.00000
-279111.72428,-509872.13640,121.87300,548067731.16303,12.89000,45789.00000,15.67000,0.00000,0.00000,1.00000
-279770.82680,-510112.04313,124.99500,548067731.21017,12.33000,206325.00000,10.35000,0.00000,0.00000,1.00000
-279719.15413,-510427.20222,125.24800,548067731.25731,11.97000,172438.00000,8.93000,0.00000,0.00000,1.00000
-279527.08097,-510757.23005,125.11000,548067731.30445,11.67000,168691.00000,7.57000,0.00000,0.00000,1.00000
-279258.21912,-511095.37437,124.52400,548067731.35159,11.83000,257722.00000,7.23000,0.00000,0.00000,1.00000
-279288.44250,-511401.87191,124.99100,548067731.39873,11.87000,99772.00000,8.68000,0.00000,0.00000,1.00000
-279208.23442,-511720.03470,125.30300,548067731.44587,11.85000,207709.00000,8.46000,0.00000,0.00000,1.00000
-279073.92028,-512043.94504,125.24400,548067731.49301,11.64000,273530.00000,7.14000,0.00000,0.00000,1.00000
-278945.45325,-512367.22960,124.64800,548067731.54015,11.90000,161364.00000,7.21000,0.00000,0.00000,1.00000
-278828.68170,-512689.26967,123.86100,548067731.58729,12.04000,175664.00000,11.18000,0.00000,0.00000,1.00000
