-309969.57342,-486550.93648,147.84500,637770016.07550,11.16000,804764.00000,4.17000,0.00000,0.00000,0.00000
-309329.36741,-486939.19165,148.69200,637770016.12226,11.66000,274856.00000,9.58000,0.00000,0.00000,0.00000
-309006.24230,-486868.67819,149.80400,637770016.16903,11.77000,442526.00000,9.97000,0.00000,0.00000,0.00000
-308348.99573,-487281.56484,154.00800,637770016.21580,12.01000,141972.00000,8.93000,0.00000,0.00000,0.00000
-308346.27527,-486747.47281,153.12800,637770016.26256,12.25000,179744.00000,10.00000,0.00000,0.00000,0.00000
-308511.45994,-485970.49172,151.59600,637770016.30933,12.42000,209103.00000,12.54000,0.00000,0.00000,0.00000
-308635.49966,-485253.02499,151.92000,637770016.35610,11.96000,224430.00000,11.46000,0.00000,0.00000,0.00000
-308353.11896,-485123.58225,155.78400,637770016.40286,11.65000,450882.00000,6.83000,0.00000,0.00000,0.00000
-307957.27688,-485158.26274,159.21400,637770016.44963,11.49000,1067135.00000,5.86000,0.00000,0.00000,0.00000
-307802.48422,-484844.24448,161.74800,637770016.49640,11.16000,7337889.00000,4.77000,0.00000,0.00000,0.00000
-307460.06005,-484263.68567,166.33300,637770016.58993,10.17000,563401.00000,4.24000,0.00000,0.00000,0.00000
-307326.05158,-483919.61053,167.04900,637770016.63670,10.04000,403917.00000,4.52000,0.00000,0.00000,0.00000
-307157.12792,-483626.02737,166.88400,637770016.68347,9.92000,274416.00000,4.02000,0.00000,0.00000,0.00000
-307108.32181,-483158.70943,165.18400,637770016.73023,9.89000,231726.00000,5.33000,0.00000,0.00000,0.00000
-310678.70742,-487193.12042,143.47000,637823762.28161,10.77000,955209.00000,4.58000,0.00000,0.00000,1.00000
-310971.61377,-487452.16175,143.13400,637823762.32846,10.89000,2000884.00000,4.02000,0.00000,0.00000,1.00000
-311767.20647,-492911.57351,151.72200,637823763.17179,10.55000,299396.00000,3.96000,0.00000,0.00000,1.00000
-311426.64171,-493283.28579,151.54200,637823763.21864,10.39000,324150.00000,3.73000,0.00000,0.00000,1.00000
-311115.16507,-493960.94998,149.09300,637823763.31234,10.08000,283693.00000,3.75000,0.00000,0.00000,1.00000
-312025.85105,-494350.74657,147.02600,637942668.22179,11.70000,2721894.00000,7.68000,0.00000,0.00000,0.00000
-311350.44622,-494770.14097,145.07700,637942668.26861,12.19000,1069062.00000,8.14000,0.00000,0.00000,0.00000
-310113.69393,-495976.10892,141.33200,637942668.31542,12.76000,1825074.00000,7.62000,0.00000,0.00000,0.00000
-310410.49934,-495033.09791,141.38700,637942668.36224,12.40000,1929893.00000,7.26000,0.00000,0.00000,0.00000
-311006.45949,-493670.92814,150.09400,637942668.40905,11.69000,1743045.00000,5.38000,0.00000,0.00000,0.00000
-310588.97246,-493728.86948,153.16200,637942668.45587,10.99000,1259850.00000,4.42000,0.00000,0.00000,0.00000
-309982.39271,-494051.76701,153.92900,637942668.50269,10.94000,273750.00000,6.48000,0.00000,0.00000,0.00000
-309090.24292,-494774.76762,155.25500,637942668.54950,11.27000,276353.00000,9.41000,0.00000,0.00000,0.00000
-308362.11092,-495267.92422,157.77400,637942668.59632,10.96000,430184.00000,8.42000,0.00000,0.00000,0.00000
-308041.06979,-495190.67405,157.79800,637942668.64313,10.97000,223135.00000,8.58000,0.00000,0.00000,0.00000
-308006.02411,-494712.71755,156.28700,637942668.68995,11.14000,120505.00000,8.65000,0.00000,0.00000,0.00000
-308085.29964,-494074.60322,154.10300,637942668.73677,11.33000,73581.00000,10.16000,0.00000,0.00000,0.00000
-308263.59970,-493297.76944,152.20400,637942668.78358,11.00000,237515.00000,10.11000,0.00000,0.00000,0.00000
-308388.35563,-492595.94516,150.93000,637942668.83040,10.89000,193620.00000,7.96000,0.00000,0.00000,0.00000
-308193.13101,-492342.46768,149.94800,637942668.87721,10.90000,92403.00000,7.68000,0.00000,0.00000,0.00000
-307847.03945,-492300.34792,150.14900,637942668.92403,10.83000,151153.00000,7.37000,0.00000,0.00000,0.00000
-307442.30453,-492340.39267,151.20800,637942668.97084,10.59000,198550.00000,5.59000,0.00000,0.00000,0.00000
-307287.87512,-492029.74579,152.10600,637942669.01766,10.72000,221346.00000,6.92000,0.00000,0.00000,0.00000
-307181.89773,-491651.22765,153.03500,637942669.06448,10.72000,122255.00000,6.88000,0.00000,0.00000,0.00000
-307185.99614,-491118.51713,154.53400,637942669.11129,10.32000,368230.00000,5.28000,0.00000,0.00000,0.00000
-307276.36694,-490464.95558,157.44600,637942669.15811,10.19000,793364.00000,4.42000,0.00000,0.00000,0.00000
-306506.15993,-491016.98592,150.73400,637942669.20493,10.08000,1570002.00000,3.39000,0.00000,0.00000,0.00000
-305936.09887,-491288.59490,148.45900,637942669.25174,9.77000,789922.00000,4.31000,0.00000,0.00000,0.00000
-305734.93206,-491043.42951,147.67900,637942669.29856,9.57000,932514.00000,4.10000,0.00000,0.00000,0.00000
-305628.97868,-490664.91364,147.49800,637942669.34537,9.47000,280482.00000,4.21000,0.00000,0.00000,0.00000
-305288.42169,-490615.02906,147.13300,637942669.39219,9.47000,377633.00000,5.52000,0.00000,0.00000,0.00000
-305402.62324,-489928.12156,149.31700,637942669.43901,9.41000,398702.00000,5.81000,0.00000,0.00000,0.00000
-305259.70480,-489601.40804,150.71900,637942669.48582,9.87000,348666.00000,9.11000,0.00000,0.00000,0.00000
-305284.23442,-489040.12577,152.99900,637942669.53264,9.68000,561230.00000,8.43000,0.00000,0.00000,0.00000
-304636.81869,-489420.05876,152.77800,637942669.57946,9.78000,751311.00000,7.94000,0.00000,0.00000,0.00000
-304195.53089,-489511.24063,150.48300,637942669.62627,9.60000,1747886.00000,5.61000,0.00000,0.00000,0.00000
-304638.31303,-488364.16767,149.32700,637942669.67309,9.62000,462012.00000,5.73000,0.00000,0.00000,0.00000
-304615.69014,-487868.96391,148.47400,637942669.71991,9.64000,567857.00000,5.75000,0.00000,0.00000,0.00000
-304263.25091,-487835.73352,146.79900,637942669.76673,9.60000,661114.00000,5.16000,0.00000,0.00000,0.00000
-303674.48120,-488133.48584,144.78600,637942669.81354,9.70000,2184103.00000,3.61000,0.00000,0.00000,0.00000
-302879.55292,-488719.96510,149.72900,637942669.86036,9.87000,1396258.00000,4.19000,0.00000,0.00000,0.00000
-302860.34508,-488220.00692,149.41300,637942669.90718,9.82000,150259.00000,5.60000,0.00000,0.00000,0.00000
-303123.36937,-487324.77531,152.38600,637942669.95399,9.83000,249432.00000,5.76000,0.00000,0.00000,0.00000
-303158.99414,-486748.03840,156.38900,637942670.00081,9.66000,626026.00000,3.78000,0.00000,0.00000,0.00000
-302956.59376,-486504.65922,159.15800,637942670.04763,9.57000,2652184.00000,3.35000,0.00000,0.00000,0.00000
-302729.12350,-486296.40413,160.29500,637942670.09444,9.51000,1943159.00000,3.01000,0.00000,0.00000,0.00000
-302468.07822,-486135.17386,160.73500,637942670.14126,9.43000,1816308.00000,3.02000,0.00000,0.00000,0.00000
-302222.33406,-485952.50540,160.75900,637942670.18808,9.23000,2668500.00000,3.14000,0.00000,0.00000,0.00000
-301968.09794,-485781.74379,159.70600,637942670.23489,9.23000,2839005.00000,2.79000,0.00000,0.00000,0.00000
-301807.79112,-485479.41902,159.89400,637942670.28171,9.19000,1383674.00000,3.18000,0.00000,0.00000,0.00000
-301686.60098,-485122.34871,161.80600,637942670.32853,8.88000,6638514.00000,2.46000,0.00000,0.00000,0.00000
-301402.60565,-484993.24410,162.18000,637942670.37535,8.95000,2631643.00000,2.56000,0.00000,0.00000,0.00000
-301109.69466,-484876.65095,162.22200,637942670.42216,8.94000,4116324.00000,2.50000,0.00000,0.00000,0.00000
-300764.49502,-484833.26153,161.50000,637942670.46898,8.96000,852391.00000,2.94000,0.00000,0.00000,0.00000
-300421.42249,-484786.89215,160.51100,637942670.51580,8.95000,824561.00000,4.55000,0.00000,0.00000,0.00000
-300085.15097,-484731.00551,161.60800,637942670.56262,8.88000,1375221.00000,3.34000,0.00000,0.00000,0.00000
-299716.56743,-484720.33583,160.73400,637942670.60943,8.88000,404509.00000,4.61000,0.00000,0.00000,0.00000
-299410.90891,-484621.59092,160.98800,637942670.65625,8.76000,527436.00000,4.10000,0.00000,0.00000,0.00000
-299171.55646,-484429.97077,161.48400,637942670.70307,8.77000,346216.00000,4.20000,0.00000,0.00000,0.00000
-298952.61558,-484209.78594,161.71300,637942670.74988,8.91000,434357.00000,4.23000,0.00000,0.00000,0.00000
-298756.20987,-483958.05092,161.71400,637942670.79670,9.02000,558575.00000,5.15000,0.00000,0.00000,0.00000
-298711.99997,-483493.24143,163.16700,637942670.84352,9.21000,808812.00000,4.16000,0.00000,0.00000,0.00000
-298575.95946,-483156.98897,165.18000,637942670.89033,9.10000,5500318.00000,2.50000,0.00000,0.00000,0.00000
-298238.85369,-483102.28071,165.65000,637942670.93715,8.93000,7431841.00000,2.21000,0.00000,0.00000,0.00000
-297809.49039,-483176.70505,163.47800,637942670.98397,8.75000,1896904.00000,2.76000,0.00000,0.00000,0.00000
-297383.94301,-483245.75831,160.97100,637942671.03079,8.54000,264986.00000,4.01000,0.00000,0.00000,0.00000
-297057.45876,-483176.14584,159.17700,637942671.07760,8.98000,159491.00000,6.96000,0.00000,0.00000,0.00000
-296459.72508,-483486.24528,156.44600,637942671.12442,9.52000,143281.00000,10.67000,0.00000,0.00000,0.00000
-295705.10463,-484015.96920,155.39500,637942671.17124,9.61000,158946.00000,8.35000,0.00000,0.00000,0.00000
-295197.91039,-484199.28180,154.25000,637942671.21806,9.43000,210666.00000,7.27000,0.00000,0.00000,0.00000
-295789.34456,-482844.67527,155.29800,637942671.26488,9.37000,264570.00000,5.90000,0.00000,0.00000,0.00000
-295349.33579,-482933.94517,151.35800,637942671.31169,9.32000,665953.00000,6.08000,0.00000,0.00000,0.00000
-295550.06247,-482126.31698,153.43700,637942671.35851,8.84000,3419990.00000,3.76000,0.00000,0.00000,0.00000
-290953.39264,-486453.76577,134.29800,637942671.54578,8.31000,684566.00000,3.68000,0.00000,0.00000,0.00000
-290599.22651,-486422.78548,133.94300,637942671.59260,7.74000,659129.00000,3.71000,0.00000,0.00000,0.00000
-290219.96696,-486426.91720,133.45000,637942671.63942,7.44000,1574596.00000,3.79000,0.00000,0.00000,0.00000
-303511.44688,-480966.66348,167.42100,637996414.26361,9.95000,1370230.00000,3.98000,0.00000,0.00000,1.00000
-303898.93535,-481214.30616,160.42000,637996414.31051,9.94000,2730333.00000,4.48000,0.00000,0.00000,1.00000
-303712.44297,-481555.22321,160.67600,637996414.35740,9.99000,1338216.00000,4.93000,0.00000,0.00000,1.00000
-304296.55887,-481770.92751,159.89900,637996414.40430,10.06000,1417574.00000,7.32000,0.00000,0.00000,1.00000
-303711.72992,-482176.54368,159.85200,637996414.45120,10.06000,254083.00000,4.93000,0.00000,0.00000,1.00000
-304013.18904,-482438.18262,159.33000,637996414.49809,9.95000,980275.00000,4.43000,0.00000,0.00000,1.00000
-304658.03532,-482644.04119,157.70800,637996414.54499,10.00000,1242903.00000,5.29000,0.00000,0.00000,1.00000
-304669.60716,-482952.78636,157.59900,637996414.59189,10.15000,842750.00000,5.77000,0.00000,0.00000,1.00000
-304725.99423,-483254.24332,157.27800,637996414.63878,10.44000,382645.00000,5.59000,0.00000,0.00000,1.00000
-304423.80098,-483613.93362,157.23900,637996414.68568,10.51000,1907638.00000,5.68000,0.00000,0.00000,1.00000
-302703.96176,-484203.87146,161.29200,637996414.73258,10.43000,1127708.00000,5.20000,0.00000,0.00000,1.00000
-303812.19100,-484334.49826,160.47500,637996414.77947,10.56000,1021993.00000,5.56000,0.00000,0.00000,1.00000
-305529.86171,-484366.16608,162.01300,637996414.82637,10.56000,871083.00000,6.28000,0.00000,0.00000,1.00000
-306129.88027,-484579.34299,164.00300,637996414.87327,10.24000,959963.00000,4.20000,0.00000,0.00000,1.00000
-306203.60220,-484877.99195,164.52700,637996414.92016,10.17000,1125739.00000,4.49000,0.00000,0.00000,1.00000
-306125.51655,-485201.31028,164.04000,637996414.96706,10.12000,682227.00000,4.42000,0.00000,0.00000,1.00000
-306176.82839,-485503.60047,163.53600,637996415.01396,10.09000,656613.00000,4.47000,0.00000,0.00000,1.00000
-306201.39711,-485810.24867,162.66700,637996415.06086,10.04000,1043408.00000,4.39000,0.00000,0.00000,1.00000
-306385.72595,-486090.94087,161.75800,637996415.10775,10.22000,2627811.00000,3.48000,0.00000,0.00000,1.00000
-304300.71892,-486740.06303,151.65600,637996415.15465,10.32000,1991911.00000,4.28000,0.00000,0.00000,1.00000
-304756.15257,-486976.74916,151.01400,637996415.20155,10.42000,437082.00000,4.89000,0.00000,0.00000,1.00000
-304772.01880,-487284.78098,149.17400,637996415.24844,10.42000,332120.00000,5.87000,0.00000,0.00000,1.00000
-304920.91306,-487571.22721,148.23000,637996415.29534,10.48000,363531.00000,5.99000,0.00000,0.00000,1.00000
-305014.14150,-487866.72050,148.26800,637996415.34224,10.68000,301297.00000,6.96000,0.00000,0.00000,1.00000
-305003.97293,-488178.97831,148.78500,637996415.38914,10.55000,309133.00000,5.65000,0.00000,0.00000,1.00000
-304983.68955,-488492.89471,149.56600,637996415.43603,10.61000,441359.00000,5.83000,0.00000,0.00000,1.00000
-305021.23480,-488797.41719,150.73100,637996415.48293,10.49000,275875.00000,4.91000,0.00000,0.00000,1.00000
-305167.95377,-489084.23125,151.97600,637996415.52983,10.20000,234781.00000,4.25000,0.00000,0.00000,1.00000
-305240.19910,-489383.12411,152.65800,637996415.57672,10.11000,373005.00000,3.92000,0.00000,0.00000,1.00000
-305749.84832,-489611.05031,153.88200,637996415.62362,10.03000,761068.00000,3.26000,0.00000,0.00000,1.00000
-305827.15311,-489909.12665,153.59700,637996415.67052,10.09000,1078775.00000,3.48000,0.00000,0.00000,1.00000
-305294.97965,-490306.09230,150.84800,637996415.71741,10.13000,1073279.00000,3.95000,0.00000,0.00000,1.00000
-305691.11650,-490552.43989,150.56100,637996415.76431,10.22000,1310853.00000,4.39000,0.00000,0.00000,1.00000
-306290.41804,-490765.83772,150.78600,637996415.81121,10.23000,1436120.00000,4.24000,0.00000,0.00000,1.00000
-306468.93397,-491047.49847,149.97200,637996415.85810,10.38000,1829088.00000,4.17000,0.00000,0.00000,1.00000
-306431.99858,-491364.11991,149.18000,637996415.90500,10.47000,2073267.00000,4.77000,0.00000,0.00000,1.00000
-306448.55696,-491672.05773,149.51200,637996415.95190,10.63000,3038250.00000,4.59000,0.00000,0.00000,1.00000
-306367.51189,-491995.83297,149.59300,637996415.99880,10.58000,3554397.00000,3.71000,0.00000,0.00000,1.00000
-306355.14751,-492308.47035,151.93300,637996416.04569,10.57000,1613638.00000,3.80000,0.00000,0.00000,1.00000
-306243.00748,-492637.28540,151.76100,637996416.09259,10.84000,1578867.00000,4.93000,0.00000,0.00000,1.00000
-306348.49390,-492930.79933,145.83600,637996416.13949,10.77000,2398230.00000,4.07000,0.00000,0.00000,1.00000
-306380.94562,-493236.15899,146.49300,637996416.18638,10.60000,1899316.00000,4.62000,0.00000,0.00000,1.00000
-306354.84138,-493551.03678,147.21900,637996416.23328,10.74000,1160932.00000,4.93000,0.00000,0.00000,1.00000
-306270.15904,-493875.39652,148.69100,637996416.28018,10.82000,695861.00000,5.26000,0.00000,0.00000,1.00000
-306894.03698,-494084.86427,150.11100,637996416.32708,10.87000,336869.00000,6.24000,0.00000,0.00000,1.00000
-307470.91957,-494301.96543,152.23200,637996416.37398,10.75000,348451.00000,5.32000,0.00000,0.00000,1.00000
-307519.26647,-494604.76541,154.45400,637996416.42087,10.51000,1389660.00000,3.17000,0.00000,0.00000,1.00000
-307545.92682,-494911.09233,156.41100,637996416.46777,10.43000,3341052.00000,2.95000,0.00000,0.00000,1.00000
-307561.73642,-495219.17253,158.27400,637996416.51467,10.19000,1202686.00000,2.11000,0.00000,0.00000,1.00000
-307505.23637,-495538.95999,159.97100,637996416.56157,10.18000,2368610.00000,1.99000,0.00000,0.00000,1.00000
-306482.79876,-496015.33234,136.01400,637996416.60846,10.28000,1662665.00000,2.25000,0.00000,0.00000,1.00000
-305403.89545,-496500.84034,130.13700,637996416.65536,10.58000,5411710.00000,2.49000,0.00000,0.00000,1.00000
-308070.42727,-496379.26045,133.25400,637996416.70226,10.75000,2157971.00000,3.05000,0.00000,0.00000,1.00000
-310583.67916,-496282.51625,143.23600,637996416.74916,11.12000,696054.00000,4.75000,0.00000,0.00000,1.00000
-310909.68362,-496540.34815,145.42900,637996416.79606,11.02000,1211433.00000,5.51000,0.00000,0.00000,1.00000
-311111.29962,-496818.33980,148.89500,637996416.84295,10.81000,1639459.00000,5.28000,0.00000,0.00000,1.00000
-310946.33822,-497155.73929,147.24800,637996416.88985,10.50000,317568.00000,5.66000,0.00000,0.00000,1.00000
-310372.12467,-497559.47809,143.21200,637996416.93675,10.40000,277114.00000,5.79000,0.00000,0.00000,1.00000
-310141.34928,-497907.54003,142.61400,637996416.98365,10.36000,1217113.00000,5.32000,0.00000,0.00000,1.00000
-309375.49981,-498342.30364,139.33200,637996417.03055,10.02000,2067180.00000,5.48000,0.00000,0.00000,1.00000
-307462.84332,-498962.86621,134.87100,637996417.07744,9.93000,1640402.00000,3.98000,0.00000,0.00000,1.00000
-307955.13461,-499193.74850,134.87200,637996417.12434,10.13000,1820376.00000,4.44000,0.00000,0.00000,1.00000
-308331.73018,-499443.37591,135.85600,637996417.17124,10.14000,425578.00000,4.67000,0.00000,0.00000,1.00000
-308488.52045,-499728.62463,132.63500,637996417.21814,10.52000,1624437.00000,5.99000,0.00000,0.00000,1.00000
-307983.67667,-500121.05714,129.95000,637996417.26504,10.48000,1504469.00000,6.38000,0.00000,0.00000,1.00000
-307563.42457,-500499.77442,128.26800,637996417.31193,10.61000,1040106.00000,6.47000,0.00000,0.00000,1.00000
-308771.57481,-500614.72297,131.47700,637996417.35883,10.73000,1193311.00000,6.53000,0.00000,0.00000,1.00000
-309644.93364,-500783.91099,135.27000,637996417.40573,10.96000,888342.00000,8.43000,0.00000,0.00000,1.00000
-310009.96209,-501035.45637,137.40100,637996417.45263,10.85000,690149.00000,8.29000,0.00000,0.00000,1.00000
-307826.02863,-508223.50636,102.04200,637996418.48442,11.96000,234738.00000,8.10000,0.00000,0.00000,1.00000
-307054.90715,-508658.89908,100.93100,637996418.53132,11.83000,546932.00000,7.05000,0.00000,0.00000,1.00000
-307146.54419,-508954.72742,99.14500,637996418.57822,12.26000,710031.00000,10.72000,0.00000,0.00000,1.00000
-307129.69756,-509268.09187,99.84700,637996418.62512,11.85000,561534.00000,8.90000,0.00000,0.00000,1.00000
-305958.81120,-507650.65480,100.29000,638115320.84441,9.28000,821782.00000,2.59000,0.00000,0.00000,0.00000
-306309.65924,-506657.75561,99.56000,638115320.89127,8.17000,3273857.00000,1.88000,0.00000,0.00000,0.00000
-305879.63189,-506724.70493,100.43100,638115320.93813,6.85000,434468.00000,3.54000,0.00000,0.00000,0.00000
-305379.26209,-506887.14161,103.91200,638115320.98500,5.89000,527627.00000,2.65000,0.00000,0.00000,0.00000
-305297.54326,-506481.34706,102.92600,638115321.03186,5.87000,351466.00000,2.74000,0.00000,0.00000,0.00000
-309295.81937,-500537.90628,139.92000,638115321.07872,6.58000,1273004.00000,2.95000,0.00000,0.00000,0.00000
-309031.74402,-500379.71851,138.77000,638115321.12559,7.61000,305439.00000,3.82000,0.00000,0.00000,0.00000
-308943.10538,-499983.40226,137.78800,638115321.17245,8.64000,634216.00000,5.19000,0.00000,0.00000,0.00000
-308141.43643,-500554.88498,131.81000,638115321.21932,9.38000,479529.00000,7.59000,0.00000,0.00000,0.00000
-307308.04348,-501169.39118,129.51800,638115321.26618,9.68000,426467.00000,5.43000,0.00000,0.00000,0.00000
-307019.21185,-501044.79155,130.06800,638115321.31305,9.91000,485843.00000,3.93000,0.00000,0.00000,0.00000
-306482.40779,-501256.72007,128.38000,638115321.35991,10.12000,1316077.00000,4.58000,0.00000,0.00000,0.00000
-306203.13280,-501119.14585,127.46700,638115321.40677,10.24000,1196382.00000,4.86000,0.00000,0.00000,0.00000
-306075.85704,-500775.28757,128.11000,638115321.45364,10.55000,245732.00000,6.32000,0.00000,0.00000,0.00000
-306290.36063,-499967.57936,130.15200,638115321.50050,10.57000,347848.00000,5.77000,0.00000,0.00000,0.00000
-306170.90627,-499613.11420,131.73900,638115321.54736,10.62000,255279.00000,6.24000,0.00000,0.00000,0.00000
-306209.09831,-499044.70858,134.65800,638115321.59423,10.58000,260200.00000,6.44000,0.00000,0.00000,0.00000
-305895.09590,-498954.28228,134.60100,638115321.64109,10.27000,639438.00000,4.59000,0.00000,0.00000,0.00000
-305703.99997,-498697.06286,134.12400,638115321.68796,10.33000,754415.00000,3.29000,0.00000,0.00000,0.00000
-305021.72014,-499106.39368,127.63600,638115321.73482,10.63000,1712364.00000,3.42000,0.00000,0.00000,0.00000
-304072.75194,-499877.58164,118.99600,638115321.78168,11.10000,974358.00000,5.84000,0.00000,0.00000,0.00000
-303937.68426,-499544.32010,116.26600,638115321.82855,11.63000,565307.00000,6.62000,0.00000,0.00000,0.00000
-304231.29731,-498629.36789,116.27600,638115321.87541,11.75000,259854.00000,6.31000,0.00000,0.00000,0.00000
-303625.42598,-498934.96416,114.28900,638115321.92228,11.30000,966291.00000,4.52000,0.00000,0.00000,0.00000
-303339.21102,-498806.78962,115.18100,638115321.96914,10.80000,2684158.00000,2.91000,0.00000,0.00000,0.00000
-304783.33131,-496330.73715,135.59200,638115322.01601,10.44000,1464083.00000,4.02000,0.00000,0.00000,0.00000
-304245.23392,-496544.39037,134.31700,638115322.06287,10.30000,1449968.00000,3.97000,0.00000,0.00000,0.00000
-303892.15307,-496506.98847,134.94900,638115322.10974,10.12000,1180888.00000,3.37000,0.00000,0.00000,0.00000
-303607.25610,-496377.05155,135.91100,638115322.15660,9.96000,911319.00000,3.07000,0.00000,0.00000,0.00000
-303315.41537,-496256.54217,136.52700,638115322.20347,10.05000,1184610.00000,3.34000,0.00000,0.00000,0.00000
-303031.39449,-496125.42057,136.27400,638115322.25033,10.03000,771129.00000,3.25000,0.00000,0.00000,0.00000
-302723.49423,-496026.70933,134.54300,638115322.29720,9.98000,452788.00000,4.04000,0.00000,0.00000,0.00000
-302487.26097,-495830.76010,132.85600,638115322.34406,10.05000,380312.00000,3.17000,0.00000,0.00000,0.00000
-302203.25031,-495699.61683,129.07100,638115322.39093,10.22000,387443.00000,3.23000,0.00000,0.00000,0.00000
-302048.68638,-495392.86743,124.83800,638115322.43779,10.63000,386697.00000,3.34000,0.00000,0.00000,0.00000
-301875.01403,-495112.03850,120.26200,638115322.48466,11.12000,436542.00000,4.19000,0.00000,0.00000,0.00000
-300735.72729,-496141.22213,112.52700,638115322.53152,11.60000,194701.00000,6.65000,0.00000,0.00000,0.00000
-300185.86833,-496370.73481,112.20900,638115322.57839,11.72000,254813.00000,6.20000,0.00000,0.00000,0.00000
-299679.43549,-496541.29659,114.31300,638115322.62525,11.63000,1762450.00000,5.22000,0.00000,0.00000,0.00000
-299335.90183,-496490.88334,116.42700,638115322.67212,11.46000,1720084.00000,4.70000,0.00000,0.00000,0.00000
-299120.95534,-496266.04125,117.26300,638115322.71898,11.42000,877222.00000,5.21000,0.00000,0.00000,0.00000
-299025.03083,-495879.72860,117.71500,638115322.76585,11.41000,296031.00000,6.15000,0.00000,0.00000,0.00000
-299012.51021,-495380.27770,119.47600,638115322.81271,11.26000,293939.00000,6.44000,0.00000,0.00000,0.00000
-298943.96258,-494956.85682,121.65800,638115322.85958,11.22000,285106.00000,7.07000,0.00000,0.00000,0.00000
-298506.16735,-495034.29101,122.89400,638115322.90645,11.06000,238596.00000,6.44000,0.00000,0.00000,0.00000
-298025.36357,-495170.05331,122.48400,638115322.95331,10.93000,254849.00000,6.19000,0.00000,0.00000,0.00000
-297621.03096,-495202.12439,121.75700,638115323.00018,11.53000,295975.00000,9.03000,0.00000,0.00000,0.00000
-297312.69447,-495103.95434,121.62100,638115323.04704,11.85000,101015.00000,9.44000,0.00000,0.00000,0.00000
-296803.65122,-495278.00278,123.08400,638115323.09391,11.79000,278798.00000,8.95000,0.00000,0.00000,0.00000
-296257.68002,-495502.12973,125.23100,638115323.14077,11.93000,172255.00000,9.26000,0.00000,0.00000,0.00000
-295899.82054,-495471.11647,128.51000,638115323.18764,11.48000,168256.00000,8.18000,0.00000,0.00000,0.00000
-295726.59743,-495189.68497,131.80700,638115323.23450,10.76000,286803.00000,6.83000,0.00000,0.00000,0.00000
-295527.31382,-494943.61118,134.82000,638115323.28137,10.50000,374112.00000,5.82000,0.00000,0.00000,0.00000
-295298.04591,-494738.18034,136.03400,638115323.32823,10.36000,255759.00000,6.27000,0.00000,0.00000,0.00000
-295086.16245,-494509.18715,136.20300,638115323.37510,10.34000,421695.00000,5.47000,0.00000,0.00000,0.00000
-294963.77878,-494158.82070,135.97700,638115323.42196,10.75000,449294.00000,4.90000,0.00000,0.00000,0.00000
-294790.13161,-493877.97520,136.19900,638115323.46883,10.65000,1315957.00000,5.03000,0.00000,0.00000,0.00000
-294744.65349,-493423.32564,136.07900,638115323.51569,10.45000,177977.00000,4.81000,0.00000,0.00000,0.00000
-294712.21898,-492951.01070,137.69200,638115323.56256,10.15000,2304050.00000,3.75000,0.00000,0.00000,0.00000
-294502.08712,-492719.65935,139.86900,638115323.60942,10.04000,5241377.00000,2.31000,0.00000,0.00000,0.00000
-294196.37919,-492617.92601,138.58000,638115323.65629,10.05000,3612987.00000,3.06000,0.00000,0.00000,0.00000
-293827.24165,-492602.20936,134.33900,638115323.70315,10.20000,1239762.00000,3.49000,0.00000,0.00000,0.00000
-294224.94400,-491546.61635,134.97700,638115323.75002,10.24000,764867.00000,3.97000,0.00000,0.00000,0.00000
-294140.38663,-491145.00029,136.94600,638115323.79688,10.42000,4002689.00000,2.88000,0.00000,0.00000,0.00000
-294117.96659,-490659.13283,137.12800,638115323.84375,10.46000,1113524.00000,4.33000,0.00000,0.00000,0.00000
-290900.30001,-494505.94602,126.21800,638115323.89061,10.44000,536558.00000,4.43000,0.00000,0.00000,0.00000
-293605.63759,-490321.34259,140.61100,638115323.93748,10.29000,4133178.00000,3.83000,0.00000,0.00000,0.00000
-293101.82444,-490488.25370,139.67700,638115323.98434,10.02000,4150745.00000,5.53000,0.00000,0.00000,0.00000
-292348.18175,-490993.91937,138.48200,638115324.03121,9.79000,2273672.00000,5.56000,0.00000,0.00000,0.00000
-291497.62601,-491630.93629,139.37700,638115324.07807,9.83000,304304.00000,7.01000,0.00000,0.00000,0.00000
-290770.45318,-492100.61793,141.93800,638115324.12494,9.82000,333092.00000,5.99000,0.00000,0.00000,0.00000
-290364.81911,-492134.35147,144.07600,638115324.17180,9.78000,669575.00000,6.54000,0.00000,0.00000,0.00000
-290118.21276,-491952.46242,145.05200,638115324.21867,9.67000,920364.00000,6.82000,0.00000,0.00000,0.00000
-289944.60833,-491671.60429,145.37100,638115324.26553,9.54000,485878.00000,6.97000,0.00000,0.00000,0.00000
-289799.24745,-491352.45175,145.06300,638115324.31240,9.50000,1084391.00000,5.44000,0.00000,0.00000,0.00000
-289827.69641,-490797.65799,143.52900,638115324.35926,9.46000,207705.00000,6.29000,0.00000,0.00000,0.00000
-290046.47562,-489984.84527,141.97200,638115324.40613,9.15000,719088.00000,6.09000,0.00000,0.00000,0.00000
-290014.97992,-489511.36271,141.33200,638115324.45299,8.72000,2501706.00000,2.78000,0.00000,0.00000,0.00000
-289780.11804,-489313.56532,150.63700,638115324.49986,8.86000,2138677.00000,2.00000,0.00000,0.00000,0.00000
-289512.24735,-489160.55060,148.78200,638115324.54672,8.94000,1499559.00000,2.86000,0.00000,0.00000,0.00000
-289381.24978,-488821.96584,147.75200,638115324.59359,9.14000,378943.00000,3.35000,0.00000,0.00000,0.00000
-289244.17512,-488491.62930,146.05700,638115324.64045,9.26000,671485.00000,2.41000,0.00000,0.00000,0.00000
-289012.36531,-488289.69621,143.04500,638115324.68732,9.22000,4221270.00000,2.19000,0.00000,0.00000,0.00000
-288489.41787,-488482.44936,133.42400,638115324.73419,9.44000,6272682.00000,2.72000,0.00000,0.00000,0.00000
-296773.63128,-481184.61436,161.75700,638169067.21376,8.75000,368034.00000,5.63000,0.00000,0.00000,1.00000
-297225.01155,-481428.41761,161.88800,638169067.26069,9.17000,298639.00000,6.78000,0.00000,0.00000,1.00000
-297822.12059,-481650.79562,163.44100,638169067.30763,9.08000,206688.00000,5.93000,0.00000,0.00000,1.00000
-297986.35911,-481936.78536,164.31100,638169067.35457,9.16000,1107445.00000,5.55000,0.00000,0.00000,1.00000
-298173.07466,-482219.47627,164.88700,638169067.40151,9.33000,1960727.00000,6.21000,0.00000,0.00000,1.00000
-298192.29354,-482526.77740,165.23200,638169067.44845,9.33000,5393681.00000,4.27000,0.00000,0.00000,1.00000
-296547.44786,-483078.52471,151.10900,638169067.49539,9.37000,1466077.00000,4.67000,0.00000,0.00000,1.00000
-298059.61350,-483166.53028,164.25900,638169067.54233,9.25000,4385582.00000,3.38000,0.00000,0.00000,1.00000
-297740.93934,-483523.46155,160.90800,638169067.58927,9.11000,689965.00000,4.08000,0.00000,0.00000,1.00000
-297425.15421,-483879.95892,159.09700,638169067.63621,9.25000,806425.00000,5.43000,0.00000,0.00000,1.00000
-297025.25558,-484248.81336,157.32800,638169067.68315,9.57000,324830.00000,8.94000,0.00000,0.00000,1.00000
-296437.54765,-484645.24319,156.48600,638169067.73009,9.60000,155067.00000,7.48000,0.00000,0.00000,1.00000
-295960.04438,-485025.46401,155.95500,638169067.77702,9.50000,266314.00000,5.88000,0.00000,0.00000,1.00000
-295874.09944,-485348.20081,154.92200,638169067.82396,9.55000,380567.00000,6.23000,0.00000,0.00000,1.00000
-296471.92557,-485570.52791,153.74000,638169067.87090,9.95000,820893.00000,6.30000,0.00000,0.00000,1.00000
-296686.90623,-485849.08857,153.16100,638169067.91784,9.71000,275431.00000,5.03000,0.00000,0.00000,1.00000
-297221.65283,-486080.68736,152.62500,638169067.96478,9.66000,331690.00000,5.72000,0.00000,0.00000,1.00000
-297468.53319,-486354.56616,152.35300,638169068.01172,9.73000,451568.00000,4.51000,0.00000,0.00000,1.00000
-297397.80402,-486675.06677,151.69700,638169068.05866,9.92000,548463.00000,5.86000,0.00000,0.00000,1.00000
-297205.97192,-487013.33666,150.33700,638169068.10560,9.96000,318472.00000,4.53000,0.00000,0.00000,1.00000
-296924.22396,-487364.81394,148.72100,638169068.15254,10.02000,298612.00000,4.12000,0.00000,0.00000,1.00000
-296685.25586,-487710.01027,147.65000,638169068.19948,10.01000,295916.00000,4.57000,0.00000,0.00000,1.00000
-296383.19472,-488064.46189,145.74000,638169068.24642,9.82000,524562.00000,4.64000,0.00000,0.00000,1.00000
-296025.28624,-488427.09352,144.86300,638169068.29336,10.17000,616295.00000,4.37000,0.00000,0.00000,1.00000
-295831.25868,-488765.67727,143.12600,638169068.34030,10.27000,463006.00000,4.90000,0.00000,0.00000,1.00000
-295680.73602,-489097.87593,141.58200,638169068.38724,10.29000,495657.00000,5.49000,0.00000,0.00000,1.00000
-296121.94252,-489343.26261,139.19700,638169068.43418,10.25000,260483.00000,6.45000,0.00000,0.00000,1.00000
-296874.95990,-489542.88799,138.33400,638169068.48112,10.37000,225008.00000,7.09000,0.00000,0.00000,1.00000
-297647.56770,-489739.65759,138.49500,638169068.52806,10.54000,209103.00000,6.47000,0.00000,0.00000,1.00000
-297911.83355,-490011.01542,138.19900,638169068.57500,10.67000,230636.00000,6.66000,0.00000,0.00000,1.00000
-297949.12267,-490315.67323,137.62400,638169068.62194,10.66000,510256.00000,6.49000,0.00000,0.00000,1.00000
-297664.43454,-490667.56917,136.50900,638169068.66888,10.79000,249261.00000,7.50000,0.00000,0.00000,1.00000
-297297.07024,-491031.58704,135.31900,638169068.71582,10.52000,194489.00000,7.46000,0.00000,0.00000,1.00000
-296598.29257,-491444.20691,134.62700,638169068.76276,10.37000,326913.00000,5.96000,0.00000,0.00000,1.00000
-296041.64549,-491835.97120,134.49200,638169068.80970,10.53000,158395.00000,7.05000,0.00000,0.00000,1.00000
-295571.28892,-492215.06846,134.82800,638169068.85664,10.48000,264803.00000,5.32000,0.00000,0.00000,1.00000
-295525.87810,-492531.83336,134.60700,638169068.90359,10.45000,251092.00000,5.40000,0.00000,0.00000,1.00000
-295443.48632,-492854.03137,134.82200,638169068.95053,10.29000,320552.00000,5.21000,0.00000,0.00000,1.00000
-295630.86343,-493136.67481,134.12600,638169068.99747,10.46000,805087.00000,5.29000,0.00000,0.00000,1.00000
-295625.33603,-493447.60092,134.55500,638169069.04441,10.62000,5026112.00000,4.03000,0.00000,0.00000,1.00000
-295627.06190,-493757.46746,134.85600,638169069.09135,10.63000,7234906.00000,3.60000,0.00000,0.00000,1.00000
-297391.73542,-493808.86556,123.16600,638169069.13829,10.80000,565810.00000,3.59000,0.00000,0.00000,1.00000
-297681.37009,-494076.53950,122.55800,638169069.18523,11.11000,552862.00000,5.56000,0.00000,0.00000,1.00000
-297257.38771,-494448.82240,122.52900,638169069.23217,11.17000,383443.00000,5.58000,0.00000,0.00000,1.00000
-296758.70525,-494832.04940,123.06900,638169069.27911,11.18000,362192.00000,4.67000,0.00000,0.00000,1.00000
-296933.02096,-495116.62603,122.58100,638169069.32605,11.40000,685961.00000,5.30000,0.00000,0.00000,1.00000
-296673.65400,-495464.76822,122.97100,638169069.37300,11.46000,954469.00000,4.93000,0.00000,0.00000,1.00000
-296619.51699,-495782.82341,122.94200,638169069.41994,11.55000,1280653.00000,4.85000,0.00000,0.00000,1.00000
-296288.34316,-496141.47706,123.46500,638169069.46688,11.66000,2931796.00000,4.49000,0.00000,0.00000,1.00000
-295950.63952,-496501.08447,123.92900,638169069.51382,11.69000,3381455.00000,4.18000,0.00000,0.00000,1.00000
-297299.81432,-496613.51072,117.30900,638169069.56076,11.81000,7090156.00000,3.61000,0.00000,0.00000,1.00000
-297053.47742,-496959.72724,117.12500,638169069.60770,11.84000,2143878.00000,5.15000,0.00000,0.00000,1.00000
-296373.44449,-497369.48384,118.10300,638169069.65464,11.91000,1234376.00000,5.30000,0.00000,0.00000,1.00000
-296085.04113,-497721.86319,118.20900,638169069.70158,12.15000,431727.00000,7.55000,0.00000,0.00000,1.00000
-295972.85957,-498048.41336,117.80500,638169069.74853,12.28000,354310.00000,8.76000,0.00000,0.00000,1.00000
-295928.85530,-498364.98896,117.36600,638169069.79547,12.31000,393580.00000,8.44000,0.00000,0.00000,1.00000
-298807.61771,-498253.40804,114.12500,638169069.84241,12.41000,522838.00000,7.75000,0.00000,0.00000,1.00000
-300080.68674,-498377.06387,116.84100,638169069.88935,12.24000,1198039.00000,5.16000,0.00000,0.00000,1.00000
-297599.08255,-499050.73061,107.84300,638169069.93629,11.97000,2975858.00000,5.47000,0.00000,0.00000,1.00000
-299527.79551,-499078.36148,111.80800,638169069.98324,12.14000,1889448.00000,4.84000,0.00000,0.00000,1.00000
-298018.74886,-499609.54619,105.64800,638169070.03018,12.04000,3634261.00000,4.79000,0.00000,0.00000,1.00000
-299578.30471,-499691.26454,109.51800,638169070.07712,12.12000,320505.00000,5.22000,0.00000,0.00000,1.00000
-299545.17518,-500006.27286,108.30200,638169070.12406,12.33000,470605.00000,5.64000,0.00000,0.00000,1.00000
-299588.19906,-500310.13263,106.84500,638169070.17100,12.38000,251107.00000,7.59000,0.00000,0.00000,1.00000
-299659.50055,-500609.84267,105.25700,638169070.21795,12.19000,522474.00000,8.43000,0.00000,0.00000,1.00000
-300213.11770,-500838.93478,105.49200,638169070.26489,12.69000,320911.00000,8.69000,0.00000,0.00000,1.00000
-300640.53657,-501086.50461,105.72900,638169070.31183,13.54000,107867.00000,12.33000,0.00000,0.00000,1.00000
-301468.31612,-501275.47098,108.97200,638169070.35877,13.58000,198466.00000,11.92000,0.00000,0.00000,1.00000
-301442.43096,-501589.43513,107.52300,638169070.40572,13.22000,1069257.00000,8.89000,0.00000,0.00000,1.00000
-298888.14540,-502273.56180,99.87600,638169070.45266,13.10000,320121.00000,8.51000,0.00000,0.00000,1.00000
-299276.38916,-502526.88346,100.65100,638169070.49960,12.77000,678124.00000,6.83000,0.00000,0.00000,1.00000
-298581.02373,-502938.82015,100.54300,638169070.54655,12.94000,275948.00000,7.21000,0.00000,0.00000,1.00000
-297976.32245,-503337.48510,100.00500,638169070.59349,12.61000,3322052.00000,4.78000,0.00000,0.00000,1.00000
-298050.49826,-503636.77070,100.63500,638169070.64043,12.34000,603676.00000,4.25000,0.00000,0.00000,1.00000
-298870.29174,-503826.93834,99.65200,638169070.68737,12.25000,2980614.00000,3.87000,0.00000,0.00000,1.00000
-301100.80458,-503810.65651,111.50200,638169070.73432,12.23000,2179626.00000,4.37000,0.00000,0.00000,1.00000
-301289.58031,-504093.19541,112.23700,638169070.78126,12.24000,1394306.00000,5.52000,0.00000,0.00000,1.00000
-301249.16686,-504409.29638,112.07300,638169070.82820,12.35000,484153.00000,6.85000,0.00000,0.00000,1.00000
-299631.91075,-504956.11931,107.91900,638169070.87515,12.71000,212324.00000,9.54000,0.00000,0.00000,1.00000
-298591.98815,-505418.42288,107.18300,638169070.92209,12.80000,132969.00000,11.18000,0.00000,0.00000,1.00000
-298892.45338,-505684.61864,108.53400,638169070.96903,12.22000,205131.00000,9.02000,0.00000,0.00000,1.00000
-299081.94211,-505967.05368,110.00100,638169071.01598,11.70000,313739.00000,8.58000,0.00000,0.00000,1.00000
-299200.34565,-506259.88491,112.18600,638169071.06292,11.37000,822669.00000,7.55000,0.00000,0.00000,1.00000
-299238.96307,-506564.38899,113.96800,638169071.10986,11.06000,1316947.00000,6.51000,0.00000,0.00000,1.00000
-299450.92817,-506843.53195,113.65700,638169071.15680,10.79000,398196.00000,7.21000,0.00000,0.00000,1.00000
-299723.82240,-507113.76959,112.40300,638169071.20375,10.73000,125654.00000,8.75000,0.00000,0.00000,1.00000
-300537.80587,-507304.86127,113.54300,638169071.25069,10.55000,165626.00000,7.13000,0.00000,0.00000,1.00000
-300945.60632,-507555.37567,115.40500,638169071.29763,10.32000,289846.00000,5.77000,0.00000,0.00000,1.00000
-301116.23026,-507840.59325,116.60400,638169071.34457,10.28000,3384954.00000,4.29000,0.00000,0.00000,1.00000
-300853.09558,-508189.23626,116.76400,638169071.39151,10.10000,2504043.00000,3.25000,0.00000,0.00000,1.00000
-300550.06604,-508543.70850,116.08300,638169071.43845,9.91000,1136833.00000,3.79000,0.00000,0.00000,1.00000
-300165.07528,-508910.16827,115.14500,638169071.48540,9.64000,1449459.00000,4.08000,0.00000,0.00000,1.00000
-299983.89509,-509246.81535,114.37400,638169071.53234,9.61000,280349.00000,7.27000,0.00000,0.00000,1.00000
-300303.92358,-509510.18182,114.10800,638169071.57928,9.60000,173149.00000,5.42000,0.00000,0.00000,1.00000
-301011.28774,-509716.91965,113.83400,638169071.62622,9.80000,311811.00000,6.27000,0.00000,0.00000,1.00000
-301659.16626,-509932.35543,116.38000,638169071.67316,9.57000,643344.00000,3.53000,0.00000,0.00000,1.00000
-301739.82493,-510230.72802,117.59200,638169071.72011,9.57000,1723861.00000,3.29000,0.00000,0.00000,1.00000
-301298.23450,-510605.44832,114.87700,638169071.76705,9.82000,2324670.00000,3.52000,0.00000,0.00000,1.00000
-300627.42932,-511013.67087,111.85300,638169071.81399,9.84000,1289139.00000,3.93000,0.00000,0.00000,1.00000
-300611.60969,-511326.13832,110.37900,638169071.86093,9.91000,2330376.00000,3.31000,0.00000,0.00000,1.00000
-300897.54194,-511594.51265,109.71600,638169071.90787,9.93000,329828.00000,2.83000,0.00000,0.00000,1.00000
-300896.95637,-511904.76390,107.25300,638169071.95482,9.90000,982301.00000,3.17000,0.00000,0.00000,1.00000
-300025.19039,-512342.32102,105.04500,638169072.00176,9.91000,1974335.00000,2.78000,0.00000,0.00000,1.00000
-299848.32793,-512678.32536,104.01000,638169072.04870,10.03000,1834034.00000,2.89000,0.00000,0.00000,1.00000
-301458.79181,-512753.15856,106.11800,638169072.09564,10.07000,484443.00000,2.92000,0.00000,0.00000,1.00000
-301125.21574,-513112.05775,119.37100,638169072.14259,10.07000,4330760.00000,3.01000,0.00000,0.00000,1.00000
-301546.07398,-513360.72865,109.67600,638169072.18953,10.22000,1354011.00000,2.96000,0.00000,0.00000,1.00000
-301158.83349,-513727.47628,115.98900,638169072.23647,10.12000,2581503.00000,4.49000,0.00000,0.00000,1.00000
-301625.36828,-513969.47508,115.79000,638169072.28341,10.31000,2608655.00000,4.39000,0.00000,0.00000,1.00000
-304115.95539,-512791.29759,116.39100,638287973.62813,10.73000,651136.00000,6.23000,0.00000,0.00000,0.00000
-304445.22039,-511851.54981,115.10800,638287973.67503,10.72000,460176.00000,5.73000,0.00000,0.00000,0.00000
-304237.43163,-511618.06825,117.22400,638287973.72194,10.31000,525129.00000,3.80000,0.00000,0.00000,0.00000
-303859.35346,-511608.54719,117.67800,638287973.76885,10.07000,768184.00000,3.68000,0.00000,0.00000,0.00000
-303394.35246,-511713.33359,118.65300,638287973.81576,9.95000,616773.00000,3.33000,0.00000,0.00000,0.00000
-302926.68396,-511821.60029,120.16600,638287973.86267,9.95000,1335416.00000,3.03000,0.00000,0.00000,0.00000
-302507.35524,-511866.30169,121.56800,638287973.90958,9.89000,1283145.00000,3.85000,0.00000,0.00000,0.00000
-302307.99812,-511621.72645,122.71200,638287973.95648,9.67000,601685.00000,6.22000,0.00000,0.00000,0.00000
-302204.88610,-511250.60641,123.50300,638287974.00339,9.11000,436181.00000,5.65000,0.00000,0.00000,0.00000
-302147.89553,-510818.83094,123.36000,638287974.05030,8.94000,203799.00000,7.79000,0.00000,0.00000,0.00000
-302287.38781,-510128.72163,122.56900,638287974.09721,8.44000,171106.00000,6.99000,0.00000,0.00000,0.00000
-302286.73663,-509622.89884,121.31000,638287974.14412,8.09000,284521.00000,3.42000,0.00000,0.00000,0.00000
-301320.54808,-510386.64729,110.33200,638287974.19103,8.54000,2323074.00000,2.82000,0.00000,0.00000,0.00000
-301584.25037,-509533.23320,113.97000,638287974.23794,9.03000,380097.00000,3.88000,0.00000,0.00000,0.00000
-302074.59311,-508381.84619,113.60700,638287974.28485,9.16000,363508.00000,4.30000,0.00000,0.00000,0.00000
-301916.51266,-508083.05604,116.68900,638287974.33176,9.11000,944903.00000,3.90000,0.00000,0.00000,0.00000
-301696.33824,-507865.89505,118.03000,638287974.37866,9.24000,2027780.00000,3.28000,0.00000,0.00000,0.00000
-301292.11279,-507890.75455,117.35800,638287974.42557,9.37000,1709096.00000,3.58000,0.00000,0.00000,0.00000
-301011.17917,-507753.47961,116.34100,638287974.47248,9.58000,242979.00000,5.46000,0.00000,0.00000,0.00000
-300982.17746,-507284.98071,114.88500,638287974.51939,10.08000,268595.00000,6.62000,0.00000,0.00000,0.00000
-300791.29732,-507029.34308,114.66800,638287974.56630,10.49000,204580.00000,5.97000,0.00000,0.00000,0.00000
-300439.85042,-506984.78982,113.79200,638287974.61321,11.06000,1618415.00000,6.05000,0.00000,0.00000,0.00000
-300075.08972,-506957.71933,111.75900,638287974.66012,11.47000,1451056.00000,4.95000,0.00000,0.00000,0.00000
-299870.00920,-506720.72045,111.64100,638287974.70703,11.55000,1578017.00000,4.78000,0.00000,0.00000,0.00000
-299629.45199,-506530.37350,105.95100,638287974.75394,11.52000,710728.00000,4.58000,0.00000,0.00000,0.00000
-299568.09328,-506104.44171,105.28900,638287974.80085,11.58000,380873.00000,5.37000,0.00000,0.00000,0.00000
-299340.84864,-505896.60345,103.82000,638287974.84776,11.65000,731693.00000,4.35000,0.00000,0.00000,0.00000
-298541.38922,-506440.98022,101.39500,638287974.89467,11.75000,1583789.00000,3.69000,0.00000,0.00000,0.00000
-297967.26300,-506689.13590,100.40800,638287974.94158,11.93000,796936.00000,4.23000,0.00000,0.00000,0.00000
-297394.44572,-506935.51140,99.67600,638287974.98849,12.07000,806745.00000,4.15000,0.00000,0.00000,0.00000
-297809.52255,-505883.32232,109.76400,638287975.03540,12.20000,6951199.00000,3.12000,0.00000,0.00000,0.00000
-297541.46952,-505729.11513,109.35300,638287975.08231,12.33000,2015750.00000,3.88000,0.00000,0.00000,0.00000
-297239.26061,-505619.80112,109.52900,638287975.12922,12.26000,1971145.00000,4.54000,0.00000,0.00000,0.00000
-296965.88409,-505472.57984,109.69400,638287975.17613,12.26000,497089.00000,4.60000,0.00000,0.00000,0.00000
-296663.68531,-505363.27648,110.23500,638287975.22304,12.24000,368816.00000,5.01000,0.00000,0.00000,0.00000
-296408.94345,-505191.56222,110.36200,638287975.26995,12.18000,142940.00000,4.99000,0.00000,0.00000,0.00000
-296047.74243,-505159.79466,110.74000,638287975.31686,12.09000,189228.00000,5.77000,0.00000,0.00000,0.00000
-295630.19666,-505202.06080,111.00900,638287975.36377,12.12000,681682.00000,4.56000,0.00000,0.00000,0.00000
-295177.16323,-505290.97630,110.42100,638287975.41068,12.20000,916485.00000,3.68000,0.00000,0.00000,0.00000
-294681.09532,-505436.44720,109.08200,638287975.45759,12.41000,504596.00000,4.92000,0.00000,0.00000,0.00000
-294651.27556,-504969.11527,106.45800,638287975.50450,12.54000,234746.00000,7.89000,0.00000,0.00000,0.00000
-294749.67551,-504333.28641,105.56100,638287975.55141,12.51000,209958.00000,6.01000,0.00000,0.00000,0.00000
-294608.07259,-504012.88335,105.58500,638287975.59832,12.52000,852247.00000,7.50000,0.00000,0.00000,0.00000
-294523.70637,-503617.27514,105.51600,638287975.64523,12.63000,552398.00000,6.82000,0.00000,0.00000,0.00000
-294489.91765,-503155.20127,106.57900,638287975.69214,12.56000,284529.00000,6.37000,0.00000,0.00000,0.00000
-294339.45108,-502846.45830,107.87600,638287975.73905,12.46000,789256.00000,5.99000,0.00000,0.00000,0.00000
-294069.65039,-502694.55715,108.89100,638287975.78596,12.16000,154429.00000,6.54000,0.00000,0.00000,0.00000
-293831.35026,-502501.26068,110.10600,638287975.83287,12.04000,149972.00000,7.31000,0.00000,0.00000,0.00000
-293630.76634,-502258.41335,110.50800,638287975.87978,12.00000,131126.00000,8.49000,0.00000,0.00000,0.00000
-293360.96927,-502106.50240,111.30700,638287975.92669,11.90000,148465.00000,7.06000,0.00000,0.00000,0.00000
-293020.19397,-502047.88364,111.66100,638287975.97360,12.02000,176920.00000,6.91000,0.00000,0.00000,0.00000
-292804.08601,-501825.43230,111.91100,638287976.02051,12.18000,122392.00000,8.89000,0.00000,0.00000,0.00000
-293004.13305,-501056.12207,113.68700,638287976.06742,11.98000,182602.00000,8.49000,0.00000,0.00000,0.00000
-293283.15797,-500183.05693,117.41700,638287976.11433,11.37000,151414.00000,5.90000,0.00000,0.00000,0.00000
-293237.86440,-499736.16062,120.97600,638287976.16124,10.98000,671576.00000,4.54000,0.00000,0.00000,0.00000
-292762.67853,-499854.18408,121.50200,638287976.20815,10.73000,3078674.00000,3.31000,0.00000,0.00000,0.00000
-293087.39196,-498921.10330,131.51300,638287976.25506,10.66000,2206379.00000,3.17000,0.00000,0.00000,0.00000
-292808.75800,-498780.87770,133.15900,638287976.30197,10.41000,1163445.00000,3.82000,0.00000,0.00000,0.00000
-292316.72061,-498921.03454,132.29600,638287976.34888,10.35000,403142.00000,4.57000,0.00000,0.00000,0.00000
-291541.62127,-499433.11775,129.86800,638287976.39579,10.64000,389334.00000,5.65000,0.00000,0.00000,0.00000
-290720.36401,-500005.81373,129.01900,638287976.44270,10.97000,284687.00000,6.54000,0.00000,0.00000,0.00000
-290070.35960,-500353.48294,129.53100,638287976.48960,11.15000,417312.00000,7.03000,0.00000,0.00000,0.00000
-289605.80651,-500457.46411,130.08500,638287976.53651,11.31000,220429.00000,7.36000,0.00000,0.00000,0.00000
-289345.79822,-500292.70606,130.91900,638287976.58342,11.47000,146187.00000,9.76000,0.00000,0.00000,0.00000
-289262.38575,-499895.94029,131.85300,638287976.63033,11.17000,224441.00000,5.90000,0.00000,0.00000,0.00000
-289070.27317,-499641.99678,133.52900,638287976.67724,10.92000,296347.00000,4.81000,0.00000,0.00000,0.00000
-288731.29067,-499580.99261,135.03700,638287976.72415,10.78000,846381.00000,4.11000,0.00000,0.00000,0.00000
-288447.77475,-499447.12512,135.32000,638287976.77106,10.76000,538114.00000,5.36000,0.00000,0.00000,0.00000
-288270.75642,-499173.36562,135.73000,638287976.81797,10.64000,291514.00000,4.38000,0.00000,0.00000,0.00000
-287991.67974,-499033.66235,135.97000,638287976.86488,10.76000,382419.00000,4.30000,0.00000,0.00000,0.00000
-287732.57132,-498867.72914,135.57000,638287976.91179,10.81000,855371.00000,4.92000,0.00000,0.00000,0.00000
-287628.33167,-498498.37034,135.20300,638287976.95869,10.89000,2128591.00000,7.81000,0.00000,0.00000,0.00000
-287697.58337,-497901.08774,135.51600,638287977.00560,10.73000,3115002.00000,6.22000,0.00000,0.00000,0.00000
-287503.71466,-497649.47015,135.84500,638287977.05251,10.50000,3301784.00000,4.62000,0.00000,0.00000,0.00000
-287030.73698,-497764.48640,134.84000,638287977.09942,10.75000,1748115.00000,5.77000,0.00000,0.00000,0.00000
-286263.10992,-498266.53868,130.11900,638287977.14633,10.75000,2778947.00000,6.35000,0.00000,0.00000,0.00000
-286226.32895,-497808.56918,128.61500,638287977.19324,10.69000,2457707.00000,6.32000,0.00000,0.00000,0.00000
-286105.67685,-497460.75870,128.08600,638287977.24015,10.65000,1605185.00000,6.11000,0.00000,0.00000,0.00000
-286025.86075,-497059.33585,125.93000,638287977.28706,10.54000,1389424.00000,6.84000,0.00000,0.00000,0.00000
-285327.88298,-497469.83935,125.71100,638287977.33397,10.64000,1295511.00000,6.96000,0.00000,0.00000,0.00000
-284880.62949,-497551.01832,126.58800,638287977.38088,10.89000,613662.00000,8.34000,0.00000,0.00000,0.00000
-285492.20963,-496241.48444,125.38800,638287977.42779,10.82000,1017968.00000,7.24000,0.00000,0.00000,0.00000
-285915.19282,-495179.68182,127.98100,638287977.47470,10.52000,1795559.00000,6.23000,0.00000,0.00000,0.00000
-285582.00026,-495111.07438,131.40700,638287977.52161,10.38000,459764.00000,5.82000,0.00000,0.00000,0.00000
-284993.64644,-495377.60211,131.75200,638287977.56852,10.47000,329161.00000,7.20000,0.00000,0.00000,0.00000
-284446.11380,-495590.49639,133.02000,638287977.61543,10.79000,476989.00000,7.56000,0.00000,0.00000,0.00000
-284057.45361,-495594.72971,133.99400,638287977.66234,10.64000,294095.00000,7.59000,0.00000,0.00000,0.00000
-283613.76229,-495671.23029,134.65100,638287977.70925,10.40000,278918.00000,7.25000,0.00000,0.00000,0.00000
-283187.81878,-495724.40538,134.77100,638287977.75616,10.41000,304012.00000,6.32000,0.00000,0.00000,0.00000
-282829.77304,-495688.40743,134.22400,638287977.80307,10.56000,339684.00000,6.49000,0.00000,0.00000,0.00000
-282423.79660,-495715.34794,133.72700,638287977.84998,10.51000,490871.00000,6.93000,0.00000,0.00000,0.00000
-282078.62138,-495662.44215,133.26700,638287977.89689,10.57000,1358980.00000,5.38000,0.00000,0.00000,0.00000
-281651.34261,-495717.35601,133.22900,638287977.94380,10.77000,796153.00000,7.06000,0.00000,0.00000,0.00000
-281335.89881,-495625.38456,133.74200,638287977.99071,10.59000,3052133.00000,5.09000,0.00000,0.00000,0.00000
-290059.43850,-486203.60619,131.13200,638341720.86831,10.44000,130366.00000,7.97000,0.00000,0.00000,1.00000
-290358.99750,-486473.95037,132.55800,638341720.91529,10.61000,689007.00000,8.29000,0.00000,0.00000,1.00000
-290420.06051,-486775.61900,134.00000,638341720.96227,10.56000,1289349.00000,6.69000,0.00000,0.00000,1.00000
-290699.25015,-487048.63566,135.94400,638341721.00925,10.15000,967037.00000,7.02000,0.00000,0.00000,1.00000
-291212.57589,-487290.91944,138.17200,638341721.05623,9.71000,1808452.00000,6.73000,0.00000,0.00000,1.00000
-290967.52303,-487632.79707,137.96700,638341721.10321,9.32000,2976168.00000,3.70000,0.00000,0.00000,1.00000
-289705.93166,-488108.12255,146.40800,638341721.15019,9.15000,4814141.00000,3.16000,0.00000,0.00000,1.00000
-289686.27316,-488420.38584,147.65200,638341721.19717,9.35000,1266329.00000,3.55000,0.00000,0.00000,1.00000
-289712.41445,-488726.62453,148.40700,638341721.24415,9.53000,434288.00000,3.64000,0.00000,0.00000,1.00000
-290899.84232,-488880.43474,126.71000,638341721.29112,9.74000,386507.00000,4.93000,0.00000,0.00000,1.00000
-291610.22298,-489096.89013,131.44300,638341721.33810,9.74000,564671.00000,4.02000,0.00000,0.00000,1.00000
-291000.84468,-489486.56468,129.83200,638341721.38508,9.68000,2327490.00000,2.76000,0.00000,0.00000,1.00000
-291623.96153,-489714.45927,132.52600,638341721.43206,9.62000,2614383.00000,2.80000,0.00000,0.00000,1.00000
-289028.03440,-490364.83795,141.35300,638341721.47904,9.55000,3157796.00000,3.10000,0.00000,0.00000,1.00000
-289531.88551,-490608.39377,141.79400,638341721.52602,9.66000,1575760.00000,4.26000,0.00000,0.00000,1.00000
-289536.92992,-490917.41218,143.34400,638341721.57300,9.63000,3108902.00000,2.85000,0.00000,0.00000,1.00000
-289500.52655,-491231.86888,144.66900,638341721.61997,9.60000,2964357.00000,2.78000,0.00000,0.00000,1.00000
-289440.84362,-491549.35987,145.12800,638341721.66695,9.54000,2169908.00000,2.97000,0.00000,0.00000,1.00000
-289341.17503,-491872.11869,145.97700,638341721.71393,9.46000,1347532.00000,3.02000,0.00000,0.00000,1.00000
-289373.11260,-492177.60678,146.87200,638341721.76091,9.34000,1228005.00000,3.31000,0.00000,0.00000,1.00000
-289285.06800,-492498.82774,147.39200,638341721.80789,9.34000,1883455.00000,2.60000,0.00000,0.00000,1.00000
-293884.34076,-492205.18000,134.91300,638341721.85487,9.34000,857650.00000,2.19000,0.00000,0.00000,1.00000
-293650.86623,-492545.52503,134.28400,638341721.90185,9.53000,800015.00000,3.01000,0.00000,0.00000,1.00000
-293619.52607,-492859.33475,135.78100,638341721.94883,9.58000,740540.00000,3.24000,0.00000,0.00000,1.00000
-293490.75589,-493185.94607,136.17300,638341721.99580,9.73000,492440.00000,3.77000,0.00000,0.00000,1.00000
-292988.95648,-493561.47735,132.90700,638341722.04278,10.03000,603002.00000,4.47000,0.00000,0.00000,1.00000
-292081.38039,-493990.19721,128.18200,638341722.08976,10.39000,226099.00000,6.54000,0.00000,0.00000,1.00000
-291526.48348,-494372.67573,126.26100,638341722.13674,10.54000,277773.00000,7.66000,0.00000,0.00000,1.00000
-290236.39391,-494851.52113,124.44800,638341722.18372,10.47000,444084.00000,4.61000,0.00000,0.00000,1.00000
-291033.30032,-495056.71666,125.06600,638341722.23070,10.57000,2586994.00000,3.91000,0.00000,0.00000,1.00000
-291404.08628,-495317.80187,125.84300,638341722.27768,10.58000,1645061.00000,5.65000,0.00000,0.00000,1.00000
-291201.11920,-495654.10633,126.17900,638341722.32466,10.61000,1110025.00000,6.59000,0.00000,0.00000,1.00000
-291305.74981,-495950.08914,127.46200,638341722.37164,10.67000,471500.00000,8.22000,0.00000,0.00000,1.00000
-290614.83301,-496350.34514,127.29200,638341722.41861,10.71000,383699.00000,5.93000,0.00000,0.00000,1.00000
-290528.20319,-496671.38067,128.04600,638341722.46559,10.93000,307627.00000,5.95000,0.00000,0.00000,1.00000
-290444.48194,-496992.04152,128.49600,638341722.51257,10.95000,552047.00000,7.44000,0.00000,0.00000,1.00000
-290431.30054,-497303.46366,128.89500,638341722.55955,11.15000,1455850.00000,6.69000,0.00000,0.00000,1.00000
-289936.71464,-497677.96543,128.71000,638341722.60653,11.36000,2223210.00000,7.88000,0.00000,0.00000,1.00000
-289945.33303,-497986.50979,128.84600,638341722.65351,11.22000,2268694.00000,7.38000,0.00000,0.00000,1.00000
-289817.24564,-498312.98254,128.78600,638341722.70049,10.95000,1431365.00000,6.37000,0.00000,0.00000,1.00000
-289920.39383,-498609.14019,128.86600,638341722.74747,10.88000,1597336.00000,6.49000,0.00000,0.00000,1.00000
-288525.52958,-499101.55512,134.98300,638341722.79445,10.49000,3070112.00000,6.54000,0.00000,0.00000,1.00000
-289689.64930,-499258.73350,128.49600,638341722.84143,10.24000,1433405.00000,5.08000,0.00000,0.00000,1.00000
-288998.69522,-499658.92574,129.99200,638341722.88841,10.32000,1303361.00000,5.00000,0.00000,0.00000,1.00000
-288839.31828,-499989.47590,130.74300,638341722.93538,10.16000,2208507.00000,4.04000,0.00000,0.00000,1.00000
-288392.69316,-500357.63517,133.68700,638341722.98236,10.14000,308697.00000,4.42000,0.00000,0.00000,1.00000
-288569.27606,-500644.18126,132.66300,638341723.02934,10.23000,246069.00000,5.03000,0.00000,0.00000,1.00000
-288581.51372,-500952.25872,132.81800,638341723.07632,10.20000,575232.00000,4.36000,0.00000,0.00000,1.00000
-288619.92556,-501256.90975,132.51000,638341723.12330,10.28000,979704.00000,3.80000,0.00000,0.00000,1.00000
-288426.35160,-501591.92653,133.23700,638341723.17028,10.32000,3539071.00000,2.69000,0.00000,0.00000,1.00000
-288157.87001,-501936.74849,133.46600,638341723.21726,10.30000,3652718.00000,2.70000,0.00000,0.00000,1.00000
-288007.20125,-502266.16330,132.89500,638341723.26424,10.40000,1253807.00000,2.87000,0.00000,0.00000,1.00000
-287953.96319,-502582.79490,132.13200,638341723.31122,10.44000,5932293.00000,2.72000,0.00000,0.00000,1.00000
-287908.73382,-502898.39793,131.70100,638341723.35820,10.51000,2949941.00000,2.74000,0.00000,0.00000,1.00000
-291138.22170,-502785.33633,112.02500,638341723.40518,10.53000,3222775.00000,2.68000,0.00000,0.00000,1.00000
-288921.43935,-503385.20093,117.82600,638341723.45216,10.67000,1972288.00000,2.77000,0.00000,0.00000,1.00000
-289473.26573,-503622.66301,115.03000,638341723.49914,10.77000,1548904.00000,3.34000,0.00000,0.00000,1.00000
-288245.52725,-504093.02164,119.71900,638341723.54612,10.72000,749441.00000,3.29000,0.00000,0.00000,1.00000
-287498.48877,-504500.44137,122.70300,638341723.59310,10.87000,993661.00000,4.05000,0.00000,0.00000,1.00000
-287405.23253,-504822.30916,122.18600,638341723.64008,10.97000,538773.00000,4.83000,0.00000,0.00000,1.00000
-287466.88412,-505123.92564,120.66800,638341723.68706,11.16000,162159.00000,6.02000,0.00000,0.00000,1.00000
-287967.05406,-505368.15006,117.35200,638341723.73404,11.61000,128593.00000,8.70000,0.00000,0.00000,1.00000
-288787.96231,-505570.43931,114.01500,638341723.78102,11.88000,194202.00000,8.76000,0.00000,0.00000,1.00000
-289506.32419,-505786.13260,112.11400,638341723.82800,11.66000,461887.00000,6.33000,0.00000,0.00000,1.00000
-289697.42992,-506070.82683,111.22200,638341723.87498,11.79000,913729.00000,6.20000,0.00000,0.00000,1.00000
-289677.61946,-506383.10156,111.25300,638341723.92196,12.02000,1693921.00000,5.82000,0.00000,0.00000,1.00000
-289811.26635,-506675.31025,111.60900,638341723.96894,11.98000,701984.00000,6.53000,0.00000,0.00000,1.00000
-289973.27227,-506963.81638,108.55900,638341724.01592,12.06000,4007159.00000,5.18000,0.00000,0.00000,1.00000
-290208.73056,-507242.70568,109.02500,638341724.06290,12.19000,3960657.00000,5.23000,0.00000,0.00000,1.00000
-290330.74047,-507536.44552,114.38200,638341724.10988,12.16000,952061.00000,5.51000,0.00000,0.00000,1.00000
-290430.92326,-507833.03330,116.09800,638341724.15686,11.97000,3984318.00000,4.50000,0.00000,0.00000,1.00000
-290312.92382,-508158.16034,118.35600,638341724.20384,11.88000,2421737.00000,4.32000,0.00000,0.00000,1.00000
-290802.92140,-508403.78123,108.10100,638341724.25082,11.66000,1591997.00000,3.36000,0.00000,0.00000,1.00000
-291159.83588,-508666.81249,108.12600,638341724.29780,11.52000,2059737.00000,2.89000,0.00000,0.00000,1.00000
-291150.91541,-508977.67446,109.52700,638341724.34478,11.51000,1537402.00000,2.64000,0.00000,0.00000,1.00000
-290928.17570,-509316.50133,111.10400,638341724.39176,11.40000,815597.00000,2.72000,0.00000,0.00000,1.00000
-290648.70321,-509662.73519,112.60700,638341724.43874,11.43000,2027803.00000,2.62000,0.00000,0.00000,1.00000
-291745.99648,-509828.97832,109.38100,638341724.48572,11.36000,2205512.00000,3.09000,0.00000,0.00000,1.00000
-291024.31553,-510233.01699,112.08000,638341724.53270,11.27000,2886903.00000,2.43000,0.00000,0.00000,1.00000
-293063.48836,-510276.16846,109.12700,638341724.57968,11.15000,2702904.00000,2.47000,0.00000,0.00000,1.00000
-292162.14423,-510703.68549,109.55500,638341724.62666,11.15000,2026182.00000,3.08000,0.00000,0.00000,1.00000
-288940.03798,-511434.46732,135.14800,638341724.67364,10.84000,1979031.00000,2.01000,0.00000,0.00000,1.00000
-296427.60551,-510765.57962,101.29700,638341724.72061,10.71000,388066.00000,2.43000,0.00000,0.00000,1.00000
-296253.56698,-511098.05929,100.73800,638341724.76759,10.74000,1135148.00000,2.23000,0.00000,0.00000,1.00000
-296014.79110,-511439.00451,100.34000,638341724.81457,10.67000,1966429.00000,1.92000,0.00000,0.00000,1.00000
-289496.96882,-512600.40755,126.44600,638341724.86155,10.44000,2038550.00000,1.63000,0.00000,0.00000,1.00000
-293607.54870,-512373.03997,104.48000,638341724.90853,10.26000,2984965.00000,1.55000,0.00000,0.00000,1.00000
-296483.31353,-512306.98471,102.30500,638341724.95551,10.29000,1676152.00000,1.77000,0.00000,0.00000,1.00000
-295766.63867,-512710.36136,101.73700,638341725.00249,10.14000,950650.00000,1.73000,0.00000,0.00000,1.00000
-289586.32430,-513827.45753,153.42400,638341725.04947,10.07000,861617.00000,1.83000,0.00000,0.00000,1.00000
-294189.27687,-513535.89885,103.86000,638341725.09645,10.05000,2717516.00000,1.75000,0.00000,0.00000,1.00000
-295381.92129,-513689.81171,103.91300,638341725.14342,9.99000,611809.00000,2.10000,0.00000,0.00000,1.00000
-294716.15984,-514086.49824,103.29800,638341725.19040,10.07000,481789.00000,2.98000,0.00000,0.00000,1.00000
-294320.97333,-514447.83759,104.11100,638341725.23738,10.06000,717215.00000,2.98000,0.00000,0.00000,1.00000
-293882.87245,-514814.77764,105.54200,638341725.28436,10.13000,1503914.00000,2.39000,0.00000,0.00000,1.00000
-294044.10167,-515103.42389,106.99300,638341725.33134,10.14000,1067540.00000,2.17000,0.00000,0.00000,1.00000
-289929.35184,-515950.41463,143.49900,638341725.37832,10.17000,389169.00000,3.55000,0.00000,0.00000,1.00000
-289908.01629,-516262.89007,144.55100,638341725.42529,10.23000,1223149.00000,1.99000,0.00000,0.00000,1.00000
-289480.82409,-516628.34208,143.02000,638341725.47227,10.08000,788503.00000,2.23000,0.00000,0.00000,1.00000
-289540.19663,-516930.27388,139.88100,638341725.51925,10.15000,1913224.00000,2.53000,0.00000,0.00000,1.00000
-289835.94681,-517201.35100,136.22700,638341725.56623,10.15000,239572.00000,4.84000,0.00000,0.00000,1.00000
-290485.91056,-517426.19545,133.52200,638341725.61321,10.29000,250848.00000,5.04000,0.00000,0.00000,1.00000
-290755.49063,-517700.70530,132.54300,638341725.66019,10.52000,432697.00000,6.28000,0.00000,0.00000,1.00000
-291282.54677,-517941.61344,131.41400,638341725.70717,10.60000,169481.00000,6.08000,0.00000,0.00000,1.00000
-291745.59978,-518190.88200,131.34700,638341725.75415,10.56000,349178.00000,6.95000,0.00000,0.00000,1.00000
-291852.98175,-518486.56509,133.36300,638341725.80113,10.36000,813288.00000,5.16000,0.00000,0.00000,1.00000
-299798.61336,-514367.31982,111.21900,638460627.00107,11.34000,278900.00000,5.13000,0.00000,0.00000,0.00000
-295812.18014,-516961.26359,109.34000,638460627.23581,12.18000,1687221.00000,6.42000,0.00000,0.00000,0.00000
-295658.52804,-516659.86487,108.56500,638460627.28276,12.23000,652243.00000,7.57000,0.00000,0.00000,0.00000
-295290.77509,-516631.27144,108.83500,638460627.32971,12.17000,948805.00000,6.29000,0.00000,0.00000,0.00000
-294991.37789,-516515.59229,108.78500,638460627.37666,12.36000,281141.00000,7.13000,0.00000,0.00000,0.00000
-295082.17490,-515902.75343,107.76700,638460627.42361,12.31000,1455083.00000,7.66000,0.00000,0.00000,0.00000
-294364.51523,-516319.96836,110.38700,638460627.47056,12.45000,461413.00000,8.03000,0.00000,0.00000,0.00000
-293693.47643,-516677.76524,113.54600,638460627.51751,12.38000,629607.00000,7.57000,0.00000,0.00000,0.00000
-293469.21567,-516466.32566,112.87700,638460627.56446,12.25000,1937337.00000,6.45000,0.00000,0.00000,0.00000
-293448.21647,-515995.94779,110.68300,638460627.61141,12.08000,1688374.00000,6.69000,0.00000,0.00000,0.00000
-292944.20992,-516140.92492,112.29200,638460627.65835,11.95000,2524292.00000,5.92000,0.00000,0.00000,0.00000
-292670.17096,-515992.92381,113.45900,638460627.70530,11.81000,3241925.00000,4.87000,0.00000,0.00000,0.00000
-291514.75692,-516967.69762,129.45100,638460627.75225,11.78000,3300014.00000,3.34000,0.00000,0.00000,0.00000
-292617.32406,-515065.99614,109.28400,638460627.79920,11.54000,485271.00000,3.94000,0.00000,0.00000,0.00000
-291483.20643,-516013.66291,129.64800,638460627.84615,11.53000,4547038.00000,2.88000,0.00000,0.00000,0.00000
-293168.41286,-513369.77760,105.19900,638460627.89310,11.65000,398095.00000,3.13000,0.00000,0.00000,0.00000
-293165.56205,-512876.35257,105.75300,638460627.94005,11.49000,1194849.00000,3.53000,0.00000,0.00000,0.00000
-292959.89394,-512641.26571,108.19500,638460627.98700,11.31000,850582.00000,3.41000,0.00000,0.00000,0.00000
-294131.81100,-510651.34166,108.19200,638460628.03394,11.08000,2828448.00000,2.30000,0.00000,0.00000,0.00000
-293615.16168,-510812.46818,109.01300,638460628.08089,10.96000,1439643.00000,2.44000,0.00000,0.00000,0.00000
-290230.66190,-514626.66332,151.73300,638460628.12784,10.77000,2016528.00000,2.19000,0.00000,0.00000,0.00000
-289968.86891,-514463.07245,153.56800,638460628.17479,10.58000,2393577.00000,2.14000,0.00000,0.00000,0.00000
-289764.56026,-514226.23492,154.67700,638460628.22174,10.43000,444943.00000,2.01000,0.00000,0.00000,0.00000
-289687.92110,-513826.81111,153.03800,638460628.26869,10.30000,262346.00000,3.40000,0.00000,0.00000,0.00000
-289670.58317,-513351.83062,152.27500,638460628.31564,10.15000,221909.00000,3.48000,0.00000,0.00000,0.00000
-289581.72196,-512967.96184,151.82600,638460628.36259,10.08000,189922.00000,2.42000,0.00000,0.00000,0.00000
-289379.69785,-512728.27353,149.66600,638460628.40953,10.30000,531256.00000,1.99000,0.00000,0.00000,0.00000
-290487.38754,-510820.44467,117.90800,638460628.45648,10.47000,4667418.00000,1.93000,0.00000,0.00000,0.00000
-288888.26173,-512360.16915,142.15000,638460628.50343,10.51000,4450269.00000,2.08000,0.00000,0.00000,0.00000
-288693.93031,-512110.66216,139.09800,638460628.55038,10.57000,4830076.00000,2.83000,0.00000,0.00000,0.00000
-288639.04761,-511683.55824,136.52500,638460628.59733,10.65000,505829.00000,3.90000,0.00000,0.00000,0.00000
-288549.30744,-511300.84636,135.83600,638460628.64428,10.70000,406059.00000,6.17000,0.00000,0.00000,0.00000
-288458.21857,-510919.87380,135.23200,638460628.69122,10.86000,471770.00000,5.08000,0.00000,0.00000,0.00000
-288120.37848,-510853.14103,133.64200,638460628.73817,11.23000,289217.00000,6.32000,0.00000,0.00000,0.00000
-287491.41827,-511157.15727,133.21800,638460628.78512,11.30000,221057.00000,8.01000,0.00000,0.00000,0.00000
-286652.36170,-511728.68312,135.77700,638460628.83207,11.25000,196336.00000,6.10000,0.00000,0.00000,0.00000
-286458.03883,-511479.17435,131.54000,638460628.87902,11.70000,293935.00000,6.59000,0.00000,0.00000,0.00000
-286289.52843,-511196.78760,129.02100,638460628.92597,11.96000,442775.00000,9.66000,0.00000,0.00000,0.00000
-286071.21828,-510977.81388,128.54800,638460628.97292,11.74000,355348.00000,7.83000,0.00000,0.00000,0.00000
-285970.64282,-510608.94384,127.42200,638460629.01987,11.68000,189954.00000,7.37000,0.00000,0.00000,0.00000
-285734.23132,-510413.03477,127.79400,638460629.06682,11.59000,173117.00000,6.28000,0.00000,0.00000,0.00000
-285640.45348,-510035.50868,127.54000,638460629.11377,11.41000,97792.00000,7.85000,0.00000,0.00000,0.00000
-285559.35167,-509641.83720,127.31400,638460629.16071,11.47000,69893.00000,7.16000,0.00000,0.00000,0.00000
-285464.67169,-509265.46048,128.08500,638460629.20766,11.29000,240389.00000,5.52000,0.00000,0.00000,0.00000
-285309.31551,-508966.33656,128.99900,638460629.25461,11.16000,922162.00000,5.18000,0.00000,0.00000,0.00000
-285148.98439,-508673.55964,130.12500,638460629.30157,11.00000,293829.00000,5.66000,0.00000,0.00000,0.00000
-285015.37152,-508346.76896,130.61100,638460629.34851,11.06000,409882.00000,5.86000,0.00000,0.00000,0.00000
-284907.12327,-507987.69986,131.68500,638460629.39547,10.97000,1088925.00000,5.68000,0.00000,0.00000,0.00000
-284870.86934,-507536.95432,133.22000,638460629.44241,10.78000,855064.00000,4.92000,0.00000,0.00000,0.00000
-284775.30515,-507161.74428,134.77700,638460629.48936,10.73000,707268.00000,4.59000,0.00000,0.00000,0.00000
-284590.08375,-506900.67612,136.58700,638460629.53631,10.49000,475596.00000,3.59000,0.00000,0.00000,0.00000
-284331.96569,-506732.43321,139.66500,638460629.58327,10.13000,2186488.00000,3.30000,0.00000,0.00000,0.00000
-284041.69901,-506605.12084,140.74800,638460629.63022,9.90000,4648023.00000,3.17000,0.00000,0.00000,0.00000
-283760.03305,-506466.85300,136.53600,638460629.67717,10.07000,4315017.00000,3.88000,0.00000,0.00000,0.00000
-283451.65387,-506362.59401,137.58700,638460629.72412,10.04000,363699.00000,3.72000,0.00000,0.00000,0.00000
-283289.54123,-506072.13546,134.66900,638460629.77106,10.25000,309611.00000,4.83000,0.00000,0.00000,0.00000
-283487.42811,-505323.35488,131.72700,638460629.81801,10.73000,192971.00000,7.87000,0.00000,0.00000,0.00000
-283887.28307,-504317.45444,131.36000,638460629.86496,10.77000,116161.00000,7.47000,0.00000,0.00000,0.00000
-284153.11317,-503482.22254,132.91600,638460629.91192,10.68000,273277.00000,5.10000,0.00000,0.00000,0.00000
-283615.17422,-503670.24104,128.28500,638460629.95886,10.60000,1924882.00000,4.39000,0.00000,0.00000,0.00000
-282848.99411,-504148.81036,124.88500,638460630.00582,10.63000,969250.00000,4.11000,0.00000,0.00000,0.00000
-282458.67073,-504148.89749,122.88000,638460630.05277,10.76000,677027.00000,6.14000,0.00000,0.00000,0.00000
-282210.53453,-503967.95235,121.18800,638460630.09971,11.06000,210907.00000,7.00000,0.00000,0.00000,0.00000
-281761.33262,-504042.96660,119.61600,638460630.14666,11.30000,197005.00000,6.74000,0.00000,0.00000,0.00000
-281591.99791,-503761.71702,118.10800,638460630.19362,11.44000,303443.00000,6.34000,0.00000,0.00000,0.00000
-281558.52540,-503307.52127,116.21400,638460630.24057,11.81000,428294.00000,7.88000,0.00000,0.00000,0.00000
-282166.77847,-502036.47961,117.47400,638460630.28752,12.38000,201374.00000,9.31000,0.00000,0.00000,0.00000
-281893.30086,-501887.82883,117.47400,638460630.33447,12.54000,88081.00000,11.36000,0.00000,0.00000,0.00000
-280972.20233,-502563.49844,116.24800,638460630.38142,11.67000,161766.00000,10.06000,0.00000,0.00000,0.00000
-280585.94724,-502558.36455,118.42200,638460630.42837,11.35000,1969087.00000,6.40000,0.00000,0.00000,0.00000
-279908.49054,-502923.88910,120.47900,638460630.47532,10.62000,1775605.00000,4.79000,0.00000,0.00000,0.00000
-279995.96174,-502315.79251,124.67500,638460630.52227,9.97000,1461361.00000,3.62000,0.00000,0.00000,0.00000
-279529.54088,-502412.66153,126.63600,638460630.56922,9.91000,457510.00000,6.30000,0.00000,0.00000,0.00000
-279173.18468,-502369.47390,128.00100,638460630.61618,9.79000,285394.00000,7.69000,0.00000,0.00000,0.00000
-278861.66364,-502269.21401,128.64400,638460630.66313,9.61000,254319.00000,6.85000,0.00000,0.00000,0.00000
-278815.99172,-501830.58336,128.15800,638460630.71008,9.53000,211840.00000,5.64000,0.00000,0.00000,0.00000
-278811.54801,-501339.51954,126.64000,638460630.75703,9.48000,335673.00000,5.18000,0.00000,0.00000,0.00000
-278473.30864,-501273.25621,124.54000,638460630.80398,9.48000,396479.00000,4.79000,0.00000,0.00000,0.00000
-278319.40932,-500972.39931,122.47600,638460630.85093,9.40000,875669.00000,3.39000,0.00000,0.00000,0.00000
-278940.88776,-499684.74374,131.41700,638460630.89788,9.63000,1371515.00000,3.89000,0.00000,0.00000,0.00000
-278753.03715,-499427.12735,129.76600,638460630.94483,9.67000,279017.00000,3.91000,0.00000,0.00000,0.00000
-278577.86171,-499153.35842,128.70800,638460630.99178,9.95000,282226.00000,4.23000,0.00000,0.00000,0.00000
-278445.72410,-498824.84739,128.08500,638460631.03873,10.06000,160223.00000,5.52000,0.00000,0.00000,0.00000
-282404.27278,-494604.00394,128.13400,638514374.99280,9.62000,287851.00000,6.95000,0.00000,0.00000,1.00000
-282386.37391,-494915.36424,129.51400,638514375.03981,9.46000,505115.00000,5.65000,0.00000,0.00000,1.00000
-280506.31407,-496369.96806,135.74400,638514375.22787,9.03000,181074.00000,7.22000,0.00000,0.00000,1.00000
-281094.85666,-496611.17351,136.02600,638514375.27488,8.80000,176662.00000,7.51000,0.00000,0.00000,1.00000
-281279.57902,-496899.08616,136.80300,638514375.32189,8.88000,191406.00000,7.04000,0.00000,0.00000,1.00000
-281237.60941,-497213.22544,135.53300,638514375.36891,8.97000,385569.00000,3.81000,0.00000,0.00000,1.00000
-281388.79655,-497505.01764,133.66100,638514375.41592,9.17000,272006.00000,4.45000,0.00000,0.00000,1.00000
-281437.20777,-497808.69936,134.63200,638514375.46293,9.42000,255094.00000,4.48000,0.00000,0.00000,1.00000
-281345.65759,-498128.55741,135.13800,638514375.50994,9.51000,647121.00000,4.64000,0.00000,0.00000,1.00000
-281127.27729,-498463.08778,135.60500,638514375.55696,9.68000,4380806.00000,3.26000,0.00000,0.00000,1.00000
-282648.86018,-498596.46419,127.39000,638514375.60397,9.95000,282451.00000,5.29000,0.00000,0.00000,1.00000
-282784.73544,-498890.04613,128.97800,638514375.65098,10.18000,243078.00000,6.55000,0.00000,0.00000,1.00000
-281510.83442,-499346.58524,130.29100,638514375.69800,10.23000,805468.00000,5.96000,0.00000,0.00000,1.00000
-282724.81175,-499515.55615,130.26400,638514375.74501,10.19000,564900.00000,5.25000,0.00000,0.00000,1.00000
-282229.41930,-499882.10694,129.77900,638514375.79202,10.36000,1361650.00000,5.80000,0.00000,0.00000,1.00000
-283490.77862,-500045.60634,130.26300,638514375.83904,10.19000,1244373.00000,4.55000,0.00000,0.00000,1.00000
-282990.28441,-500412.74978,124.75700,638514375.88605,9.97000,2716693.00000,4.47000,0.00000,0.00000,1.00000
-283069.28645,-500712.90822,125.85500,638514375.93306,9.94000,3024468.00000,3.62000,0.00000,0.00000,1.00000
-282790.38263,-501054.43959,122.22300,638514375.98007,9.95000,2220401.00000,3.25000,0.00000,0.00000,1.00000
-282584.35982,-501387.53190,121.19100,638514376.02709,9.96000,2315450.00000,3.15000,0.00000,0.00000,1.00000
-282278.46089,-501732.15424,119.89300,638514376.07410,10.02000,1732617.00000,3.61000,0.00000,0.00000,1.00000
-282058.57914,-502066.84395,118.52000,638514376.12111,10.11000,2117110.00000,4.33000,0.00000,0.00000,1.00000
-281292.69348,-502464.59157,120.34100,638514376.16813,10.27000,352084.00000,4.46000,0.00000,0.00000,1.00000
-282860.97764,-502592.73389,120.06900,638514376.21514,10.39000,639708.00000,4.11000,0.00000,0.00000,1.00000
-280365.94736,-503190.18805,117.45700,638514376.26215,10.57000,1504577.00000,4.58000,0.00000,0.00000,1.00000
-280320.26838,-503504.73101,116.28700,638514376.30917,10.50000,1701385.00000,5.08000,0.00000,0.00000,1.00000
-280356.96859,-503809.77217,115.89700,638514376.35618,10.64000,1380852.00000,5.42000,0.00000,0.00000,1.00000
-280004.38080,-504159.74222,116.97300,638514376.40319,10.61000,1011961.00000,6.30000,0.00000,0.00000,1.00000
-280489.40572,-504413.02450,115.74400,638514376.45020,10.26000,1578270.00000,4.12000,0.00000,0.00000,1.00000
-284259.22862,-504287.06016,132.31900,638514376.49722,10.13000,1069146.00000,4.81000,0.00000,0.00000,1.00000
-284326.54313,-504588.59007,132.84200,638514376.54423,9.99000,2256789.00000,5.12000,0.00000,0.00000,1.00000
-284275.03619,-504903.85073,133.67500,638514376.59124,10.07000,2131369.00000,4.16000,0.00000,0.00000,1.00000
-284093.03097,-505234.15587,133.89300,638514376.63826,9.94000,2548321.00000,3.33000,0.00000,0.00000,1.00000
-284030.57634,-505550.66720,135.32800,638514376.68527,9.89000,4224399.00000,3.04000,0.00000,0.00000,1.00000
-283946.99025,-505869.62691,134.04100,638514376.73228,9.80000,3242380.00000,3.11000,0.00000,0.00000,1.00000
-283832.03692,-506192.19173,138.71100,638514376.77930,9.65000,1606552.00000,3.12000,0.00000,0.00000,1.00000
-283696.67983,-506517.11859,140.12800,638514376.82631,9.62000,1021996.00000,2.66000,0.00000,0.00000,1.00000
-283556.94778,-506842.54560,140.63400,638514376.87332,9.48000,1033794.00000,2.93000,0.00000,0.00000,1.00000
-283424.50212,-507167.12568,140.33100,638514376.92034,9.55000,1158135.00000,3.15000,0.00000,0.00000,1.00000
-283233.73016,-507498.42705,138.92300,638514376.96735,9.63000,574418.00000,2.85000,0.00000,0.00000,1.00000
-283118.77359,-507820.98571,138.01300,638514377.01436,9.60000,581084.00000,2.66000,0.00000,0.00000,1.00000
-282975.38833,-508146.83368,137.20700,638514377.06137,9.75000,608854.00000,2.58000,0.00000,0.00000,1.00000
-282826.15726,-508473.33323,136.70700,638514377.10839,9.88000,448183.00000,3.03000,0.00000,0.00000,1.00000
-282817.63073,-508783.62075,136.46500,638514377.15540,9.92000,719313.00000,3.05000,0.00000,0.00000,1.00000
-282712.13780,-509105.08355,136.58600,638514377.20241,10.02000,810929.00000,3.54000,0.00000,0.00000,1.00000
-282680.27067,-509418.04979,135.93200,638514377.24943,10.13000,595920.00000,4.28000,0.00000,0.00000,1.00000
-282722.76272,-509722.44697,135.13200,638514377.29644,10.29000,202656.00000,4.48000,0.00000,0.00000,1.00000
-282817.00912,-510020.87063,134.88700,638514377.34345,10.37000,301098.00000,3.64000,0.00000,0.00000,1.00000
-282922.91659,-510317.95180,134.31400,638514377.39047,10.49000,203464.00000,3.94000,0.00000,0.00000,1.00000
-282977.79271,-510620.91692,133.68800,638514377.43748,10.61000,159962.00000,5.20000,0.00000,0.00000,1.00000
-283176.28548,-510907.33312,132.88500,638514377.48449,10.70000,180698.00000,4.98000,0.00000,0.00000,1.00000
-283419.24967,-511188.62690,132.29500,638514377.53150,10.79000,176930.00000,6.25000,0.00000,0.00000,1.00000
-283734.38049,-511461.59415,131.58900,638514377.57852,10.85000,647333.00000,5.09000,0.00000,0.00000,1.00000
-284169.80994,-511720.71187,130.54200,638514377.62553,11.14000,562039.00000,6.18000,0.00000,0.00000,1.00000
-284799.15378,-511957.46062,129.52000,638514377.67254,11.29000,1016166.00000,7.56000,0.00000,0.00000,1.00000
-284605.43060,-512289.10952,126.73300,638514377.71956,11.11000,901896.00000,5.67000,0.00000,0.00000,1.00000
-283725.66249,-512699.80325,123.79200,638514377.76657,11.03000,475591.00000,4.99000,0.00000,0.00000,1.00000
-283763.75616,-513004.71614,122.62800,638514377.81358,11.25000,295838.00000,6.91000,0.00000,0.00000,1.00000
-284465.28201,-513233.18248,122.76300,638514377.86059,11.47000,651431.00000,8.03000,0.00000,0.00000,1.00000
-285396.46132,-513435.20173,126.47800,638514377.90761,11.12000,551959.00000,5.58000,0.00000,0.00000,1.00000
-285865.41546,-513690.48031,129.23000,638514377.95462,10.83000,905237.00000,4.78000,0.00000,0.00000,1.00000
-284934.59333,-514107.04928,127.24200,638514378.00163,10.83000,825477.00000,4.24000,0.00000,0.00000,1.00000
-284698.55264,-514443.55700,127.90800,638514378.04865,10.85000,797270.00000,5.04000,0.00000,0.00000,1.00000
-285255.72909,-514688.67957,125.42900,638514378.09566,10.86000,4692054.00000,4.31000,0.00000,0.00000,1.00000
-285514.00448,-514968.24770,120.52400,638514378.14267,10.88000,1821192.00000,5.46000,0.00000,0.00000,1.00000
-284452.64854,-515399.81252,116.52500,638514378.18969,11.17000,1002393.00000,6.08000,0.00000,0.00000,1.00000
-284138.57729,-515745.28575,114.85900,638514378.23670,11.26000,741386.00000,6.57000,0.00000,0.00000,1.00000
-284065.10211,-516063.05798,114.17000,638514378.28371,11.52000,346196.00000,6.54000,0.00000,0.00000,1.00000
-284550.09459,-516316.51668,114.69300,638514378.33073,11.38000,540869.00000,5.41000,0.00000,0.00000,1.00000
-283313.73064,-516768.19111,113.22900,638514378.37774,11.36000,365036.00000,5.70000,0.00000,0.00000,1.00000
-283771.01166,-517024.83890,112.66200,638514378.42475,11.45000,514712.00000,6.40000,0.00000,0.00000,1.00000
-283895.10239,-517319.85511,111.14500,638514378.47176,11.59000,257520.00000,8.33000,0.00000,0.00000,1.00000
-284522.26733,-517556.96393,110.82200,638514378.51878,11.53000,181133.00000,7.23000,0.00000,0.00000,1.00000
-285107.87657,-517798.86567,111.98400,638514378.56579,11.03000,408275.00000,4.37000,0.00000,0.00000,1.00000
-288445.46148,-518578.24734,139.24600,638633280.91484,9.80000,1780992.00000,3.72000,0.00000,0.00000,0.00000
-288221.56615,-518366.72845,141.33500,638633280.96183,9.50000,418400.00000,3.55000,0.00000,0.00000,0.00000
-287946.88203,-518217.90052,142.33500,638633281.00881,9.33000,440176.00000,3.46000,0.00000,0.00000,0.00000
-287896.11567,-517792.60203,143.20500,638633281.05579,9.19000,229529.00000,4.04000,0.00000,0.00000,0.00000
-287855.97205,-517354.19121,143.96000,638633281.10278,9.06000,360467.00000,3.23000,0.00000,0.00000,0.00000
-287663.94809,-517103.33107,142.10100,638633281.14977,9.15000,158129.00000,4.90000,0.00000,0.00000,0.00000
-288439.12655,-515658.22409,148.33700,638633281.19675,9.24000,3112086.00000,3.07000,0.00000,0.00000,0.00000
-286584.14019,-517460.64174,128.78000,638633281.24373,9.34000,1652514.00000,3.08000,0.00000,0.00000,0.00000
-286068.92350,-517608.80023,123.83900,638633281.29072,9.60000,841664.00000,3.33000,0.00000,0.00000,0.00000
-285793.78997,-517460.52881,120.19000,638633281.33771,9.82000,458980.00000,3.43000,0.00000,0.00000,0.00000
-285286.41361,-517598.99344,115.06300,638633281.38469,10.19000,739601.00000,3.93000,0.00000,0.00000,0.00000
-285361.26304,-517018.62137,113.26300,638633281.43168,10.50000,267509.00000,3.40000,0.00000,0.00000,0.00000
-285739.47238,-516063.73595,114.04600,638633281.47866,10.59000,1515617.00000,3.53000,0.00000,0.00000,0.00000
-285291.65918,-516128.65100,111.52700,638633281.52565,10.81000,989885.00000,4.98000,0.00000,0.00000,0.00000
-285011.45606,-515986.65329,111.47400,638633281.57263,10.87000,621941.00000,4.28000,0.00000,0.00000,0.00000
-284966.27412,-515554.50157,112.91100,638633281.61962,10.56000,427169.00000,4.24000,0.00000,0.00000,0.00000
-284623.73360,-515489.44346,113.76600,638633281.66661,10.25000,243656.00000,5.22000,0.00000,0.00000,0.00000
-284229.01657,-515488.79342,114.63700,638633281.71359,10.14000,154558.00000,4.73000,0.00000,0.00000,0.00000
-283710.55597,-515640.91188,114.66400,638633281.76058,9.97000,223493.00000,4.68000,0.00000,0.00000,0.00000
-283084.04013,-515926.39836,114.53000,638633281.80756,9.75000,304462.00000,4.04000,0.00000,0.00000,0.00000
-282638.52285,-515988.42854,114.35400,638633281.85455,9.84000,283892.00000,3.81000,0.00000,0.00000,0.00000
-282107.12106,-516156.48516,114.12800,638633281.90154,9.96000,479585.00000,3.66000,0.00000,0.00000,0.00000
-283534.04494,-513907.19886,126.11000,638633281.94852,10.36000,5007666.00000,3.57000,0.00000,0.00000,0.00000
-283015.13683,-514059.86042,122.12500,638633281.99551,10.54000,1993407.00000,5.07000,0.00000,0.00000,0.00000
-282760.80867,-513885.91757,121.69400,638633282.04249,10.62000,562554.00000,5.29000,0.00000,0.00000,0.00000
-282561.43213,-513644.14732,121.59600,638633282.08948,10.77000,362039.00000,5.42000,0.00000,0.00000,0.00000
-282431.77990,-513316.30878,122.41900,638633282.13647,10.72000,701740.00000,4.75000,0.00000,0.00000,0.00000
-282125.73466,-513206.19933,123.11000,638633282.18345,10.64000,1771146.00000,5.77000,0.00000,0.00000,0.00000
-281935.59050,-512953.01951,124.49800,638633282.23044,10.57000,804148.00000,6.60000,0.00000,0.00000,0.00000
-281691.43209,-512766.53663,125.98300,638633282.27743,10.35000,239145.00000,6.18000,0.00000,0.00000,0.00000
-281559.02264,-512442.12177,127.82000,638633282.32441,10.18000,292033.00000,5.91000,0.00000,0.00000,0.00000
-281403.52361,-512146.19545,129.38600,638633282.37140,10.05000,491102.00000,4.94000,0.00000,0.00000,0.00000
-281097.02991,-512036.65319,129.54400,638633282.41839,9.92000,427655.00000,4.17000,0.00000,0.00000,0.00000
-280781.30344,-511938.50469,129.95100,638633282.46537,9.94000,884485.00000,4.69000,0.00000,0.00000,0.00000
-280468.33669,-511836.91636,129.65200,638633282.51236,9.97000,2215832.00000,4.53000,0.00000,0.00000,0.00000
-280136.91548,-511758.14169,128.63600,638633282.55935,10.05000,3315272.00000,4.93000,0.00000,0.00000,0.00000
-279849.81428,-511624.63586,127.99100,638633282.60633,10.03000,1611511.00000,5.20000,0.00000,0.00000,0.00000
-279543.32970,-511515.08087,127.07000,638633282.65332,9.94000,847089.00000,4.47000,0.00000,0.00000,0.00000
-279235.44471,-511407.20432,125.64000,638633282.70030,10.16000,270584.00000,4.99000,0.00000,0.00000,0.00000
-278927.56819,-511299.34189,124.36400,638633282.74729,10.18000,323282.00000,6.69000,0.00000,0.00000,0.00000
-278540.71922,-511288.92807,122.35900,638633282.79428,10.41000,213671.00000,7.93000,0.00000,0.00000,0.00000
-278205.13605,-511215.25960,121.42900,638633282.84127,10.49000,210392.00000,7.00000,0.00000,0.00000,0.00000
-277857.08301,-511156.97539,119.84200,638633282.88825,10.65000,280832.00000,7.88000,0.00000,0.00000,0.00000
-277686.83183,-510879.26586,118.55100,638633282.93524,10.64000,129945.00000,7.85000,0.00000,0.00000,0.00000
-277583.55239,-510518.92446,117.42500,638633282.98223,10.88000,129058.00000,7.40000,0.00000,0.00000,0.00000
-277606.82788,-510002.44731,117.84400,638633283.02921,10.82000,442760.00000,5.64000,0.00000,0.00000,0.00000
-277076.99436,-502450.73649,121.17400,638687029.04451,10.19000,8381881.00000,4.27000,0.01900,0.00000,1.00000
