-308627.66567,-486394.72810,148.32000,635269517.69998,9.61000,2040460.00000,2.74000,0.00000,0.00000,0.00000
-312164.57391,-493999.57862,144.50100,635442169.43903,10.11000,1034332.00000,3.72000,0.00000,0.00000,0.00000
-311798.76307,-492415.56867,153.16900,635442169.62414,10.18000,404215.00000,6.55000,0.00000,0.00000,0.00000
-311311.37590,-492579.90129,153.85300,635442169.67041,10.31000,154045.00000,6.91000,0.00000,0.00000,0.00000
-311016.89462,-492471.26277,154.00100,635442169.71669,10.47000,209924.00000,8.02000,0.00000,0.00000,0.00000
-310754.20339,-492317.59865,153.78300,635442169.76297,11.01000,264156.00000,6.93000,0.00000,0.00000,0.00000
-310495.69886,-492158.00980,153.86800,635442169.80925,11.06000,532523.00000,6.16000,0.00000,0.00000,0.00000
-310309.16763,-491896.57065,154.42600,635442169.85552,11.17000,614974.00000,6.97000,0.00000,0.00000,0.00000
-310194.19627,-491533.87716,154.97600,635442169.90180,10.78000,1052107.00000,6.32000,0.00000,0.00000,0.00000
-310098.06122,-491144.54329,154.86200,635442169.94808,10.61000,545643.00000,5.94000,0.00000,0.00000,0.00000
-309942.92581,-490838.69718,154.67800,635442169.99435,10.26000,433740.00000,7.02000,0.00000,0.00000,0.00000
-309733.81251,-490609.23330,154.19000,635442170.04063,10.09000,432558.00000,5.96000,0.00000,0.00000,0.00000
-309445.61469,-490491.68611,152.06000,635442170.08691,10.30000,400022.00000,6.30000,0.00000,0.00000,0.00000
-309334.43683,-490123.67717,151.28700,635442170.13319,10.56000,157446.00000,8.95000,0.00000,0.00000,0.00000
-308956.26319,-490133.42118,151.26400,635442170.17946,10.61000,222475.00000,7.89000,0.00000,0.00000,0.00000
-308410.29027,-490380.61103,152.22000,635442170.22574,10.37000,278823.00000,6.38000,0.00000,0.00000,0.00000
-308078.15300,-490325.22111,153.84400,635442170.27202,10.15000,505668.00000,5.45000,0.00000,0.00000,0.00000
-307878.25366,-490082.71708,155.56300,635442170.31829,9.93000,517615.00000,3.90000,0.00000,0.00000,0.00000
-307695.10081,-489816.53790,158.52100,635442170.36457,9.63000,973684.00000,3.04000,0.00000,0.00000,0.00000
-307465.91594,-489615.48851,162.52800,635442170.41085,9.44000,1143598.00000,2.26000,0.00000,0.00000,0.00000
-307253.47148,-489390.75076,165.26100,635442170.45712,9.25000,455233.00000,2.31000,0.00000,0.00000,0.00000
-307058.61520,-489141.15969,167.20300,635442170.50340,9.07000,654623.00000,2.29000,0.00000,0.00000,0.00000
-306837.38650,-488928.85336,167.98100,635442170.54968,8.95000,1032646.00000,2.31000,0.00000,0.00000,0.00000
-305520.07416,-490267.21270,143.93100,635442170.59596,8.75000,2077033.00000,2.31000,0.00000,0.00000,0.00000
-306459.38995,-488413.06647,164.70800,635442170.64223,8.71000,1973067.00000,2.95000,0.00000,0.00000,0.00000
-306398.45537,-487973.99496,163.29200,635442170.68851,8.84000,915433.00000,3.01000,0.00000,0.00000,0.00000
-306416.63128,-487423.03905,162.75900,635442170.73479,8.99000,2352460.00000,3.88000,0.00000,0.00000,0.00000
-305137.83717,-488706.87089,149.37400,635442170.78106,9.19000,551449.00000,4.86000,0.00000,0.00000,0.00000
-304845.04684,-488595.78902,150.13000,635442170.82734,9.39000,839720.00000,8.45000,0.00000,0.00000,0.00000
-304892.10954,-488003.96126,150.39800,635442170.87362,9.59000,794745.00000,7.33000,0.00000,0.00000,0.00000
-304624.85790,-487856.77045,149.39200,635442170.91989,9.46000,580684.00000,7.23000,0.00000,0.00000,0.00000
-304385.23818,-487670.51048,148.16900,635442170.96617,9.63000,226918.00000,8.60000,0.00000,0.00000,0.00000
-304640.74741,-486783.85207,148.61500,635442171.01245,9.66000,621045.00000,9.42000,0.00000,0.00000,0.00000
-305285.49689,-485346.61281,154.20800,635442171.05872,9.98000,420118.00000,8.74000,0.00000,0.00000,0.00000
-304296.27815,-486220.67723,151.54400,635442171.10500,9.85000,220841.00000,8.91000,0.00000,0.00000,0.00000
-303852.83919,-486322.74294,153.91400,635442171.15128,9.37000,465251.00000,4.61000,0.00000,0.00000,0.00000
-303597.32353,-486158.97612,157.43700,635442171.19756,9.03000,3053372.00000,3.36000,0.00000,0.00000,0.00000
-303294.50447,-486062.09289,159.94400,635442171.24383,8.95000,1968673.00000,2.83000,0.00000,0.00000,0.00000
-303059.91485,-485868.71028,161.21400,635442171.29011,8.92000,3237062.00000,4.09000,0.00000,0.00000,0.00000
-302806.08421,-485702.57316,161.49200,635442171.33639,8.87000,1833673.00000,3.79000,0.00000,0.00000,0.00000
-302589.08285,-485484.33068,161.54400,635442171.38267,8.71000,1008604.00000,3.53000,0.00000,0.00000,0.00000
-302431.10267,-485182.61317,161.22400,635442171.42894,8.78000,315215.00000,4.87000,0.00000,0.00000,0.00000
-302339.67429,-484786.76901,161.74400,635442171.47522,8.60000,267702.00000,4.57000,0.00000,0.00000,0.00000
-302155.74589,-484521.75788,163.62200,635442171.52150,8.45000,273980.00000,4.59000,0.00000,0.00000,0.00000
-301925.36076,-484322.45722,163.97800,635442171.56777,8.46000,275003.00000,5.19000,0.00000,0.00000,0.00000
-301674.89051,-484151.57576,164.34000,635442171.61405,8.39000,443105.00000,4.05000,0.00000,0.00000,0.00000
-301388.42711,-484031.60219,163.22100,635442171.66033,8.45000,221098.00000,5.11000,0.00000,0.00000,0.00000
-301163.48563,-483824.59740,164.15500,635442171.70660,8.48000,295055.00000,4.80000,0.00000,0.00000,0.00000
-300842.27347,-483753.74391,164.03600,635442171.75288,8.52000,359370.00000,3.77000,0.00000,0.00000,0.00000
-300490.09389,-483726.70069,162.90400,635442171.79916,8.72000,113626.00000,6.09000,0.00000,0.00000,0.00000
-300250.09329,-483541.00653,163.31900,635442171.84544,8.73000,163930.00000,6.33000,0.00000,0.00000,0.00000
-300012.60371,-483351.75798,164.22400,635442171.89171,8.49000,374565.00000,4.62000,0.00000,0.00000,0.00000
-299776.36900,-483160.72346,164.54100,635442171.93799,8.59000,299346.00000,4.20000,0.00000,0.00000,0.00000
-299612.14256,-482867.88467,165.21400,635442171.98427,8.48000,295473.00000,4.78000,0.00000,0.00000,0.00000
-299432.84531,-482596.35169,166.31600,635442172.03054,8.31000,288817.00000,4.09000,0.00000,0.00000,0.00000
-299181.96749,-482426.03911,167.58600,635442172.07682,8.25000,873425.00000,3.66000,0.00000,0.00000,0.00000
-298872.49438,-482338.60577,167.83500,635442172.12310,8.25000,545103.00000,3.08000,0.00000,0.00000,0.00000
-298565.09986,-482248.18784,166.65600,635442172.16938,8.12000,581725.00000,3.49000,0.00000,0.00000,0.00000
-298320.93565,-482068.40822,165.43900,635442172.21565,8.17000,886088.00000,3.86000,0.00000,0.00000,0.00000
-298167.60663,-481760.16935,164.86300,635442172.26193,8.37000,2128720.00000,3.78000,0.00000,0.00000,0.00000
-298009.25676,-481459.03188,164.23900,635442172.30821,8.68000,3773794.00000,3.64000,0.00000,0.00000,0.00000
-297868.50056,-481133.04613,163.77700,635442172.35448,8.81000,3921098.00000,3.61000,0.00000,0.00000,0.00000
-296306.01955,-482817.17564,152.08600,635442172.40076,8.75000,513279.00000,4.72000,0.00000,0.00000,0.00000
-296074.82435,-482619.02124,150.59700,635442172.44704,8.73000,285402.00000,3.84000,0.00000,0.00000,0.00000
-295286.80340,-483208.10609,149.86300,635442172.49331,8.35000,710774.00000,3.95000,0.00000,0.00000,0.00000
-306372.53446,-482427.08898,159.28500,635495915.36312,10.09000,3515927.00000,4.73000,0.00000,0.00000,1.00000
-306190.80110,-482765.01592,157.69100,635495915.40942,10.00000,2562896.00000,4.85000,0.00000,0.00000,1.00000
-306119.23657,-483084.51891,156.39300,635495915.45572,10.01000,1260744.00000,4.23000,0.00000,0.00000,1.00000
-305865.96336,-483434.41815,154.70200,635495915.50203,10.05000,1496625.00000,3.65000,0.00000,0.00000,1.00000
-305748.60232,-483761.57199,153.39300,635495915.54833,9.93000,1306969.00000,4.25000,0.00000,0.00000,1.00000
-305526.07745,-484106.31263,152.54100,635495915.59463,10.13000,1141549.00000,4.52000,0.00000,0.00000,1.00000
-305748.52296,-484376.63575,152.47600,635495915.64093,10.30000,1953781.00000,3.93000,0.00000,0.00000,1.00000
-305794.97909,-484676.39131,152.16800,635495915.68723,10.23000,2256639.00000,3.76000,0.00000,0.00000,1.00000
-305398.61195,-485050.20790,152.74300,635495915.73353,10.16000,4405552.00000,4.21000,0.00000,0.00000,1.00000
-305419.30223,-485354.25852,152.43600,635495915.77983,10.14000,4775597.00000,4.52000,0.00000,0.00000,1.00000
-310000.60008,-485510.74812,147.72400,635495915.91873,9.89000,964933.00000,3.79000,0.00000,0.00000,1.00000
-307385.00875,-486255.68058,141.37400,635495915.96504,9.69000,1456020.00000,4.06000,0.00000,0.00000,1.00000
-308386.53069,-486395.75611,143.15900,635495916.01134,9.73000,720494.00000,4.06000,0.00000,0.00000,1.00000
-308471.60787,-486689.07830,144.44300,635495916.05764,9.77000,670297.00000,3.94000,0.00000,0.00000,1.00000
-308355.65057,-487016.01081,145.73800,635495916.10394,9.83000,392160.00000,3.34000,0.00000,0.00000,1.00000
-308395.64774,-487316.86454,147.57200,635495916.15024,9.93000,732347.00000,2.96000,0.00000,0.00000,1.00000
-308694.63212,-487574.42964,148.03200,635495916.19654,9.88000,681961.00000,3.07000,0.00000,0.00000,1.00000
-309148.85594,-487806.03596,148.48100,635495916.24284,9.95000,1361934.00000,4.17000,0.00000,0.00000,1.00000
-309004.98977,-488137.63540,148.99000,635495916.28914,9.87000,753944.00000,4.58000,0.00000,0.00000,1.00000
-308859.68646,-488469.47139,149.87400,635495916.33544,9.79000,559258.00000,4.33000,0.00000,0.00000,1.00000
-308865.34311,-488776.08408,150.61000,635495916.38174,9.92000,375542.00000,5.38000,0.00000,0.00000,1.00000
-308758.67076,-489101.45967,150.95700,635495916.42805,9.95000,1050743.00000,4.43000,0.00000,0.00000,1.00000
-308448.81641,-489460.79962,151.20900,635495916.47435,10.03000,737537.00000,4.20000,0.00000,0.00000,1.00000
-308593.25149,-489744.19979,150.76700,635495916.52065,10.05000,1058041.00000,4.79000,0.00000,0.00000,1.00000
-308890.79117,-490002.02194,150.69900,635495916.56695,10.11000,1470051.00000,5.55000,0.00000,0.00000,1.00000
-308475.75478,-490378.92251,150.91400,635495916.61325,10.14000,1329299.00000,6.55000,0.00000,0.00000,1.00000
-308353.32380,-490706.91769,150.88300,635495916.65955,10.58000,852675.00000,9.69000,0.00000,0.00000,1.00000
-307741.53952,-491116.68759,151.45700,635495916.70585,10.46000,534530.00000,7.38000,0.00000,0.00000,1.00000
-307858.77563,-491404.63385,151.81700,635495916.75215,10.63000,417772.00000,9.03000,0.00000,0.00000,1.00000
-308390.96537,-491623.25666,152.02500,635495916.79845,10.69000,272159.00000,9.48000,0.00000,0.00000,1.00000
-308737.14298,-491872.96658,152.56700,635495916.84475,10.65000,413049.00000,7.66000,0.00000,0.00000,1.00000
-309144.85761,-492112.41343,152.78200,635495916.89105,10.52000,373251.00000,6.77000,0.00000,0.00000,1.00000
-309296.42905,-492394.63297,152.70900,635495916.93736,10.62000,634786.00000,6.69000,0.00000,0.00000,1.00000
-309269.85634,-492706.62024,152.43500,635495916.98366,10.70000,1609825.00000,5.38000,0.00000,0.00000,1.00000
-309236.12052,-493019.80300,154.24300,635495917.02996,10.45000,697205.00000,4.35000,0.00000,0.00000,1.00000
-309058.58502,-493357.00916,153.31200,635495917.07626,10.58000,703471.00000,4.88000,0.00000,0.00000,1.00000
-308828.81243,-493702.92795,153.09800,635495917.12256,10.63000,178056.00000,6.63000,0.00000,0.00000,1.00000
-308475.98390,-494069.41098,153.68600,635495917.16886,10.60000,292104.00000,6.12000,0.00000,0.00000,1.00000
-308314.88431,-494403.84457,154.91400,635495917.21516,10.51000,273922.00000,4.20000,0.00000,0.00000,1.00000
-308152.35819,-494738.53196,156.17600,635495917.26146,10.26000,1922279.00000,3.92000,0.00000,0.00000,1.00000
-311594.27393,-494778.86140,148.06400,635495917.35406,10.15000,741666.00000,2.98000,0.00000,0.00000,1.00000
-311360.91256,-495125.40616,147.55600,635495917.40037,10.27000,894260.00000,3.89000,0.00000,0.00000,1.00000
-311156.87202,-495467.02666,146.82400,635495917.44667,10.24000,844596.00000,5.28000,0.00000,0.00000,1.00000
-310937.09973,-495811.29403,145.80300,635495917.49297,10.44000,333548.00000,6.22000,0.00000,0.00000,1.00000
-310830.36293,-496136.67267,145.68800,635495917.53927,10.35000,400181.00000,5.59000,0.00000,0.00000,1.00000
-310511.84389,-496497.41591,144.56500,635495917.58557,10.26000,1535500.00000,4.63000,0.00000,0.00000,1.00000
-311009.69569,-496721.86394,145.46400,635495917.63187,10.30000,1799218.00000,4.71000,0.00000,0.00000,1.00000
-311903.88233,-496880.14711,158.60500,635495917.67817,10.14000,5600324.00000,5.03000,0.00000,0.00000,1.00000
-310890.63209,-497356.85698,151.01600,635495917.72447,10.16000,3735743.00000,5.12000,0.00000,0.00000,1.00000
-310260.43338,-498692.27768,144.55000,635495917.90968,9.27000,1181611.00000,6.10000,0.00000,0.00000,1.00000
-310205.18066,-499009.03745,144.00500,635495917.95598,9.14000,1120309.00000,6.84000,0.00000,0.00000,1.00000
-310647.93394,-499242.71542,144.31400,635495918.00228,8.94000,424723.00000,6.15000,0.00000,0.00000,1.00000
-311369.66491,-498992.96437,147.12700,635614821.91913,5.30000,266414.00000,8.67000,0.00000,0.00000,0.00000
-310549.78066,-499602.30443,144.23800,635614821.96542,6.28000,306103.00000,7.77000,0.00000,0.00000,0.00000
-310086.78591,-499722.38883,142.56600,635614822.01171,7.29000,643645.00000,8.77000,0.00000,0.00000,0.00000
-309832.37758,-499556.54450,141.73200,635614822.05799,7.48000,105071.00000,8.21000,0.00000,0.00000,0.00000
-309697.22657,-499227.23203,141.75100,635614822.10428,8.13000,428817.00000,6.12000,0.00000,0.00000,0.00000
-309359.89112,-499175.05059,143.01000,635614822.15057,8.90000,4078059.00000,2.95000,0.00000,0.00000,0.00000
-307835.95225,-500749.33099,127.08500,635614822.19686,9.31000,1943855.00000,3.42000,0.00000,0.00000,0.00000
-307519.55172,-500668.42413,126.58700,635614822.24315,9.43000,924272.00000,4.08000,0.00000,0.00000,0.00000
-307302.32639,-500451.58812,125.93600,635614822.28944,9.21000,678952.00000,4.19000,0.00000,0.00000,0.00000
-306659.75709,-500817.70616,126.69400,635614822.33573,9.48000,932849.00000,5.00000,0.00000,0.00000,0.00000
-306799.47588,-500111.63276,125.99400,635614822.38201,9.51000,340901.00000,3.89000,0.00000,0.00000,0.00000
-306821.64993,-499566.69407,126.53100,635614822.42830,9.52000,495919.00000,2.49000,0.00000,0.00000,0.00000
-307788.08995,-497727.58259,151.10700,635614822.47459,9.34000,1318429.00000,2.21000,0.00000,0.00000,0.00000
-305711.35878,-500059.28188,128.76600,635614822.52088,9.29000,1175020.00000,2.25000,0.00000,0.00000,0.00000
-307681.10731,-496845.15595,156.55300,635614822.56717,9.14000,636576.00000,1.98000,0.00000,0.00000,0.00000
-306257.60192,-498281.59457,134.70200,635614822.61346,9.00000,3748456.00000,1.71000,0.00000,0.00000,0.00000
-307354.42887,-496263.87898,161.19900,635614822.65975,8.98000,1263820.00000,1.71000,0.00000,0.00000,0.00000
-305032.31613,-498931.74911,124.95500,635614822.70604,9.11000,4539752.00000,1.62000,0.00000,0.00000,0.00000
-303422.65269,-500623.09027,116.72700,635614822.75233,9.53000,3884732.00000,1.70000,0.00000,0.00000,0.00000
-305048.07587,-497881.13112,120.72500,635614822.79862,9.72000,4586761.00000,1.98000,0.00000,0.00000,0.00000
-303125.88833,-500000.71859,112.62600,635614822.84491,9.71000,2015894.00000,1.76000,0.00000,0.00000,0.00000
-306304.86418,-495129.87196,147.64100,635614822.89119,9.53000,1516347.00000,2.17000,0.00000,0.00000,0.00000
-306067.16700,-494941.14799,146.19000,635614822.93748,9.35000,1016257.00000,2.81000,0.00000,0.00000,0.00000
-305827.33549,-494755.36105,145.78200,635614822.98377,9.11000,611757.00000,3.76000,0.00000,0.00000,0.00000
-305572.54329,-494590.08389,146.09700,635614823.03006,8.87000,271698.00000,4.09000,0.00000,0.00000,0.00000
-305286.53025,-494467.54497,145.79400,635614823.07635,8.95000,207973.00000,4.44000,0.00000,0.00000,0.00000
-304888.52448,-494498.50880,144.34100,635614823.12264,9.01000,184337.00000,6.25000,0.00000,0.00000,0.00000
-304512.30888,-494499.57454,143.35400,635614823.16893,8.90000,98792.00000,6.93000,0.00000,0.00000,0.00000
-304274.19262,-494311.43849,143.31300,635614823.21522,8.95000,176310.00000,5.47000,0.00000,0.00000,0.00000
-304127.13502,-493998.51843,143.74900,635614823.26151,8.91000,238424.00000,5.36000,0.00000,0.00000,0.00000
-303894.14329,-493803.33000,142.91000,635614823.30780,8.98000,450003.00000,3.28000,0.00000,0.00000,0.00000
-303772.31913,-493455.84647,142.64000,635614823.35409,8.97000,3484523.00000,2.71000,0.00000,0.00000,0.00000
-302058.34081,-495289.84441,120.36000,635614823.40038,9.22000,4392465.00000,2.57000,0.00000,0.00000,0.00000
-302423.92877,-494274.52356,120.62300,635614823.44667,9.44000,2049013.00000,2.56000,0.00000,0.00000,0.00000
-301626.98384,-494851.99373,114.74100,635614823.49296,9.71000,904576.00000,3.78000,0.00000,0.00000,0.00000
-301424.35638,-494615.20732,113.43300,635614823.53925,10.13000,272248.00000,6.61000,0.00000,0.00000,0.00000
-301107.99180,-494534.24090,113.87500,635614823.58554,10.45000,100976.00000,7.35000,0.00000,0.00000,0.00000
-300718.93727,-494552.85143,114.75000,635614823.63183,10.82000,41789.00000,8.65000,0.00000,0.00000,0.00000
-300521.44569,-494309.03384,116.29100,635614823.67812,10.59000,143676.00000,8.53000,0.00000,0.00000,0.00000
-300570.24538,-493727.81062,119.27700,635614823.72441,10.34000,335656.00000,5.43000,0.00000,0.00000,0.00000
-300313.73656,-493564.81319,121.97600,635614823.77070,10.05000,533740.00000,4.37000,0.00000,0.00000,0.00000
-299918.70289,-493591.61342,119.26500,635614823.81699,9.79000,2833108.00000,4.63000,0.00000,0.00000,0.00000
-300309.57515,-492541.78816,126.87000,635614823.86328,10.05000,490478.00000,5.09000,0.00000,0.00000,0.00000
-299911.97950,-492572.09409,125.47800,635614823.90957,10.48000,191568.00000,7.19000,0.00000,0.00000,0.00000
-300231.02572,-491620.68123,128.68400,635614823.95587,10.43000,109675.00000,7.63000,0.00000,0.00000,0.00000
-300008.75166,-491410.84778,130.51700,635614824.00216,10.18000,355482.00000,6.90000,0.00000,0.00000,0.00000
-299833.08052,-491137.15884,133.25600,635614824.04845,10.10000,1686470.00000,4.30000,0.00000,0.00000,0.00000
-299539.40335,-491025.13628,134.44000,635614824.09474,10.09000,3716427.00000,4.10000,0.00000,0.00000,0.00000
-298349.88982,-492140.19568,127.72700,635614824.14103,10.18000,2828148.00000,4.20000,0.00000,0.00000,0.00000
-298821.62682,-490979.71406,133.92500,635614824.18732,10.05000,1951991.00000,5.37000,0.00000,0.00000,0.00000
-298496.73645,-490910.43795,134.59700,635614824.23361,10.03000,1243196.00000,6.17000,0.00000,0.00000,0.00000
-298314.24382,-490646.12080,136.44000,635614824.27990,10.47000,650252.00000,7.78000,0.00000,0.00000,0.00000
-297971.82220,-490600.84325,135.90400,635614824.32619,10.50000,453335.00000,8.04000,0.00000,0.00000,0.00000
-297618.29053,-490570.80558,135.09000,635614824.37248,10.55000,231226.00000,9.86000,0.00000,0.00000,0.00000
-297145.87262,-490703.58168,134.94400,635614824.41877,10.10000,285253.00000,8.28000,0.00000,0.00000,0.00000
-296481.87327,-491098.74552,134.83500,635614824.46506,9.77000,145221.00000,9.08000,0.00000,0.00000,0.00000
-295648.09263,-491726.41940,136.04300,635614824.51135,10.05000,204905.00000,8.17000,0.00000,0.00000,0.00000
-295141.87104,-491905.43284,136.67200,635614824.55764,10.00000,1154154.00000,7.54000,0.00000,0.00000,0.00000
-295361.80437,-491089.96310,135.70700,635614824.60393,10.09000,202549.00000,9.25000,0.00000,0.00000,0.00000
-295982.01812,-489726.31016,138.35800,635614824.65022,9.82000,347154.00000,7.22000,0.00000,0.00000,0.00000
-295844.02004,-489401.06726,139.63400,635614824.69651,9.21000,126566.00000,7.25000,0.00000,0.00000,0.00000
-295837.30664,-488896.01876,141.66100,635614824.74280,8.97000,537114.00000,4.95000,0.00000,0.00000,0.00000
-295397.39224,-488984.26227,143.66300,635614824.78909,8.86000,1032292.00000,4.48000,0.00000,0.00000,0.00000
-295005.37566,-489006.89989,144.24100,635614824.83538,8.85000,418747.00000,4.03000,0.00000,0.00000,0.00000
-294665.53874,-488958.09139,144.31200,635614824.88167,8.83000,384078.00000,4.37000,0.00000,0.00000,0.00000
-294426.62512,-488771.05588,144.16900,635614824.92796,8.96000,410196.00000,4.53000,0.00000,0.00000,0.00000
-294242.02522,-488509.64087,143.80300,635614824.97425,9.22000,545273.00000,4.67000,0.00000,0.00000,0.00000
-294050.15942,-488258.18082,143.43500,635614825.02054,9.59000,1000773.00000,4.90000,0.00000,0.00000,0.00000
-294154.67563,-487600.87784,143.27600,635614825.06683,10.02000,306882.00000,6.63000,0.00000,0.00000,0.00000
-293039.03335,-488614.38253,137.33200,635614825.11312,10.06000,644150.00000,7.32000,0.00000,0.00000,0.00000
-292079.89480,-489413.54196,136.96100,635614825.15941,10.06000,324201.00000,10.73000,0.00000,0.00000,0.00000
-291293.95328,-489975.50046,138.75400,635614825.20570,9.71000,318317.00000,7.16000,0.00000,0.00000,0.00000
-290907.05315,-489991.06702,139.25300,635614825.25199,9.42000,106097.00000,6.23000,0.00000,0.00000,0.00000
-292870.36395,-486788.67722,147.31100,635614825.29828,9.13000,3948806.00000,5.87000,0.00000,0.00000,0.00000
-291493.80101,-488159.34965,143.89200,635614825.34457,8.94000,963849.00000,5.96000,0.00000,0.00000,0.00000
-291257.46794,-487968.78266,142.39700,635614825.39086,8.78000,2084835.00000,3.84000,0.00000,0.00000,0.00000
-290218.32116,-488877.36812,149.46100,635614825.43715,8.58000,8424564.00000,2.81000,0.00000,0.00000,0.00000
-290024.33010,-488628.82065,148.46300,635614825.48344,8.70000,3178677.00000,3.90000,0.00000,0.00000,0.00000
-292153.70218,-485199.30853,135.44800,635614825.52973,8.78000,2455816.00000,4.04000,0.00000,0.00000,0.00000
-290895.13654,-486408.32166,131.74100,635614825.57602,8.76000,799759.00000,3.93000,0.00000,0.00000,0.00000
-289796.08265,-487398.89081,131.38200,635614825.62231,8.83000,343081.00000,3.67000,0.00000,0.00000,0.00000
-289319.79164,-487536.82173,131.93100,635614825.66860,8.78000,1731194.00000,3.21000,0.00000,0.00000,0.00000
-289027.85941,-487422.36364,133.16900,635614825.71489,8.62000,3339563.00000,3.03000,0.00000,0.00000,0.00000
-298312.15746,-480749.66803,164.68600,635668567.72920,9.07000,90727.00000,7.85000,0.00000,0.00000,1.00000
-298962.38897,-480957.86871,165.58500,635668567.77552,9.05000,161578.00000,7.83000,0.00000,0.00000,1.00000
-299108.34725,-481242.61242,166.51500,635668567.82185,8.86000,620080.00000,6.81000,0.00000,0.00000,1.00000
-299191.89945,-481536.83357,167.40400,635668567.86817,8.83000,774743.00000,5.94000,0.00000,0.00000,1.00000
-299185.78543,-481844.66494,167.94200,635668567.91449,8.92000,1477179.00000,3.65000,0.00000,0.00000,1.00000
-299065.61883,-482169.80783,168.06100,635668567.96081,9.02000,2282927.00000,3.74000,0.00000,0.00000,1.00000
-298943.29576,-482495.27402,167.46600,635668568.00713,9.04000,2071991.00000,2.92000,0.00000,0.00000,1.00000
-300286.47484,-482598.32272,158.48500,635668568.05346,8.89000,3201532.00000,2.92000,0.00000,0.00000,1.00000
-298728.76893,-483141.62940,164.90500,635668568.09978,8.95000,3178013.00000,3.48000,0.00000,0.00000,1.00000
-298918.47542,-483419.74848,163.95200,635668568.14610,8.95000,1017494.00000,4.10000,0.00000,0.00000,1.00000
-299159.09920,-483690.12431,163.20800,635668568.19242,9.03000,450083.00000,4.14000,0.00000,0.00000,1.00000
-299234.03024,-483985.66251,162.65100,635668568.23874,8.98000,242496.00000,4.70000,0.00000,0.00000,1.00000
-299324.02274,-484278.91435,161.80800,635668568.28507,9.05000,757635.00000,4.36000,0.00000,0.00000,1.00000
-299405.40262,-484573.47040,161.12700,635668568.33139,9.08000,491838.00000,5.52000,0.00000,0.00000,1.00000
-299384.92045,-484883.48317,160.18700,635668568.37771,9.13000,1194098.00000,4.86000,0.00000,0.00000,1.00000
-299480.64571,-485175.86868,159.11700,635668568.42403,9.04000,1322870.00000,5.39000,0.00000,0.00000,1.00000
-299493.87321,-485480.76694,157.70500,635668568.47035,9.09000,166686.00000,6.35000,0.00000,0.00000,1.00000
-299526.46505,-485782.72351,156.15000,635668568.51668,9.45000,163331.00000,7.04000,0.00000,0.00000,1.00000
-299518.16857,-486090.88961,154.64300,635668568.56300,9.56000,234709.00000,6.64000,0.00000,0.00000,1.00000
-299664.82237,-486375.55901,152.75900,635668568.60932,9.63000,132934.00000,7.47000,0.00000,0.00000,1.00000
-300118.49096,-486613.64841,152.16800,635668568.65564,9.72000,184372.00000,8.86000,0.00000,0.00000,1.00000
-300613.06645,-486845.56076,151.52000,635668568.70196,9.80000,85771.00000,8.28000,0.00000,0.00000,1.00000
-300798.45345,-487124.36051,150.54200,635668568.74829,10.07000,91080.00000,9.92000,0.00000,0.00000,1.00000
-300806.65381,-487430.04237,149.32600,635668568.79461,9.77000,172924.00000,9.06000,0.00000,0.00000,1.00000
-300352.13519,-487805.87196,146.86300,635668568.84093,9.76000,110546.00000,7.60000,0.00000,0.00000,1.00000
-300102.06515,-488150.70315,145.05400,635668568.88725,9.97000,142386.00000,7.07000,0.00000,0.00000,1.00000
-299872.79331,-488492.37643,144.25100,635668568.93358,9.94000,288074.00000,6.14000,0.00000,0.00000,1.00000
-299792.73076,-488811.41878,143.10800,635668568.97990,9.88000,573307.00000,5.52000,0.00000,0.00000,1.00000
-299764.32629,-489122.64701,142.48900,635668569.02622,10.15000,623799.00000,5.31000,0.00000,0.00000,1.00000
-299913.82962,-489406.90124,141.28600,635668569.07255,10.37000,418463.00000,7.20000,0.00000,0.00000,1.00000
-300213.97961,-489668.31308,141.16300,635668569.11887,10.17000,164834.00000,7.30000,0.00000,0.00000,1.00000
-301141.13193,-489834.69132,142.64800,635668569.16519,10.16000,213182.00000,6.36000,0.00000,0.00000,1.00000
-301947.05804,-490019.46558,143.88700,635668569.21151,10.12000,357006.00000,6.38000,0.00000,0.00000,1.00000
-301460.94342,-490400.07267,140.44300,635668569.25784,10.16000,1211344.00000,4.76000,0.00000,0.00000,1.00000
-300616.83781,-490834.92881,136.02800,635668569.30416,10.07000,794191.00000,5.01000,0.00000,0.00000,1.00000
-300276.33256,-491193.43647,133.54900,635668569.35048,10.16000,2596109.00000,4.98000,0.00000,0.00000,1.00000
-300369.87004,-491486.18923,132.02400,635668569.39681,10.25000,1048740.00000,4.90000,0.00000,0.00000,1.00000
-299315.52248,-491952.85395,129.44800,635668569.44313,10.40000,1714356.00000,4.90000,0.00000,0.00000,1.00000
-300052.57670,-492148.09190,127.90300,635668569.48945,10.53000,2343144.00000,5.49000,0.00000,0.00000,1.00000
-299732.86646,-492503.45644,125.83400,635668569.53578,10.51000,679115.00000,5.79000,0.00000,0.00000,1.00000
-299413.86019,-492858.69417,124.78600,635668569.58210,10.73000,763818.00000,6.92000,0.00000,0.00000,1.00000
-302479.71785,-492701.15317,130.35000,635668569.62842,10.68000,423933.00000,6.08000,0.00000,0.00000,1.00000
-303421.96318,-492865.33778,135.17100,635668569.67475,10.61000,720969.00000,5.04000,0.00000,0.00000,1.00000
-299638.44511,-493745.41811,121.88000,635668569.72107,10.76000,2306920.00000,4.63000,0.00000,0.00000,1.00000
-298784.92828,-494181.60565,121.36100,635668569.76740,10.99000,1388489.00000,4.90000,0.00000,0.00000,1.00000
-299285.23202,-494412.75264,119.47900,635668569.81372,10.99000,1436578.00000,4.59000,0.00000,0.00000,1.00000
-298960.45881,-494768.84590,118.27100,635668569.86004,10.99000,1001713.00000,4.97000,0.00000,0.00000,1.00000
-299267.05318,-495029.34138,116.10700,635668569.90637,11.15000,4318962.00000,4.49000,0.00000,0.00000,1.00000
-299506.91536,-495299.93061,113.91600,635668569.95269,11.24000,2747853.00000,5.52000,0.00000,0.00000,1.00000
-299284.01555,-495640.58996,117.69000,635668569.99902,11.38000,945894.00000,5.45000,0.00000,0.00000,1.00000
-304933.78896,-495398.92051,133.50200,635668570.09166,11.44000,1044533.00000,5.17000,0.00000,0.00000,1.00000
-285087.70008,-498709.84255,301.56000,635668570.13799,11.26000,384962.00000,4.69000,0.00000,0.00000,1.00000
-299544.63777,-496828.79040,115.31300,635668570.18431,10.92000,432633.00000,3.99000,0.00000,0.00000,1.00000
-299173.20167,-497191.93348,114.04300,635668570.23064,10.85000,678513.00000,3.81000,0.00000,0.00000,1.00000
-299048.57350,-497517.71201,112.32600,635668570.27696,10.77000,784279.00000,4.07000,0.00000,0.00000,1.00000
-298820.62441,-497859.12761,111.50300,635668570.32328,10.60000,2156627.00000,4.15000,0.00000,0.00000,1.00000
-302406.79828,-497623.22653,126.73700,635668570.36961,10.65000,2874964.00000,4.05000,0.00000,0.00000,1.00000
-302030.34188,-497987.13548,123.79400,635668570.41593,10.63000,1638585.00000,4.62000,0.00000,0.00000,1.00000
-301767.96076,-498333.78191,121.32600,635668570.46226,10.72000,1341502.00000,4.99000,0.00000,0.00000,1.00000
-301534.27616,-498676.08453,119.18400,635668570.50858,10.67000,1806211.00000,5.11000,0.00000,0.00000,1.00000
-301709.56422,-498956.50316,117.36700,635668570.55490,10.67000,725336.00000,5.18000,0.00000,0.00000,1.00000
-301824.57011,-499246.02779,116.03600,635668570.60123,10.96000,586306.00000,5.81000,0.00000,0.00000,1.00000
-303392.50569,-499315.68679,119.18000,635668570.64755,11.24000,445749.00000,7.99000,0.00000,0.00000,1.00000
-304372.09664,-499474.38783,122.69900,635668570.69388,11.32000,275670.00000,6.23000,0.00000,0.00000,1.00000
-303809.79557,-499866.44479,118.49600,635668570.74020,11.08000,338143.00000,6.76000,0.00000,0.00000,1.00000
-303530.17288,-500215.70853,116.89800,635668570.78653,10.78000,744763.00000,6.78000,0.00000,0.00000,1.00000
-303467.94696,-500532.07203,116.83400,635668570.83285,10.42000,1474239.00000,4.88000,0.00000,0.00000,1.00000
-303707.78583,-500802.73893,119.44800,635668570.87918,10.51000,648319.00000,4.37000,0.00000,0.00000,1.00000
-303655.59881,-501117.58863,120.41700,635668570.92550,10.59000,1449910.00000,4.38000,0.00000,0.00000,1.00000
-303883.93891,-501389.99953,126.21100,635668570.97183,10.55000,346528.00000,3.99000,0.00000,0.00000,1.00000
-303513.89731,-501752.92900,124.60700,635668571.01815,10.37000,288243.00000,4.69000,0.00000,0.00000,1.00000
-303240.71178,-502101.20636,124.51300,635668571.06448,10.26000,471872.00000,4.52000,0.00000,0.00000,1.00000
-303046.45232,-502437.54180,124.44900,635668571.11080,10.23000,1823406.00000,4.18000,0.00000,0.00000,1.00000
-298385.56587,-503449.33991,101.51600,635668571.15713,10.30000,341704.00000,4.38000,0.00000,0.00000,1.00000
-298646.19830,-503716.84496,100.72700,635668571.20345,10.22000,234139.00000,5.03000,0.00000,0.00000,1.00000
-298555.22790,-504037.49288,101.91600,635668571.24978,10.02000,334371.00000,4.23000,0.00000,0.00000,1.00000
-298589.11427,-504339.27541,102.68100,635668571.29610,9.91000,300114.00000,3.68000,0.00000,0.00000,1.00000
-298684.70792,-504631.73601,103.35000,635668571.34242,9.99000,1445273.00000,3.74000,0.00000,0.00000,1.00000
-302242.46903,-504400.77696,99.24200,635668571.38875,10.34000,839243.00000,4.56000,0.00000,0.00000,1.00000
-300507.59211,-504969.99964,100.50800,635668571.43507,10.16000,1639110.00000,3.57000,0.00000,0.00000,1.00000
-300036.31482,-505348.17316,98.91800,635668571.48140,10.11000,2221260.00000,3.22000,0.00000,0.00000,1.00000
-302031.26128,-505353.52723,113.91300,635668571.52772,9.93000,1012236.00000,4.21000,0.00000,0.00000,1.00000
-301374.14860,-505759.80014,109.26700,635668571.57405,9.76000,6635648.00000,3.04000,0.00000,0.00000,1.00000
-301243.70885,-506086.45320,110.65700,635668571.62037,9.48000,2664918.00000,3.17000,0.00000,0.00000,1.00000
-301027.15873,-506426.11810,110.53100,635668571.66670,9.37000,897351.00000,4.04000,0.00000,0.00000,1.00000
-301166.50326,-506711.97475,110.12400,635668571.71302,9.28000,1529668.00000,3.02000,0.00000,0.00000,1.00000
-307084.49925,-506124.42602,105.37800,635668571.75935,9.27000,441434.00000,3.28000,0.00000,0.00000,1.00000
-306812.69765,-506472.49663,103.51000,635668571.80567,9.20000,242525.00000,3.30000,0.00000,0.00000,1.00000
-307425.67223,-506686.82743,106.72900,635668571.85200,8.88000,1627386.00000,2.64000,0.00000,0.00000,1.00000
-301688.73198,-507860.78805,118.17800,635668571.89832,8.62000,3314380.00000,2.41000,0.00000,0.00000,1.00000
-301546.79528,-508189.17805,116.97600,635668571.94465,8.24000,2555880.00000,3.39000,0.00000,0.00000,1.00000
-302176.94641,-508400.90708,116.04500,635668571.99097,8.18000,478726.00000,3.63000,0.00000,0.00000,1.00000
-301681.23985,-508782.73866,113.41100,635668572.03730,8.14000,1267431.00000,3.00000,0.00000,0.00000,1.00000
-301743.07709,-509080.32540,112.25100,635668572.08362,8.03000,646598.00000,2.69000,0.00000,0.00000,1.00000
-301781.95146,-509381.38613,110.92700,635668572.12994,8.17000,1998977.00000,2.42000,0.00000,0.00000,1.00000
-301893.29799,-509671.50265,107.01400,635668572.17627,8.39000,4038970.00000,2.13000,0.00000,0.00000,1.00000
-302224.22253,-509928.44925,112.89800,635668572.22259,8.40000,4949751.00000,2.47000,0.00000,0.00000,1.00000
-303140.69779,-510096.96289,106.90000,635668572.26892,8.51000,2884045.00000,3.17000,0.00000,0.00000,1.00000
-303475.92745,-510353.27432,108.66000,635668572.31524,8.72000,342020.00000,5.26000,0.00000,0.00000,1.00000
-303424.37550,-510668.00826,111.12400,635668572.36157,8.71000,610735.00000,3.76000,0.00000,0.00000,1.00000
-303245.09555,-511002.03779,113.14200,635668572.40789,8.73000,1187326.00000,3.42000,0.00000,0.00000,1.00000
-302504.65359,-511420.78956,117.41700,635668572.45422,8.88000,664177.00000,2.25000,0.00000,0.00000,1.00000
-302481.08664,-511731.29469,118.86600,635668572.50054,9.03000,3291210.00000,2.37000,0.00000,0.00000,1.00000
-301823.16677,-512137.56456,122.46700,635668572.54686,8.92000,827733.00000,2.24000,0.00000,0.00000,1.00000
-301821.83012,-512444.69335,120.93100,635668572.59319,8.84000,3041250.00000,2.46000,0.00000,0.00000,1.00000
-301773.85135,-512758.87195,120.70000,635668572.63951,8.90000,1038386.00000,3.27000,0.00000,0.00000,1.00000
-302646.53533,-512934.05321,115.17500,635668572.68584,9.28000,1864397.00000,7.43000,0.00000,0.00000,1.00000
-302564.82365,-513253.32237,116.47500,635668572.73216,9.40000,330825.00000,6.90000,0.00000,0.00000,1.00000
-306372.91415,-510833.40017,101.89100,635787474.24102,11.37000,1214006.00000,7.22000,0.00000,0.00000,0.00000
-305987.38190,-510841.00215,103.76800,635787474.28733,11.46000,2561225.00000,7.08000,0.00000,0.00000,0.00000
-305483.14793,-511006.24303,108.08200,635787474.33363,11.10000,492541.00000,7.53000,0.00000,0.00000,0.00000
-307508.77738,-507811.57921,103.29700,635787474.37994,10.55000,2414432.00000,5.93000,0.00000,0.00000,0.00000
-306973.58283,-508017.99964,102.09200,635787474.42625,10.41000,470682.00000,6.73000,0.00000,0.00000,0.00000
-306617.30857,-507986.77709,101.71700,635787474.47255,10.33000,811024.00000,5.89000,0.00000,0.00000,0.00000
-307412.28622,-506426.60403,105.99100,635787474.51886,10.69000,289476.00000,5.73000,0.00000,0.00000,0.00000
-304145.53127,-510260.59435,110.61200,635787474.56517,10.84000,3193761.00000,7.79000,0.00000,0.00000,0.00000
-304051.10348,-509881.60328,110.23900,635787474.61147,10.39000,1648647.00000,10.01000,0.00000,0.00000,0.00000
-303841.02653,-509656.19845,111.94100,635787474.65778,9.39000,216156.00000,8.19000,0.00000,0.00000,0.00000
-303739.18494,-509287.04698,114.43600,635787474.70409,8.18000,321278.00000,6.41000,0.00000,0.00000,0.00000
-303525.62222,-509066.27511,116.80100,635787474.75040,7.29000,662778.00000,4.85000,0.00000,0.00000,0.00000
-303516.31846,-508574.27491,120.94800,635787474.79670,6.65000,2899961.00000,3.49000,0.00000,0.00000,0.00000
-302656.80204,-509211.23821,114.17200,635787474.84301,6.84000,1390655.00000,3.94000,0.00000,0.00000,0.00000
-302862.23385,-508434.10813,112.27000,635787474.88932,7.27000,2972992.00000,3.84000,0.00000,0.00000,0.00000
-301579.32738,-509633.21942,109.34600,635787474.93562,7.85000,2094152.00000,3.73000,0.00000,0.00000,0.00000
-303018.22885,-507218.30791,114.69900,635787474.98193,8.18000,5454656.00000,3.65000,0.00000,0.00000,0.00000
-304939.79273,-504162.44343,109.89000,635787475.02824,8.42000,928144.00000,3.38000,0.00000,0.00000,0.00000
-302464.55948,-506944.82244,118.43000,635787475.07455,8.80000,2930690.00000,3.74000,0.00000,0.00000,0.00000
-302205.62453,-506784.32325,117.78200,635787475.12085,9.32000,6206210.00000,4.06000,0.00000,0.00000,0.00000
-302522.82187,-505858.86145,108.69300,635787475.16716,9.75000,2116388.00000,4.62000,0.00000,0.00000,0.00000
-302093.66031,-505924.36339,111.13000,635787475.21347,10.11000,1561638.00000,5.68000,0.00000,0.00000,0.00000
-301889.29031,-505691.42245,114.11400,635787475.25977,10.28000,344285.00000,7.91000,0.00000,0.00000,0.00000
-302474.05671,-504410.73959,116.76700,635787475.30608,10.58000,354739.00000,6.97000,0.00000,0.00000,0.00000
-302099.91531,-504403.22861,114.12500,635787475.35239,10.37000,825908.00000,5.50000,0.00000,0.00000,0.00000
-301521.93573,-504666.33723,111.79000,635787475.39869,10.44000,337023.00000,5.53000,0.00000,0.00000,0.00000
-300965.76778,-504900.45781,110.52200,635787475.44500,10.57000,292547.00000,6.97000,0.00000,0.00000,0.00000
-300519.15873,-504989.12921,110.02600,635787475.49131,10.94000,403712.00000,7.47000,0.00000,0.00000,0.00000
-300938.98751,-503927.52092,110.99400,635787475.53762,10.90000,465380.00000,5.51000,0.00000,0.00000,0.00000
-300892.64850,-503484.80109,110.41400,635787475.58392,11.25000,573612.00000,5.40000,0.00000,0.00000,0.00000
-300448.66435,-503569.98644,108.41800,635787475.63023,11.62000,568045.00000,6.26000,0.00000,0.00000,0.00000
-299110.70670,-504841.93233,105.95500,635787475.67654,11.67000,353566.00000,5.52000,0.00000,0.00000,0.00000
-298424.42456,-505248.69777,104.63300,635787475.72285,11.87000,337904.00000,5.64000,0.00000,0.00000,0.00000
-298280.74878,-504935.20140,102.19800,635787475.76915,11.79000,1307809.00000,5.43000,0.00000,0.00000,0.00000
-298334.37953,-504359.76842,100.04900,635787475.81546,11.87000,1038027.00000,6.16000,0.00000,0.00000,0.00000
-298282.38160,-503924.57486,99.19500,635787475.86177,12.03000,791829.00000,6.27000,0.00000,0.00000,0.00000
-298385.78373,-503283.08056,98.44700,635787475.90808,11.79000,1841839.00000,6.54000,0.00000,0.00000,0.00000
-297587.32180,-503838.76340,99.86500,635787475.95439,11.88000,1077259.00000,6.72000,0.00000,0.00000,0.00000
-297039.85019,-504061.22458,102.18200,635787476.00069,11.94000,2936834.00000,5.51000,0.00000,0.00000,0.00000
-296689.26800,-504022.37051,102.94300,635787476.04700,12.27000,1606111.00000,7.33000,0.00000,0.00000,0.00000
-296244.38123,-504108.65027,105.23800,635787476.09331,12.24000,227250.00000,9.43000,0.00000,0.00000,0.00000
-296688.76602,-503014.64905,102.73200,635787476.13962,11.99000,111596.00000,9.80000,0.00000,0.00000,0.00000
-296603.16751,-502624.06373,103.43900,635787476.18593,11.78000,303576.00000,6.12000,0.00000,0.00000,0.00000
-296358.23571,-502444.97386,104.22900,635787476.23224,11.74000,296870.00000,6.79000,0.00000,0.00000,0.00000
-296146.92327,-502221.27216,104.36500,635787476.27854,11.60000,190950.00000,7.83000,0.00000,0.00000,0.00000
-296123.33786,-501748.42416,105.08400,635787476.32485,11.32000,182936.00000,6.45000,0.00000,0.00000,0.00000
-296035.13408,-501361.31516,107.07800,635787476.37116,10.94000,227175.00000,6.37000,0.00000,0.00000,0.00000
-296013.73507,-500885.57381,109.49000,635787476.41747,10.81000,225101.00000,5.94000,0.00000,0.00000,0.00000
-295887.13279,-500549.48075,111.26700,635787476.46378,10.92000,235685.00000,5.87000,0.00000,0.00000,0.00000
-295661.42767,-500344.89985,112.68100,635787476.51008,10.73000,234583.00000,6.13000,0.00000,0.00000,0.00000
-295316.54331,-500298.49376,113.91500,635787476.55639,10.93000,467577.00000,6.38000,0.00000,0.00000,0.00000
-295048.05538,-500150.68168,113.64200,635787476.60270,11.07000,210346.00000,7.15000,0.00000,0.00000,0.00000
-294927.57523,-499806.47226,114.23700,635787476.64901,11.03000,304911.00000,6.60000,0.00000,0.00000,0.00000
-294904.01063,-499333.63209,115.84200,635787476.69532,10.95000,265317.00000,6.83000,0.00000,0.00000,0.00000
-294769.56673,-499007.96386,118.23400,635787476.74162,10.54000,631356.00000,4.37000,0.00000,0.00000,0.00000
-294561.34127,-498780.21152,121.47800,635787476.78793,10.36000,6043066.00000,3.66000,0.00000,0.00000,0.00000
-294289.37706,-498637.04658,125.26700,635787476.83424,9.90000,1683016.00000,2.80000,0.00000,0.00000,0.00000
-294103.42447,-498379.75289,129.47800,635787476.88054,9.61000,1440115.00000,3.04000,0.00000,0.00000,0.00000
-293912.23151,-498129.40607,133.72200,635787476.92685,9.26000,1540011.00000,2.25000,0.00000,0.00000,0.00000
-293691.35294,-497918.44990,137.02500,635787476.97316,8.93000,1665147.00000,2.64000,0.00000,0.00000,0.00000
-293516.75669,-497646.08406,138.59200,635787477.01947,8.87000,1488834.00000,3.03000,0.00000,0.00000,0.00000
-293283.66827,-497451.34939,138.24900,635787477.06577,8.87000,665806.00000,2.76000,0.00000,0.00000,0.00000
-293051.44701,-497255.43898,136.54500,635787477.11208,9.31000,350485.00000,3.80000,0.00000,0.00000,0.00000
-292800.46744,-497084.45869,135.40000,635787477.15839,9.63000,448264.00000,3.49000,0.00000,0.00000,0.00000
-292487.91776,-496995.14310,133.45600,635787477.20469,9.77000,439313.00000,4.26000,0.00000,0.00000,0.00000
-291955.32019,-497197.80181,131.03700,635787477.25100,10.05000,279969.00000,6.62000,0.00000,0.00000,0.00000
-291338.88604,-497511.68115,130.30200,635787477.29731,10.29000,168795.00000,7.27000,0.00000,0.00000,0.00000
-290760.42865,-497775.14992,130.42900,635787477.34361,10.23000,299973.00000,6.08000,0.00000,0.00000,0.00000
-290318.19566,-497857.87146,131.03400,635787477.38992,10.05000,297348.00000,5.32000,0.00000,0.00000,0.00000
-289821.38520,-498013.00481,131.90000,635787477.43623,10.07000,428099.00000,5.56000,0.00000,0.00000,0.00000
-289421.06159,-498040.09819,132.43300,635787477.48254,10.16000,362857.00000,5.98000,0.00000,0.00000,0.00000
-289232.07962,-497786.82789,132.40400,635787477.52884,10.30000,121324.00000,8.16000,0.00000,0.00000,0.00000
-289248.74992,-497260.70610,132.42600,635787477.57515,10.29000,120262.00000,7.84000,0.00000,0.00000,0.00000
-289229.62740,-496782.09301,133.68000,635787477.62146,9.97000,273243.00000,5.09000,0.00000,0.00000,0.00000
-288948.08731,-496651.62952,135.62000,635787477.66776,9.86000,562369.00000,3.94000,0.00000,0.00000,0.00000
-288715.00941,-496456.85418,136.40600,635787477.71407,9.63000,1491725.00000,4.42000,0.00000,0.00000,0.00000
-288664.45813,-496019.95522,134.52900,635787477.76038,9.73000,164100.00000,6.61000,0.00000,0.00000,0.00000
-288915.64172,-495182.79404,133.59800,635787477.80668,9.74000,843508.00000,5.31000,0.00000,0.00000,0.00000
-287925.40545,-495992.44637,130.11800,635787477.85299,9.62000,1073160.00000,4.22000,0.00000,0.00000,0.00000
-286909.37533,-496836.26391,128.41000,635787477.89930,9.57000,572889.00000,4.25000,0.00000,0.00000,0.00000
-286299.00974,-497141.96212,127.48600,635787477.94561,9.47000,331796.00000,5.19000,0.00000,0.00000,0.00000
-285827.93086,-497262.85669,126.77800,635787477.99191,9.36000,374193.00000,5.39000,0.00000,0.00000,0.00000
-285546.82364,-497131.79659,125.08800,635787478.03822,9.19000,765771.00000,3.76000,0.00000,0.00000,0.00000
-285069.18451,-497261.36464,124.62000,635787478.08453,8.98000,2395470.00000,3.49000,0.00000,0.00000,0.00000
-287965.88712,-492915.24977,141.53900,635787478.13083,8.99000,504383.00000,3.22000,0.00000,0.00000,0.00000
-287542.02239,-492973.59592,138.93800,635787478.17714,8.96000,588433.00000,3.59000,0.00000,0.00000,0.00000
-287046.97633,-493126.35814,136.91700,635787478.22345,9.00000,1093735.00000,4.32000,0.00000,0.00000,0.00000
-286464.57694,-493394.94145,135.37200,635787478.26976,9.26000,1146607.00000,5.43000,0.00000,0.00000,0.00000
-285897.02369,-493643.83500,135.09100,635787478.31606,9.54000,2159262.00000,4.62000,0.00000,0.00000,0.00000
-285553.92200,-493594.99691,135.00800,635787478.36237,9.76000,2493075.00000,4.49000,0.00000,0.00000,0.00000
-285171.51986,-493598.29066,134.34900,635787478.40868,9.88000,1825664.00000,4.98000,0.00000,0.00000,0.00000
-284893.49396,-493463.15935,132.71900,635787478.45499,9.99000,646734.00000,4.68000,0.00000,0.00000,0.00000
-284704.11624,-493210.44106,130.44900,635787478.50130,10.06000,289429.00000,6.38000,0.00000,0.00000,0.00000
-284684.19425,-492733.00373,129.13200,635787478.54760,10.05000,265112.00000,5.88000,0.00000,0.00000,0.00000
-292993.38245,-483194.48544,130.24500,635841220.75249,8.39000,397308.00000,5.49000,0.00000,0.00000,1.00000
-294327.51849,-483319.07033,136.55200,635841220.79884,8.42000,1382825.00000,4.94000,0.00000,0.00000,1.00000
-293791.60569,-484311.29776,148.01600,635841220.93788,8.59000,2859312.00000,3.99000,0.00000,0.00000,1.00000
-293551.40884,-484650.42747,141.39400,635841220.98423,8.64000,2219267.00000,3.76000,0.00000,0.00000,1.00000
-293351.45024,-484984.05648,139.75300,635841221.03058,8.59000,1820522.00000,4.60000,0.00000,0.00000,1.00000
-292994.70235,-485339.04505,137.39100,635841221.07693,8.77000,991005.00000,4.55000,0.00000,0.00000,1.00000
-292136.64815,-485762.30839,134.17400,635841221.12328,8.94000,2404993.00000,5.15000,0.00000,0.00000,1.00000
-291684.94907,-486130.21833,134.05500,635841221.16963,8.75000,4078770.00000,4.32000,0.00000,0.00000,1.00000
-291648.94464,-486441.48688,136.43400,635841221.21598,8.80000,566969.00000,6.09000,0.00000,0.00000,1.00000
-291528.80234,-486764.23402,138.54500,635841221.26233,8.70000,1215165.00000,5.25000,0.00000,0.00000,1.00000
-291893.40967,-487020.96371,141.59700,635841221.30868,8.76000,1195389.00000,5.62000,0.00000,0.00000,1.00000
-291701.33285,-487353.49354,142.82700,635841221.35502,8.78000,901154.00000,6.33000,0.00000,0.00000,1.00000
-290713.07955,-487794.43017,144.64500,635841221.40137,8.70000,1708311.00000,4.96000,0.00000,0.00000,1.00000
-290471.37513,-488133.70944,143.73700,635841221.44772,8.63000,9529382.00000,4.29000,0.00000,0.00000,1.00000
-293471.26239,-488031.67769,140.56800,635841221.49407,8.81000,277286.00000,4.84000,0.00000,0.00000,1.00000
-293165.54376,-488379.69346,139.72200,635841221.54042,9.00000,314177.00000,4.77000,0.00000,0.00000,1.00000
-293010.85888,-488707.13933,139.07800,635841221.58677,9.14000,210224.00000,5.88000,0.00000,0.00000,1.00000
-292637.52205,-489064.34812,137.86700,635841221.63312,9.38000,144687.00000,7.71000,0.00000,0.00000,1.00000
-291787.32126,-489486.45793,136.81900,635841221.67947,9.48000,206540.00000,9.29000,0.00000,0.00000,1.00000
-291303.92806,-489858.62620,136.87500,635841221.72582,9.28000,1010216.00000,9.16000,0.00000,0.00000,1.00000
-290969.41402,-490210.51922,137.37400,635841221.77217,9.16000,1521760.00000,8.59000,0.00000,0.00000,1.00000
-290755.01289,-490546.06759,138.53200,635841221.81852,9.13000,1442722.00000,5.75000,0.00000,0.00000,1.00000
-290775.80555,-490849.61437,138.80400,635841221.86486,8.92000,2026056.00000,4.91000,0.00000,0.00000,1.00000
-290698.77748,-491166.47046,139.22700,635841221.91121,8.93000,7523498.00000,3.24000,0.00000,0.00000,1.00000
-289960.03301,-491573.33432,144.69100,635841221.95756,8.85000,896871.00000,3.70000,0.00000,0.00000,1.00000
-292986.60482,-491467.94800,133.57100,635841222.00391,8.82000,1603394.00000,3.26000,0.00000,0.00000,1.00000
-292565.04105,-491831.68790,132.60600,635841222.05026,8.97000,743144.00000,3.86000,0.00000,0.00000,1.00000
-292268.63058,-492178.40292,131.30500,635841222.09661,8.90000,475164.00000,4.11000,0.00000,0.00000,1.00000
-292675.66257,-492429.42200,131.92000,635841222.14296,9.22000,346938.00000,5.52000,0.00000,0.00000,1.00000
-293094.91504,-492678.77365,134.08700,635841222.18931,9.12000,436398.00000,4.81000,0.00000,0.00000,1.00000
-292002.25797,-493133.79366,133.53100,635841222.23566,8.91000,481964.00000,3.83000,0.00000,0.00000,1.00000
-290247.13280,-493678.85419,135.85600,635841222.28200,9.02000,1608863.00000,3.36000,0.00000,0.00000,1.00000
-289944.22531,-494026.41349,136.72400,635841222.32835,9.26000,2518443.00000,3.74000,0.00000,0.00000,1.00000
-291183.44491,-494164.28487,132.50900,635841222.37470,9.38000,1109900.00000,4.11000,0.00000,0.00000,1.00000
-292173.80506,-494335.99303,131.44000,635841222.42105,9.49000,786054.00000,5.53000,0.00000,0.00000,1.00000
-293306.58738,-494488.33966,132.37200,635841222.46740,9.77000,299810.00000,6.33000,0.00000,0.00000,1.00000
-293434.53372,-494777.34595,131.10700,635841222.51375,9.94000,1041790.00000,7.52000,0.00000,0.00000,1.00000
-293343.08615,-495096.17951,131.28100,635841222.56010,9.91000,1166798.00000,6.71000,0.00000,0.00000,1.00000
-293409.16822,-495393.60470,131.62600,635841222.60645,9.63000,2405000.00000,5.23000,0.00000,0.00000,1.00000
-292625.03049,-495806.59811,129.67200,635841222.65280,9.77000,4562230.00000,5.24000,0.00000,0.00000,1.00000
-291621.49291,-496249.39403,128.66200,635841222.69915,9.56000,1129423.00000,4.93000,0.00000,0.00000,1.00000
-291862.35131,-496523.04180,128.32100,635841222.74550,9.55000,895841.00000,4.75000,0.00000,0.00000,1.00000
-292072.98864,-496800.78364,128.61700,635841222.79185,9.57000,1992559.00000,3.54000,0.00000,0.00000,1.00000
-292695.07699,-497022.62484,130.71100,635841222.83820,9.32000,626784.00000,2.91000,0.00000,0.00000,1.00000
-292531.67801,-497351.21875,130.19900,635841222.88455,9.32000,901077.00000,3.94000,0.00000,0.00000,1.00000
-292322.23958,-497686.07236,129.73200,635841222.93090,9.22000,990288.00000,3.50000,0.00000,0.00000,1.00000
-291942.32363,-498044.09315,129.16900,635841222.97725,9.19000,695188.00000,4.17000,0.00000,0.00000,1.00000
-291914.14157,-498354.30545,128.75000,635841223.02360,9.12000,605079.00000,3.98000,0.00000,0.00000,1.00000
-292106.07262,-498634.61646,128.57500,635841223.06995,9.35000,1231669.00000,3.79000,0.00000,0.00000,1.00000
-291679.38236,-498998.97173,127.14500,635841223.11630,9.36000,2542776.00000,4.17000,0.00000,0.00000,1.00000
-291708.02810,-499301.47937,126.42600,635841223.16265,9.50000,4031580.00000,3.46000,0.00000,0.00000,1.00000
-292058.92275,-499560.19351,128.91100,635841223.20900,9.39000,425246.00000,3.23000,0.00000,0.00000,1.00000
-291666.03231,-499919.95034,127.53100,635841223.25535,9.52000,282248.00000,3.56000,0.00000,0.00000,1.00000
-291242.20140,-500283.89961,126.76500,635841223.30170,9.64000,806845.00000,3.37000,0.00000,0.00000,1.00000
-290720.53190,-500661.12122,126.25300,635841223.34805,9.71000,2413840.00000,3.94000,0.00000,0.00000,1.00000
-290436.96464,-501006.01237,126.05000,635841223.39440,9.82000,2892057.00000,3.73000,0.00000,0.00000,1.00000
-290066.34699,-501362.71057,126.09800,635841223.44075,10.04000,4987507.00000,3.77000,0.00000,0.00000,1.00000
-292168.11067,-501383.69610,113.29900,635841223.48710,10.07000,2003126.00000,3.80000,0.00000,0.00000,1.00000
-291172.37102,-501825.29699,115.42700,635841223.53345,10.15000,1533475.00000,5.49000,0.00000,0.00000,1.00000
-290770.09373,-502186.29836,116.18300,635841223.57980,10.35000,1052493.00000,6.63000,0.00000,0.00000,1.00000
-290392.27344,-502543.97877,117.65100,635841223.62615,10.37000,177143.00000,8.17000,0.00000,0.00000,1.00000
-291124.41423,-502750.96933,114.71700,635841223.67250,10.41000,83877.00000,7.73000,0.00000,0.00000,1.00000
-291888.21412,-502953.67187,112.60600,635841223.71885,10.38000,175890.00000,7.85000,0.00000,0.00000,1.00000
-292058.53824,-503236.94303,112.32200,635841223.76520,10.35000,250395.00000,5.53000,0.00000,0.00000,1.00000
-292150.45501,-503530.86904,111.96000,635841223.81155,10.58000,181704.00000,5.94000,0.00000,0.00000,1.00000
-292240.92609,-503824.98324,111.48100,635841223.85790,10.57000,330313.00000,5.12000,0.00000,0.00000,1.00000
-292079.61441,-504153.27273,110.99800,635841223.90425,10.67000,691356.00000,5.51000,0.00000,0.00000,1.00000
-292012.53638,-504468.77087,110.78700,635841223.95061,10.92000,491025.00000,4.53000,0.00000,0.00000,1.00000
-291941.13786,-504784.85189,109.93500,635841223.99696,11.12000,826018.00000,5.84000,0.00000,0.00000,1.00000
-292079.07802,-505072.52650,108.69900,635841224.04331,11.33000,293238.00000,5.94000,0.00000,0.00000,1.00000
-292466.64657,-505326.33327,107.79900,635841224.08966,11.73000,211249.00000,8.08000,0.00000,0.00000,1.00000
-293657.06091,-505471.20898,107.35500,635841224.13601,11.69000,195444.00000,9.42000,0.00000,0.00000,1.00000
-294327.35549,-505686.66471,108.26000,635841224.18236,11.54000,1318855.00000,8.42000,0.00000,0.00000,1.00000
-294091.20856,-506025.11617,107.88900,635841224.22871,11.35000,826066.00000,7.59000,0.00000,0.00000,1.00000
-294040.67102,-506338.39587,108.89400,635841224.27506,11.35000,2091997.00000,5.57000,0.00000,0.00000,1.00000
-293651.28604,-506697.63310,110.86600,635841224.32141,11.41000,308941.00000,5.32000,0.00000,0.00000,1.00000
-292992.84204,-507093.35670,110.87700,635841224.36776,11.43000,198191.00000,6.87000,0.00000,0.00000,1.00000
-292206.33868,-507506.43260,112.45200,635841224.41412,11.63000,178698.00000,6.50000,0.00000,0.00000,1.00000
-291835.65165,-507863.11222,113.06100,635841224.46047,11.70000,894469.00000,6.54000,0.00000,0.00000,1.00000
-291869.97477,-508164.84703,112.45600,635841224.50682,11.56000,668884.00000,7.05000,0.00000,0.00000,1.00000
-291731.64433,-508490.00223,112.89800,635841224.55317,11.48000,760539.00000,5.73000,0.00000,0.00000,1.00000
-291576.76294,-508817.39596,113.70300,635841224.59952,11.32000,371992.00000,6.39000,0.00000,0.00000,1.00000
-291805.32031,-509092.79499,112.60300,635841224.64587,11.39000,661050.00000,6.15000,0.00000,0.00000,1.00000
-291677.05346,-509416.58295,113.10100,635841224.69222,11.09000,759328.00000,6.14000,0.00000,0.00000,1.00000
-291673.96007,-509723.39681,113.10900,635841224.73857,11.00000,357556.00000,6.54000,0.00000,0.00000,1.00000
-291921.93793,-509996.16998,112.11100,635841224.78492,11.07000,730025.00000,6.82000,0.00000,0.00000,1.00000
-291395.10363,-510373.97880,114.39600,635841224.83127,10.91000,387363.00000,6.73000,0.00000,0.00000,1.00000
-290771.87244,-510764.85070,118.39200,635841224.87763,10.81000,478192.00000,5.78000,0.00000,0.00000,1.00000
-290855.81517,-511059.84653,118.99900,635841224.92398,10.92000,1124006.00000,4.42000,0.00000,0.00000,1.00000
-297121.12842,-510516.95959,105.68500,635841224.97033,10.74000,290053.00000,5.06000,0.00000,0.00000,1.00000
-296846.80366,-510860.58080,104.55200,635841225.01668,10.66000,361146.00000,5.46000,0.00000,0.00000,1.00000
-296119.93976,-511265.52690,101.69300,635841225.06303,10.53000,364213.00000,6.16000,0.00000,0.00000,1.00000
-295457.82434,-511661.69825,100.32500,635841225.10938,10.35000,978626.00000,4.93000,0.00000,0.00000,1.00000
-295177.73039,-512006.07958,100.18500,635841225.15573,10.32000,1868156.00000,4.67000,0.00000,0.00000,1.00000
-293991.83770,-512473.19646,102.14500,635841225.20208,10.42000,708038.00000,3.68000,0.00000,0.00000,1.00000
-293232.58719,-512882.48645,105.73000,635841225.24843,10.36000,649771.00000,3.45000,0.00000,0.00000,1.00000
-295684.23975,-512856.68007,101.17400,635841225.29478,10.28000,4629153.00000,3.13000,0.00000,0.00000,1.00000
-293785.35202,-513420.38307,105.13700,635841225.34113,10.11000,2168930.00000,3.36000,0.00000,0.00000,1.00000
-294573.63286,-513619.99347,102.90300,635841225.38748,10.07000,1133765.00000,4.12000,0.00000,0.00000,1.00000
-294743.89851,-513903.33754,103.50800,635841225.43383,10.09000,1486925.00000,4.89000,0.00000,0.00000,1.00000
-294771.71004,-514205.98311,104.91400,635841225.48018,10.06000,703031.00000,5.87000,0.00000,0.00000,1.00000
-294512.44835,-514547.50443,106.09500,635841225.52653,10.06000,260130.00000,5.40000,0.00000,0.00000,1.00000
-293879.78964,-514939.60809,107.32100,635841225.57288,10.08000,291906.00000,7.13000,0.00000,0.00000,1.00000
-293852.19518,-515249.75428,107.97600,635841225.61923,10.14000,269837.00000,5.29000,0.00000,0.00000,1.00000
-293620.98581,-515587.46367,109.25400,635841225.66558,10.08000,529427.00000,4.84000,0.00000,0.00000,1.00000
-295482.70815,-515641.73906,104.65400,635841225.71193,10.03000,2400399.00000,3.64000,0.00000,0.00000,1.00000
-295432.08831,-515955.01840,105.12500,635841225.75828,10.11000,1083892.00000,4.27000,0.00000,0.00000,1.00000
-295892.29147,-516199.11679,106.15500,635841225.80463,10.33000,703445.00000,4.80000,0.00000,0.00000,1.00000
-296320.83223,-516447.51320,109.91100,635841225.85098,10.37000,838072.00000,4.43000,0.00000,0.00000,1.00000
-295186.66336,-516907.49640,111.95700,635841225.89733,10.38000,547023.00000,4.38000,0.00000,0.00000,1.00000
-294920.90723,-517249.89378,113.58900,635841225.94368,10.48000,539023.00000,6.06000,0.00000,0.00000,1.00000
-294840.77059,-517567.15108,115.03300,635841225.99003,10.51000,284224.00000,5.94000,0.00000,0.00000,1.00000
-300979.11593,-514303.63626,114.01000,635960127.30856,10.81000,373262.00000,6.17000,0.00000,0.00000,0.00000
-300812.42529,-513528.87149,114.95100,635960127.40122,10.43000,1340805.00000,4.48000,0.00000,0.00000,0.00000
-300541.15034,-513383.32697,115.19300,635960127.44755,10.25000,1558344.00000,4.26000,0.00000,0.00000,0.00000
-298510.74203,-515501.42800,109.97700,635960127.49388,10.19000,5199333.00000,4.94000,0.00000,0.00000,0.00000
-299387.14611,-513879.05642,109.74100,635960127.54020,10.37000,571542.00000,5.59000,0.00000,0.00000,0.00000
-299251.26048,-513559.28497,107.41700,635960127.58653,10.63000,968833.00000,6.18000,0.00000,0.00000,0.00000
-299183.51279,-513151.83430,107.71600,635960127.63286,10.76000,517353.00000,6.88000,0.00000,0.00000,0.00000
-298379.13374,-513692.22611,105.87800,635960127.67919,10.98000,1875373.00000,7.61000,0.00000,0.00000,0.00000
-297972.01958,-513721.44492,105.27400,635960127.72552,10.98000,2250380.00000,8.47000,0.00000,0.00000,0.00000
-298221.38028,-512905.96315,105.17700,635960127.77185,11.22000,1416349.00000,10.08000,0.00000,0.00000,0.00000
-298419.98499,-512155.83563,106.56400,635960127.81818,11.36000,3613068.00000,6.95000,0.00000,0.00000,0.00000
-294407.39537,-516823.83973,114.57100,635960127.86450,11.23000,556689.00000,7.12000,0.00000,0.00000,0.00000
-297400.88937,-512477.84839,105.09200,635960127.91083,11.23000,4829526.00000,6.13000,0.00000,0.00000,0.00000
-297316.68836,-512091.60268,104.45400,635960127.95716,11.47000,2053211.00000,7.33000,0.00000,0.00000,0.00000
-297582.56001,-511254.94833,106.71300,635960128.00349,11.54000,4661991.00000,5.55000,0.00000,0.00000,0.00000
-296459.26003,-512205.57605,100.88400,635960128.04982,11.63000,6554069.00000,4.76000,0.00000,0.00000,0.00000
-293745.77648,-515201.89845,107.41100,635960128.09615,11.77000,2196321.00000,5.91000,0.00000,0.00000,0.00000
-296330.96205,-511381.50332,101.77700,635960128.14248,12.07000,1576065.00000,7.01000,0.00000,0.00000,0.00000
-295328.33297,-512176.81079,101.18300,635960128.18881,12.43000,423813.00000,8.13000,0.00000,0.00000,0.00000
-294806.74768,-512353.25878,101.94800,635960128.23514,12.87000,178424.00000,10.73000,0.00000,0.00000,0.00000
-294566.66404,-512167.55028,102.77400,635960128.28147,12.82000,133654.00000,13.06000,0.00000,0.00000,0.00000
-294180.92649,-512169.20821,105.21800,635960128.32780,12.65000,579110.00000,10.06000,0.00000,0.00000,0.00000
-292115.91378,-514331.02403,120.91700,635960128.37412,12.30000,565695.00000,6.96000,0.00000,0.00000,0.00000
-293938.18806,-511492.38453,107.06200,635960128.42045,12.20000,168131.00000,7.74000,0.00000,0.00000,0.00000
-293319.93907,-511793.13525,109.55600,635960128.46678,12.33000,84052.00000,10.55000,0.00000,0.00000,0.00000
-292608.58362,-512213.61559,113.67900,635960128.51311,11.89000,292531.00000,7.64000,0.00000,0.00000,0.00000
-292604.59665,-511724.22769,112.89500,635960128.55944,11.55000,423998.00000,5.61000,0.00000,0.00000,0.00000
-292430.45208,-511453.71044,112.85900,635960128.60577,11.72000,495782.00000,5.26000,0.00000,0.00000,0.00000
-292769.45403,-510523.12659,109.79900,635960128.65210,11.40000,920139.00000,7.04000,0.00000,0.00000,0.00000
-292372.59209,-510539.09341,111.19000,635960128.69843,11.42000,1094822.00000,6.87000,0.00000,0.00000,0.00000
-291940.09523,-510600.89470,112.50000,635960128.74476,11.62000,298174.00000,7.04000,0.00000,0.00000,0.00000
-291622.51473,-510514.84882,113.49500,635960128.79109,11.45000,281725.00000,5.84000,0.00000,0.00000,0.00000
-291331.22885,-510395.02150,114.09200,635960128.83741,11.44000,209691.00000,5.92000,0.00000,0.00000,0.00000
-290773.99751,-510617.21850,117.58700,635960128.88374,11.47000,461642.00000,5.23000,0.00000,0.00000,0.00000
-290334.37761,-510688.16087,121.03200,635960128.93007,11.22000,927672.00000,4.36000,0.00000,0.00000,0.00000
-289541.49171,-511213.39871,129.24100,635960128.97640,11.03000,357835.00000,4.06000,0.00000,0.00000,0.00000
-289604.36106,-510638.06730,130.03900,635960129.02273,10.87000,326872.00000,5.73000,0.00000,0.00000,0.00000
-289636.48817,-510102.27102,129.73200,635960129.06906,10.77000,291757.00000,4.82000,0.00000,0.00000,0.00000
-289386.63299,-509929.12736,131.35600,635960129.11539,10.66000,210137.00000,4.13000,0.00000,0.00000,0.00000
-289184.88817,-509694.11967,130.30800,635960129.16172,10.84000,350023.00000,4.46000,0.00000,0.00000,0.00000
-288979.13581,-509464.27066,128.46400,635960129.20805,11.10000,5032502.00000,3.32000,0.00000,0.00000,0.00000
-288690.07545,-509341.55991,124.89600,635960129.25437,11.51000,2885057.00000,4.06000,0.00000,0.00000,0.00000
-288463.82796,-509138.05920,121.86300,635960129.30070,11.85000,908404.00000,4.45000,0.00000,0.00000,0.00000
-288411.33463,-508711.13510,118.59500,635960129.34703,11.93000,521692.00000,6.36000,0.00000,0.00000,0.00000
-288378.00101,-508259.56825,116.16600,635960129.39336,12.06000,176600.00000,8.68000,0.00000,0.00000,0.00000
-288441.79636,-507683.11382,114.30700,635960129.43969,12.31000,178807.00000,11.54000,0.00000,0.00000,0.00000
-288387.98554,-507257.90567,113.79600,635960129.48602,11.92000,82766.00000,9.41000,0.00000,0.00000,0.00000
-288046.82546,-507202.21087,114.38400,635960129.53235,12.13000,90904.00000,11.52000,0.00000,0.00000,0.00000
-287551.06596,-507345.28657,116.25200,635960129.57868,12.24000,166302.00000,10.70000,0.00000,0.00000,0.00000
-287099.85968,-507431.07492,117.95000,635960129.62501,12.03000,200713.00000,10.48000,0.00000,0.00000,0.00000
-286878.99107,-507220.68860,118.97600,635960129.67133,12.20000,150661.00000,11.74000,0.00000,0.00000,0.00000
-286778.41492,-506855.62637,119.87000,635960129.71766,12.38000,129413.00000,11.80000,0.00000,0.00000,0.00000
-286793.23393,-506342.19287,120.74300,635960129.76399,12.10000,104371.00000,12.83000,0.00000,0.00000,0.00000
-287069.13504,-505493.07525,122.20000,635960129.81032,11.36000,110666.00000,11.08000,0.00000,0.00000,0.00000
-287107.57494,-504949.29660,124.94500,635960129.85665,10.74000,127525.00000,9.23000,0.00000,0.00000,0.00000
-286998.55124,-504595.14124,128.25700,635960129.90298,10.38000,232011.00000,6.84000,0.00000,0.00000,0.00000
-286659.63960,-504536.56616,130.72400,635960129.94931,10.48000,82539.00000,9.41000,0.00000,0.00000,0.00000
-286108.64985,-504750.63976,132.59300,635960129.99564,10.32000,150506.00000,11.04000,0.00000,0.00000,0.00000
-285612.01559,-504894.82858,134.31700,635960130.04197,10.27000,143601.00000,10.05000,0.00000,0.00000,0.00000
-285445.96343,-504613.97354,134.46100,635960130.08830,10.31000,96866.00000,9.19000,0.00000,0.00000,0.00000
-285458.14059,-504104.01401,133.99300,635960130.13462,10.44000,196730.00000,9.49000,0.00000,0.00000,0.00000
-285501.94776,-503553.37234,134.52900,635960130.18095,10.27000,247795.00000,7.37000,0.00000,0.00000,0.00000
-285305.17326,-503312.05930,134.73600,635960130.22728,10.07000,772075.00000,4.69000,0.00000,0.00000,0.00000
-285138.24767,-503032.36047,135.06900,635960130.27361,10.03000,3096897.00000,4.17000,0.00000,0.00000,0.00000
-285030.58138,-502676.47606,135.68800,635960130.31994,9.90000,2583092.00000,3.88000,0.00000,0.00000,0.00000
-284909.99849,-502337.20577,137.08900,635960130.36627,9.61000,7963101.00000,2.76000,0.00000,0.00000,0.00000
-284527.43987,-502334.73728,129.07100,635960130.41260,9.45000,3597682.00000,2.38000,0.00000,0.00000,0.00000
-284626.08996,-501713.65317,124.41300,635960130.45893,9.32000,3290296.00000,1.93000,0.00000,0.00000,0.00000
-281815.08616,-504832.86524,122.77200,635960130.50526,9.29000,1736609.00000,2.41000,0.00000,0.00000,0.00000
-281737.72079,-504438.01663,119.29700,635960130.55159,9.48000,1122360.00000,2.94000,0.00000,0.00000,0.00000
-281399.68258,-504378.24195,117.80700,635960130.59792,9.62000,844731.00000,2.65000,0.00000,0.00000,0.00000
-281276.87764,-504041.82026,115.21200,635960130.64424,9.69000,676037.00000,2.91000,0.00000,0.00000,0.00000
-284012.58047,-500031.09104,133.24700,635960130.69057,9.85000,1831321.00000,2.89000,0.00000,0.00000,0.00000
-284017.68526,-499530.31329,133.60000,635960130.73690,10.06000,1353095.00000,2.80000,0.00000,0.00000,0.00000
-282626.33026,-500824.53061,118.33600,635960130.78323,9.87000,4102471.00000,2.55000,0.00000,0.00000,0.00000
-282561.48209,-500413.66523,120.48200,635960130.82956,9.95000,4004376.00000,3.30000,0.00000,0.00000,0.00000
-282635.21498,-499824.67876,124.53000,635960130.87589,10.06000,803808.00000,5.39000,0.00000,0.00000,0.00000
-281464.82875,-500834.79679,125.04100,635960130.92222,9.97000,184925.00000,6.75000,0.00000,0.00000,0.00000
-281031.90753,-500897.00105,127.65200,635960130.96855,9.53000,676986.00000,3.90000,0.00000,0.00000,0.00000
-281313.31131,-500041.12346,127.78900,635960131.01488,9.24000,1497379.00000,4.41000,0.00000,0.00000,0.00000
-280992.68907,-499958.99688,130.74400,635960131.06121,8.99000,2203233.00000,3.59000,0.00000,0.00000,0.00000
-280728.66941,-499804.15046,133.42500,635960131.10754,8.95000,2649006.00000,3.37000,0.00000,0.00000,0.00000
-280243.61111,-499933.34456,136.04200,635960131.15386,8.67000,2786164.00000,2.90000,0.00000,0.00000,0.00000
-279815.14807,-499989.80216,137.55200,635960131.20019,8.66000,664625.00000,4.47000,0.00000,0.00000,0.00000
-279836.33277,-499468.41446,136.19200,635960131.24652,8.59000,507874.00000,4.23000,0.00000,0.00000,0.00000
-279826.32130,-498987.10575,134.41900,635960131.29285,8.77000,537749.00000,4.36000,0.00000,0.00000,0.00000
-279839.04284,-498476.59110,133.29400,635960131.33918,8.80000,214536.00000,5.00000,0.00000,0.00000,0.00000
-279932.43485,-497862.43089,133.51800,635960131.38551,8.76000,319142.00000,6.22000,0.00000,0.00000,0.00000
-279982.60463,-497303.82713,134.71200,635960131.43184,8.69000,975884.00000,4.12000,0.00000,0.00000,0.00000
-279755.58744,-497101.42412,134.44400,635960131.47817,8.72000,1752464.00000,3.88000,0.00000,0.00000,0.00000
-288087.86466,-489158.82545,137.27200,636013874.27905,9.42000,493333.00000,6.95000,0.00000,0.00000,1.00000
-287677.24704,-489514.38092,135.06400,636013874.32543,9.78000,642926.00000,7.32000,0.00000,0.00000,1.00000
-285188.45991,-492568.42599,126.91500,636013874.74285,10.61000,398432.00000,8.57000,0.00000,0.00000,1.00000
-285508.19136,-492835.82053,128.68600,636013874.78923,10.74000,537616.00000,8.96000,0.00000,0.00000,1.00000
-285149.44001,-493185.04809,128.18000,636013874.83561,10.76000,454779.00000,9.40000,0.00000,0.00000,1.00000
-285042.32306,-493503.92873,129.41700,636013874.88199,10.73000,993403.00000,7.35000,0.00000,0.00000,1.00000
-284818.39588,-493836.88711,129.67800,636013874.92837,10.68000,839549.00000,6.96000,0.00000,0.00000,1.00000
-284153.92181,-494222.96551,128.82500,636013874.97475,10.51000,1270256.00000,8.46000,0.00000,0.00000,1.00000
-284238.59243,-494518.71551,129.92100,636013875.02113,10.30000,769574.00000,7.27000,0.00000,0.00000,1.00000
-283874.77332,-494868.52006,129.79800,636013875.06751,9.99000,2427472.00000,6.48000,0.00000,0.00000,1.00000
-283823.88022,-495180.60383,133.57100,636013875.11389,9.61000,2054441.00000,5.04000,0.00000,0.00000,1.00000
-283540.09664,-495520.76409,133.80900,636013875.16027,9.37000,546942.00000,5.22000,0.00000,0.00000,1.00000
-283298.84713,-495855.78752,134.14200,636013875.20665,9.32000,344577.00000,4.54000,0.00000,0.00000,1.00000
-286931.04586,-495723.93169,127.51800,636013875.25303,9.26000,439932.00000,5.15000,0.00000,0.00000,1.00000
-286054.54829,-496135.54588,124.37800,636013875.29941,9.39000,411084.00000,5.22000,0.00000,0.00000,1.00000
-286275.49344,-496414.89523,124.35400,636013875.34579,9.68000,1168934.00000,5.35000,0.00000,0.00000,1.00000
-286191.42205,-496730.99777,125.02700,636013875.39217,9.98000,430566.00000,6.84000,0.00000,0.00000,1.00000
-285957.36401,-497065.17126,126.05800,636013875.43855,10.06000,339709.00000,6.97000,0.00000,0.00000,1.00000
-284273.98394,-497573.96737,125.80700,636013875.48493,10.24000,467971.00000,6.40000,0.00000,0.00000,1.00000
-283328.24033,-497993.85410,128.41600,636013875.53131,10.48000,819447.00000,8.54000,0.00000,0.00000,1.00000
-284697.07870,-498134.90476,130.20300,636013875.57769,10.67000,101673.00000,11.23000,0.00000,0.00000,1.00000
-285233.10021,-498376.28693,130.01600,636013875.62407,9.98000,2129543.00000,5.98000,0.00000,0.00000,1.00000
-285525.41173,-498647.04075,129.36000,636013875.67045,9.67000,2156384.00000,3.97000,0.00000,0.00000,1.00000
-285980.68128,-498898.16901,129.07600,636013875.71683,9.78000,2602551.00000,3.85000,0.00000,0.00000,1.00000
-285250.50693,-499292.07669,131.43700,636013875.76321,9.79000,3741096.00000,3.53000,0.00000,0.00000,1.00000
-285335.14329,-499587.85185,131.72100,636013875.80959,9.82000,2428674.00000,4.10000,0.00000,0.00000,1.00000
-285013.80965,-499932.50453,132.30700,636013875.85597,9.62000,5088430.00000,3.55000,0.00000,0.00000,1.00000
-284648.49650,-500282.46187,135.46900,636013875.90235,9.78000,1421989.00000,3.40000,0.00000,0.00000,1.00000
-285799.58598,-500449.80998,131.39800,636013875.94873,9.65000,2960212.00000,3.56000,0.00000,0.00000,1.00000
-285667.17181,-500771.72506,131.50300,636013875.99511,9.62000,1500503.00000,4.44000,0.00000,0.00000,1.00000
-285244.87937,-501128.53622,132.37500,636013876.04149,9.50000,2335016.00000,2.79000,0.00000,0.00000,1.00000
-285655.42383,-501385.06410,131.46300,636013876.08787,9.49000,1654927.00000,2.93000,0.00000,0.00000,1.00000
-285572.75386,-501700.98348,131.64600,636013876.13425,9.32000,1616057.00000,2.49000,0.00000,0.00000,1.00000
-285876.58046,-501970.37392,131.51100,636013876.18063,9.26000,2031170.00000,3.00000,0.00000,0.00000,1.00000
-285712.42553,-502296.10535,131.56600,636013876.22701,9.30000,1907983.00000,3.22000,0.00000,0.00000,1.00000
-284765.16506,-502716.08058,135.42100,636013876.27339,9.17000,957207.00000,3.52000,0.00000,0.00000,1.00000
-284904.57528,-503005.25999,134.90000,636013876.31977,9.23000,294893.00000,4.63000,0.00000,0.00000,1.00000
-285131.95852,-503283.86089,135.00100,636013876.36615,9.19000,287678.00000,3.88000,0.00000,0.00000,1.00000
-285078.11247,-503596.29777,134.63700,636013876.41253,9.22000,305173.00000,4.57000,0.00000,0.00000,1.00000
-285138.91911,-503894.94171,133.88500,636013876.45891,9.33000,199815.00000,4.73000,0.00000,0.00000,1.00000
-285139.87902,-504200.79917,133.96200,636013876.50529,9.32000,205549.00000,4.98000,0.00000,0.00000,1.00000
-285104.04742,-504511.05971,134.47000,636013876.55167,9.29000,360908.00000,3.96000,0.00000,0.00000,1.00000
-284988.17871,-504830.95861,134.95900,636013876.59805,9.30000,554160.00000,3.22000,0.00000,0.00000,1.00000
-284868.70520,-505151.29631,135.16500,636013876.64443,9.35000,1046430.00000,3.08000,0.00000,0.00000,1.00000
-284625.19737,-505486.54845,135.93600,636013876.69081,9.35000,650720.00000,2.99000,0.00000,0.00000,1.00000
-284399.71068,-505819.61954,137.43300,636013876.73719,9.36000,1087411.00000,2.89000,0.00000,0.00000,1.00000
-284238.40989,-506144.98927,139.15800,636013876.78357,9.38000,2271431.00000,1.88000,0.00000,0.00000,1.00000
-284104.49742,-506467.04051,140.41900,636013876.82995,9.38000,1945101.00000,2.06000,0.00000,0.00000,1.00000
-283985.72536,-506787.27415,140.36600,636013876.87633,9.48000,1330832.00000,2.41000,0.00000,0.00000,1.00000
-283934.74044,-507099.37173,139.74700,636013876.92271,9.52000,1386768.00000,2.23000,0.00000,0.00000,1.00000
-283836.14551,-507417.16779,138.03200,636013876.96909,9.55000,893423.00000,1.95000,0.00000,0.00000,1.00000
-283786.58592,-507729.07300,137.11000,636013877.01547,9.61000,517040.00000,2.75000,0.00000,0.00000,1.00000
-283743.52047,-508040.20721,136.24400,636013877.06185,9.70000,709002.00000,3.47000,0.00000,0.00000,1.00000
-283731.45659,-508347.61017,135.41200,636013877.10823,9.78000,1207080.00000,2.70000,0.00000,0.00000,1.00000
-283772.03466,-508648.68737,134.93900,636013877.15461,9.83000,298260.00000,3.48000,0.00000,0.00000,1.00000
-283781.60218,-508953.49421,134.37000,636013877.20099,9.82000,291897.00000,3.51000,0.00000,0.00000,1.00000
-283847.41314,-509251.53555,134.28000,636013877.24737,10.13000,318436.00000,3.19000,0.00000,0.00000,1.00000
-283948.55568,-509545.33084,133.43700,636013877.29375,10.28000,1201793.00000,4.44000,0.00000,0.00000,1.00000
-287320.06806,-509446.11203,121.33100,636013877.34013,10.46000,551085.00000,4.74000,0.00000,0.00000,1.00000
-287085.15996,-509780.32225,122.90400,636013877.38651,10.73000,390158.00000,6.99000,0.00000,0.00000,1.00000
-286731.26055,-510128.82572,123.77000,636013877.43289,11.05000,346097.00000,8.44000,0.00000,0.00000,1.00000
-286398.99605,-510474.72942,125.32100,636013877.47927,10.92000,336890.00000,7.43000,0.00000,0.00000,1.00000
-285892.21062,-510841.59247,126.80800,636013877.52565,10.79000,734038.00000,6.55000,0.00000,0.00000,1.00000
-285526.04822,-511191.55493,128.98200,636013877.57203,10.47000,499158.00000,8.68000,0.00000,0.00000,1.00000
-285963.23891,-511445.00350,131.81100,636013877.61841,10.32000,176897.00000,8.03000,0.00000,0.00000,1.00000
-286233.84186,-511718.46977,134.33200,636013877.66479,9.82000,218085.00000,6.30000,0.00000,0.00000,1.00000
-286215.98745,-512026.59420,136.82200,636013877.71117,9.67000,285533.00000,4.87000,0.00000,0.00000,1.00000
-287302.20900,-512202.08289,134.61300,636013877.75755,9.67000,2095841.00000,4.26000,0.00000,0.00000,1.00000
-287706.21552,-512459.52681,137.32600,636013877.80393,9.59000,887002.00000,5.35000,0.00000,0.00000,1.00000
-287318.40525,-512812.09585,139.85000,636013877.85030,9.63000,467711.00000,4.15000,0.00000,0.00000,1.00000
-286733.71118,-513188.28176,140.76100,636013877.89668,9.54000,737850.00000,5.28000,0.00000,0.00000,1.00000
-287592.76620,-513391.08890,140.52800,636013877.94306,9.49000,2244915.00000,4.74000,0.00000,0.00000,1.00000
-287812.88355,-513670.64127,141.58100,636013877.98944,9.36000,648699.00000,4.53000,0.00000,0.00000,1.00000
-287471.22518,-514017.64060,135.08900,636013878.03582,9.08000,957414.00000,3.47000,0.00000,0.00000,1.00000
-287664.65895,-514300.38703,131.83200,636013878.08220,8.80000,1531745.00000,2.49000,0.00000,0.00000,1.00000
-286148.19335,-514788.41961,121.23000,636013878.12858,8.76000,314475.00000,2.25000,0.00000,0.00000,1.00000
-285516.58430,-515170.20632,116.46800,636013878.17496,8.75000,1055768.00000,2.50000,0.00000,0.00000,1.00000
-285345.07893,-515496.75476,114.08000,636013878.22134,8.69000,1224135.00000,2.33000,0.00000,0.00000,1.00000
-285362.52671,-515800.63048,112.27400,636013878.26772,8.66000,512383.00000,2.50000,0.00000,0.00000,1.00000
-284865.03641,-516166.30282,110.82000,636013878.31410,8.76000,868251.00000,2.67000,0.00000,0.00000,1.00000
-284485.81310,-516517.76068,110.44400,636013878.36048,8.77000,737834.00000,2.87000,0.00000,0.00000,1.00000
-288541.17515,-516337.08408,145.51700,636013878.40686,8.86000,1017220.00000,2.85000,0.00000,0.00000,1.00000
-288419.43148,-516657.67917,146.02500,636013878.45324,8.87000,912535.00000,2.38000,0.00000,0.00000,1.00000
-288258.75083,-516982.96010,146.02000,636013878.49962,8.92000,1575535.00000,2.04000,0.00000,0.00000,1.00000
-288059.12442,-517312.90633,145.01100,636013878.54600,8.99000,4769306.00000,1.79000,0.00000,0.00000,1.00000
-287723.18597,-517659.19191,142.84000,636013878.59238,9.06000,1139542.00000,2.16000,0.00000,0.00000,1.00000
-287631.72342,-517976.14813,142.35300,636013878.63876,9.04000,714036.00000,2.49000,0.00000,0.00000,1.00000
-287590.74470,-518287.05509,142.13200,636013878.68514,9.05000,718941.00000,2.55000,0.00000,0.00000,1.00000
-287500.71964,-518603.83491,141.37100,636013878.73152,9.15000,1550084.00000,2.51000,0.00000,0.00000,1.00000
-290489.42160,-518683.01219,132.64200,636132780.83853,9.83000,1260097.00000,3.82000,0.00000,0.00000,0.00000
-290219.82238,-518533.82209,132.20900,636132780.88489,9.65000,484625.00000,5.02000,0.00000,0.00000,0.00000
-289992.01019,-518332.50899,131.96700,636132780.93124,9.45000,808053.00000,5.82000,0.00000,0.00000,0.00000
-289583.86894,-518356.06922,134.31100,636132780.97759,9.42000,460719.00000,5.86000,0.00000,0.00000,0.00000
-289782.60939,-517622.90565,135.80800,636132781.02395,9.07000,278217.00000,5.95000,0.00000,0.00000,0.00000
-289930.46734,-516953.17213,138.60300,636132781.07030,8.80000,175940.00000,5.01000,0.00000,0.00000,0.00000
-289774.44800,-516662.38247,140.30900,636132781.11665,8.80000,277386.00000,6.29000,0.00000,0.00000,0.00000
-289505.31951,-516512.62287,141.53100,636132781.16301,8.80000,435144.00000,8.03000,0.00000,0.00000,0.00000
-289423.33958,-516129.50809,145.79400,636132781.20936,8.34000,403380.00000,5.75000,0.00000,0.00000,0.00000
-289642.99121,-515370.32363,149.12800,636132781.25572,8.10000,253530.00000,5.32000,0.00000,0.00000,0.00000
-289404.30565,-515182.61001,149.54000,636132781.30207,7.99000,3942607.00000,3.28000,0.00000,0.00000,0.00000
-289387.29770,-514718.53214,155.04800,636132781.34842,8.00000,1605753.00000,3.06000,0.00000,0.00000,0.00000
-289077.30131,-514619.72963,153.78200,636132781.39478,8.08000,611808.00000,2.85000,0.00000,0.00000,0.00000
-288925.40103,-514323.84295,151.12700,636132781.44113,8.10000,379381.00000,2.59000,0.00000,0.00000,0.00000
-288922.94757,-513841.61538,150.06200,636132781.48748,8.28000,1999779.00000,2.71000,0.00000,0.00000,0.00000
-288858.26505,-513436.97856,148.49300,636132781.53384,8.48000,3652429.00000,2.06000,0.00000,0.00000,0.00000
-288647.76870,-513214.13791,145.32600,636132781.58019,8.77000,1817738.00000,2.18000,0.00000,0.00000,0.00000
-288365.04648,-513081.35328,142.24100,636132781.62655,9.12000,3037824.00000,2.17000,0.00000,0.00000,0.00000
-287921.05029,-513149.61988,139.64200,636132781.67290,9.31000,401772.00000,2.28000,0.00000,0.00000,0.00000
-287348.93604,-513377.59543,138.19100,636132781.71925,9.28000,615244.00000,1.98000,0.00000,0.00000,0.00000
-286817.24654,-513555.15852,138.54400,636132781.76561,9.16000,2741513.00000,1.92000,0.00000,0.00000,0.00000
-286441.83089,-513537.89340,140.37900,636132781.81196,8.93000,3331792.00000,2.02000,0.00000,0.00000,0.00000
-286169.54652,-513392.07332,142.49400,636132781.85832,8.87000,3034509.00000,2.04000,0.00000,0.00000,0.00000
-285937.24432,-513196.41703,144.01400,636132781.90467,8.89000,1321693.00000,2.19000,0.00000,0.00000,0.00000
-285677.68225,-513034.72600,144.04600,636132781.95102,9.01000,1610789.00000,1.89000,0.00000,0.00000,0.00000
-285351.79496,-512955.71285,141.14500,636132781.99738,9.04000,891312.00000,2.01000,0.00000,0.00000,0.00000
-285068.61735,-512823.46919,137.45000,636132782.04373,9.19000,826294.00000,2.30000,0.00000,0.00000,0.00000
-284916.28086,-512528.11885,133.75800,636132782.09009,9.37000,561029.00000,2.96000,0.00000,0.00000,0.00000
-284474.54220,-512593.51151,126.66700,636132782.13644,9.61000,2816383.00000,3.64000,0.00000,0.00000,0.00000
-284138.65486,-512526.94992,123.81400,636132782.18280,9.84000,1539671.00000,3.13000,0.00000,0.00000,0.00000
-283918.17203,-512316.54550,122.23100,636132782.22915,9.90000,667493.00000,4.65000,0.00000,0.00000,0.00000
-283704.50562,-512097.64427,121.96400,636132782.27551,9.84000,781653.00000,4.62000,0.00000,0.00000,0.00000
-283459.49267,-511917.82112,122.54900,636132782.32186,9.94000,1045157.00000,4.06000,0.00000,0.00000,0.00000
-283109.52241,-511868.80628,123.32000,636132782.36822,9.91000,2168109.00000,2.98000,0.00000,0.00000,0.00000
-283505.14999,-510890.52741,133.00400,636132782.41457,9.78000,2348778.00000,3.08000,0.00000,0.00000,0.00000
-283195.62916,-510791.11521,133.05700,636132782.46093,9.68000,956030.00000,3.70000,0.00000,0.00000,0.00000
-282862.48113,-510721.14810,133.35700,636132782.50728,9.65000,276524.00000,4.87000,0.00000,0.00000,0.00000
-282615.20428,-510544.14500,133.76400,636132782.55364,9.51000,310740.00000,4.74000,0.00000,0.00000,0.00000
-282334.31062,-510409.04964,134.00800,636132782.59999,9.35000,252252.00000,4.14000,0.00000,0.00000,0.00000
-282153.83329,-510148.80829,134.27500,636132782.64635,9.15000,320647.00000,4.38000,0.00000,0.00000,0.00000
-282050.60439,-509792.30801,134.63600,636132782.69270,9.04000,272860.00000,4.48000,0.00000,0.00000,0.00000
-281844.23018,-509564.33896,134.71100,636132782.73906,9.08000,599310.00000,3.80000,0.00000,0.00000,0.00000
-281570.61599,-509420.17563,133.68400,636132782.78541,9.36000,785768.00000,4.76000,0.00000,0.00000,0.00000
-281366.97260,-509188.79990,132.46700,636132782.83177,9.42000,302856.00000,5.25000,0.00000,0.00000,0.00000
-281069.73627,-509074.08194,130.49600,636132782.87812,9.47000,176748.00000,4.75000,0.00000,0.00000,0.00000
-280729.78665,-509012.58558,127.86300,636132782.92448,9.78000,339416.00000,6.23000,0.00000,0.00000,0.00000
-280302.13074,-509060.36141,125.28800,636132782.97083,9.95000,538240.00000,6.10000,0.00000,0.00000,0.00000
-279951.26213,-509012.43634,123.57300,636132783.01719,10.00000,177732.00000,4.61000,0.00000,0.00000,0.00000
-279440.89355,-509163.25196,121.06400,636132783.06354,10.31000,464317.00000,5.46000,0.00000,0.00000,0.00000
-279054.58408,-509159.49698,119.96900,636132783.10990,10.46000,648115.00000,5.48000,0.00000,0.00000,0.00000
-278710.53062,-509103.07111,118.75600,636132783.15626,10.34000,577399.00000,6.65000,0.00000,0.00000,0.00000
-278514.61584,-508862.04676,118.30300,636132783.20261,10.21000,326002.00000,6.43000,0.00000,0.00000,0.00000
-278302.80863,-508640.85821,118.05500,636132783.24897,10.27000,336496.00000,7.62000,0.00000,0.00000,0.00000
-278059.18915,-508459.29507,118.28600,636132783.29532,10.54000,148583.00000,7.82000,0.00000,0.00000,0.00000
-277924.63711,-508141.83855,118.38600,636132783.34168,10.50000,255610.00000,11.10000,0.00000,0.00000,0.00000
-277673.29593,-507969.89730,118.62300,636132783.38804,10.39000,100507.00000,8.84000,0.00000,0.00000,0.00000
-277319.70978,-507925.35436,119.27700,636132783.43439,10.06000,72146.00000,7.24000,0.00000,0.00000,0.00000
-276957.93818,-507890.98938,120.01100,636132783.48075,9.99000,246515.00000,5.63000,0.00000,0.00000,0.00000
-276678.88142,-507753.58363,120.25300,636132783.52710,10.04000,398834.00000,6.46000,0.00000,0.00000,0.00000
-276466.61127,-507047.89313,115.82100,636132783.61982,10.03000,4368029.00000,4.76000,0.00000,0.00000,0.00000
-276860.16569,-506072.55544,120.02800,636132783.66617,9.77000,3117910.00000,5.02000,0.00000,0.00000,0.00000
-278580.64898,-498644.59174,129.11400,636186528.38833,9.44000,278583.00000,5.51000,0.00000,0.00000,1.00000
-278952.81458,-498911.11974,130.50100,636186528.43475,9.57000,202288.00000,6.21000,0.00000,0.00000,1.00000
-279178.98767,-499192.98867,132.02500,636186528.48117,9.62000,522935.00000,5.85000,0.00000,0.00000,1.00000
-279157.28769,-499500.92197,130.24100,636186528.52758,9.72000,901030.00000,5.21000,0.00000,0.00000,1.00000
-278906.47367,-499832.92149,128.67400,636186528.57400,9.68000,858184.00000,5.65000,0.00000,0.00000,1.00000
-278698.29265,-500160.44448,128.27200,636186528.62042,9.37000,1677654.00000,4.23000,0.00000,0.00000,1.00000
-278665.72866,-500469.51647,128.78500,636186528.66683,9.16000,592595.00000,3.74000,0.00000,0.00000,1.00000
-277442.84346,-500903.61765,121.74000,636186528.71325,9.15000,638114.00000,3.23000,0.00000,0.00000,1.00000
-279402.73791,-501614.69641,129.94100,636186528.85250,9.36000,1903524.00000,3.63000,0.00000,0.00000,1.00000
-279141.06070,-501947.83517,129.29000,636186528.89892,9.42000,184462.00000,4.80000,0.00000,0.00000,1.00000
-278233.97711,-502348.74234,126.26100,636186528.94533,9.70000,247004.00000,4.94000,0.00000,0.00000,1.00000
-284368.69453,-502010.10128,144.01700,636186528.99175,9.82000,1291519.00000,3.83000,0.00000,0.00000,1.00000
-285759.15563,-502169.74595,162.73200,636186529.03817,9.93000,1217019.00000,3.94000,0.00000,0.00000,1.00000
-283001.15432,-503070.80313,126.80600,636186529.13100,10.05000,485307.00000,4.69000,0.00000,0.00000,1.00000
-282635.38711,-503414.89163,123.24000,636186529.17742,10.01000,900668.00000,4.53000,0.00000,0.00000,1.00000
-282245.03329,-503761.56400,120.94500,636186529.22384,9.96000,990532.00000,4.13000,0.00000,0.00000,1.00000
-282222.54987,-504069.59845,122.31600,636186529.27025,9.89000,3321850.00000,2.61000,0.00000,0.00000,1.00000
-282343.17590,-504362.61359,124.42900,636186529.31667,9.92000,5053945.00000,2.40000,0.00000,0.00000,1.00000
-277199.84756,-505208.07957,118.30000,636186529.36309,9.99000,3095339.00000,2.80000,0.00000,0.00000,1.00000
-277374.67445,-505495.37392,116.76400,636186529.40950,10.34000,356924.00000,4.50000,0.00000,0.00000,1.00000
-277825.59540,-505753.69908,116.27500,636186529.45592,10.81000,127964.00000,7.22000,0.00000,0.00000,1.00000
-278365.41570,-506002.70896,118.04300,636186529.50234,10.79000,174587.00000,8.05000,0.00000,0.00000,1.00000
-278061.04304,-506340.28734,118.55000,636186529.54876,10.71000,287686.00000,7.51000,0.00000,0.00000,1.00000
-277620.06256,-506692.19154,119.00400,636186529.59517,10.83000,647580.00000,5.37000,0.00000,0.00000,1.00000
-277202.21458,-507041.67287,119.08800,636186529.64159,10.96000,584861.00000,6.14000,0.00000,0.00000,1.00000
-276877.59115,-507381.35198,119.21800,636186529.68801,10.95000,1664014.00000,5.35000,0.00000,0.00000,1.00000
-279501.18118,-507411.83371,117.52600,636186529.73442,10.77000,1522015.00000,7.32000,0.00000,0.00000,1.00000
-279317.50440,-507736.76853,117.37000,636186529.78084,10.93000,886924.00000,7.84000,0.00000,0.00000,1.00000
-278593.17230,-508118.37586,116.09000,636186529.82726,11.09000,903257.00000,7.48000,0.00000,0.00000,1.00000
-278092.90233,-508476.48589,116.21400,636186529.87367,10.87000,981319.00000,7.76000,0.00000,0.00000,1.00000
-277260.86974,-508869.36477,116.88200,636186529.92009,10.99000,921235.00000,9.46000,0.00000,0.00000,1.00000
-277104.63480,-509191.37849,118.85000,636186529.96651,11.45000,388881.00000,10.07000,0.00000,0.00000,1.00000
-277940.06282,-509409.44605,119.35700,636186530.01293,11.28000,73013.00000,13.33000,0.00000,0.00000,1.00000
-279094.24107,-509594.10625,122.08600,636186530.05934,10.85000,95779.00000,13.05000,0.00000,0.00000,1.00000
-280084.35115,-509795.98700,126.04100,636186530.10576,10.59000,139184.00000,8.58000,0.00000,0.00000,1.00000
-280124.71080,-510097.42196,127.41900,636186530.15218,10.31000,202633.00000,5.40000,0.00000,0.00000,1.00000
-280018.34488,-510414.23481,127.16400,636186530.19859,10.27000,295922.00000,4.97000,0.00000,0.00000,1.00000
-279844.02895,-510738.15715,126.67600,636186530.24501,10.17000,304296.00000,5.54000,0.00000,0.00000,1.00000
-279598.88063,-511069.50997,126.06300,636186530.29143,10.09000,203801.00000,5.35000,0.00000,0.00000,1.00000
-279522.14513,-511383.22037,126.19800,636186530.33784,10.10000,193135.00000,5.39000,0.00000,0.00000,1.00000
-279472.14006,-511694.11251,126.52500,636186530.38426,10.18000,205978.00000,6.30000,0.00000,0.00000,1.00000
-279296.37319,-512018.19335,126.68800,636186530.43068,10.20000,200701.00000,5.43000,0.00000,0.00000,1.00000
-279351.17307,-512318.10425,126.49300,636186530.47710,10.15000,147822.00000,5.49000,0.00000,0.00000,1.00000
-279125.52872,-512647.40499,124.96600,636186530.52351,10.24000,137360.00000,6.37000,0.00000,0.00000,1.00000
-278700.37909,-512997.58333,123.23700,636186530.56993,10.29000,138560.00000,7.71000,0.00000,0.00000,1.00000
