-311755.32808,-490742.71311,150.80000,363756975.84533,10.48000,241210.00000,7.08000,0.00000,0.00000,0.00000
-311509.15376,-490559.79991,151.11900,363756975.89222,10.52000,159414.00000,6.99000,0.00000,0.00000,0.00000
-311387.66604,-490199.55163,151.90300,363756975.93911,10.41000,112778.00000,6.59000,0.00000,0.00000,0.00000
-311144.01834,-490013.03233,152.73500,363756975.98600,10.12000,104936.00000,6.01000,0.00000,0.00000,0.00000
-310897.85651,-489830.12422,152.98500,363756976.03289,9.87000,184988.00000,5.38000,0.00000,0.00000,0.00000
-310662.21936,-489632.22362,153.13200,363756976.07978,9.86000,196585.00000,5.57000,0.00000,0.00000,0.00000
-310399.63131,-489472.67167,151.96900,363756976.12668,10.00000,325283.00000,4.79000,0.00000,0.00000,0.00000
-310324.07383,-489047.11969,151.01800,363756976.17357,10.12000,275263.00000,5.06000,0.00000,0.00000,0.00000
-310226.18795,-488653.30740,151.38000,363756976.22046,10.26000,294828.00000,4.04000,0.00000,0.00000,0.00000
-309836.39825,-488674.68916,150.02200,363756976.26735,10.35000,202359.00000,5.86000,0.00000,0.00000,0.00000
-309164.78761,-489096.85265,149.26200,363756976.31424,10.40000,191876.00000,7.14000,0.00000,0.00000,0.00000
-308478.00893,-489540.58302,150.63100,363756976.36113,10.42000,332486.00000,5.49000,0.00000,0.00000,0.00000
-308084.83294,-489566.72530,153.05400,363756976.40802,10.23000,571055.00000,4.29000,0.00000,0.00000,0.00000
-310102.51002,-486164.26814,144.96900,363756976.45491,9.97000,1083572.00000,3.55000,0.00000,0.00000,0.00000
-309816.78229,-486037.66730,144.33200,363756976.50180,9.47000,1474523.00000,2.99000,0.00000,0.00000,0.00000
-309146.44011,-486458.02120,141.57600,363756976.54870,9.40000,1141244.00000,2.80000,0.00000,0.00000,0.00000
-309475.76015,-485456.76010,144.42600,363756976.59559,9.22000,797622.00000,3.02000,0.00000,0.00000,0.00000
-306681.24405,-488364.84312,163.67300,363756976.68937,9.14000,1691317.00000,2.42000,0.00000,0.00000,0.00000
-306622.98899,-487914.72372,161.60000,363756976.73626,9.05000,1007259.00000,3.34000,0.00000,0.00000,0.00000
-306675.96084,-487306.45935,161.01900,363756976.78315,9.15000,507217.00000,4.03000,0.00000,0.00000,0.00000
-306714.19077,-486719.16344,161.31900,363756976.83004,9.27000,266558.00000,4.29000,0.00000,0.00000,0.00000
-306733.46545,-486158.82668,162.11900,363756976.87693,9.12000,443483.00000,3.72000,0.00000,0.00000,0.00000
-304867.01513,-488279.80706,145.79500,363756976.92383,9.05000,1024161.00000,3.43000,0.00000,0.00000,0.00000
-304613.71063,-488107.03639,145.07300,363756976.97072,9.38000,211313.00000,4.89000,0.00000,0.00000,0.00000
-304333.86257,-487972.00175,144.25200,363756977.01761,9.43000,529231.00000,5.88000,0.00000,0.00000,0.00000
-304307.64925,-487476.33256,143.63000,363756977.06450,9.31000,1015388.00000,4.51000,0.00000,0.00000,0.00000
-304231.31310,-487051.96422,143.88900,363756977.11139,9.30000,1796934.00000,3.65000,0.00000,0.00000,0.00000
-305939.24189,-484090.71929,155.94600,363756977.15828,9.76000,400239.00000,4.67000,0.00000,0.00000,0.00000
-305112.98565,-484732.61660,151.66400,363756977.20518,10.20000,250717.00000,9.61000,0.00000,0.00000,0.00000
-304282.07491,-485381.09606,150.09700,363756977.25207,9.95000,615347.00000,7.87000,0.00000,0.00000,0.00000
-304114.33103,-485086.72842,150.14400,363756977.29896,9.38000,930653.00000,6.25000,0.00000,0.00000,0.00000
-303786.05219,-485020.56992,152.02600,363756977.34585,9.00000,1289726.00000,4.74000,0.00000,0.00000,0.00000
-303445.56406,-484971.79304,154.35800,363756977.39274,8.84000,2312317.00000,3.98000,0.00000,0.00000,0.00000
-302917.57487,-485189.55580,158.82000,363756977.43964,8.75000,373803.00000,5.04000,0.00000,0.00000,0.00000
-302904.03984,-484675.94193,159.05900,363756977.48653,8.65000,295301.00000,5.45000,0.00000,0.00000,0.00000
-303013.96039,-483986.82740,160.31600,363756977.53342,8.31000,107381.00000,6.07000,0.00000,0.00000,0.00000
-302876.14424,-483649.93232,162.33500,363756977.58031,8.22000,86776.00000,6.57000,0.00000,0.00000,0.00000
-302635.51925,-483459.18125,163.86600,363756977.62720,8.02000,115866.00000,5.27000,0.00000,0.00000,0.00000
-302357.82194,-483321.14104,163.82800,363756977.67410,8.19000,240994.00000,5.58000,0.00000,0.00000,0.00000
-302167.76158,-483058.50491,163.15600,363756977.72099,8.31000,230205.00000,6.37000,0.00000,0.00000,0.00000
-301926.29669,-482868.93919,163.84500,363756977.76788,8.28000,298271.00000,5.96000,0.00000,0.00000,0.00000
-301531.46763,-482897.40739,162.89300,363756977.81477,8.38000,246377.00000,6.17000,0.00000,0.00000,0.00000
-301236.91839,-482783.31169,162.15400,363756977.86166,8.83000,123066.00000,6.68000,0.00000,0.00000,0.00000
-300992.09199,-482598.54082,162.31300,363756977.90855,8.64000,142887.00000,6.72000,0.00000,0.00000,0.00000
-300707.65374,-482470.06065,162.82100,363756977.95545,8.57000,191368.00000,6.48000,0.00000,0.00000,0.00000
-300453.13330,-482299.05153,163.49000,363756978.00234,8.55000,138583.00000,5.67000,0.00000,0.00000,0.00000
-300245.39934,-482061.57803,163.96500,363756978.04923,8.61000,280336.00000,6.06000,0.00000,0.00000,0.00000
-300083.16621,-481759.40118,165.61500,363756978.09612,8.12000,160447.00000,3.93000,0.00000,0.00000,0.00000
-299736.37399,-481719.56988,166.67100,363756978.14302,7.94000,353907.00000,3.87000,0.00000,0.00000,0.00000
-299373.56205,-481702.47412,166.12700,363756978.18991,7.91000,295561.00000,4.30000,0.00000,0.00000,0.00000
-299046.15803,-481635.08339,165.17500,363756978.23680,8.05000,295779.00000,4.48000,0.00000,0.00000,0.00000
-298792.91687,-481462.27500,164.70300,363756978.28369,8.26000,342066.00000,4.80000,0.00000,0.00000,0.00000
-298628.59403,-481163.09306,163.48100,363756978.33058,8.20000,259712.00000,5.08000,0.00000,0.00000,0.00000
-298422.97881,-480922.60769,163.43900,363756978.37748,8.15000,406561.00000,4.31000,0.00000,0.00000,0.00000
-298240.12227,-480649.77907,163.13100,363756978.42437,8.17000,405400.00000,3.72000,0.00000,0.00000,0.00000
-305237.63008,-481592.22103,156.45300,363810721.61963,9.08000,1869101.00000,2.89000,0.00000,0.00000,1.00000
-309547.26657,-485223.01600,145.97800,363810722.27772,9.67000,591820.00000,3.86000,0.00000,0.00000,1.00000
-309341.85775,-485569.47682,144.69900,363810722.32472,9.66000,511635.00000,4.22000,0.00000,0.00000,1.00000
-309080.01323,-485925.49394,143.61100,363810722.37173,9.64000,692287.00000,5.21000,0.00000,0.00000,1.00000
-308922.34033,-486263.85288,143.59700,363810722.41873,9.62000,888311.00000,4.05000,0.00000,0.00000,1.00000
-309002.64928,-486561.81740,144.03000,363810722.46574,9.63000,619919.00000,3.87000,0.00000,0.00000,1.00000
-308897.77106,-486891.20454,144.96300,363810722.51275,9.64000,419490.00000,4.46000,0.00000,0.00000,1.00000
-308871.73638,-487207.20942,145.94100,363810722.55975,9.64000,477896.00000,4.05000,0.00000,0.00000,1.00000
-308941.91721,-487506.90221,146.58000,363810722.60676,9.84000,279462.00000,5.05000,0.00000,0.00000,1.00000
-309265.29267,-487763.66754,147.65300,363810722.65377,9.82000,363465.00000,5.85000,0.00000,0.00000,1.00000
-309145.93885,-488095.51356,148.38400,363810722.70077,9.67000,293070.00000,6.28000,0.00000,0.00000,1.00000
-309143.77014,-488407.48083,149.17800,363810722.74778,9.54000,285141.00000,5.30000,0.00000,0.00000,1.00000
-308927.46737,-488755.75538,149.40000,363810722.79479,9.46000,275850.00000,5.73000,0.00000,0.00000,1.00000
-308816.05897,-489086.24166,149.46500,363810722.84179,9.51000,149458.00000,5.50000,0.00000,0.00000,1.00000
-308669.92734,-489422.62039,149.56900,363810722.88880,9.62000,293928.00000,6.39000,0.00000,0.00000,1.00000
-308580.93954,-489749.30650,149.90600,363810722.93581,9.79000,846193.00000,7.09000,0.00000,0.00000,1.00000
-308608.42485,-490056.24938,150.11500,363810722.98281,9.83000,352735.00000,6.86000,0.00000,0.00000,1.00000
-307950.81963,-490479.31939,151.46900,363810723.02982,9.79000,372680.00000,5.92000,0.00000,0.00000,1.00000
-308942.61247,-490622.77678,150.82600,363810723.07682,10.09000,342427.00000,6.70000,0.00000,0.00000,1.00000
-309747.76907,-490797.88282,151.43000,363810723.12383,10.19000,568287.00000,5.91000,0.00000,0.00000,1.00000
-309530.00339,-491146.40352,149.19500,363810723.17084,10.15000,846778.00000,7.55000,0.00000,0.00000,1.00000
-309650.07680,-491437.65804,148.86100,363810723.21784,10.06000,935652.00000,6.08000,0.00000,0.00000,1.00000
-309664.51975,-491746.81129,148.61000,363810723.26485,9.88000,1595064.00000,5.34000,0.00000,0.00000,1.00000
-309754.92794,-492043.09580,148.02600,363810723.31186,9.95000,5197286.00000,4.40000,0.00000,0.00000,1.00000
-309776.60399,-492351.02306,147.03200,363810723.35886,9.96000,4346207.00000,4.46000,0.00000,0.00000,1.00000
-309534.21957,-492703.71060,151.81800,363810723.40587,10.09000,1867303.00000,5.07000,0.00000,0.00000,1.00000
-309626.06468,-492999.75096,151.88000,363810723.45288,10.26000,808731.00000,5.34000,0.00000,0.00000,1.00000
-309616.62340,-493312.95222,151.80400,363810723.49988,10.33000,4990427.00000,5.00000,0.00000,0.00000,1.00000
-309503.73280,-493643.69572,151.81300,363810723.54689,10.07000,6140020.00000,4.51000,0.00000,0.00000,1.00000
-309144.13261,-494016.21438,152.45200,363810723.59390,9.90000,3310735.00000,4.46000,0.00000,0.00000,1.00000
-308812.02528,-494384.08020,152.78400,363810723.64090,9.65000,525869.00000,5.59000,0.00000,0.00000,1.00000
-308458.21404,-494755.62670,154.17000,363810723.68791,9.49000,4209563.00000,3.64000,0.00000,0.00000,1.00000
-311749.20613,-494509.65202,143.27000,363810723.73492,9.60000,1809214.00000,5.23000,0.00000,0.00000,1.00000
-311062.58952,-494937.61296,142.65300,363810723.78192,9.52000,888856.00000,5.32000,0.00000,0.00000,1.00000
-310926.52110,-495272.27228,142.72700,363810723.82893,9.62000,508381.00000,6.25000,0.00000,0.00000,1.00000
-311320.76618,-495517.10264,143.62500,363810723.87594,9.57000,290402.00000,6.09000,0.00000,0.00000,1.00000
-311593.46745,-495782.52958,144.44500,363810723.92295,9.31000,703567.00000,6.14000,0.00000,0.00000,1.00000
-310559.55562,-496269.27757,142.21000,363810723.96995,9.02000,4104093.00000,4.05000,0.00000,0.00000,1.00000
-309794.76924,-496710.41644,142.52700,363810724.01696,8.89000,634651.00000,4.03000,0.00000,0.00000,1.00000
-309724.52667,-497033.92049,139.88100,363810724.06397,8.73000,1625405.00000,4.22000,0.00000,0.00000,1.00000
-309304.11013,-497416.72121,140.85500,363810724.11097,8.50000,1467431.00000,4.18000,0.00000,0.00000,1.00000
-311294.35209,-497391.27668,149.23600,363810724.15798,8.30000,2208132.00000,3.87000,0.00000,0.00000,1.00000
-311397.74655,-497685.38915,149.46600,363810724.20499,7.90000,1520369.00000,4.18000,0.00000,0.00000,1.00000
-309628.73215,-498296.54910,141.27200,363810724.25200,7.58000,4092924.00000,4.07000,0.00000,0.00000,1.00000
-309649.64123,-498604.61937,144.86300,363810724.29900,7.51000,930096.00000,4.45000,0.00000,0.00000,1.00000
-309915.80567,-498871.15618,142.48700,363810724.34601,7.30000,412137.00000,4.77000,0.00000,0.00000,1.00000
-310795.50039,-499033.81636,142.14500,363810724.39302,7.43000,464001.00000,3.59000,0.00000,0.00000,1.00000
-310975.67488,-497583.71073,145.49200,363929628.05713,7.06000,134857.00000,6.13000,0.00000,0.00000,0.00000
-310026.10321,-498369.42185,140.94200,363929628.10409,7.87000,170604.00000,6.35000,0.00000,0.00000,0.00000
-309813.01050,-498140.45165,137.36600,363929628.15105,8.27000,1862842.00000,4.52000,0.00000,0.00000,0.00000
-309642.55571,-497852.73759,136.74400,363929628.19800,8.53000,1391686.00000,3.97000,0.00000,0.00000,0.00000
-309858.44993,-497032.76665,135.96900,363929628.24496,8.71000,2706938.00000,3.34000,0.00000,0.00000,0.00000
-306541.08946,-501080.21604,125.12200,363929628.29192,8.70000,453440.00000,2.88000,0.00000,0.00000,0.00000
-306227.18791,-500990.06946,125.64900,363929628.33888,8.67000,827740.00000,2.25000,0.00000,0.00000,0.00000
-308873.32191,-496822.33352,139.44900,363929628.38584,8.61000,1368450.00000,1.89000,0.00000,0.00000,0.00000
-307991.75709,-497514.25916,149.75800,363929628.43279,8.56000,4043084.00000,2.08000,0.00000,0.00000,0.00000
-307968.18451,-497024.20828,151.46900,363929628.47975,8.37000,4482659.00000,2.12000,0.00000,0.00000,0.00000
-307849.43203,-496665.29970,154.44600,363929628.52671,8.14000,1303820.00000,2.19000,0.00000,0.00000,0.00000
-307665.63383,-496395.96950,157.42600,363929628.57367,8.00000,767015.00000,2.24000,0.00000,0.00000,0.00000
-307461.17444,-496155.13569,158.95000,363929628.62063,7.91000,1294364.00000,2.03000,0.00000,0.00000,0.00000
-307295.48329,-495860.89169,158.28300,363929628.66758,8.06000,926841.00000,1.61000,0.00000,0.00000,0.00000
-307110.84592,-495592.74892,155.53600,363929628.71454,8.28000,3680116.00000,1.39000,0.00000,0.00000,0.00000
-306942.58316,-495302.06034,152.22900,363929628.76150,8.69000,1049006.00000,1.79000,0.00000,0.00000,0.00000
-306803.18106,-494971.61889,149.72400,363929628.80846,9.03000,1194273.00000,1.76000,0.00000,0.00000,0.00000
-306544.46740,-494805.52470,147.24000,363929628.85542,9.06000,1501416.00000,2.09000,0.00000,0.00000,0.00000
-306328.38564,-494580.68259,145.87400,363929628.90237,8.77000,1531063.00000,2.83000,0.00000,0.00000,0.00000
-306220.86843,-494206.34872,146.48200,363929628.94933,8.51000,1242872.00000,3.47000,0.00000,0.00000,0.00000
-305996.60525,-493992.78061,147.02200,363929628.99629,8.27000,4005884.00000,2.81000,0.00000,0.00000,0.00000
-305746.07620,-493815.41678,147.61100,363929629.04325,8.25000,1016103.00000,3.32000,0.00000,0.00000,0.00000
-305447.29756,-493704.48621,146.77200,363929629.09021,8.18000,649502.00000,3.25000,0.00000,0.00000,0.00000
-305193.32436,-493531.85259,146.01100,363929629.13717,8.40000,630136.00000,3.51000,0.00000,0.00000,0.00000
-304848.02907,-493484.99954,144.87100,363929629.18413,8.34000,578405.00000,3.99000,0.00000,0.00000,0.00000
-304609.13551,-493291.60546,145.30300,363929629.23109,8.34000,1452896.00000,4.00000,0.00000,0.00000,0.00000
-304356.03067,-493117.78726,144.68400,363929629.27805,8.29000,3554875.00000,3.27000,0.00000,0.00000,0.00000
-304063.29948,-492998.52075,136.99400,363929629.32501,8.21000,1372568.00000,2.83000,0.00000,0.00000,0.00000
-304160.43190,-492342.36730,138.17400,363929629.37197,8.38000,940956.00000,2.58000,0.00000,0.00000,0.00000
-304242.92638,-491706.38706,138.57100,363929629.41893,8.78000,2320371.00000,2.12000,0.00000,0.00000,0.00000
-301517.78567,-494936.72985,110.57000,363929629.46589,9.22000,3005417.00000,1.83000,0.00000,0.00000,0.00000
-301110.84594,-494974.67789,108.28300,363929629.51285,9.58000,1148281.00000,2.25000,0.00000,0.00000,0.00000
-301278.23832,-494221.78956,109.89500,363929629.55981,9.68000,961514.00000,3.25000,0.00000,0.00000,0.00000
-301321.98533,-493639.18743,111.47500,363929629.60677,10.14000,469707.00000,4.93000,0.00000,0.00000,0.00000
-301261.46055,-493200.14180,113.11400,363929629.65373,10.32000,1012232.00000,5.09000,0.00000,0.00000,0.00000
-301067.38516,-492945.02575,115.75500,363929629.70069,10.17000,389106.00000,4.85000,0.00000,0.00000,0.00000
-300730.68923,-492886.25657,118.92600,363929629.74765,9.86000,615894.00000,4.62000,0.00000,0.00000,0.00000
-300409.51145,-492806.13841,122.12300,363929629.79461,9.93000,502507.00000,5.55000,0.00000,0.00000,0.00000
-299936.23756,-492935.42230,122.40200,363929629.84157,10.26000,393303.00000,6.94000,0.00000,0.00000,0.00000
-300191.99472,-492060.97289,122.91600,363929629.88853,10.28000,709249.00000,6.51000,0.00000,0.00000,0.00000
-300344.33470,-491328.88300,125.13100,363929629.93549,10.05000,585456.00000,4.86000,0.00000,0.00000,0.00000
-300613.87291,-490435.45253,129.57500,363929629.98245,9.94000,2029419.00000,3.69000,0.00000,0.00000,0.00000
-300623.17714,-489900.36101,136.71000,363929630.02941,9.71000,851519.00000,3.32000,0.00000,0.00000,0.00000
-300199.04169,-489962.01453,136.89700,363929630.07637,9.62000,595750.00000,3.84000,0.00000,0.00000,0.00000
-299765.43737,-490036.71277,133.71000,363929630.12333,9.43000,2097331.00000,3.90000,0.00000,0.00000,0.00000
-299422.30891,-489986.83854,133.13100,363929630.17029,9.31000,2380780.00000,3.92000,0.00000,0.00000,0.00000
-299254.10390,-489696.12904,138.65900,363929630.21725,9.27000,2226606.00000,3.63000,0.00000,0.00000,0.00000
-299048.85732,-489456.43082,139.36400,363929630.26421,9.27000,2021288.00000,3.95000,0.00000,0.00000,0.00000
-298803.97151,-489271.28957,136.87300,363929630.31117,9.34000,1703386.00000,3.74000,0.00000,0.00000,0.00000
-298525.47842,-489132.42737,136.18800,363929630.35813,9.58000,2241337.00000,4.60000,0.00000,0.00000,0.00000
-298287.48274,-488937.80400,138.27400,363929630.40509,9.50000,692716.00000,4.70000,0.00000,0.00000,0.00000
-298030.53830,-488769.27753,137.52700,363929630.45205,9.42000,161316.00000,6.37000,0.00000,0.00000,0.00000
-298170.44904,-488054.43953,138.86900,363929630.49901,9.52000,257768.00000,7.57000,0.00000,0.00000,0.00000
-296872.45467,-489318.99755,132.75800,363929630.54597,9.05000,1071473.00000,7.03000,0.00000,0.00000,0.00000
-295873.04220,-490172.48262,131.44400,363929630.59293,8.89000,747016.00000,5.63000,0.00000,0.00000,0.00000
-297738.31918,-487082.66239,146.22700,363929630.63989,8.58000,3477518.00000,3.83000,0.00000,0.00000,0.00000
-296966.46075,-487622.93129,140.41000,363929630.68685,8.39000,3306138.00000,3.65000,0.00000,0.00000,0.00000
-296816.81293,-487306.71607,146.69800,363929630.73381,8.22000,5090009.00000,3.90000,0.00000,0.00000,0.00000
-296281.95075,-487520.76523,145.39000,363929630.78077,8.08000,207679.00000,5.61000,0.00000,0.00000,0.00000
-295636.33255,-487887.23621,144.18700,363929630.82773,7.95000,97251.00000,5.15000,0.00000,0.00000,0.00000
-295196.25466,-487970.76733,143.64600,363929630.87469,7.89000,161526.00000,5.79000,0.00000,0.00000,0.00000
-294881.14392,-487882.28589,143.39600,363929630.92165,8.17000,259644.00000,5.03000,0.00000,0.00000,0.00000
-294679.37260,-487637.81515,142.91900,363929630.96861,8.43000,349233.00000,5.43000,0.00000,0.00000,0.00000
-294840.89223,-486893.35603,143.60300,363929631.01557,8.53000,222999.00000,6.80000,0.00000,0.00000,0.00000
-295069.20121,-486056.95891,145.69300,363929631.06253,8.47000,1637507.00000,4.54000,0.00000,0.00000,0.00000
-293636.65668,-487506.40291,135.25500,363929631.10949,8.66000,1622587.00000,3.00000,0.00000,0.00000,0.00000
-292586.74992,-488429.16316,132.66800,363929631.15645,8.66000,1047170.00000,3.98000,0.00000,0.00000,0.00000
-291765.24051,-489037.57112,133.35600,363929631.20341,8.69000,294458.00000,6.67000,0.00000,0.00000,0.00000
-291297.54836,-489159.01643,134.27000,363929631.25037,8.32000,225752.00000,5.44000,0.00000,0.00000,0.00000
-293234.71562,-485970.98637,144.60900,363929631.29733,7.96000,1649771.00000,3.74000,0.00000,0.00000,0.00000
-292900.23217,-485909.18448,142.47600,363929631.34429,7.99000,606886.00000,5.80000,0.00000,0.00000,0.00000
-291969.70220,-486667.60957,140.42500,363929631.39125,8.37000,596216.00000,6.44000,0.00000,0.00000,0.00000
-290677.54351,-487923.60487,141.63300,363929631.43821,8.82000,370601.00000,6.64000,0.00000,0.00000,0.00000
-290233.13624,-488013.01168,142.83300,363929631.48517,8.37000,459428.00000,5.45000,0.00000,0.00000,0.00000
-290198.59807,-487538.40031,140.58900,363929631.53214,8.34000,310460.00000,5.93000,0.00000,0.00000,0.00000
-289922.28077,-487396.50822,139.56300,363929631.57910,8.13000,539449.00000,4.55000,0.00000,0.00000,0.00000
-289609.31780,-487305.01521,137.78100,363929631.62606,7.77000,1051037.00000,4.27000,0.00000,0.00000,0.00000
-289597.64138,-486798.98462,133.30200,363929631.67302,7.45000,992744.00000,3.95000,0.00000,0.00000,0.00000
-299832.96669,-480541.05232,165.12900,363983374.07066,8.77000,291785.00000,7.08000,0.00000,0.00000,1.00000
-299826.85638,-480853.14134,165.63300,363983374.11772,8.63000,930516.00000,4.75000,0.00000,0.00000,1.00000
-299769.21177,-481173.17721,166.05500,363983374.16479,8.74000,2741898.00000,3.81000,0.00000,0.00000,1.00000
-299594.70953,-481511.22574,166.42000,363983374.21185,8.71000,4719590.00000,3.33000,0.00000,0.00000,1.00000
-299410.05168,-481850.85173,166.52700,363983374.25892,8.82000,5157202.00000,2.73000,0.00000,0.00000,1.00000
-300690.04308,-481964.62598,159.47700,363983374.30598,8.86000,2869342.00000,3.02000,0.00000,0.00000,1.00000
-300257.14436,-482342.51869,159.80100,363983374.35305,8.80000,1724262.00000,3.60000,0.00000,0.00000,1.00000
-299259.57653,-482807.46624,163.40700,363983374.40011,8.83000,754628.00000,4.02000,0.00000,0.00000,1.00000
-299468.28129,-483086.43167,162.81600,363983374.44718,8.89000,469363.00000,4.56000,0.00000,0.00000,1.00000
-299675.53445,-483365.63005,161.79600,363983374.49424,8.99000,343296.00000,4.93000,0.00000,0.00000,1.00000
-299834.16473,-483652.33878,161.35000,363983374.54131,8.93000,332168.00000,5.06000,0.00000,0.00000,1.00000
-300081.32866,-483925.37894,161.01500,363983374.58838,8.77000,640464.00000,5.47000,0.00000,0.00000,1.00000
-300311.80746,-484201.00916,160.38200,363983374.63544,8.91000,198277.00000,5.93000,0.00000,0.00000,1.00000
-300442.12168,-484492.07648,160.20200,363983374.68251,8.91000,298761.00000,5.06000,0.00000,0.00000,1.00000
-300697.27747,-484763.90614,159.44200,363983374.72957,9.04000,231812.00000,5.82000,0.00000,0.00000,1.00000
-300762.26079,-485065.04018,158.44000,363983374.77664,9.07000,250963.00000,5.30000,0.00000,0.00000,1.00000
-300877.33290,-485358.46898,156.90700,363983374.82371,9.08000,165018.00000,6.00000,0.00000,0.00000,1.00000
-301106.34967,-485634.32701,155.69300,363983374.87077,9.21000,213116.00000,6.27000,0.00000,0.00000,1.00000
-301694.66303,-485854.84072,156.30200,363983374.91784,9.22000,204630.00000,4.77000,0.00000,0.00000,1.00000
-302063.76842,-486109.12518,157.02100,363983374.96490,9.16000,431447.00000,4.06000,0.00000,0.00000,1.00000
-301550.98965,-486499.29836,150.67800,363983375.01197,9.30000,2640093.00000,3.80000,0.00000,0.00000,1.00000
-305412.97671,-486215.40454,154.07400,363983375.05903,9.37000,484012.00000,3.93000,0.00000,0.00000,1.00000
-305414.82439,-486526.32360,153.03200,363983375.10610,9.46000,508657.00000,3.91000,0.00000,0.00000,1.00000
-301921.56979,-487375.69762,149.48600,363983375.15317,9.81000,474513.00000,4.37000,0.00000,0.00000,1.00000
-301651.92719,-487728.40515,146.50100,363983375.20023,10.01000,352311.00000,6.11000,0.00000,0.00000,1.00000
-301609.46987,-488046.11099,145.24800,363983375.24730,10.10000,1046239.00000,6.03000,0.00000,0.00000,1.00000
-301540.15374,-488367.95680,143.96100,363983375.29436,10.25000,1846397.00000,6.02000,0.00000,0.00000,1.00000
-301702.37995,-488654.12706,143.32600,363983375.34143,10.12000,1642372.00000,7.26000,0.00000,0.00000,1.00000
-302014.13453,-488917.27335,143.63800,363983375.38850,10.32000,2302054.00000,6.52000,0.00000,0.00000,1.00000
-302427.51754,-489164.78520,144.03600,363983375.43556,10.43000,1264029.00000,6.30000,0.00000,0.00000,1.00000
-302523.69323,-489461.15370,143.08900,363983375.48263,10.25000,2205522.00000,4.98000,0.00000,0.00000,1.00000
-302095.05234,-489838.33193,139.65500,363983375.52970,10.32000,1010660.00000,5.17000,0.00000,0.00000,1.00000
-302145.49835,-490141.74480,137.30300,363983375.57676,10.35000,373410.00000,5.96000,0.00000,0.00000,1.00000
-302370.87642,-490418.21596,135.39800,363983375.62383,10.44000,214184.00000,6.67000,0.00000,0.00000,1.00000
-303113.81907,-490615.00318,136.01700,363983375.67090,10.31000,283690.00000,6.19000,0.00000,0.00000,1.00000
-303972.18323,-490794.02374,137.94300,363983375.71797,10.21000,280217.00000,5.98000,0.00000,0.00000,1.00000
-304681.01061,-490996.07402,140.13200,363983375.76503,10.40000,418362.00000,4.31000,0.00000,0.00000,1.00000
-301531.51113,-493036.80818,122.97300,363983376.00037,10.52000,1431775.00000,3.87000,0.00000,0.00000,1.00000
-304797.76337,-492845.28278,134.82500,363983376.04744,10.60000,6111551.00000,3.70000,0.00000,0.00000,1.00000
-299924.92867,-493906.36975,114.34300,363983376.09450,10.88000,922753.00000,4.65000,0.00000,0.00000,1.00000
-299998.55826,-494206.19809,114.86100,363983376.14157,10.83000,301604.00000,3.47000,0.00000,0.00000,1.00000
-300043.14128,-494510.49180,112.95400,363983376.18864,10.90000,1315018.00000,4.71000,0.00000,0.00000,1.00000
-299184.66602,-494953.73929,117.19300,363983376.23571,11.05000,362165.00000,4.20000,0.00000,0.00000,1.00000
-298636.87859,-495349.15881,119.01100,363983376.28277,11.02000,411919.00000,5.47000,0.00000,0.00000,1.00000
-299070.55761,-495593.59533,116.41800,363983376.32984,10.96000,402100.00000,4.51000,0.00000,0.00000,1.00000
-299395.34973,-495854.79074,114.56100,363983376.37691,10.82000,252805.00000,4.96000,0.00000,0.00000,1.00000
-299238.83682,-496190.02395,114.51600,363983376.42398,10.71000,529390.00000,4.89000,0.00000,0.00000,1.00000
-304516.78166,-495689.31258,135.32700,363983376.47105,10.54000,1671917.00000,4.26000,0.00000,0.00000,1.00000
-305243.75708,-495888.67631,138.48000,363983376.51812,10.31000,2744390.00000,4.05000,0.00000,0.00000,1.00000
-303653.50369,-496444.50119,134.94000,363983376.56518,10.34000,929004.00000,3.66000,0.00000,0.00000,1.00000
-305181.18684,-496520.69832,140.97500,363983376.61225,10.10000,569203.00000,3.54000,0.00000,0.00000,1.00000
-304113.63436,-496996.10906,132.93100,363983376.65932,9.90000,1582088.00000,4.52000,0.00000,0.00000,1.00000
-304010.12045,-497323.21671,130.45100,363983376.70639,9.92000,1427539.00000,3.97000,0.00000,0.00000,1.00000
-304112.05759,-497618.73849,128.44800,363983376.75345,10.06000,780043.00000,3.90000,0.00000,0.00000,1.00000
-303824.14795,-497974.20853,124.92100,363983376.80052,10.13000,1118908.00000,4.36000,0.00000,0.00000,1.00000
-303764.91391,-498294.51374,122.22700,363983376.84759,10.19000,707610.00000,4.24000,0.00000,0.00000,1.00000
-303413.10131,-498659.79848,118.88500,363983376.89466,10.36000,969278.00000,4.29000,0.00000,0.00000,1.00000
-304349.17211,-498827.06025,120.36600,363983376.94173,10.43000,894050.00000,4.34000,0.00000,0.00000,1.00000
-304555.63708,-499106.51425,119.65600,363983376.98880,10.56000,414211.00000,5.02000,0.00000,0.00000,1.00000
-304018.68987,-499500.26367,115.72600,363983377.03586,10.56000,1267415.00000,4.89000,0.00000,0.00000,1.00000
-305468.76906,-499588.53394,121.91300,363983377.08293,10.54000,666348.00000,5.33000,0.00000,0.00000,1.00000
-304681.34298,-500020.78477,117.30300,363983377.13000,10.43000,608457.00000,5.25000,0.00000,0.00000,1.00000
-304418.79146,-500372.33004,117.29700,363983377.17707,10.23000,879908.00000,3.83000,0.00000,0.00000,1.00000
-304311.60563,-500700.00751,119.08800,363983377.22414,10.09000,1010129.00000,2.59000,0.00000,0.00000,1.00000
-303555.38323,-501127.43218,114.77200,363983377.27120,10.04000,5636651.00000,2.80000,0.00000,0.00000,1.00000
-304153.11424,-501346.75531,125.23000,363983377.31827,9.80000,814043.00000,3.32000,0.00000,0.00000,1.00000
-304061.90417,-501671.98275,124.80900,363983377.36534,9.53000,287715.00000,3.49000,0.00000,0.00000,1.00000
-303682.46561,-502041.49385,122.90500,363983377.41241,9.39000,474451.00000,4.46000,0.00000,0.00000,1.00000
-303361.82234,-502401.95413,121.15700,363983377.45948,9.49000,681746.00000,6.20000,0.00000,0.00000,1.00000
-303139.91614,-502747.24631,120.70900,363983377.50655,9.30000,526402.00000,4.51000,0.00000,0.00000,1.00000
-303596.82678,-502988.23165,116.75500,363983377.55362,9.18000,1839625.00000,3.94000,0.00000,0.00000,1.00000
-303408.31570,-503328.39915,114.00500,363983377.60069,8.94000,4246232.00000,2.98000,0.00000,0.00000,1.00000
-303612.56700,-503608.20011,110.47600,363983377.64776,8.71000,1324947.00000,3.07000,0.00000,0.00000,1.00000
-303554.00634,-503928.39697,106.64500,363983377.69482,8.83000,1543231.00000,2.64000,0.00000,0.00000,1.00000
-297613.05222,-505152.06671,109.16700,363983377.74189,8.98000,363965.00000,2.87000,0.00000,0.00000,1.00000
-302816.82567,-504664.02153,99.87500,363983377.78896,9.03000,3848894.00000,3.66000,0.00000,0.00000,1.00000
-301259.90248,-505525.49942,100.51200,363983377.88310,9.07000,4485074.00000,3.60000,0.00000,0.00000,1.00000
-308045.83565,-504794.43754,111.38000,363983377.93017,8.83000,239788.00000,3.47000,0.00000,0.00000,1.00000
-307834.07493,-505138.20680,109.00900,363983377.97724,8.83000,148771.00000,4.13000,0.00000,0.00000,1.00000
-307437.15697,-505510.39711,105.27500,363983378.02431,8.74000,281121.00000,4.61000,0.00000,0.00000,1.00000
-307414.89073,-505825.05660,104.06400,363983378.07138,8.72000,184233.00000,5.38000,0.00000,0.00000,1.00000
-307619.14555,-506104.91984,104.68100,363983378.11845,8.76000,170636.00000,5.21000,0.00000,0.00000,1.00000
-307161.95345,-506486.35580,100.71900,363983378.16552,9.02000,240281.00000,5.59000,0.00000,0.00000,1.00000
-307271.09669,-506780.82383,99.51600,363983378.21259,8.54000,841976.00000,5.36000,0.00000,0.00000,1.00000
-307240.10033,-507096.81995,98.98900,363983378.25966,8.05000,1537349.00000,3.43000,0.00000,0.00000,1.00000
-306286.23237,-507554.50173,96.46800,363983378.30673,7.71000,1314527.00000,2.59000,0.00000,0.00000,1.00000
-307517.89540,-507676.61496,98.79500,363983378.35380,7.52000,2277052.00000,2.67000,0.00000,0.00000,1.00000
-307066.47328,-508057.15796,98.54600,363983378.40087,7.39000,686148.00000,3.39000,0.00000,0.00000,1.00000
-306814.71735,-508407.02266,98.78900,363983378.44794,7.33000,876821.00000,3.97000,0.00000,0.00000,1.00000
-306114.96609,-508825.66759,97.95300,363983378.49501,7.33000,1287998.00000,2.74000,0.00000,0.00000,1.00000
-304508.31772,-509383.48723,99.13400,363983378.54208,7.56000,2260879.00000,2.52000,0.00000,0.00000,1.00000
-303640.82949,-509827.81468,103.90000,363983378.58915,7.70000,618354.00000,3.08000,0.00000,0.00000,1.00000
-304022.21305,-510080.49128,105.93100,363983378.63622,7.87000,315285.00000,4.05000,0.00000,0.00000,1.00000
-304073.22077,-510383.85984,107.25100,363983378.68329,8.12000,815520.00000,6.33000,0.00000,0.00000,1.00000
-303368.37654,-510803.21715,109.87800,363983378.73036,7.94000,526954.00000,4.06000,0.00000,0.00000,1.00000
-302903.86646,-511185.68570,112.65600,363983378.77743,8.18000,322618.00000,3.77000,0.00000,0.00000,1.00000
-302434.99820,-511568.81264,115.87600,363983378.82450,8.23000,1006185.00000,2.85000,0.00000,0.00000,1.00000
-302186.85577,-511918.07203,117.74600,363983378.87157,8.05000,1122834.00000,3.65000,0.00000,0.00000,1.00000
-301993.88090,-512258.84508,118.97900,363983378.91864,8.02000,1199534.00000,3.24000,0.00000,0.00000,1.00000
-302282.30293,-512525.79081,117.35600,363983378.96570,8.04000,945267.00000,3.50000,0.00000,0.00000,1.00000
-302762.40593,-512763.33032,114.71700,363983379.01277,7.98000,262552.00000,5.43000,0.00000,0.00000,1.00000
-304049.20936,-512877.14471,113.03200,363983379.05984,8.14000,599016.00000,4.36000,0.00000,0.00000,1.00000
-306189.86125,-511051.09414,102.09900,364102280.11989,10.36000,519036.00000,5.97000,0.00000,0.00000,0.00000
-306413.47559,-510239.99149,99.17300,364102280.16691,10.36000,283887.00000,6.39000,0.00000,0.00000,0.00000
-308276.92457,-507240.02305,102.70200,364102280.21393,10.16000,603871.00000,5.54000,0.00000,0.00000,0.00000
-306681.16174,-508857.47426,101.51800,364102280.26095,10.28000,797291.00000,6.26000,0.00000,0.00000,0.00000
-305874.04441,-509422.19529,102.48800,364102280.30797,10.40000,1843910.00000,6.03000,0.00000,0.00000,0.00000
-305873.21682,-508910.70878,100.03100,364102280.35500,10.55000,1687909.00000,10.10000,0.00000,0.00000,0.00000
-306401.86635,-507692.53180,99.10600,364102280.40202,10.88000,720312.00000,6.81000,0.00000,0.00000,0.00000
-306052.91608,-507645.71401,97.70200,364102280.44904,10.72000,728613.00000,8.43000,0.00000,0.00000,0.00000
-305873.85910,-507372.14791,98.14500,364102280.49606,9.75000,1136600.00000,7.42000,0.00000,0.00000,0.00000
-305367.33938,-507535.61622,100.49300,364102280.54308,8.35000,1843833.00000,6.65000,0.00000,0.00000,0.00000
-304094.53852,-508721.77458,107.13600,364102280.59011,6.49000,691370.00000,4.43000,0.00000,0.00000,0.00000
-303154.45351,-509463.82141,111.03300,364102280.63713,5.15000,456174.00000,3.78000,0.00000,0.00000,0.00000
-303087.62118,-509040.44622,108.69300,364102280.68415,4.58000,1129894.00000,4.60000,0.00000,0.00000,0.00000
-303690.27887,-507723.62842,105.10300,364102280.73118,4.85000,1272958.00000,5.86000,0.00000,0.00000,0.00000
-306359.38013,-503648.94339,108.95800,364102280.77820,5.83000,2121290.00000,5.95000,0.00000,0.00000,0.00000
-304724.81054,-505317.92057,103.30400,364102280.82522,6.50000,3259664.00000,4.66000,0.00000,0.00000,0.00000
-304039.15842,-505720.44312,105.39000,364102280.87225,7.34000,1466119.00000,3.54000,0.00000,0.00000,0.00000
-304019.01150,-505234.81018,100.55000,364102280.91927,8.08000,2735264.00000,4.06000,0.00000,0.00000,0.00000
-303526.14354,-505380.04527,106.45700,364102280.96629,8.71000,998719.00000,4.40000,0.00000,0.00000,0.00000
-303394.64647,-505043.03078,108.29200,364102281.01332,9.32000,2016003.00000,5.53000,0.00000,0.00000,0.00000
-303354.70526,-504583.84154,110.54100,364102281.06034,9.45000,2114562.00000,6.08000,0.00000,0.00000,0.00000
-304010.22136,-503196.62076,114.84800,364102281.10736,9.61000,1743882.00000,6.46000,0.00000,0.00000,0.00000
-303904.69352,-502824.96361,120.61200,364102281.15438,9.52000,3213509.00000,4.77000,0.00000,0.00000,0.00000
-303604.63679,-502712.92978,121.76500,364102281.20141,9.56000,1802858.00000,4.18000,0.00000,0.00000,0.00000
-303088.45402,-502889.27402,122.81100,364102281.24843,9.52000,555747.00000,3.31000,0.00000,0.00000,0.00000
-300795.24232,-505436.73734,106.23900,364102281.29545,9.67000,449046.00000,3.79000,0.00000,0.00000,0.00000
-300563.83430,-505233.04165,105.10500,364102281.34248,9.95000,401777.00000,5.18000,0.00000,0.00000,0.00000
-300042.32890,-505416.40084,105.58900,364102281.38950,10.11000,347505.00000,6.33000,0.00000,0.00000,0.00000
-299829.84634,-505187.43989,103.92800,364102281.43652,10.22000,843944.00000,5.09000,0.00000,0.00000,0.00000
-299535.93148,-505067.14058,103.06200,364102281.48354,10.66000,846754.00000,4.75000,0.00000,0.00000,0.00000
-299515.83369,-504581.52328,99.73000,364102281.53057,11.22000,735076.00000,5.76000,0.00000,0.00000,0.00000
-299376.87706,-504254.47170,97.90600,364102281.57759,11.67000,587091.00000,6.55000,0.00000,0.00000,0.00000
-299375.71793,-503743.59359,96.61000,364102281.62462,11.87000,691146.00000,6.59000,0.00000,0.00000,0.00000
-299264.50424,-503379.54083,96.36600,364102281.67164,12.14000,908240.00000,9.16000,0.00000,0.00000,0.00000
-299180.59453,-502979.07768,96.70800,364102281.71866,12.02000,601501.00000,9.12000,0.00000,0.00000,0.00000
-299220.39435,-502413.58019,97.65700,364102281.76569,12.00000,960283.00000,7.49000,0.00000,0.00000,0.00000
-299434.96913,-501614.92235,99.48000,364102281.81271,12.12000,1047213.00000,8.68000,0.00000,0.00000,0.00000
-299187.75615,-501432.37865,101.02100,364102281.85973,11.62000,299677.00000,7.75000,0.00000,0.00000,0.00000
-299328.37917,-500732.39857,103.25600,364102281.90675,11.19000,731842.00000,5.63000,0.00000,0.00000,0.00000
-299644.21747,-499798.69183,107.57400,364102281.95378,11.27000,1109913.00000,5.68000,0.00000,0.00000,0.00000
-299217.38333,-499855.74664,108.21000,364102282.00080,11.46000,258186.00000,8.03000,0.00000,0.00000,0.00000
-298096.72817,-500838.36229,105.99600,364102282.04783,11.28000,115973.00000,6.78000,0.00000,0.00000,0.00000
-297469.13373,-501163.20726,107.12400,364102282.09485,11.41000,223854.00000,6.29000,0.00000,0.00000,0.00000
-297177.44835,-501039.94599,107.32600,364102282.14187,11.88000,111314.00000,7.56000,0.00000,0.00000,0.00000
-297096.64668,-500635.37559,108.56100,364102282.18890,11.71000,277719.00000,5.59000,0.00000,0.00000,0.00000
-296974.03057,-500286.60331,110.69700,364102282.23592,11.35000,219993.00000,6.62000,0.00000,0.00000,0.00000
-296826.32303,-499971.30770,113.35500,364102282.28294,11.01000,220495.00000,4.92000,0.00000,0.00000,0.00000
-296663.20967,-499676.56671,115.26200,364102282.32997,10.90000,266515.00000,6.57000,0.00000,0.00000,0.00000
-296436.25889,-499466.97546,117.07000,364102282.37699,10.84000,250114.00000,5.17000,0.00000,0.00000,0.00000
-296084.27352,-499424.16111,118.12400,364102282.42401,11.04000,216794.00000,6.30000,0.00000,0.00000,0.00000
-295805.82089,-499283.28209,117.78900,364102282.47104,11.06000,377386.00000,5.54000,0.00000,0.00000,0.00000
-295744.86254,-498852.30009,117.97200,364102282.51806,11.30000,260788.00000,7.29000,0.00000,0.00000,0.00000
-295683.03101,-498422.50290,119.35400,364102282.56508,11.05000,211528.00000,5.83000,0.00000,0.00000,0.00000
-295468.85607,-498195.87228,121.41600,364102282.61211,10.80000,411165.00000,4.45000,0.00000,0.00000,0.00000
-295128.32672,-498137.77994,123.27100,364102282.65913,10.54000,1060041.00000,3.68000,0.00000,0.00000,0.00000
-294815.53869,-498042.69568,125.69900,364102282.70615,10.34000,712865.00000,3.50000,0.00000,0.00000,0.00000
-294547.21911,-497888.29538,128.58800,364102282.75317,10.04000,753755.00000,3.31000,0.00000,0.00000,0.00000
-294305.76269,-497698.08167,132.24400,364102282.80020,9.47000,963295.00000,2.52000,0.00000,0.00000,0.00000
-294048.89430,-497528.41150,135.73400,364102282.84722,9.10000,1045287.00000,2.61000,0.00000,0.00000,0.00000
-293805.67817,-497340.53692,137.52700,364102282.89424,8.81000,618867.00000,3.12000,0.00000,0.00000,0.00000
-293571.70782,-497140.32412,137.94600,364102282.94127,8.67000,2377170.00000,3.02000,0.00000,0.00000,0.00000
-293361.51719,-496908.40422,136.92500,364102282.98829,8.91000,3222419.00000,2.98000,0.00000,0.00000,0.00000
-293196.24360,-496616.59721,135.94100,364102283.03531,9.29000,3516026.00000,2.94000,0.00000,0.00000,0.00000
-292997.51134,-496369.41232,134.08100,364102283.08234,9.58000,2692694.00000,3.17000,0.00000,0.00000,0.00000
-292719.08065,-496228.49924,132.12700,364102283.12936,9.94000,1486991.00000,3.84000,0.00000,0.00000,0.00000
-292504.50546,-496002.45797,130.48800,364102283.17638,10.17000,167280.00000,5.10000,0.00000,0.00000,0.00000
-292032.33131,-496119.88817,128.88700,364102283.22340,10.48000,214837.00000,6.52000,0.00000,0.00000,0.00000
-291391.50857,-496462.20254,128.05200,364102283.27043,10.85000,334096.00000,7.75000,0.00000,0.00000,0.00000
-290801.76025,-496736.40794,126.88900,364102283.31745,11.28000,481528.00000,10.31000,0.00000,0.00000,0.00000
-290396.94887,-496763.98721,128.25000,364102283.36447,11.17000,236464.00000,8.10000,0.00000,0.00000,0.00000
-290155.06777,-496574.32502,128.52000,364102283.41150,10.91000,290047.00000,7.92000,0.00000,0.00000,0.00000
-290047.93594,-496204.98937,130.08100,364102283.45852,10.50000,354547.00000,5.84000,0.00000,0.00000,0.00000
-289838.20077,-495972.45577,131.87000,364102283.50554,10.14000,376315.00000,4.51000,0.00000,0.00000,0.00000
-289515.74403,-495890.23563,134.24500,364102283.55257,9.70000,3324179.00000,3.13000,0.00000,0.00000,0.00000
-289254.49777,-495726.40052,135.50000,364102283.59959,9.47000,6029471.00000,3.10000,0.00000,0.00000,0.00000
-289320.00238,-495126.92592,133.58200,364102283.64661,9.27000,780521.00000,5.33000,0.00000,0.00000,0.00000
-289665.14081,-494154.62796,133.62600,364102283.69363,9.18000,616816.00000,3.45000,0.00000,0.00000,0.00000
-289289.85944,-494142.87044,128.94200,364102283.74066,8.82000,997423.00000,2.64000,0.00000,0.00000,0.00000
-289723.06922,-493053.17150,141.61600,364102283.78768,8.74000,3888224.00000,2.19000,0.00000,0.00000,0.00000
-286305.12530,-497097.73302,126.39600,364102283.83471,9.02000,545492.00000,3.09000,0.00000,0.00000,0.00000
-286079.09748,-496886.91786,123.60700,364102283.88173,8.95000,973426.00000,2.73000,0.00000,0.00000,0.00000
-288775.13493,-492780.67290,144.93500,364102283.92875,8.79000,335489.00000,2.80000,0.00000,0.00000,0.00000
-288568.95558,-492543.44600,143.71300,364102283.97578,8.68000,1140961.00000,2.46000,0.00000,0.00000,0.00000
-288272.94393,-492425.98647,141.75300,364102284.02280,8.51000,1101222.00000,2.92000,0.00000,0.00000,0.00000
-287932.45039,-492367.81304,139.83300,364102284.06982,8.44000,474944.00000,3.06000,0.00000,0.00000,0.00000
-287450.15279,-492498.67893,137.50600,364102284.11685,8.58000,636756.00000,3.59000,0.00000,0.00000,0.00000
-286924.68344,-492687.06370,136.22000,364102284.16387,8.94000,1052807.00000,3.79000,0.00000,0.00000,0.00000
-286339.31775,-492955.29075,135.13600,364102284.21090,9.33000,607618.00000,4.89000,0.00000,0.00000,0.00000
-286209.78036,-492615.91319,129.52400,364102284.25792,9.52000,1654756.00000,5.47000,0.00000,0.00000,0.00000
-285843.73040,-492591.76660,128.53200,364102284.30494,9.59000,665162.00000,5.19000,0.00000,0.00000,0.00000
-285489.13698,-492552.36115,127.86600,364102284.35197,9.68000,2342288.00000,4.47000,0.00000,0.00000,0.00000
-285275.04596,-492325.69058,126.56100,364102284.39899,9.68000,3444413.00000,4.73000,0.00000,0.00000,0.00000
-295545.72352,-482376.39286,146.54100,364156026.95928,7.64000,1239733.00000,4.35000,0.00000,0.00000,1.00000
-295374.69890,-482710.91446,145.98900,364156027.00640,7.67000,897127.00000,3.77000,0.00000,0.00000,1.00000
-294863.64806,-483092.55556,144.97900,364156027.05352,7.75000,809932.00000,3.78000,0.00000,0.00000,1.00000
-294193.87857,-483496.21260,145.19700,364156027.10064,7.93000,1353872.00000,3.27000,0.00000,0.00000,1.00000
-294469.12195,-483768.81958,148.60300,364156027.14776,7.94000,510492.00000,5.83000,0.00000,0.00000,1.00000
-292568.31845,-484964.65833,127.41400,364156027.28913,8.25000,2077022.00000,3.91000,0.00000,0.00000,1.00000
-292269.83358,-485316.78647,128.54300,364156027.33625,8.50000,1060037.00000,4.09000,0.00000,0.00000,1.00000
-292232.72953,-485632.68669,130.47700,364156027.38337,8.59000,1337251.00000,4.74000,0.00000,0.00000,1.00000
-292568.40318,-485896.92899,133.88600,364156027.43049,8.42000,294965.00000,3.86000,0.00000,0.00000,1.00000
-292594.64203,-486204.06151,135.80700,364156027.47761,8.48000,447863.00000,3.61000,0.00000,0.00000,1.00000
-292400.26442,-486541.75244,137.32700,364156027.52473,8.59000,612193.00000,3.49000,0.00000,0.00000,1.00000
-292168.02715,-486884.69596,138.80500,364156027.57185,8.54000,620709.00000,4.00000,0.00000,0.00000,1.00000
-291884.09854,-487234.80241,139.38900,364156027.61897,8.83000,1099176.00000,5.51000,0.00000,0.00000,1.00000
-291054.09551,-487660.54957,138.65500,364156027.66609,8.97000,2927022.00000,4.32000,0.00000,0.00000,1.00000
-291519.35469,-487906.84549,138.00100,364156027.71321,8.77000,3530422.00000,4.54000,0.00000,0.00000,1.00000
-291368.65325,-488238.48189,138.97800,364156027.76033,8.62000,1364138.00000,3.85000,0.00000,0.00000,1.00000
-292398.90816,-488406.51813,138.94800,364156027.80746,8.56000,836748.00000,4.00000,0.00000,0.00000,1.00000
-292833.58415,-488657.05890,139.04400,364156027.85458,8.78000,912340.00000,4.24000,0.00000,0.00000,1.00000
-293445.92766,-488883.00632,137.18900,364156027.90170,9.04000,2062780.00000,5.96000,0.00000,0.00000,1.00000
-293504.17736,-489185.70354,137.94000,364156027.94882,9.18000,631887.00000,7.33000,0.00000,0.00000,1.00000
-293382.58795,-489513.31989,138.35300,364156027.99594,9.04000,321356.00000,7.65000,0.00000,0.00000,1.00000
-292665.40668,-489923.41588,137.47100,364156028.04306,8.95000,466330.00000,7.00000,0.00000,0.00000,1.00000
-291774.92184,-490357.48127,137.78400,364156028.09018,8.96000,346132.00000,7.33000,0.00000,0.00000,1.00000
-291048.26136,-490768.85644,138.43800,364156028.13730,9.08000,373363.00000,7.39000,0.00000,0.00000,1.00000
-290612.11140,-491139.99406,140.02600,364156028.18442,8.93000,503984.00000,5.06000,0.00000,0.00000,1.00000
-290299.00924,-491494.08685,141.74800,364156028.23154,9.02000,3708471.00000,3.03000,0.00000,0.00000,1.00000
-292136.00919,-491550.51392,131.43000,364156028.27867,9.13000,1189021.00000,3.26000,0.00000,0.00000,1.00000
-293167.75134,-491718.44733,130.03400,364156028.32579,9.34000,201409.00000,5.08000,0.00000,0.00000,1.00000
-293844.16322,-491935.56962,130.88400,364156028.37291,9.55000,686006.00000,5.78000,0.00000,0.00000,1.00000
-292942.71668,-492371.12796,128.45900,364156028.42003,9.39000,1412303.00000,4.31000,0.00000,0.00000,1.00000
-292820.36729,-492698.83893,129.04500,364156028.46715,9.31000,1889575.00000,3.19000,0.00000,0.00000,1.00000
-292949.22135,-492991.77146,125.48300,364156028.51427,9.20000,1282732.00000,3.20000,0.00000,0.00000,1.00000
-293274.67934,-493257.50715,123.14200,364156028.56139,9.29000,2454580.00000,3.38000,0.00000,0.00000,1.00000
-293860.78565,-493487.15127,133.57300,364156028.60852,9.46000,9479637.00000,3.66000,0.00000,0.00000,1.00000
-294036.23674,-493773.64278,133.39500,364156028.65564,9.70000,4517747.00000,4.30000,0.00000,0.00000,1.00000
-292976.75909,-494231.04034,124.68100,364156028.70276,9.75000,1192872.00000,6.00000,0.00000,0.00000,1.00000
-294107.52783,-494385.33873,133.28400,364156028.74988,9.65000,3794240.00000,4.48000,0.00000,0.00000,1.00000
-293988.07865,-494712.65732,133.30500,364156028.79700,9.65000,2623826.00000,4.57000,0.00000,0.00000,1.00000
-293953.08617,-495028.27905,133.44600,364156028.84413,9.55000,3887777.00000,5.12000,0.00000,0.00000,1.00000
-293966.14859,-495337.25116,134.24500,364156028.89125,9.61000,4671714.00000,3.94000,0.00000,0.00000,1.00000
-293929.69686,-495653.07736,135.22800,364156028.93837,9.56000,4546799.00000,3.36000,0.00000,0.00000,1.00000
-291858.02818,-496250.42513,124.69300,364156028.98549,9.52000,1913655.00000,2.97000,0.00000,0.00000,1.00000
-293666.73146,-496311.01110,136.44400,364156029.03261,9.47000,6297354.00000,2.41000,0.00000,0.00000,1.00000
-293671.04372,-496621.18819,136.91400,364156029.07974,9.43000,6634478.00000,2.15000,0.00000,0.00000,1.00000
-292596.94095,-497080.51751,125.99400,364156029.12686,9.47000,5297278.00000,1.97000,0.00000,0.00000,1.00000
-292020.16063,-497471.05017,124.07200,364156029.17398,9.44000,3476415.00000,1.94000,0.00000,0.00000,1.00000
-293028.61850,-497642.35464,126.88400,364156029.22110,9.49000,4110612.00000,1.99000,0.00000,0.00000,1.00000
-293174.18658,-497932.99750,126.46300,364156029.26822,9.50000,1875595.00000,2.01000,0.00000,0.00000,1.00000
-293033.58079,-498263.21462,124.50000,364156029.31535,9.56000,2887754.00000,2.08000,0.00000,0.00000,1.00000
-292674.51180,-498623.63201,123.34100,364156029.36247,9.61000,3084873.00000,2.16000,0.00000,0.00000,1.00000
-292863.76833,-498908.24220,122.46600,364156029.40959,9.67000,3550680.00000,2.08000,0.00000,0.00000,1.00000
-295247.08163,-498889.50379,116.74600,364156029.45671,9.75000,596923.00000,2.16000,0.00000,0.00000,1.00000
-293535.00434,-499436.98902,116.25700,364156029.50383,9.83000,309926.00000,2.78000,0.00000,0.00000,1.00000
-292356.69636,-499910.64311,119.84100,364156029.55096,9.96000,1402965.00000,3.15000,0.00000,0.00000,1.00000
-292527.73135,-500197.76273,118.34900,364156029.59808,10.07000,3208206.00000,4.07000,0.00000,0.00000,1.00000
-292114.02463,-500565.70856,120.03300,364156029.64520,10.22000,377633.00000,5.26000,0.00000,0.00000,1.00000
-292550.85675,-500816.10688,118.58200,364156029.69232,10.36000,159119.00000,8.09000,0.00000,0.00000,1.00000
-293335.76935,-501018.39590,116.97400,364156029.73944,10.38000,114011.00000,8.84000,0.00000,0.00000,1.00000
-293699.77987,-501278.86371,116.80800,364156029.78657,10.21000,303612.00000,5.48000,0.00000,0.00000,1.00000
-293619.58370,-501600.73027,116.97900,364156029.83369,10.09000,480928.00000,4.49000,0.00000,0.00000,1.00000
-293445.44225,-501935.57370,116.77500,364156029.88081,10.07000,268603.00000,3.99000,0.00000,0.00000,1.00000
-293350.66975,-502259.44624,116.88100,364156029.92793,10.21000,496226.00000,3.93000,0.00000,0.00000,1.00000
-293123.36266,-502601.63529,116.50200,364156029.97506,10.23000,1638095.00000,4.07000,0.00000,0.00000,1.00000
-293012.56215,-502927.71781,115.89900,364156030.02218,10.24000,2287324.00000,4.33000,0.00000,0.00000,1.00000
-292885.74409,-503256.02207,115.58600,364156030.06930,10.38000,998739.00000,4.45000,0.00000,0.00000,1.00000
-292781.49138,-503581.19639,114.82900,364156030.11643,10.35000,386616.00000,4.68000,0.00000,0.00000,1.00000
-292683.06186,-503905.56841,114.17900,364156030.16355,10.46000,334323.00000,4.60000,0.00000,0.00000,1.00000
-292685.85279,-504215.95329,113.32800,364156030.21067,10.74000,573989.00000,4.34000,0.00000,0.00000,1.00000
-292699.56817,-504524.83846,112.76600,364156030.25779,10.75000,1202595.00000,3.89000,0.00000,0.00000,1.00000
-292700.17231,-504835.53387,111.67300,364156030.30492,10.78000,1300045.00000,3.91000,0.00000,0.00000,1.00000
-292748.10431,-505139.68374,110.62900,364156030.35204,10.75000,826141.00000,4.85000,0.00000,0.00000,1.00000
-293096.07810,-505402.41048,108.67700,364156030.39916,10.93000,124614.00000,5.96000,0.00000,0.00000,1.00000
-293934.89754,-505597.36333,107.62200,364156030.44629,11.01000,304601.00000,7.66000,0.00000,0.00000,1.00000
-294143.78313,-505879.31556,107.99600,364156030.49341,10.99000,517881.00000,4.77000,0.00000,0.00000,1.00000
-293939.00751,-506218.37496,105.65000,364156030.54053,11.09000,2225822.00000,4.45000,0.00000,0.00000,1.00000
-293728.40471,-506558.23428,107.83800,364156030.58766,11.33000,465316.00000,4.32000,0.00000,0.00000,1.00000
-293844.06111,-506853.05230,107.26000,364156030.63478,11.48000,1103334.00000,4.97000,0.00000,0.00000,1.00000
-293839.55003,-507164.46049,106.72000,364156030.68190,11.55000,1451438.00000,7.46000,0.00000,0.00000,1.00000
-293783.32583,-507482.99845,106.76300,364156030.72903,11.84000,1572902.00000,7.58000,0.00000,0.00000,1.00000
-293817.41000,-507789.08200,106.47100,364156030.77615,11.58000,1132879.00000,7.90000,0.00000,0.00000,1.00000
-293674.51957,-508119.58858,106.11800,364156030.82327,11.36000,1597092.00000,7.02000,0.00000,0.00000,1.00000
-293122.32750,-508506.56759,107.11400,364156030.87039,11.37000,964442.00000,7.59000,0.00000,0.00000,1.00000
-292618.93689,-508886.81933,108.96700,364156030.91752,11.25000,1283615.00000,5.80000,0.00000,0.00000,1.00000
-292639.89253,-509194.69748,108.40300,364156030.96464,11.26000,586132.00000,6.60000,0.00000,0.00000,1.00000
-293121.85896,-509438.98898,106.49600,364156031.01176,11.46000,1459640.00000,9.56000,0.00000,0.00000,1.00000
-293671.54741,-509673.91385,105.31300,364156031.05889,11.69000,1030645.00000,8.23000,0.00000,0.00000,1.00000
-293884.77610,-509955.28396,104.85800,364156031.10601,11.68000,821337.00000,7.47000,0.00000,0.00000,1.00000
-293352.22462,-510339.53871,105.22100,364156031.15313,11.76000,514104.00000,10.54000,0.00000,0.00000,1.00000
-292055.69512,-510829.16281,110.94300,364156031.20026,11.31000,359072.00000,9.27000,0.00000,0.00000,1.00000
-291496.19488,-511217.10207,114.21800,364156031.24738,10.98000,472396.00000,7.64000,0.00000,0.00000,1.00000
-292553.48896,-511382.03821,108.86600,364156031.29450,10.59000,1224754.00000,6.18000,0.00000,0.00000,1.00000
-295769.51268,-511249.24340,98.73900,364156031.34162,10.50000,1570844.00000,5.64000,0.00000,0.00000,1.00000
-294995.14148,-511666.85374,98.58800,364156031.38875,10.31000,748201.00000,6.67000,0.00000,0.00000,1.00000
-294879.15860,-511993.63961,98.61400,364156031.43587,10.52000,427707.00000,7.90000,0.00000,0.00000,1.00000
-294692.52748,-512330.16816,99.03200,364156031.48299,10.47000,445244.00000,7.92000,0.00000,0.00000,1.00000
-294451.26994,-512674.22988,99.99700,364156031.53012,10.25000,628355.00000,7.56000,0.00000,0.00000,1.00000
-294027.20048,-513043.49096,102.18400,364156031.57724,10.16000,318558.00000,6.79000,0.00000,0.00000,1.00000
-293736.40947,-513394.36726,103.53200,364156031.62436,9.92000,417823.00000,5.58000,0.00000,0.00000,1.00000
-294333.44183,-513622.84146,102.26100,364156031.67149,9.70000,626121.00000,6.18000,0.00000,0.00000,1.00000
-294270.61324,-513942.29341,103.35800,364156031.71861,9.69000,1328161.00000,5.06000,0.00000,0.00000,1.00000
-293848.71480,-514311.23848,105.41100,364156031.76573,9.70000,848913.00000,6.67000,0.00000,0.00000,1.00000
-294337.95358,-514554.58900,104.76800,364156031.81286,9.82000,744672.00000,5.17000,0.00000,0.00000,1.00000
-294848.31036,-514795.02803,103.20000,364156031.85998,10.06000,329051.00000,7.77000,0.00000,0.00000,1.00000
-294196.97536,-515195.59561,105.25500,364156031.90710,9.99000,109911.00000,8.90000,0.00000,0.00000,1.00000
-293486.64482,-515604.28216,107.61100,364156031.95422,10.11000,217856.00000,9.64000,0.00000,0.00000,1.00000
-293822.92455,-515868.72459,106.64700,364156032.00135,10.05000,212010.00000,8.17000,0.00000,0.00000,1.00000
-294270.63880,-516117.81319,105.47000,364156032.04847,9.97000,806289.00000,7.97000,0.00000,0.00000,1.00000
-293858.18825,-516485.43497,108.72900,364156032.09559,10.00000,1599440.00000,6.45000,0.00000,0.00000,1.00000
-293069.19411,-516904.92739,115.94600,364156032.14272,9.94000,378767.00000,6.34000,0.00000,0.00000,1.00000
-292932.78119,-517234.49358,119.47000,364156032.18984,9.90000,309972.00000,6.69000,0.00000,0.00000,1.00000
-292943.48883,-517543.78913,122.40200,364156032.23696,9.61000,769041.00000,5.32000,0.00000,0.00000,1.00000
-294120.97687,-517692.36019,117.41600,364156032.28408,9.31000,2061315.00000,5.64000,0.00000,0.00000,1.00000
-302058.99269,-513753.79972,112.27000,364274933.03523,8.02000,3475060.00000,4.74000,0.00000,0.00000,0.00000
-299651.13018,-515358.95488,106.02100,364274933.17647,7.82000,713098.00000,3.25000,0.00000,0.00000,0.00000
-299365.03846,-515225.96205,106.34700,364274933.22355,7.65000,2466945.00000,3.43000,0.00000,0.00000,0.00000
-298327.92332,-516064.18403,109.81000,364274933.27063,7.63000,783841.00000,4.17000,0.00000,0.00000,0.00000
-298379.36604,-515494.70817,106.34900,364274933.31771,7.52000,287219.00000,4.46000,0.00000,0.00000,0.00000
-298113.49558,-515335.55855,104.75500,364274933.36479,7.42000,1220810.00000,3.50000,0.00000,0.00000,0.00000
-299067.00739,-513599.58383,102.81600,364274933.41187,7.38000,4042536.00000,2.53000,0.00000,0.00000,0.00000
-299282.96298,-512817.38370,101.80000,364274933.45895,7.63000,1598382.00000,3.94000,0.00000,0.00000,0.00000
-298703.39592,-513063.92403,100.42500,364274933.50603,7.93000,1084375.00000,5.23000,0.00000,0.00000,0.00000
-298527.43508,-512788.53347,99.29400,364274933.55311,7.98000,1511463.00000,3.39000,0.00000,0.00000,0.00000
-295359.25417,-516382.16635,105.22000,364274933.60019,8.23000,362870.00000,3.33000,0.00000,0.00000,0.00000
-294947.29275,-516411.87350,106.48000,364274933.64727,8.50000,695073.00000,4.01000,0.00000,0.00000,0.00000
-294594.22024,-516365.44989,107.34600,364274933.69435,8.50000,1147948.00000,2.76000,0.00000,0.00000,0.00000
-298852.45578,-510356.65861,107.98000,364274933.74144,8.67000,9239714.00000,2.86000,0.00000,0.00000,0.00000
-296529.36165,-512857.53943,98.38000,364274933.78852,9.02000,3638501.00000,2.88000,0.00000,0.00000,0.00000
-297816.04209,-510691.00471,98.89600,364274933.83560,9.26000,2667162.00000,2.71000,0.00000,0.00000,0.00000
-297326.81718,-510820.68743,95.72300,364274933.88268,9.66000,3875307.00000,2.45000,0.00000,0.00000,0.00000
-297499.23842,-510094.89865,98.05900,364274933.92976,10.14000,5179899.00000,3.12000,0.00000,0.00000,0.00000
-297319.70058,-509824.14843,99.96700,364274933.97684,10.50000,1138257.00000,4.41000,0.00000,0.00000,0.00000
-297215.24352,-509456.36073,99.82100,364274934.02392,11.04000,472541.00000,5.48000,0.00000,0.00000,0.00000
-296910.76076,-509347.17501,100.99900,364274934.07100,11.30000,762066.00000,4.93000,0.00000,0.00000,0.00000
-296214.77244,-509744.17434,100.25800,364274934.11808,11.77000,5689927.00000,5.87000,0.00000,0.00000,0.00000
-295637.44452,-509987.74058,101.34800,364274934.16517,12.04000,3045116.00000,6.09000,0.00000,0.00000,0.00000
-295351.39250,-509854.71787,102.63300,364274934.21225,12.05000,4763120.00000,6.24000,0.00000,0.00000,0.00000
-294249.45610,-510776.44832,99.05600,364274934.25933,12.40000,2334115.00000,6.06000,0.00000,0.00000,0.00000
-293999.81788,-510596.33898,102.78700,364274934.30641,12.44000,1453570.00000,7.59000,0.00000,0.00000,0.00000
-293460.68375,-510790.46262,107.51300,364274934.35349,12.61000,159204.00000,7.77000,0.00000,0.00000,0.00000
-293577.40656,-510136.74346,105.99400,364274934.40057,12.60000,199676.00000,7.60000,0.00000,0.00000,0.00000
-293832.15013,-509304.64229,105.32800,364274934.44765,12.78000,522813.00000,10.11000,0.00000,0.00000,0.00000
-293223.33789,-509588.83136,107.48900,364274934.49473,12.55000,222217.00000,7.33000,0.00000,0.00000,0.00000
-293425.04194,-508825.30152,106.33300,364274934.54181,12.51000,169534.00000,7.98000,0.00000,0.00000,0.00000
-293142.14768,-508688.19273,106.28900,364274934.58890,12.42000,201045.00000,9.75000,0.00000,0.00000,0.00000
-292658.30909,-508810.83141,107.17300,364274934.63598,12.95000,245785.00000,10.78000,0.00000,0.00000,0.00000
-292353.83769,-508701.60742,108.06300,364274934.68306,12.92000,121686.00000,10.37000,0.00000,0.00000,0.00000
-291307.60341,-509551.15960,112.94700,364274934.73014,12.78000,282894.00000,12.31000,0.00000,0.00000,0.00000
-290703.72544,-509828.91262,117.26000,364274934.77722,12.82000,132398.00000,11.27000,0.00000,0.00000,0.00000
-290570.09066,-509498.86652,118.55200,364274934.82430,12.15000,228281.00000,8.18000,0.00000,0.00000,0.00000
-290088.49334,-509618.54759,123.16200,364274934.87138,11.61000,680289.00000,5.36000,0.00000,0.00000,0.00000
-291032.91160,-507895.15311,110.82700,364274934.91846,11.56000,3199515.00000,4.48000,0.00000,0.00000,0.00000
-290579.64061,-507978.24527,112.56000,364274934.96554,11.69000,2287889.00000,5.68000,0.00000,0.00000,0.00000
-289731.64177,-508571.48886,117.25000,364274935.01262,12.20000,952480.00000,10.96000,0.00000,0.00000,0.00000
-290168.98308,-507503.52354,114.21800,364274935.05970,12.42000,48325.00000,10.86000,0.00000,0.00000,0.00000
-291006.44800,-505918.42720,113.43900,364274935.10679,11.99000,201023.00000,6.23000,0.00000,0.00000,0.00000
-290890.82095,-505565.15870,114.79000,364274935.15387,11.79000,587724.00000,5.00000,0.00000,0.00000,0.00000
-290745.07731,-505250.81935,115.67100,364274935.20095,11.49000,382535.00000,5.46000,0.00000,0.00000,0.00000
-290459.06636,-505117.76130,116.65100,364274935.24803,11.22000,430479.00000,3.91000,0.00000,0.00000,0.00000
-290221.16855,-504922.54115,117.20500,364274935.29511,11.37000,257133.00000,6.03000,0.00000,0.00000,0.00000
-289990.45722,-504718.00819,117.64400,364274935.34219,11.46000,325509.00000,5.54000,0.00000,0.00000,0.00000
-289750.31049,-504525.68110,118.43400,364274935.38927,11.32000,728869.00000,4.08000,0.00000,0.00000,0.00000
-289451.71576,-504408.88077,119.08500,364274935.43635,11.32000,789763.00000,4.65000,0.00000,0.00000,0.00000
-289158.06890,-504285.68732,119.84700,364274935.48343,11.37000,751155.00000,5.08000,0.00000,0.00000,0.00000
-288845.09586,-504187.48404,121.06600,364274935.53052,11.37000,1348159.00000,5.39000,0.00000,0.00000,0.00000
-288677.33754,-503901.60180,122.33800,364274935.57760,11.26000,1087572.00000,5.29000,0.00000,0.00000,0.00000
-288441.70296,-503703.46912,124.52900,364274935.62468,11.00000,2899315.00000,4.96000,0.00000,0.00000,0.00000
-288178.18126,-503541.33569,127.01300,364274935.67176,10.52000,1121247.00000,4.94000,0.00000,0.00000,0.00000
-287913.32556,-503380.96332,129.10200,364274935.71884,10.33000,864930.00000,4.82000,0.00000,0.00000,0.00000
-287555.83781,-503340.24595,130.68700,364274935.76592,10.33000,357153.00000,5.63000,0.00000,0.00000,0.00000
-287277.94004,-503196.70509,131.40700,364274935.81300,10.64000,277298.00000,6.85000,0.00000,0.00000,0.00000
-287014.88448,-503033.99671,131.68200,364274935.86008,10.72000,333624.00000,7.80000,0.00000,0.00000,0.00000
-286956.85141,-502606.35733,132.22500,364274935.90716,10.55000,158453.00000,6.89000,0.00000,0.00000,0.00000
-286667.71863,-502477.33586,131.77300,364274935.95424,10.59000,305286.00000,6.81000,0.00000,0.00000,0.00000
-286255.38652,-502507.48897,131.75600,364274936.00132,10.54000,415154.00000,5.80000,0.00000,0.00000,0.00000
-285864.18802,-502510.33760,131.70400,364274936.04841,10.53000,327486.00000,6.51000,0.00000,0.00000,0.00000
-285570.55582,-502387.10825,131.44900,364274936.09549,10.39000,286955.00000,6.91000,0.00000,0.00000,0.00000
-285347.52536,-502172.68053,132.54600,364274936.14257,10.05000,322136.00000,5.49000,0.00000,0.00000,0.00000
-285277.82912,-501760.15914,130.81700,364274936.18965,9.88000,1654651.00000,3.98000,0.00000,0.00000,0.00000
-285256.24759,-501285.47379,130.54200,364274936.23673,9.69000,1681886.00000,3.64000,0.00000,0.00000,0.00000
-284932.94967,-501200.58523,131.95900,364274936.28381,9.47000,1843561.00000,3.17000,0.00000,0.00000,0.00000
-284488.24988,-501272.54813,134.68900,364274936.33089,9.36000,665824.00000,2.93000,0.00000,0.00000,0.00000
-284362.80655,-500932.05757,134.70500,364274936.37797,9.41000,321432.00000,3.31000,0.00000,0.00000,0.00000
-284392.05084,-500391.73170,133.20100,364274936.42505,9.52000,264409.00000,3.84000,0.00000,0.00000,0.00000
-284510.33577,-499736.39194,132.83100,364274936.47214,9.77000,292909.00000,3.52000,0.00000,0.00000,0.00000
-284455.05327,-499305.28116,132.74000,364274936.51922,10.08000,339972.00000,2.73000,0.00000,0.00000,0.00000
-284268.92122,-499043.21702,131.97100,364274936.56630,10.28000,633192.00000,2.47000,0.00000,0.00000,0.00000
-284044.11858,-498831.10143,130.74400,364274936.61338,10.25000,2588821.00000,2.05000,0.00000,0.00000,0.00000
-283677.21864,-498802.54630,128.63600,364274936.66046,10.27000,3429838.00000,2.60000,0.00000,0.00000,0.00000
-282812.96120,-499416.44476,119.95200,364274936.70754,10.23000,3532894.00000,3.20000,0.00000,0.00000,0.00000
-282808.05348,-498920.26752,126.46500,364274936.75463,10.13000,1292450.00000,4.95000,0.00000,0.00000,0.00000
-281933.43473,-499547.50870,127.41000,364274936.80171,10.17000,352401.00000,6.46000,0.00000,0.00000,0.00000
-281100.62831,-500120.71238,131.29100,364274936.84879,9.63000,297263.00000,6.14000,0.00000,0.00000,0.00000
-280695.49217,-500141.49582,134.85600,364274936.89587,8.98000,629404.00000,5.15000,0.00000,0.00000,0.00000
-280579.97110,-499788.20819,136.15300,364274936.94295,9.07000,292854.00000,5.32000,0.00000,0.00000,0.00000
-280322.78659,-499617.88224,136.99400,364274936.99004,9.09000,590767.00000,4.56000,0.00000,0.00000,0.00000
-280208.16823,-499263.43809,135.86500,364274937.03712,9.08000,553025.00000,4.55000,0.00000,0.00000,0.00000
-280164.15975,-498817.80329,133.99600,364274937.08420,9.12000,676793.00000,5.06000,0.00000,0.00000,0.00000
-280134.54508,-498353.57328,132.50600,364274937.13128,9.18000,672309.00000,5.59000,0.00000,0.00000,0.00000
-280095.94170,-497900.96545,131.31200,364274937.17836,9.16000,163337.00000,5.35000,0.00000,0.00000,0.00000
-280250.73667,-497198.61476,131.04700,364274937.22545,9.04000,186271.00000,6.17000,0.00000,0.00000,0.00000
-280347.50965,-496571.17634,132.04500,364274937.27253,8.90000,589524.00000,4.19000,0.00000,0.00000,0.00000
-289020.65679,-487783.29566,132.99200,364328680.31555,9.94000,2383407.00000,4.26000,0.00000,0.00000,1.00000
-288785.25506,-488122.73592,131.93300,364328680.36272,9.90000,3646740.00000,4.11000,0.00000,0.00000,1.00000
-288176.02304,-488508.16719,128.60900,364328680.40989,9.92000,2249131.00000,4.33000,0.00000,0.00000,1.00000
-285808.90393,-491593.32745,127.14400,364328680.83442,10.96000,278271.00000,9.17000,0.00000,0.00000,1.00000
-285787.37600,-491906.38888,129.29400,364328680.88159,10.90000,403566.00000,7.56000,0.00000,0.00000,1.00000
-286074.68793,-492181.46338,131.76600,364328680.92876,10.71000,348970.00000,8.61000,0.00000,0.00000,1.00000
-286130.55365,-492485.01205,133.16000,364328680.97593,10.51000,946299.00000,8.08000,0.00000,0.00000,1.00000
-286027.98196,-492808.05001,134.06800,364328681.02310,10.67000,493514.00000,9.71000,0.00000,0.00000,1.00000
-285847.27818,-493140.68047,134.54500,364328681.07027,10.38000,1025936.00000,7.82000,0.00000,0.00000,1.00000
-285785.58425,-493458.67652,134.39100,364328681.11743,10.40000,3121072.00000,8.14000,0.00000,0.00000,1.00000
-285691.03799,-493780.72268,133.85800,364328681.16460,10.49000,1435741.00000,8.65000,0.00000,0.00000,1.00000
-285432.20908,-494122.96319,133.26800,364328681.21177,10.29000,878294.00000,8.09000,0.00000,0.00000,1.00000
-285105.47282,-494473.54540,132.57900,364328681.25894,10.23000,1714282.00000,5.79000,0.00000,0.00000,1.00000
-285794.35175,-494699.25988,125.87300,364328681.30611,10.18000,2584498.00000,4.62000,0.00000,0.00000,1.00000
-285897.65826,-494996.97495,125.38500,364328681.35328,10.07000,1681547.00000,4.13000,0.00000,0.00000,1.00000
-286804.85707,-495195.87199,125.98400,364328681.40045,10.04000,292276.00000,5.83000,0.00000,0.00000,1.00000
-285681.51339,-495644.37537,122.87900,364328681.44762,10.55000,268322.00000,7.50000,0.00000,0.00000,1.00000
-285707.41649,-495951.60219,122.66900,364328681.49479,11.22000,325198.00000,10.30000,0.00000,0.00000,1.00000
-285823.85401,-496247.70389,123.68900,364328681.54195,11.25000,530695.00000,6.96000,0.00000,0.00000,1.00000
-286263.01900,-496504.14243,123.53400,364328681.58912,11.01000,3627289.00000,6.60000,0.00000,0.00000,1.00000
-285700.40555,-496883.69519,124.36800,364328681.63629,10.81000,2493388.00000,6.09000,0.00000,0.00000,1.00000
-287388.85769,-496986.63163,131.83700,364328681.68346,10.93000,405621.00000,5.95000,0.00000,0.00000,1.00000
-286789.74782,-497370.68605,129.43900,364328681.73063,10.73000,400924.00000,6.96000,0.00000,0.00000,1.00000
-286411.84937,-497727.52951,131.76300,364328681.77780,10.60000,431333.00000,5.28000,0.00000,0.00000,1.00000
-285668.15087,-498129.31612,132.25300,364328681.82497,10.48000,3288486.00000,4.73000,0.00000,0.00000,1.00000
-285397.59448,-498472.97255,132.83300,364328681.87214,10.49000,775055.00000,5.92000,0.00000,0.00000,1.00000
-285454.86951,-498776.34331,133.38400,364328681.91931,10.31000,265651.00000,5.31000,0.00000,0.00000,1.00000
-285358.81197,-499098.55514,133.48700,364328681.96648,10.21000,933738.00000,4.92000,0.00000,0.00000,1.00000
-285490.55950,-499392.78530,133.32900,364328682.01364,10.10000,198419.00000,7.00000,0.00000,0.00000,1.00000
-285520.81555,-499699.48305,133.30900,364328682.06081,10.09000,191921.00000,5.52000,0.00000,0.00000,1.00000
-285669.35758,-499991.65822,132.08000,364328682.10798,10.20000,805646.00000,8.31000,0.00000,0.00000,1.00000
-285358.61708,-500340.22771,132.35600,364328682.15515,10.16000,219349.00000,7.92000,0.00000,0.00000,1.00000
-285162.50725,-500674.71333,132.46900,364328682.20232,10.04000,401257.00000,5.57000,0.00000,0.00000,1.00000
-285240.94147,-500975.49020,132.18400,364328682.24949,9.91000,921831.00000,4.43000,0.00000,0.00000,1.00000
-285680.08326,-501231.98984,131.04400,364328682.29666,9.91000,547072.00000,4.46000,0.00000,0.00000,1.00000
-285780.42338,-501530.08892,130.80000,364328682.34383,9.77000,343376.00000,5.28000,0.00000,0.00000,1.00000
-285824.52919,-501835.07817,130.72400,364328682.39100,9.74000,634811.00000,7.27000,0.00000,0.00000,1.00000
-285307.12775,-502209.00687,131.86600,364328682.43817,9.71000,295630.00000,6.33000,0.00000,0.00000,1.00000
-285303.77610,-502519.84184,132.77100,364328682.48534,9.78000,166266.00000,5.72000,0.00000,0.00000,1.00000
-285408.48527,-502817.40108,133.04900,364328682.53251,9.86000,354355.00000,6.00000,0.00000,0.00000,1.00000
-285511.73588,-503115.15670,132.68900,364328682.57967,9.85000,834240.00000,5.87000,0.00000,0.00000,1.00000
-285726.69639,-503399.18820,131.93600,364328682.62685,9.92000,186275.00000,6.65000,0.00000,0.00000,1.00000
-285924.13814,-503685.38664,132.05700,364328682.67401,9.98000,158352.00000,5.24000,0.00000,0.00000,1.00000
-285776.92151,-504013.87206,132.36600,364328682.72118,9.92000,439679.00000,4.57000,0.00000,0.00000,1.00000
-285626.77995,-504342.70879,132.79400,364328682.76836,9.94000,332122.00000,4.44000,0.00000,0.00000,1.00000
-285356.15286,-504686.32975,133.22000,364328682.81552,9.89000,927619.00000,3.21000,0.00000,0.00000,1.00000
-285187.75308,-505017.40878,133.48800,364328682.86269,9.99000,821708.00000,2.62000,0.00000,0.00000,1.00000
-284992.33355,-505351.79957,134.53400,364328682.90987,10.19000,1359327.00000,2.37000,0.00000,0.00000,1.00000
-284780.11463,-505688.24522,135.86900,364328682.95704,10.23000,2134197.00000,2.29000,0.00000,0.00000,1.00000
-287005.34726,-505725.72959,118.35200,364328683.00420,10.21000,3068204.00000,1.99000,0.00000,0.00000,1.00000
-286959.61196,-506041.76607,118.05100,364328683.05137,10.24000,2784631.00000,2.49000,0.00000,0.00000,1.00000
-286832.81758,-506367.74786,117.95300,364328683.09854,10.34000,1662927.00000,2.27000,0.00000,0.00000,1.00000
-286735.23006,-506690.14372,117.10200,364328683.14571,10.52000,1427099.00000,2.57000,0.00000,0.00000,1.00000
-286279.09289,-507056.50875,118.56000,364328683.19288,10.58000,2570987.00000,2.42000,0.00000,0.00000,1.00000
-287106.71145,-507265.44836,114.80500,364328683.24005,10.77000,2794478.00000,2.74000,0.00000,0.00000,1.00000
-286777.62732,-507616.23235,115.56200,364328683.28722,10.82000,897751.00000,2.72000,0.00000,0.00000,1.00000
-284084.79662,-508256.78477,133.78400,364328683.33439,10.98000,3583898.00000,2.44000,0.00000,0.00000,1.00000
-287014.00553,-508208.11901,115.10700,364328683.38156,11.12000,1870322.00000,2.68000,0.00000,0.00000,1.00000
-287174.90859,-508498.82518,114.94400,364328683.42873,11.28000,1658483.00000,3.28000,0.00000,0.00000,1.00000
-287622.07672,-508754.45471,115.51100,364328683.47590,11.57000,699909.00000,4.72000,0.00000,0.00000,1.00000
-287105.29758,-509128.23235,117.19400,364328683.52307,11.56000,500141.00000,6.55000,0.00000,0.00000,1.00000
-286644.74301,-509495.10307,119.32700,364328683.57024,11.40000,502543.00000,8.39000,0.00000,0.00000,1.00000
-286581.45415,-509813.29872,121.31700,364328683.61741,11.52000,510701.00000,7.93000,0.00000,0.00000,1.00000
-285249.71041,-510286.91330,125.73200,364328683.66458,11.28000,540587.00000,7.15000,0.00000,0.00000,1.00000
-286455.58904,-510449.57903,127.04000,364328683.71175,11.21000,594740.00000,6.23000,0.00000,0.00000,1.00000
-286553.66951,-510747.97790,125.10200,364328683.75892,11.06000,2807673.00000,6.13000,0.00000,0.00000,1.00000
-287578.44724,-510932.84491,128.43200,364328683.80609,10.87000,663414.00000,6.59000,0.00000,0.00000,1.00000
-287669.22524,-511232.15771,130.63200,364328683.85326,10.56000,755653.00000,6.05000,0.00000,0.00000,1.00000
-287380.26676,-511577.98981,133.97700,364328683.90043,10.32000,290675.00000,4.39000,0.00000,0.00000,1.00000
-286810.89017,-511958.16619,135.26800,364328683.94760,10.11000,137594.00000,5.62000,0.00000,0.00000,1.00000
-286756.33720,-512275.26897,135.63800,364328683.99477,10.02000,350479.00000,5.79000,0.00000,0.00000,1.00000
-287832.95484,-512453.82997,137.02600,364328684.04194,10.06000,912618.00000,5.49000,0.00000,0.00000,1.00000
-287832.43923,-512764.32340,137.10800,364328684.08911,9.92000,4169048.00000,4.20000,0.00000,0.00000,1.00000
-287509.14861,-513114.35496,137.71300,364328684.13627,9.75000,2187931.00000,4.97000,0.00000,0.00000,1.00000
-288096.48702,-513352.85427,139.46400,364328684.18344,9.55000,476793.00000,4.80000,0.00000,0.00000,1.00000
-288006.15088,-513674.35725,137.09200,364328684.23061,9.30000,517527.00000,3.10000,0.00000,0.00000,1.00000
-289350.75063,-513820.14694,150.45300,364328684.27778,9.16000,1577922.00000,2.59000,0.00000,0.00000,1.00000
-289352.40987,-514130.37723,151.71000,364328684.32495,9.03000,2438385.00000,1.78000,0.00000,0.00000,1.00000
-289416.14986,-514433.02701,153.17100,364328684.37212,8.99000,2673195.00000,1.88000,0.00000,0.00000,1.00000
-289372.53989,-514748.81390,152.96200,364328684.41929,8.91000,2050049.00000,2.39000,0.00000,0.00000,1.00000
-289261.01241,-515072.91537,151.90600,364328684.46646,8.91000,1816878.00000,2.45000,0.00000,0.00000,1.00000
-289034.10605,-515411.14359,149.85300,364328684.51363,9.02000,1270609.00000,2.30000,0.00000,0.00000,1.00000
-288843.70625,-515744.89576,147.53300,364328684.56080,9.11000,985583.00000,2.50000,0.00000,0.00000,1.00000
-288680.31831,-516075.33145,145.31100,364328684.60796,9.24000,2930206.00000,2.48000,0.00000,0.00000,1.00000
-288554.17511,-516401.21811,143.39600,364328684.65513,9.36000,876906.00000,2.91000,0.00000,0.00000,1.00000
-288492.28150,-516719.21896,142.92300,364328684.70230,9.40000,350203.00000,3.32000,0.00000,0.00000,1.00000
-288374.89041,-517044.02831,143.42200,364328684.74947,9.46000,2889646.00000,2.52000,0.00000,0.00000,1.00000
-288131.15741,-517384.29032,142.15600,364328684.79664,9.55000,2806985.00000,2.73000,0.00000,0.00000,1.00000
-287869.88799,-517726.68852,140.36500,364328684.84381,9.57000,1643003.00000,3.07000,0.00000,0.00000,1.00000
-287829.16636,-518042.10543,140.37100,364328684.89098,9.63000,568545.00000,3.75000,0.00000,0.00000,1.00000
-287783.33088,-518358.15108,140.08800,364328684.93815,9.62000,508584.00000,3.50000,0.00000,0.00000,1.00000
-287718.50406,-518676.51657,138.55700,364328684.98532,9.56000,1610895.00000,3.20000,0.00000,0.00000,1.00000
-291886.09388,-518416.51558,132.20600,364447586.44585,12.05000,399506.00000,4.14000,0.00000,0.00000,0.00000
-291553.21371,-518339.97860,131.42000,364447586.49298,12.05000,183767.00000,5.23000,0.00000,0.00000,0.00000
-291369.38326,-518076.63517,130.39100,364447586.54011,12.25000,59498.00000,9.05000,0.00000,0.00000,0.00000
-291222.25049,-517767.31645,129.98700,364447586.58725,12.34000,348644.00000,7.55000,0.00000,0.00000,0.00000
-290992.11045,-517562.03287,130.25700,364447586.63438,11.94000,372937.00000,6.65000,0.00000,0.00000,0.00000
-290882.13158,-517206.15371,130.49400,364447586.68151,11.74000,287655.00000,6.53000,0.00000,0.00000,0.00000
-290821.23489,-516788.78748,130.74100,364447586.72864,11.51000,651663.00000,6.22000,0.00000,0.00000,0.00000
-290610.36511,-516559.36032,131.83200,364447586.77577,11.00000,2312517.00000,4.48000,0.00000,0.00000,0.00000
-290429.31254,-516292.57627,133.64100,364447586.82290,10.56000,2037366.00000,4.14000,0.00000,0.00000,0.00000
-290302.37639,-515957.96728,135.43500,364447586.87003,10.35000,3929361.00000,4.07000,0.00000,0.00000,0.00000
-290547.40663,-515157.28731,144.58900,364447586.91716,10.07000,2257524.00000,4.15000,0.00000,0.00000,0.00000
-290135.20371,-515180.15299,143.81200,364447586.96429,9.99000,4347036.00000,3.66000,0.00000,0.00000,0.00000
-289989.01097,-514869.69826,151.34700,364447587.01143,9.66000,1736983.00000,3.18000,0.00000,0.00000,0.00000
-289752.01111,-514673.02481,153.41200,364447587.05856,9.43000,1828412.00000,2.88000,0.00000,0.00000,0.00000
-289486.58608,-514511.98885,153.48400,364447587.10569,9.29000,1493868.00000,2.63000,0.00000,0.00000,0.00000
-289324.35706,-514221.64102,151.67400,364447587.15282,9.30000,435183.00000,2.76000,0.00000,0.00000,0.00000
-289291.46922,-513769.22876,150.53500,364447587.19995,9.26000,332709.00000,3.18000,0.00000,0.00000,0.00000
-289228.78000,-513354.18393,149.88100,364447587.24708,9.38000,679599.00000,2.84000,0.00000,0.00000,0.00000
-289078.03293,-513049.47055,147.54500,364447587.29421,9.55000,1333376.00000,2.09000,0.00000,0.00000,0.00000
-288871.32617,-512814.85311,144.53000,364447587.34134,9.85000,518715.00000,1.90000,0.00000,0.00000,0.00000
-288489.87171,-512799.18904,140.40700,364447587.38847,10.18000,299154.00000,2.94000,0.00000,0.00000,0.00000
-288008.41312,-512908.78967,137.49900,364447587.43560,10.44000,249827.00000,3.59000,0.00000,0.00000,0.00000
-287396.68405,-513181.59823,136.21700,364447587.48273,10.52000,430764.00000,3.35000,0.00000,0.00000,0.00000
-287009.70764,-513172.81156,134.57400,364447587.52987,10.42000,1949518.00000,3.58000,0.00000,0.00000,0.00000
-286614.48058,-513174.37831,135.98400,364447587.57700,10.36000,2183452.00000,3.23000,0.00000,0.00000,0.00000
-286228.88582,-513163.86921,141.14000,364447587.62413,10.27000,2357519.00000,2.46000,0.00000,0.00000,0.00000
-285952.91309,-513016.00348,142.39300,364447587.67126,10.35000,2385809.00000,2.30000,0.00000,0.00000,0.00000
-285665.47511,-512882.50776,141.65300,364447587.71839,10.46000,3183016.00000,1.79000,0.00000,0.00000,0.00000
-285452.81711,-512655.36227,138.14200,364447587.76552,10.71000,960654.00000,2.33000,0.00000,0.00000,0.00000
-285262.16955,-512400.61321,134.64500,364447587.81266,11.02000,3287292.00000,2.41000,0.00000,0.00000,0.00000
-285149.97372,-512047.61149,132.39800,364447587.85979,11.32000,3173388.00000,2.60000,0.00000,0.00000,0.00000
-285023.10707,-511713.00481,131.15900,364447587.90692,11.59000,7415157.00000,2.46000,0.00000,0.00000,0.00000
-284677.87471,-511651.89486,118.71600,364447587.95405,11.79000,1491054.00000,2.60000,0.00000,0.00000,0.00000
-284684.04212,-511150.64396,131.48500,364447588.00118,11.91000,1783348.00000,3.02000,0.00000,0.00000,0.00000
-283844.73949,-511708.39651,117.15800,364447588.04831,11.75000,941539.00000,2.95000,0.00000,0.00000,0.00000
-284174.80419,-510801.47572,131.17500,364447588.09545,11.57000,2302326.00000,3.20000,0.00000,0.00000,0.00000
-283966.28393,-510569.12700,131.20000,364447588.14258,11.45000,3343258.00000,3.21000,0.00000,0.00000,0.00000
-283723.36631,-510379.88701,131.91500,364447588.18971,11.14000,1370555.00000,3.56000,0.00000,0.00000,0.00000
-283526.32702,-510133.18583,132.52900,364447588.23684,11.12000,428896.00000,4.46000,0.00000,0.00000,0.00000
-283295.80145,-509928.42792,132.69600,364447588.28398,11.11000,239062.00000,5.05000,0.00000,0.00000,0.00000
-283117.57903,-509658.16983,133.20800,364447588.33111,10.79000,226448.00000,5.94000,0.00000,0.00000,0.00000
-282958.62149,-509363.77103,134.01400,364447588.37824,10.59000,527682.00000,4.91000,0.00000,0.00000,0.00000
-282784.98792,-509087.76381,134.46600,364447588.42537,10.49000,250881.00000,4.58000,0.00000,0.00000,0.00000
-282542.08017,-508898.51104,134.41100,364447588.47250,10.46000,280895.00000,4.76000,0.00000,0.00000,0.00000
-282423.96428,-508552.98000,134.13100,364447588.51964,10.55000,178779.00000,5.47000,0.00000,0.00000,0.00000
-282342.55113,-508161.48055,133.60200,364447588.56677,10.49000,183931.00000,5.56000,0.00000,0.00000,0.00000
-282302.89566,-507717.70074,133.05100,364447588.61390,10.69000,387029.00000,5.09000,0.00000,0.00000,0.00000
-282026.05208,-507570.95890,131.04600,364447588.66104,10.88000,379722.00000,4.22000,0.00000,0.00000,0.00000
-281729.48283,-507448.92330,128.50100,364447588.70817,11.08000,315960.00000,3.76000,0.00000,0.00000,0.00000
-281368.67581,-507407.30878,125.31200,364447588.75530,11.53000,298913.00000,5.11000,0.00000,0.00000,0.00000
-281115.23781,-507231.26583,123.20100,364447588.80244,12.00000,405963.00000,5.75000,0.00000,0.00000,0.00000
-280849.86499,-507070.14898,121.36100,364447588.84957,12.40000,1101959.00000,5.33000,0.00000,0.00000,0.00000
-280474.83932,-507046.35031,119.11400,364447588.89670,12.66000,948078.00000,6.29000,0.00000,0.00000,0.00000
-280110.36032,-507009.32559,117.57100,364447588.94383,13.00000,1027173.00000,7.19000,0.00000,0.00000,0.00000
-279934.46519,-506736.18306,118.37300,364447588.99097,12.99000,1161060.00000,5.90000,0.00000,0.00000,0.00000
-279714.05717,-506518.75734,119.71700,364447589.03810,12.80000,500748.00000,5.04000,0.00000,0.00000,0.00000
-279367.92602,-506458.73654,119.15000,364447589.08523,12.83000,788827.00000,6.72000,0.00000,0.00000,0.00000
-279060.35449,-506350.47992,119.10200,364447589.13237,12.59000,205983.00000,5.33000,0.00000,0.00000,0.00000
-278655.95676,-506363.42580,118.66900,364447589.17950,12.58000,266657.00000,6.11000,0.00000,0.00000,0.00000
-278151.06611,-506502.17573,117.93700,364447589.22664,12.63000,277320.00000,7.12000,0.00000,0.00000,0.00000
-277683.33682,-506594.38328,117.26900,364447589.27377,12.53000,179057.00000,6.20000,0.00000,0.00000,0.00000
-277236.26107,-506660.74692,116.33500,364447589.32090,12.25000,259586.00000,8.28000,0.00000,0.00000,0.00000
-277631.19696,-505672.90760,115.44900,364447589.36804,12.05000,118733.00000,9.26000,0.00000,0.00000,0.00000
-277341.52197,-505542.22571,114.77400,364447589.41517,11.71000,288096.00000,7.24000,0.00000,0.00000,0.00000
-277875.04982,-504380.90461,115.55900,364447589.46231,11.14000,308082.00000,5.88000,0.00000,0.00000,0.00000
-278995.77202,-497948.24391,128.99500,364501334.30921,10.00000,143330.00000,5.32000,-0.15400,0.00000,1.00000
-279173.64437,-498239.23224,129.61700,364501334.35642,10.20000,241612.00000,6.66000,-0.15400,0.00000,1.00000
-279292.95880,-498536.51128,130.61400,364501334.40362,10.20000,224858.00000,6.30000,-0.15400,0.00000,1.00000
-279355.91344,-498839.84717,130.99300,364501334.45084,10.21000,241167.00000,5.51000,-0.15400,0.00000,1.00000
-279534.50147,-499130.75245,133.02100,364501334.49804,10.09000,373519.00000,5.00000,-0.15400,0.00000,1.00000
-279568.17222,-499437.24231,134.77900,364501334.54526,10.01000,1010421.00000,4.04000,-0.15400,0.00000,1.00000
-279574.03206,-499746.72525,136.68800,364501334.59246,9.83000,1488057.00000,3.38000,-0.15400,0.00000,1.00000
-279146.61414,-500102.75390,132.03800,364501334.63967,9.72000,7940585.00000,2.19000,-0.15400,0.00000,1.00000
-279632.58840,-500360.64437,137.48100,364501334.68688,9.72000,1401491.00000,2.24000,-0.15400,0.00000,1.00000
-283140.12331,-500293.88180,124.44700,364501334.73409,9.89000,1276194.00000,2.65000,-0.15400,0.00000,1.00000
-283135.00490,-500604.56654,124.37400,364501334.78130,10.14000,496477.00000,3.80000,-0.15400,0.00000,1.00000
-283402.89678,-500885.92758,126.59400,364501334.82851,10.43000,1463111.00000,4.12000,-0.15400,0.00000,1.00000
-283965.74273,-501445.72462,131.63700,364501334.92294,10.80000,783229.00000,5.27000,-0.15400,0.00000,1.00000
-278877.95818,-502302.32039,127.61700,364501334.97014,10.50000,177356.00000,3.78000,-0.15400,0.00000,1.00000
-282450.63499,-502228.74235,117.60000,364501335.01735,10.57000,1971736.00000,3.09000,-0.15400,0.00000,1.00000
-282580.17558,-502524.96839,119.33300,364501335.06457,10.76000,2301189.00000,3.69000,-0.15400,0.00000,1.00000
-282195.88267,-502876.37218,117.70100,364501335.11178,10.98000,699894.00000,3.78000,-0.15400,0.00000,1.00000
-281628.61213,-503247.42155,113.16900,364501335.15899,11.25000,1121297.00000,4.53000,-0.15400,0.00000,1.00000
-282004.07958,-503517.22442,115.20200,364501335.20620,11.37000,1240760.00000,5.91000,-0.15400,0.00000,1.00000
-281553.90466,-503875.69060,113.06200,364501335.25341,11.41000,265294.00000,6.17000,0.00000,0.00000,1.00000
-281823.23310,-504156.89643,115.23500,364501335.30062,11.36000,1180893.00000,6.03000,0.00000,0.00000,1.00000
-281166.63011,-504537.51053,113.27000,364501335.34783,11.50000,3902194.00000,3.79000,0.00000,0.00000,1.00000
-277878.60755,-505200.49959,115.30200,364501335.39504,11.76000,918063.00000,5.04000,0.00000,0.00000,1.00000
-278904.03747,-505400.56906,115.87900,364501335.44225,11.83000,1369528.00000,6.76000,0.00000,0.00000,1.00000
-279324.86824,-505665.52324,118.45400,364501335.48946,11.94000,760626.00000,5.90000,0.00000,0.00000,1.00000
-279214.29719,-505987.49593,119.28000,364501335.53667,12.05000,1276308.00000,5.96000,0.00000,0.00000,1.00000
-278928.05202,-506328.31818,119.02900,364501335.58388,12.05000,404119.00000,6.07000,0.00000,0.00000,1.00000
-278926.54235,-506638.59694,118.56400,364501335.63109,12.20000,351261.00000,9.28000,0.00000,0.00000,1.00000
-279084.59479,-506931.75234,118.49000,364501335.67830,12.61000,140898.00000,11.92000,0.00000,0.00000,1.00000
-279445.40030,-507203.16137,119.13000,364501335.72551,12.63000,43667.00000,14.29000,0.00000,0.00000,1.00000
-280795.82951,-507368.43420,123.18500,364501335.77273,12.63000,96194.00000,12.34000,0.00000,0.00000,1.00000
-281313.27879,-507623.05905,125.07700,364501335.81994,12.56000,193171.00000,12.08000,0.00000,0.00000,1.00000
-281076.06609,-507958.62950,123.54600,364501335.86715,11.99000,399434.00000,10.75000,0.00000,0.00000,1.00000
-280983.78031,-508278.66020,123.31000,364501335.91436,11.81000,484223.00000,10.07000,0.00000,0.00000,1.00000
-281137.42405,-508572.30011,124.92100,364501335.96157,11.80000,319535.00000,9.14000,0.00000,0.00000,1.00000
-281267.65005,-508868.47229,126.79900,364501336.00878,11.59000,672858.00000,8.47000,0.00000,0.00000,1.00000
-281368.58935,-509167.76647,128.28600,364501336.05599,11.39000,484273.00000,6.13000,0.00000,0.00000,1.00000
-280849.55826,-509533.54829,125.19000,364501336.10320,11.08000,1759332.00000,4.76000,0.00000,0.00000,1.00000
-281122.49662,-509814.40323,130.04500,364501336.15041,10.85000,5594105.00000,4.20000,0.00000,0.00000,1.00000
-280940.89307,-510143.99470,129.08400,364501336.19762,10.75000,1439443.00000,4.14000,0.00000,0.00000,1.00000
-280727.07962,-510477.03624,128.26000,364501336.24483,10.74000,423961.00000,5.01000,0.00000,0.00000,1.00000
-280664.04948,-510793.91030,127.87900,364501336.29204,10.79000,490068.00000,4.71000,0.00000,0.00000,1.00000
-280579.78948,-511113.06422,127.72400,364501336.33925,10.80000,646494.00000,4.20000,0.00000,0.00000,1.00000
-280318.37940,-511451.18839,127.18000,364501336.38646,10.85000,373658.00000,4.08000,0.00000,0.00000,1.00000
-280216.54501,-511772.21796,126.98700,364501336.43367,10.80000,520075.00000,4.24000,0.00000,0.00000,1.00000
-280145.44677,-512089.94556,126.78600,364501336.48088,10.73000,534454.00000,3.98000,0.00000,0.00000,1.00000
-280013.59855,-512414.19406,126.65000,364501336.52809,10.66000,1968940.00000,3.47000,0.00000,0.00000,1.00000
-279867.10150,-512739.99385,124.42500,364501336.57530,10.82000,243288.00000,4.34000,0.00000,0.00000,1.00000
-279968.02226,-513039.30409,123.57800,364501336.62251,11.19000,310048.00000,4.96000,0.00000,0.00000,1.00000
-280016.96299,-513344.16911,122.56600,364501336.66972,11.12000,1283066.00000,5.29000,0.00000,0.00000,1.00000
-279587.17390,-513700.31024,119.43400,364501336.71693,11.22000,2441640.00000,5.39000,0.00000,0.00000,1.00000
-279322.08069,-514038.82761,121.16800,364501336.76414,11.28000,2109068.00000,5.01000,0.00000,0.00000,1.00000
-281402.27978,-514436.31784,115.83100,364501336.85856,11.40000,981754.00000,5.06000,0.00000,0.00000,1.00000
-280778.48311,-514813.24122,113.64800,364501336.90577,11.30000,1173842.00000,7.49000,0.00000,0.00000,1.00000
-280182.49545,-515187.17522,112.45700,364501336.95298,11.06000,911476.00000,5.94000,0.00000,0.00000,1.00000
