-311891.86158,-494560.36781,144.52700,442046385.91219,9.59000,1844520.00000,2.65000,0.00000,0.00000,0.00000
-311851.08527,-490384.54229,151.61400,442046386.28280,11.23000,215548.00000,6.73000,0.00000,0.00000,0.00000
-311657.39411,-490132.04310,151.97800,442046386.32912,10.93000,183830.00000,6.58000,0.00000,0.00000,0.00000
-311489.92521,-489842.09674,153.11800,442046386.37545,10.81000,349001.00000,6.26000,0.00000,0.00000,0.00000
-311215.91772,-489704.32242,153.46100,442046386.42178,10.60000,232284.00000,5.39000,0.00000,0.00000,0.00000
-310942.33907,-489565.96779,153.86100,442046386.46810,10.50000,244258.00000,5.35000,0.00000,0.00000,0.00000
-310635.46030,-489475.16100,153.38900,442046386.51443,10.53000,446246.00000,4.61000,0.00000,0.00000,0.00000
-310475.90923,-489173.91415,152.27700,442046386.56075,10.73000,221998.00000,5.44000,0.00000,0.00000,0.00000
-310406.24144,-488744.25029,152.30800,442046386.60708,10.94000,517038.00000,5.09000,0.00000,0.00000,0.00000
-310140.57629,-488594.59259,151.32800,442046386.65341,10.87000,476660.00000,5.03000,0.00000,0.00000,0.00000
-309711.35886,-488678.55258,150.42000,442046386.69973,10.95000,190365.00000,5.37000,0.00000,0.00000,0.00000
-309012.46420,-489147.72231,150.22300,442046386.74606,11.03000,122136.00000,6.19000,0.00000,0.00000,0.00000
-308431.74787,-489448.04353,151.88800,442046386.79238,11.03000,297742.00000,6.34000,0.00000,0.00000,0.00000
-308028.74662,-489494.53976,154.70100,442046386.83871,10.81000,722535.00000,5.04000,0.00000,0.00000,0.00000
-307750.17464,-489363.27286,158.13500,442046386.88504,10.37000,4259403.00000,3.25000,0.00000,0.00000,0.00000
-309573.73836,-486229.48530,144.23200,442046386.93136,10.22000,1541104.00000,2.93000,0.00000,0.00000,0.00000
-309502.44585,-485802.21749,145.08300,442046386.97769,10.01000,1465572.00000,3.05000,0.00000,0.00000,0.00000
-309468.20348,-485322.04902,145.47400,442046387.02401,9.87000,765139.00000,3.50000,0.00000,0.00000,0.00000
-309130.14309,-485275.80610,143.91700,442046387.07034,9.85000,684995.00000,2.75000,0.00000,0.00000,0.00000
-306689.05761,-488233.21783,163.16200,442046387.11667,9.77000,1460081.00000,3.02000,0.00000,0.00000,0.00000
-306667.70528,-487734.61056,161.92900,442046387.16299,9.62000,693711.00000,3.02000,0.00000,0.00000,0.00000
-306777.04743,-487049.36659,161.68100,442046387.20932,9.48000,448666.00000,4.13000,0.00000,0.00000,0.00000
-306764.44710,-486538.28386,162.15500,442046387.25564,9.37000,255231.00000,3.35000,0.00000,0.00000,0.00000
-306820.10925,-485929.72545,162.60900,442046387.30197,9.24000,291620.00000,3.35000,0.00000,0.00000,0.00000
-304758.06724,-488345.47817,146.52100,442046387.34830,9.39000,317866.00000,4.10000,0.00000,0.00000,0.00000
-304482.42033,-488210.04136,145.83200,442046387.39462,9.62000,447197.00000,5.78000,0.00000,0.00000,0.00000
-304311.66825,-487924.81761,144.58200,442046387.44095,9.71000,454131.00000,5.91000,0.00000,0.00000,0.00000
-304320.31861,-487383.40305,144.14700,442046387.48727,9.79000,398256.00000,4.79000,0.00000,0.00000,0.00000
-304053.42483,-487235.48109,144.61500,442046387.53360,9.84000,1259858.00000,3.81000,0.00000,0.00000,0.00000
-306125.33012,-483747.72224,156.90600,442046387.57993,10.10000,513279.00000,5.08000,0.00000,0.00000,0.00000
-305354.83160,-484319.01239,153.11200,442046387.62625,10.66000,149747.00000,9.44000,0.00000,0.00000,0.00000
-304282.95600,-485320.61122,151.17100,442046387.67258,10.74000,677816.00000,9.76000,0.00000,0.00000,0.00000
-304079.34344,-485082.34565,151.71600,442046387.71890,10.05000,1566373.00000,7.12000,0.00000,0.00000,0.00000
-303785.40764,-484973.05552,153.44200,442046387.76523,9.83000,1095290.00000,6.19000,0.00000,0.00000,0.00000
-303103.95011,-485417.10625,159.47000,442046387.81156,9.51000,775803.00000,4.96000,0.00000,0.00000,0.00000
-303057.26267,-484954.75981,159.04800,442046387.85788,9.40000,321113.00000,6.11000,0.00000,0.00000,0.00000
-303106.32704,-484355.73122,159.35900,442046387.90421,9.19000,296845.00000,7.20000,0.00000,0.00000,0.00000
-303235.72496,-483641.99073,161.41000,442046387.95053,8.81000,275303.00000,5.93000,0.00000,0.00000,0.00000
-303031.71420,-483404.32723,162.99600,442046387.99686,8.48000,121692.00000,5.86000,0.00000,0.00000,0.00000
-302771.51009,-483246.89317,164.44100,442046388.04319,8.48000,99665.00000,5.24000,0.00000,0.00000,0.00000
-302464.68429,-483156.01587,164.23700,442046388.08951,8.79000,109227.00000,7.05000,0.00000,0.00000,0.00000
-302302.72369,-482858.31579,163.78000,442046388.13584,8.96000,171026.00000,9.80000,0.00000,0.00000,0.00000
-302106.63415,-482609.35415,164.81700,442046388.18216,8.85000,226731.00000,5.57000,0.00000,0.00000,0.00000
-301615.40998,-482781.74772,163.08200,442046388.22849,9.18000,346097.00000,7.03000,0.00000,0.00000,0.00000
-301368.95921,-482604.69993,162.74800,442046388.27481,9.58000,227917.00000,7.09000,0.00000,0.00000,0.00000
-301160.38756,-482373.56200,163.01400,442046388.32114,9.33000,199385.00000,6.56000,0.00000,0.00000,0.00000
-300856.90589,-482277.92135,163.43600,442046388.36746,9.24000,233886.00000,6.12000,0.00000,0.00000,0.00000
-300563.82879,-482167.41946,163.83600,442046388.41379,9.13000,216772.00000,5.63000,0.00000,0.00000,0.00000
-300397.72552,-481875.66294,164.77000,442046388.46011,9.11000,299558.00000,5.86000,0.00000,0.00000,0.00000
-300179.58776,-481658.18850,166.03200,442046388.50644,8.86000,247089.00000,5.20000,0.00000,0.00000,0.00000
-299826.57189,-481633.26033,167.22100,442046388.55276,8.65000,335897.00000,4.75000,0.00000,0.00000,0.00000
-299436.50911,-481661.21943,166.66700,442046388.59909,8.61000,244430.00000,4.67000,0.00000,0.00000,0.00000
-299148.01646,-481544.16683,165.82400,442046388.64541,8.73000,249041.00000,5.79000,0.00000,0.00000,0.00000
-298890.75608,-481382.55148,164.94800,442046388.69174,8.89000,224397.00000,5.26000,0.00000,0.00000,0.00000
-298687.61062,-481143.66934,164.49800,442046388.73806,8.97000,336661.00000,5.58000,0.00000,0.00000,0.00000
-298536.92714,-480829.91765,164.14800,442046388.78439,9.06000,251946.00000,5.59000,0.00000,0.00000,0.00000
-298338.78473,-480583.90698,163.17900,442046388.83071,8.81000,408078.00000,5.42000,0.00000,0.00000,0.00000
-306969.13039,-485461.43567,161.79500,442100132.44994,10.68000,2226883.00000,4.12000,0.00000,0.00000,1.00000
-310298.83615,-486119.41845,147.53900,442100132.63496,10.77000,496039.00000,5.60000,0.00000,0.00000,1.00000
-308816.45346,-486681.56284,148.72900,442100132.68121,10.62000,328418.00000,5.99000,0.00000,0.00000,1.00000
-308655.60808,-487016.70677,149.42100,442100132.72747,10.52000,661227.00000,5.27000,0.00000,0.00000,1.00000
-308566.90289,-487339.44132,151.07700,442100132.77372,10.71000,939359.00000,6.69000,0.00000,0.00000,1.00000
-309321.83291,-487517.28888,150.20900,442100132.81998,10.78000,408066.00000,8.12000,0.00000,0.00000,1.00000
-308450.20461,-487974.48566,154.34000,442100132.86623,10.62000,373503.00000,5.64000,0.00000,0.00000,1.00000
-308070.75273,-488347.14190,156.55300,442100132.91249,10.54000,355598.00000,4.55000,0.00000,0.00000,1.00000
-308375.64391,-488602.29597,156.12900,442100132.95874,10.55000,422018.00000,4.76000,0.00000,0.00000,1.00000
-309383.44305,-488736.74000,153.43600,442100133.00500,10.79000,460937.00000,5.73000,0.00000,0.00000,1.00000
-309674.03475,-488994.33700,153.19900,442100133.05125,10.74000,525012.00000,5.78000,0.00000,0.00000,1.00000
-310668.27536,-489131.13256,152.52200,442100133.09751,10.85000,559157.00000,5.21000,0.00000,0.00000,1.00000
-311019.59817,-489378.32844,150.37700,442100133.14376,10.94000,2348147.00000,5.29000,0.00000,0.00000,1.00000
-311140.18011,-489665.14206,148.68900,442100133.19002,11.06000,1968478.00000,5.66000,0.00000,0.00000,1.00000
-311438.63369,-489921.41366,148.21900,442100133.23627,11.33000,2701718.00000,4.83000,0.00000,0.00000,1.00000
-310692.69253,-490357.01373,153.20900,442100133.28253,11.29000,1959215.00000,4.65000,0.00000,0.00000,1.00000
-310556.65422,-490995.39973,152.17000,442100133.37504,11.26000,1377924.00000,5.99000,0.00000,0.00000,1.00000
-310570.07228,-491300.61826,152.22100,442100133.42129,11.45000,547770.00000,6.08000,0.00000,0.00000,1.00000
-310714.92785,-491583.26709,151.87100,442100133.46755,11.45000,209409.00000,7.78000,0.00000,0.00000,1.00000
-310804.06161,-491875.48404,152.00500,442100133.51380,11.28000,459701.00000,6.35000,0.00000,0.00000,1.00000
-310828.89889,-492178.73089,151.94300,442100133.56006,11.41000,313454.00000,6.21000,0.00000,0.00000,1.00000
-310868.02024,-492479.52694,151.77000,442100133.60631,11.32000,242023.00000,7.36000,0.00000,0.00000,1.00000
-311861.55134,-492616.53030,152.62000,442100133.65256,11.46000,584692.00000,6.83000,0.00000,0.00000,1.00000
-310950.90655,-493695.35696,145.91200,442100133.79133,10.69000,3940565.00000,4.13000,0.00000,0.00000,1.00000
-310714.97774,-494043.35975,145.72600,442100133.83758,10.83000,2945690.00000,5.67000,0.00000,0.00000,1.00000
-310692.64810,-494354.69912,145.57100,442100133.88384,10.88000,1471024.00000,6.02000,0.00000,0.00000,1.00000
-311146.81828,-494584.28676,144.11600,442100133.93009,11.08000,1433992.00000,8.30000,0.00000,0.00000,1.00000
-311260.93672,-494872.22326,144.18200,442100133.97634,11.13000,717773.00000,7.68000,0.00000,0.00000,1.00000
-311300.04063,-495173.03050,144.42000,442100134.02260,11.06000,659126.00000,7.83000,0.00000,0.00000,1.00000
-310805.48055,-495565.38327,144.86900,442100134.06885,10.41000,874101.00000,5.69000,0.00000,0.00000,1.00000
-310005.13951,-496010.17267,142.21000,442100134.11510,9.93000,3569386.00000,3.27000,0.00000,0.00000,1.00000
-309500.56299,-496404.21716,142.91400,442100134.16136,9.81000,1116657.00000,4.30000,0.00000,0.00000,1.00000
-308868.10263,-496820.18071,145.55000,442100134.20761,9.68000,818077.00000,4.05000,0.00000,0.00000,1.00000
-308020.61346,-497273.01332,150.91400,442100134.25387,9.50000,301569.00000,5.19000,0.00000,0.00000,1.00000
-308332.59609,-497526.99868,149.55800,442100134.30012,9.10000,318044.00000,4.09000,0.00000,0.00000,1.00000
-309292.61610,-498592.33972,146.75200,442100134.48514,8.24000,500141.00000,2.89000,0.00000,0.00000,1.00000
-309053.05071,-498940.90401,145.18500,442100134.53139,8.36000,1687481.00000,2.70000,0.00000,0.00000,1.00000
-311399.14648,-498631.61022,144.30900,442219038.81870,5.47000,2211377.00000,7.60000,0.00000,0.00000,0.00000
-311582.80003,-497859.72237,146.47200,442219038.86499,6.46000,698370.00000,8.30000,0.00000,0.00000,0.00000
-311288.74767,-497231.15754,148.01500,442219038.95756,8.19000,241196.00000,6.06000,0.00000,0.00000,0.00000
-310394.32963,-497951.09228,142.46200,442219039.00384,8.85000,154933.00000,7.59000,0.00000,0.00000,0.00000
-309634.10939,-498485.25665,139.14400,442219039.05013,9.26000,1669994.00000,5.74000,0.00000,0.00000,0.00000
-309704.38046,-497870.31795,138.21900,442219039.09641,9.29000,1132258.00000,5.51000,0.00000,0.00000,0.00000
-309726.22068,-497322.37446,137.40900,442219039.14270,9.26000,1250606.00000,3.45000,0.00000,0.00000,0.00000
-309385.71285,-497275.82154,137.79800,442219039.18898,9.31000,1059851.00000,3.20000,0.00000,0.00000,0.00000
-309203.22156,-497010.60097,139.09400,442219039.23527,9.36000,361055.00000,2.50000,0.00000,0.00000,0.00000
-308136.69307,-497968.51347,151.14500,442219039.28155,9.16000,4399414.00000,2.48000,0.00000,0.00000,0.00000
-308020.05021,-497612.18772,149.88500,442219039.32784,8.95000,3054948.00000,2.87000,0.00000,0.00000,0.00000
-308036.80452,-497071.31317,151.11700,442219039.37413,8.78000,3069925.00000,2.82000,0.00000,0.00000,0.00000
-307959.25393,-496660.92425,153.99200,442219039.42041,8.40000,458531.00000,2.83000,0.00000,0.00000,0.00000
-307806.51494,-496354.56783,156.90300,442219039.46670,8.26000,986484.00000,2.58000,0.00000,0.00000,0.00000
-307585.80540,-496142.24444,159.30600,442219039.51298,8.23000,465746.00000,2.98000,0.00000,0.00000,0.00000
-307387.61941,-495898.77156,159.11800,442219039.55927,8.17000,1039604.00000,2.11000,0.00000,0.00000,0.00000
-307196.66833,-495645.31682,156.77600,442219039.60555,8.36000,5314117.00000,1.91000,0.00000,0.00000,0.00000
-307042.24582,-495341.29583,153.31300,442219039.65184,8.59000,968434.00000,1.99000,0.00000,0.00000,0.00000
-306881.45833,-495046.10067,151.12200,442219039.69812,8.83000,1072130.00000,2.23000,0.00000,0.00000,0.00000
-306686.26171,-494798.50931,148.89200,442219039.74441,8.86000,1742065.00000,2.37000,0.00000,0.00000,0.00000
-306475.34722,-494572.65893,146.62100,442219039.79069,8.81000,360441.00000,3.32000,0.00000,0.00000,0.00000
-306293.31958,-494306.84779,146.96200,442219039.83698,8.74000,629878.00000,4.12000,0.00000,0.00000,0.00000
-306130.41783,-494014.59666,147.52200,442219039.88326,8.49000,1356002.00000,3.80000,0.00000,0.00000,0.00000
-305949.24777,-493747.61550,148.51200,442219039.92955,8.44000,2076085.00000,3.76000,0.00000,0.00000,0.00000
-305672.06081,-493613.44698,148.00300,442219039.97583,8.55000,1147964.00000,3.57000,0.00000,0.00000,0.00000
-305428.00792,-493433.42738,147.67000,442219040.02212,8.58000,793794.00000,4.56000,0.00000,0.00000,0.00000
-305119.81002,-493342.16081,147.07400,442219040.06841,8.52000,1217714.00000,3.65000,0.00000,0.00000,0.00000
-304499.33830,-493682.82118,138.73700,442219040.11469,8.32000,3339274.00000,3.95000,0.00000,0.00000,0.00000
-304375.10114,-493337.06628,139.26100,442219040.16098,8.39000,1566325.00000,4.01000,0.00000,0.00000,0.00000
-304320.54909,-492894.95535,144.53800,442219040.20726,8.37000,1613275.00000,3.66000,0.00000,0.00000,0.00000
-304223.10505,-492512.18959,141.41200,442219040.25355,8.26000,2124217.00000,3.01000,0.00000,0.00000,0.00000
-304313.45499,-491869.66263,140.27100,442219040.29984,8.45000,2223722.00000,2.69000,0.00000,0.00000,0.00000
-304193.91797,-491517.46242,140.64600,442219040.34612,8.73000,1913674.00000,2.16000,0.00000,0.00000,0.00000
-301557.64495,-494645.98133,111.20600,442219040.39241,8.86000,1546797.00000,2.13000,0.00000,0.00000,0.00000
-301383.71176,-494368.97345,110.18000,442219040.43869,9.07000,2188804.00000,2.66000,0.00000,0.00000,0.00000
-301198.31010,-494107.83254,110.71100,442219040.48498,9.17000,866479.00000,3.18000,0.00000,0.00000,0.00000
-301343.93365,-493388.89127,113.05800,442219040.53127,9.26000,557853.00000,3.80000,0.00000,0.00000,0.00000
-301303.44412,-492927.36400,114.60100,442219040.57755,9.40000,391762.00000,4.41000,0.00000,0.00000,0.00000
-301278.25003,-492444.67770,117.72700,442219040.62384,9.23000,647571.00000,4.22000,0.00000,0.00000,0.00000
-300875.71503,-492483.82641,120.65500,442219040.67012,9.17000,504169.00000,4.82000,0.00000,0.00000,0.00000
-300640.18922,-492292.03789,121.57300,442219040.71641,9.39000,436780.00000,5.47000,0.00000,0.00000,0.00000
-300579.31138,-491858.72031,121.94800,442219040.76270,9.40000,358950.00000,5.29000,0.00000,0.00000,0.00000
-300548.60937,-491383.68570,123.54600,442219040.80898,9.27000,579444.00000,4.39000,0.00000,0.00000,0.00000
-300644.11397,-490734.13225,127.61500,442219040.85527,9.24000,887293.00000,2.88000,0.00000,0.00000,0.00000
-301160.30031,-489502.87419,139.51500,442219040.90155,9.23000,1126383.00000,3.40000,0.00000,0.00000,0.00000
-300579.74543,-489788.22359,137.59300,442219040.94784,9.20000,490360.00000,4.66000,0.00000,0.00000,0.00000
-300211.64750,-489779.75939,138.18100,442219040.99413,9.19000,537327.00000,3.75000,0.00000,0.00000,0.00000
-299855.02987,-489755.42902,137.21900,442219041.04041,9.04000,2480282.00000,3.41000,0.00000,0.00000,0.00000
-299529.42350,-489688.19524,139.56200,442219041.08670,9.01000,751188.00000,3.23000,0.00000,0.00000,0.00000
-299256.52093,-489548.10410,139.53600,442219041.13298,9.28000,318749.00000,3.76000,0.00000,0.00000,0.00000
-299085.61265,-489266.99674,140.04100,442219041.17927,9.32000,410199.00000,4.22000,0.00000,0.00000,0.00000
-298886.23343,-489025.25304,140.60100,442219041.22556,9.47000,2321841.00000,4.58000,0.00000,0.00000,0.00000
-298644.77584,-488841.66162,140.34600,442219041.27184,9.64000,1688651.00000,4.42000,0.00000,0.00000,0.00000
-298463.24927,-488575.23451,140.16700,442219041.31813,9.43000,438396.00000,4.91000,0.00000,0.00000,0.00000
-298549.88005,-487938.05697,141.84400,442219041.36441,9.21000,199625.00000,5.08000,0.00000,0.00000,0.00000
-297487.81644,-488889.04965,134.44500,442219041.41070,9.30000,1867624.00000,5.33000,0.00000,0.00000,0.00000
-296491.16164,-489749.54377,132.06300,442219041.45699,9.15000,816415.00000,5.59000,0.00000,0.00000,0.00000
-295556.53147,-490524.24268,131.80900,442219041.50327,8.86000,508016.00000,4.76000,0.00000,0.00000,0.00000
-297716.71523,-487020.44330,147.36100,442219041.54956,8.51000,1163115.00000,3.74000,0.00000,0.00000,0.00000
-297310.38375,-487064.82387,148.06400,442219041.59584,8.30000,2912038.00000,4.67000,0.00000,0.00000,0.00000
-296834.37049,-487205.57210,147.72700,442219041.64213,8.10000,652631.00000,4.18000,0.00000,0.00000,0.00000
-296352.81389,-487353.92102,146.74000,442219041.68841,8.23000,241232.00000,6.06000,0.00000,0.00000,0.00000
-295849.16758,-487532.83707,145.49300,442219041.73470,8.45000,107161.00000,5.81000,0.00000,0.00000,0.00000
-295458.13727,-487556.04427,144.59800,442219041.78098,8.62000,122938.00000,6.39000,0.00000,0.00000,0.00000
-295092.60677,-487544.00062,143.71200,442219041.82727,8.80000,197224.00000,6.06000,0.00000,0.00000,0.00000
-294905.15602,-487285.78193,143.69300,442219041.87356,9.09000,377587.00000,6.27000,0.00000,0.00000,0.00000
-295460.21087,-486001.21058,147.10600,442219041.91984,8.88000,261189.00000,5.78000,0.00000,0.00000,0.00000
-295282.12065,-485730.07730,147.67400,442219041.96613,8.78000,5017488.00000,2.83000,0.00000,0.00000,0.00000
-292890.49054,-488518.62462,134.09300,442219042.01241,8.84000,1260095.00000,2.58000,0.00000,0.00000,0.00000
-292204.02441,-488950.11109,133.63100,442219042.05870,8.85000,758739.00000,3.90000,0.00000,0.00000,0.00000
-291745.39477,-489066.70228,134.06400,442219042.10498,8.91000,236841.00000,5.32000,0.00000,0.00000,0.00000
-291229.36964,-489262.58083,135.46500,442219042.15127,8.48000,337290.00000,4.39000,0.00000,0.00000,0.00000
-293179.10660,-486050.48583,143.51000,442219042.19755,8.26000,3281958.00000,3.31000,0.00000,0.00000,0.00000
-292808.48477,-486045.46573,141.41500,442219042.24384,8.62000,1039626.00000,6.95000,0.00000,0.00000,0.00000
-292673.33434,-485714.98161,140.87200,442219042.29012,9.26000,789887.00000,7.81000,0.00000,0.00000,0.00000
-291128.69471,-487332.52896,141.20200,442219042.33641,9.38000,289598.00000,7.30000,0.00000,0.00000,0.00000
-290996.94286,-486997.33017,140.14500,442219042.38269,9.19000,868559.00000,6.06000,0.00000,0.00000,0.00000
-290870.72357,-486654.50628,139.43700,442219042.42898,9.16000,1101162.00000,5.26000,0.00000,0.00000,0.00000
-290307.94676,-486914.98065,139.11200,442219042.47527,8.82000,3110892.00000,4.76000,0.00000,0.00000,0.00000
-290905.63512,-485571.72680,127.87800,442219042.52155,8.49000,2658801.00000,6.00000,0.00000,0.00000,0.00000
-289732.86608,-486675.19542,132.40300,442219042.56784,8.12000,679559.00000,5.32000,0.00000,0.00000,0.00000
-300792.90727,-480538.34882,165.69500,442272784.69997,9.13000,625854.00000,5.12000,0.00000,0.00000,1.00000
-300632.15530,-480870.04562,165.36000,442272784.74619,9.15000,473106.00000,5.05000,0.00000,0.00000,1.00000
-300487.14776,-481199.28149,164.79900,442272784.79241,9.29000,531927.00000,5.75000,0.00000,0.00000,1.00000
-300365.75818,-481524.82947,164.68000,442272784.83864,9.23000,172733.00000,7.43000,0.00000,0.00000,1.00000
-300474.80600,-481814.33629,164.44700,442272784.88486,9.27000,107279.00000,7.76000,0.00000,0.00000,1.00000
-300845.07863,-482063.00554,164.14000,442272784.93108,9.24000,282245.00000,8.40000,0.00000,0.00000,1.00000
-301309.10569,-482297.02243,163.67900,442272784.97731,9.22000,168209.00000,7.97000,0.00000,0.00000,1.00000
-301628.56124,-482553.64071,163.37300,442272785.02353,9.07000,98468.00000,8.16000,0.00000,0.00000,1.00000
-301794.86384,-482834.21550,163.12900,442272785.06976,8.91000,161892.00000,7.41000,0.00000,0.00000,1.00000
-301911.06582,-483122.62114,163.49100,442272785.11598,9.11000,208367.00000,5.89000,0.00000,0.00000,1.00000
-301894.14753,-483431.83883,163.69400,442272785.16220,8.97000,291023.00000,4.58000,0.00000,0.00000,1.00000
-301819.96903,-483750.00303,163.48500,442272785.20843,9.02000,351451.00000,4.37000,0.00000,0.00000,1.00000
-301834.53627,-484054.29639,162.75700,442272785.25465,8.98000,511270.00000,4.37000,0.00000,0.00000,1.00000
-305658.17409,-483763.24664,155.57000,442272785.30088,9.20000,335509.00000,5.28000,0.00000,0.00000,1.00000
-305853.10134,-484039.37919,157.05900,442272785.34710,9.38000,388623.00000,4.88000,0.00000,0.00000,1.00000
-305631.46680,-484380.61585,157.63100,442272785.39333,9.42000,713509.00000,3.89000,0.00000,0.00000,1.00000
-305625.98526,-484688.06421,157.86400,442272785.43955,9.51000,633514.00000,4.11000,0.00000,0.00000,1.00000
-304297.13690,-485202.33321,151.98500,442272785.48577,9.37000,1575577.00000,3.63000,0.00000,0.00000,1.00000
-303600.26471,-485617.81884,149.47500,442272785.53200,9.27000,2131225.00000,3.61000,0.00000,0.00000,1.00000
-302557.68432,-486087.29726,146.98500,442272785.57822,9.20000,315082.00000,3.91000,0.00000,0.00000,1.00000
-305252.65281,-485972.81288,153.98800,442272785.62445,9.39000,829938.00000,5.55000,0.00000,0.00000,1.00000
-304473.45817,-486401.14880,149.98300,442272785.67067,9.48000,553980.00000,5.01000,0.00000,0.00000,1.00000
-302992.83789,-486939.05581,145.91800,442272785.71689,9.65000,306177.00000,4.53000,0.00000,0.00000,1.00000
-302796.23271,-487276.33663,145.77600,442272785.76312,9.84000,412427.00000,4.65000,0.00000,0.00000,1.00000
-302702.69643,-487597.52968,146.15900,442272785.80934,9.73000,1037179.00000,4.59000,0.00000,0.00000,1.00000
-302740.13271,-487898.25640,147.55900,442272785.85557,9.76000,1085731.00000,4.43000,0.00000,0.00000,1.00000
-303424.60122,-488097.92452,148.10700,442272785.90179,9.93000,887899.00000,5.06000,0.00000,0.00000,1.00000
-304159.17509,-488289.78023,150.18600,442272785.94802,9.96000,720758.00000,5.16000,0.00000,0.00000,1.00000
-304509.39331,-488541.67106,151.07200,442272785.99424,9.84000,554669.00000,5.79000,0.00000,0.00000,1.00000
-304404.40062,-488864.65704,148.96900,442272786.04046,9.73000,4007773.00000,5.55000,0.00000,0.00000,1.00000
-305101.02395,-489062.46640,156.07900,442272786.08669,9.81000,647309.00000,4.57000,0.00000,0.00000,1.00000
-304425.56990,-489474.54563,154.49500,442272786.13291,9.37000,1380333.00000,3.77000,0.00000,0.00000,1.00000
-303932.62950,-489858.11083,152.43400,442272786.17914,9.18000,1399678.00000,3.23000,0.00000,0.00000,1.00000
-305249.12450,-489959.13550,150.83300,442272786.22536,9.14000,5535360.00000,3.94000,0.00000,0.00000,1.00000
-304556.47500,-490373.88599,149.25400,442272786.27159,9.06000,1027190.00000,3.51000,0.00000,0.00000,1.00000
-304785.72780,-490644.68388,147.88700,442272786.31781,9.07000,1279423.00000,3.48000,0.00000,0.00000,1.00000
-305009.25540,-490916.38112,146.73500,442272786.36404,9.16000,410579.00000,3.74000,0.00000,0.00000,1.00000
-304601.46382,-491286.62809,144.35800,442272786.41026,9.21000,603043.00000,4.12000,0.00000,0.00000,1.00000
-304862.20574,-491552.52625,144.44900,442272786.45649,9.32000,779377.00000,4.98000,0.00000,0.00000,1.00000
-304251.83797,-491954.39066,143.48400,442272786.50271,9.30000,442548.00000,4.57000,0.00000,0.00000,1.00000
-304477.49635,-492225.76462,144.83600,442272786.54894,9.35000,362252.00000,4.46000,0.00000,0.00000,1.00000
-304729.63601,-492493.00297,145.64100,442272786.59516,9.34000,125133.00000,4.99000,0.00000,0.00000,1.00000
-304859.38208,-492779.36186,146.56300,442272786.64139,9.41000,121349.00000,4.24000,0.00000,0.00000,1.00000
-304860.27673,-493085.81022,146.76900,442272786.68761,9.34000,103385.00000,3.55000,0.00000,0.00000,1.00000
-304913.43132,-493384.11599,146.38200,442272786.73384,9.29000,482678.00000,3.90000,0.00000,0.00000,1.00000
-304953.69788,-493684.43309,146.34300,442272786.78006,9.30000,304810.00000,3.94000,0.00000,0.00000,1.00000
-305068.40121,-493973.12659,145.57800,442272786.82629,9.36000,1376727.00000,3.97000,0.00000,0.00000,1.00000
-305085.75407,-494277.01398,144.92500,442272786.87251,9.37000,624692.00000,3.78000,0.00000,0.00000,1.00000
-305079.48924,-494584.59291,143.85300,442272786.91874,9.42000,847970.00000,4.36000,0.00000,0.00000,1.00000
-305223.54076,-494868.72080,142.63200,442272786.96496,9.56000,349913.00000,5.85000,0.00000,0.00000,1.00000
-306263.76600,-495013.04076,146.31200,442272787.01118,9.42000,127167.00000,7.25000,0.00000,0.00000,1.00000
-306455.05637,-495289.80462,146.09000,442272787.05741,9.46000,463068.00000,5.85000,0.00000,0.00000,1.00000
-305664.26504,-495719.76954,140.79700,442272787.10363,9.32000,655010.00000,5.88000,0.00000,0.00000,1.00000
-305438.23806,-496061.63051,138.49200,442272787.14986,9.09000,245125.00000,5.03000,0.00000,0.00000,1.00000
-305152.78984,-496412.75066,135.84200,442272787.19608,9.03000,278653.00000,3.98000,0.00000,0.00000,1.00000
-304893.82712,-496759.74280,133.27200,442272787.24231,9.05000,286056.00000,3.67000,0.00000,0.00000,1.00000
-304714.31106,-497094.32939,129.87900,442272787.28853,9.11000,318961.00000,3.58000,0.00000,0.00000,1.00000
-304214.82091,-497478.82464,125.77800,442272787.33476,9.08000,722887.00000,3.22000,0.00000,0.00000,1.00000
-304190.63195,-497789.18981,122.08100,442272787.38099,9.20000,584359.00000,3.94000,0.00000,0.00000,1.00000
-304064.79132,-498115.40885,119.52900,442272787.42721,9.43000,651614.00000,4.49000,0.00000,0.00000,1.00000
-304007.66359,-498430.90366,118.09000,442272787.47343,9.31000,377446.00000,4.22000,0.00000,0.00000,1.00000
-304047.17220,-498731.33334,115.96100,442272787.51966,9.40000,943413.00000,3.85000,0.00000,0.00000,1.00000
-303935.63395,-499055.31014,114.29600,442272787.56589,9.38000,572332.00000,4.00000,0.00000,0.00000,1.00000
-303861.31938,-499373.48891,112.90300,442272787.61211,9.24000,298682.00000,3.86000,0.00000,0.00000,1.00000
-307623.16142,-499093.60731,140.80600,442272787.65834,9.16000,380949.00000,4.37000,0.00000,0.00000,1.00000
-306579.61829,-499562.91184,133.79300,442272787.70456,9.16000,373559.00000,4.25000,0.00000,0.00000,1.00000
-305441.56202,-500046.92200,128.60800,442272787.75079,9.15000,1037413.00000,4.05000,0.00000,0.00000,1.00000
-305995.05749,-500267.25332,124.88200,442272787.79701,9.30000,1723474.00000,4.91000,0.00000,0.00000,1.00000
-306235.71800,-500536.34802,123.16700,442272787.84323,9.60000,1107487.00000,4.75000,0.00000,0.00000,1.00000
-306195.75379,-500849.17664,121.64500,442272787.88946,9.58000,1206810.00000,4.76000,0.00000,0.00000,1.00000
-305836.51741,-501211.77995,120.40900,442272787.93568,9.55000,917616.00000,5.67000,0.00000,0.00000,1.00000
-304884.52758,-501666.74182,126.04500,442272787.98191,9.27000,3408456.00000,5.61000,0.00000,0.00000,1.00000
-305277.64116,-501912.06833,126.35000,442272788.02814,9.20000,519403.00000,5.61000,0.00000,0.00000,1.00000
-305437.39399,-502193.77903,125.73200,442272788.07436,8.90000,321180.00000,5.19000,0.00000,0.00000,1.00000
-305369.50099,-502510.96123,123.72600,442272788.12058,8.65000,262427.00000,5.44000,0.00000,0.00000,1.00000
-305282.27881,-502831.15704,121.56200,442272788.16681,8.40000,522392.00000,4.70000,0.00000,0.00000,1.00000
-304586.54980,-503246.13628,118.23800,442272788.21303,8.49000,1156508.00000,4.24000,0.00000,0.00000,1.00000
-303950.23656,-503651.86127,115.76600,442272788.25926,8.71000,3553380.00000,3.94000,0.00000,0.00000,1.00000
-303993.28342,-503951.74756,109.73600,442272788.30549,9.10000,2065613.00000,4.42000,0.00000,0.00000,1.00000
-303736.36679,-504298.35223,107.14200,442272788.35171,9.62000,649910.00000,6.21000,0.00000,0.00000,1.00000
-303428.61914,-504652.87095,106.25600,442272788.39794,9.68000,361278.00000,7.58000,0.00000,0.00000,1.00000
-302819.47414,-505054.31472,107.55900,442272788.44416,9.69000,626464.00000,6.33000,0.00000,0.00000,1.00000
-302883.27396,-505350.96737,107.16100,442272788.49038,10.15000,573541.00000,7.02000,0.00000,0.00000,1.00000
-307586.83238,-504925.00744,109.60800,442272788.53661,10.07000,358047.00000,7.99000,0.00000,0.00000,1.00000
-290175.50489,-507942.34402,275.20800,442272788.58284,10.26000,146575.00000,8.25000,0.00000,0.00000,1.00000
-307490.36941,-505553.27730,107.60500,442272788.62906,10.04000,320320.00000,7.62000,0.00000,0.00000,1.00000
-308353.84393,-505725.42441,110.56000,442272788.67529,10.03000,261339.00000,5.85000,0.00000,0.00000,1.00000
-308247.26666,-506048.65867,109.03700,442272788.72151,10.14000,305678.00000,5.74000,0.00000,0.00000,1.00000
-308413.44859,-506329.40750,108.27500,442272788.76774,10.06000,307658.00000,5.85000,0.00000,0.00000,1.00000
-307905.22760,-506715.16385,104.47300,442272788.81397,9.72000,383869.00000,5.58000,0.00000,0.00000,1.00000
-307641.85339,-507062.80075,101.47000,442272788.86019,9.21000,226669.00000,5.65000,0.00000,0.00000,1.00000
-307145.07751,-507446.76917,98.45500,442272788.90642,9.04000,674308.00000,9.71000,0.00000,0.00000,1.00000
-306812.95678,-507805.10058,98.28700,442272788.95264,8.70000,1214883.00000,5.34000,0.00000,0.00000,1.00000
-306818.03335,-508110.92872,99.11400,442272788.99887,8.41000,2501643.00000,4.74000,0.00000,0.00000,1.00000
-306457.97546,-508473.58497,99.62600,442272789.04510,8.34000,407939.00000,5.09000,0.00000,0.00000,1.00000
-306241.11346,-508813.96217,99.49700,442272789.09132,8.47000,1431635.00000,6.12000,0.00000,0.00000,1.00000
-304865.13721,-509334.71585,102.63400,442272789.13755,8.78000,511381.00000,4.44000,0.00000,0.00000,1.00000
-304501.50235,-509697.90342,106.32000,442272789.18377,9.14000,289412.00000,4.18000,0.00000,0.00000,1.00000
-305816.21634,-511332.91067,104.58700,442272789.46112,10.28000,357587.00000,4.36000,0.00000,0.00000,1.00000
-305328.69991,-511715.36567,106.91100,442272789.50735,10.29000,3714667.00000,5.67000,0.00000,0.00000,1.00000
-306174.09361,-511181.21628,103.35300,442391691.41366,11.10000,237114.00000,7.73000,0.00000,0.00000,0.00000
-306566.07805,-510148.76301,98.86000,442391691.45991,10.62000,991242.00000,7.52000,0.00000,0.00000,0.00000
-306603.97058,-509591.00473,101.00300,442391691.50617,10.58000,1417025.00000,4.38000,0.00000,0.00000,0.00000
-306998.13569,-508555.66269,101.45300,442391691.55242,10.82000,439862.00000,7.31000,0.00000,0.00000,0.00000
-306144.93076,-509192.50362,103.22700,442391691.59867,10.82000,1351045.00000,5.95000,0.00000,0.00000,0.00000
-305785.38069,-509167.55539,102.68900,442391691.64492,11.13000,311187.00000,8.33000,0.00000,0.00000,0.00000
-305983.65428,-508394.85026,100.38400,442391691.69117,10.72000,297835.00000,6.94000,0.00000,0.00000,0.00000
-305924.91040,-507966.68058,98.94800,442391691.73742,10.28000,1733873.00000,5.96000,0.00000,0.00000,0.00000
-305877.44881,-507523.41718,99.05200,442391691.78367,9.81000,1238109.00000,5.37000,0.00000,0.00000,0.00000
-307370.37351,-505015.30105,106.95500,442391691.82993,8.66000,1414042.00000,5.54000,0.00000,0.00000,0.00000
-305519.85195,-506988.95103,101.10700,442391691.87618,7.28000,1446217.00000,5.26000,0.00000,0.00000,0.00000
-303882.96447,-508676.14840,108.83900,442391691.92243,5.88000,673705.00000,5.04000,0.00000,0.00000,0.00000
-303497.41400,-508686.01984,111.16500,442391691.96868,5.42000,509077.00000,4.72000,0.00000,0.00000,0.00000
-303020.40831,-508818.47711,115.05000,442391692.01493,5.63000,618741.00000,5.77000,0.00000,0.00000,0.00000
-305966.77941,-504362.47646,105.55500,442391692.06118,6.05000,3436644.00000,5.40000,0.00000,0.00000,0.00000
-304951.45276,-505216.51019,103.98700,442391692.10743,6.48000,2251495.00000,5.87000,0.00000,0.00000,0.00000
-304008.94597,-505972.95182,105.55100,442391692.15369,7.24000,397497.00000,4.72000,0.00000,0.00000,0.00000
-303771.22335,-505784.73442,105.14400,442391692.19994,8.25000,612281.00000,4.55000,0.00000,0.00000,0.00000
-303733.32674,-505328.69457,103.46500,442391692.24619,9.01000,3246189.00000,4.76000,0.00000,0.00000,0.00000
-303025.73145,-505770.21088,108.24800,442391692.29244,9.33000,1226952.00000,5.32000,0.00000,0.00000,0.00000
-303319.44323,-504869.75364,110.37700,442391692.33869,9.47000,1437055.00000,5.47000,0.00000,0.00000,0.00000
-303429.80516,-504215.04801,111.89700,442391692.38494,9.72000,913386.00000,7.84000,0.00000,0.00000,0.00000
-303153.08168,-504079.10836,112.09800,442391692.43119,9.55000,1700074.00000,5.60000,0.00000,0.00000,0.00000
-303818.70090,-502680.25689,122.18600,442391692.47744,9.35000,2482923.00000,4.43000,0.00000,0.00000,0.00000
-303294.48358,-502876.02782,122.97400,442391692.52369,9.28000,395692.00000,3.75000,0.00000,0.00000,0.00000
-302944.08263,-502838.84774,123.05300,442391692.56994,9.19000,566607.00000,3.48000,0.00000,0.00000,0.00000
-300544.15034,-505548.19504,107.19500,442391692.61620,9.41000,517962.00000,3.37000,0.00000,0.00000,0.00000
-300190.68986,-505515.05581,106.57200,442391692.66245,9.87000,284162.00000,4.89000,0.00000,0.00000,0.00000
-299799.08533,-505533.03869,106.60100,442391692.70870,10.35000,358544.00000,5.26000,0.00000,0.00000,0.00000
-299699.64890,-505159.47107,104.24200,442391692.75495,10.53000,706247.00000,5.73000,0.00000,0.00000,0.00000
-299502.68664,-504916.62517,102.20200,442391692.80120,10.88000,1299941.00000,4.68000,0.00000,0.00000,0.00000
-299269.30867,-504722.56195,100.73300,442391692.84745,11.33000,339749.00000,6.57000,0.00000,0.00000,0.00000
-299213.68239,-504290.33917,98.70100,442391692.89370,11.34000,320945.00000,6.16000,0.00000,0.00000,0.00000
-298913.98824,-504185.16268,97.92500,442391692.93995,11.83000,244208.00000,7.54000,0.00000,0.00000,0.00000
-298879.61748,-503724.47831,96.51600,442391692.98621,12.00000,299694.00000,10.19000,0.00000,0.00000,0.00000
-298824.87135,-503291.09432,95.87300,442391693.03246,11.69000,355933.00000,9.32000,0.00000,0.00000,0.00000
-298810.87768,-502803.10171,95.22500,442391693.07871,11.43000,340255.00000,7.79000,0.00000,0.00000,0.00000
-298740.52790,-502390.62542,95.06200,442391693.12496,11.30000,296155.00000,7.43000,0.00000,0.00000,0.00000
-298334.62614,-502427.75177,95.26100,442391693.17121,11.13000,271069.00000,6.46000,0.00000,0.00000,0.00000
-297779.57357,-502664.67715,95.50900,442391693.21747,11.00000,307687.00000,7.01000,0.00000,0.00000,0.00000
-297484.22705,-502553.68003,94.74200,442391693.26372,10.74000,1685010.00000,4.30000,0.00000,0.00000,0.00000
-299344.02627,-499555.23384,101.55900,442391693.30997,10.84000,5600682.00000,3.18000,0.00000,0.00000,0.00000
-299294.51476,-499114.90376,102.03600,442391693.35622,11.08000,1605057.00000,4.69000,0.00000,0.00000,0.00000
-299041.24552,-498947.58095,102.58600,442391693.40247,11.41000,340078.00000,6.61000,0.00000,0.00000,0.00000
-298451.11139,-499231.55253,100.65900,442391693.44872,11.44000,216500.00000,5.79000,0.00000,0.00000,0.00000
-298120.66939,-499167.60373,101.50400,442391693.49498,11.13000,311119.00000,5.61000,0.00000,0.00000,0.00000
-297892.55416,-498966.59422,103.86000,442391693.54123,11.00000,297176.00000,5.05000,0.00000,0.00000,0.00000
-297695.21128,-498724.32700,107.16600,442391693.58748,10.55000,357205.00000,4.63000,0.00000,0.00000,0.00000
-297359.99996,-498666.75519,108.67200,442391693.63373,10.35000,219918.00000,4.45000,0.00000,0.00000,0.00000
-296927.67968,-498739.29148,109.91000,442391693.67998,10.42000,250105.00000,4.69000,0.00000,0.00000,0.00000
-296578.60058,-498700.30141,110.29600,442391693.72623,10.43000,175315.00000,5.07000,0.00000,0.00000,0.00000
-296421.59185,-498404.01438,110.61800,442391693.77248,10.60000,144370.00000,5.61000,0.00000,0.00000,0.00000
-296346.96638,-497997.38510,113.06200,442391693.81873,10.30000,234606.00000,5.46000,0.00000,0.00000,0.00000
-296016.09671,-497933.98972,114.87500,442391693.86498,9.96000,237509.00000,4.76000,0.00000,0.00000,0.00000
-295626.70001,-497949.00758,117.50800,442391693.91124,9.75000,556364.00000,3.79000,0.00000,0.00000,0.00000
-295189.60842,-498027.89615,119.89300,442391693.95749,9.71000,416643.00000,3.36000,0.00000,0.00000,0.00000
-294864.82344,-497956.37621,123.53200,442391694.00374,9.49000,857918.00000,3.14000,0.00000,0.00000,0.00000
-294526.59112,-497902.83843,126.81700,442391694.04999,9.17000,1426723.00000,2.76000,0.00000,0.00000,0.00000
-294301.96380,-497697.15320,131.64900,442391694.09624,8.80000,557903.00000,2.75000,0.00000,0.00000,0.00000
-294031.37511,-497553.01821,135.62700,442391694.14249,8.50000,853437.00000,2.49000,0.00000,0.00000,0.00000
-293840.13867,-497302.61209,137.43200,442391694.18874,8.24000,1040948.00000,3.14000,0.00000,0.00000,0.00000
-293635.02754,-497070.78257,137.75100,442391694.23499,8.17000,1521105.00000,3.06000,0.00000,0.00000,0.00000
-293469.37759,-496786.11233,137.07000,442391694.28124,8.52000,1024795.00000,3.18000,0.00000,0.00000,0.00000
-293315.00054,-496486.33615,136.48900,442391694.32749,8.90000,1923557.00000,2.86000,0.00000,0.00000,0.00000
-293050.92593,-496333.47881,134.01800,442391694.37374,9.17000,677718.00000,3.75000,0.00000,0.00000,0.00000
-292892.22913,-496039.52223,132.83400,442391694.41999,9.48000,344440.00000,4.09000,0.00000,0.00000,0.00000
-292652.00672,-495854.72304,131.13900,442391694.46624,9.58000,340206.00000,4.22000,0.00000,0.00000,0.00000
-292224.46986,-495920.79568,129.19700,442391694.51249,9.87000,403063.00000,5.91000,0.00000,0.00000,0.00000
-291729.28479,-496077.45202,127.64000,442391694.55874,10.28000,154907.00000,7.53000,0.00000,0.00000,0.00000
-291402.77173,-496008.20346,127.07100,442391694.60499,10.68000,158871.00000,9.57000,0.00000,0.00000,0.00000
-290794.83985,-496315.83734,126.94200,442391694.65124,10.49000,118376.00000,8.95000,0.00000,0.00000,0.00000
-290389.84068,-496351.68791,127.88500,442391694.69749,10.30000,221645.00000,8.02000,0.00000,0.00000,0.00000
-290203.39824,-496094.87370,129.22300,442391694.74374,10.13000,457589.00000,5.88000,0.00000,0.00000,0.00000
-289888.16708,-496010.51849,131.55400,442391694.78999,9.94000,4249842.00000,3.73000,0.00000,0.00000,0.00000
-289847.41925,-495558.59011,124.15000,442391694.83624,9.70000,1750873.00000,4.18000,0.00000,0.00000,0.00000
-289360.04172,-495704.75165,134.61500,442391694.88249,9.44000,4493863.00000,3.61000,0.00000,0.00000,0.00000
-289501.01055,-495009.53378,133.23600,442391694.92874,9.26000,486119.00000,4.73000,0.00000,0.00000,0.00000
-289792.45895,-494112.82857,133.20600,442391694.97499,8.88000,791072.00000,3.36000,0.00000,0.00000,0.00000
-289838.89698,-493544.20624,139.46100,442391695.02124,8.42000,2458047.00000,2.96000,0.00000,0.00000,0.00000
-287175.37831,-496604.10743,127.58300,442391695.06749,8.50000,541664.00000,2.25000,0.00000,0.00000,0.00000
-286377.86620,-497165.42060,127.67600,442391695.11374,8.65000,1767160.00000,2.23000,0.00000,0.00000,0.00000
-285714.78887,-497546.74116,127.17800,442391695.15999,8.54000,1454019.00000,2.63000,0.00000,0.00000,0.00000
-288872.49120,-492812.51618,145.76400,442391695.20624,8.33000,335253.00000,3.15000,0.00000,0.00000,0.00000
-288681.73672,-492561.49980,144.74100,442391695.25249,8.33000,550949.00000,2.72000,0.00000,0.00000,0.00000
-288436.35150,-492383.64967,142.70000,442391695.29874,8.13000,395765.00000,3.65000,0.00000,0.00000,0.00000
-288171.02105,-492232.51071,140.61800,442391695.34499,8.13000,645459.00000,3.64000,0.00000,0.00000,0.00000
-287777.32076,-492253.22644,138.13700,442391695.39124,8.38000,365305.00000,4.07000,0.00000,0.00000,0.00000
-287365.83656,-492297.73995,136.13900,442391695.43749,8.60000,212321.00000,5.30000,0.00000,0.00000,0.00000
-287049.33342,-492215.10938,135.03900,442391695.48374,8.59000,306065.00000,5.42000,0.00000,0.00000,0.00000
-286662.56605,-492226.51964,134.09000,442391695.52999,9.12000,984625.00000,5.68000,0.00000,0.00000,0.00000
-285825.62694,-492840.60506,133.50400,442391695.57624,9.43000,395641.00000,5.51000,0.00000,0.00000,0.00000
-285577.63229,-492666.21516,130.17700,442391695.62249,9.60000,1428268.00000,6.40000,0.00000,0.00000,0.00000
-285384.73052,-492418.09431,129.84400,442391695.66874,9.31000,403302.00000,6.09000,0.00000,0.00000,0.00000
-295561.25262,-481592.37442,156.58100,442445437.76667,7.14000,514331.00000,5.85000,0.00000,0.00000,1.00000
-295047.10545,-481970.55773,154.02000,442445437.81287,7.18000,1171247.00000,4.51000,0.00000,0.00000,1.00000
-295699.51249,-482184.40196,151.19400,442445437.85907,7.57000,1232609.00000,4.68000,0.00000,0.00000,1.00000
-295416.22802,-482530.06700,150.23800,442445437.90527,7.82000,1224035.00000,5.93000,0.00000,0.00000,1.00000
-295788.99086,-482783.31473,151.33000,442445437.95147,8.16000,185537.00000,6.76000,0.00000,0.00000,1.00000
-295392.41363,-483144.93031,150.19300,442445437.99767,8.40000,872667.00000,8.37000,0.00000,0.00000,1.00000
-295029.52058,-483501.78146,149.98000,442445438.04387,8.48000,123193.00000,8.95000,0.00000,0.00000,1.00000
-295277.51743,-483772.60637,151.32500,442445438.09007,8.35000,247754.00000,6.42000,0.00000,0.00000,1.00000
-295235.84378,-484084.22735,151.63400,442445438.13627,8.08000,1382338.00000,4.66000,0.00000,0.00000,1.00000
-295077.29154,-484412.30127,152.41400,442445438.18247,7.93000,3806228.00000,3.15000,0.00000,0.00000,1.00000
-294658.45908,-484777.01952,155.02400,442445438.22867,7.98000,4808781.00000,2.60000,0.00000,0.00000,1.00000
-294552.23753,-485097.70829,156.16400,442445438.27487,8.27000,4852515.00000,3.03000,0.00000,0.00000,1.00000
-295951.07311,-485206.53367,147.20200,442445438.32107,8.37000,309216.00000,3.28000,0.00000,0.00000,1.00000
-295916.55679,-485517.14245,146.70400,442445438.36727,8.46000,801849.00000,3.73000,0.00000,0.00000,1.00000
-295737.91539,-485848.03988,145.75600,442445438.41347,8.49000,1007594.00000,4.31000,0.00000,0.00000,1.00000
-294820.73094,-486282.89173,143.96000,442445438.45967,8.60000,852048.00000,5.41000,0.00000,0.00000,1.00000
-294885.16049,-486579.57754,143.51100,442445438.50587,8.94000,537688.00000,7.39000,0.00000,0.00000,1.00000
-294566.68446,-486930.14033,143.07200,442445438.55207,9.08000,473699.00000,5.98000,0.00000,0.00000,1.00000
-294648.31817,-487224.40323,143.12800,442445438.59827,9.19000,99879.00000,7.39000,0.00000,0.00000,1.00000
-294895.57816,-487495.35250,143.77600,442445438.64447,9.12000,497671.00000,6.38000,0.00000,0.00000,1.00000
-294894.02378,-487801.31321,143.92700,442445438.69067,8.72000,305224.00000,4.86000,0.00000,0.00000,1.00000
-294841.56110,-488114.44488,144.01300,442445438.73687,8.68000,1565797.00000,4.45000,0.00000,0.00000,1.00000
-294826.37792,-488422.32069,143.59900,442445438.78307,8.81000,2171875.00000,4.30000,0.00000,0.00000,1.00000
-294649.86579,-488752.91003,143.31200,442445438.82927,8.89000,11202033.00000,3.45000,0.00000,0.00000,1.00000
-294287.63349,-489109.61512,134.68200,442445438.87547,9.03000,3504842.00000,3.33000,0.00000,0.00000,1.00000
-294203.60399,-489427.17057,134.99200,442445438.92167,9.07000,2407837.00000,3.84000,0.00000,0.00000,1.00000
-293903.02495,-489775.19633,135.48100,442445438.96787,9.14000,3234364.00000,3.82000,0.00000,0.00000,1.00000
-293314.17059,-490163.75125,129.43900,442445439.01407,9.21000,1931757.00000,4.14000,0.00000,0.00000,1.00000
-293349.88558,-490464.46385,130.31800,442445439.06027,9.37000,2904830.00000,4.44000,0.00000,0.00000,1.00000
-293360.49826,-490768.71053,131.39500,442445439.10647,9.40000,3097607.00000,4.57000,0.00000,0.00000,1.00000
-293826.45269,-491008.93384,132.22700,442445439.15267,9.58000,434656.00000,6.44000,0.00000,0.00000,1.00000
-294541.93713,-491214.05363,132.01300,442445439.19887,9.26000,370854.00000,5.95000,0.00000,0.00000,1.00000
-294771.25654,-491487.55781,130.48900,442445439.24507,9.55000,1964826.00000,5.16000,0.00000,0.00000,1.00000
-294832.77027,-491784.64353,129.43900,442445439.29127,9.31000,347875.00000,4.20000,0.00000,0.00000,1.00000
-295257.13267,-492030.72569,128.18200,442445439.33747,9.06000,540255.00000,3.79000,0.00000,0.00000,1.00000
-296111.03641,-492216.41808,125.17600,442445439.38367,9.05000,2858231.00000,2.81000,0.00000,0.00000,1.00000
-296374.77648,-492485.09259,123.86600,442445439.42987,9.01000,943717.00000,2.89000,0.00000,0.00000,1.00000
-294406.20010,-493067.59409,133.52200,442445439.47607,9.06000,6247488.00000,2.54000,0.00000,0.00000,1.00000
-294350.10571,-493381.22020,134.63700,442445439.52227,9.09000,492522.00000,3.16000,0.00000,0.00000,1.00000
-294597.33397,-493652.21417,134.61900,442445439.56847,9.06000,400527.00000,3.27000,0.00000,0.00000,1.00000
-294688.24374,-493945.19168,134.70900,442445439.61467,9.08000,481461.00000,2.87000,0.00000,0.00000,1.00000
-294716.75516,-494246.92522,134.38600,442445439.66087,9.14000,500755.00000,2.96000,0.00000,0.00000,1.00000
-294746.70361,-494548.46581,134.78500,442445439.70707,9.24000,478051.00000,3.64000,0.00000,0.00000,1.00000
-294726.44335,-494857.04358,134.52400,442445439.75327,9.27000,675584.00000,2.93000,0.00000,0.00000,1.00000
-296716.26127,-494883.17000,115.82200,442445439.79947,9.37000,914403.00000,2.80000,0.00000,0.00000,1.00000
-296294.41902,-495248.21201,116.38800,442445439.84567,9.40000,428434.00000,2.58000,0.00000,0.00000,1.00000
-294210.32071,-495846.80210,136.23100,442445439.89187,9.33000,1305073.00000,2.13000,0.00000,0.00000,1.00000
-302131.66298,-495039.42422,121.54700,442445439.93807,9.36000,1288369.00000,2.16000,0.00000,0.00000,1.00000
-295187.35435,-496321.01552,118.26300,442445439.98427,9.44000,1943621.00000,2.28000,0.00000,0.00000,1.00000
-295037.29610,-496647.86049,119.65400,442445440.03047,9.49000,1402796.00000,2.11000,0.00000,0.00000,1.00000
-294654.87564,-497007.31690,121.51500,442445440.07667,9.54000,7011379.00000,1.82000,0.00000,0.00000,1.00000
-300803.49043,-496449.27231,115.26300,442445440.12287,9.63000,753402.00000,2.12000,0.00000,0.00000,1.00000
-300595.33333,-496784.32154,114.34700,442445440.16907,9.66000,340487.00000,2.25000,0.00000,0.00000,1.00000
-300491.87401,-497104.64758,114.01700,442445440.21527,9.80000,372847.00000,2.37000,0.00000,0.00000,1.00000
-300326.01923,-497433.73677,113.38100,442445440.26147,9.77000,432259.00000,3.41000,0.00000,0.00000,1.00000
-300176.66190,-497760.51412,112.33200,442445440.30767,9.94000,345596.00000,4.23000,0.00000,0.00000,1.00000
-300061.00584,-498082.54967,111.38000,442445440.35387,10.11000,327227.00000,4.10000,0.00000,0.00000,1.00000
-299936.03050,-498405.89737,110.33500,442445440.40007,10.15000,454861.00000,4.45000,0.00000,0.00000,1.00000
-293710.92713,-499585.84092,114.08800,442445440.44627,10.14000,603368.00000,4.22000,0.00000,0.00000,1.00000
-293470.46302,-499925.33473,113.75600,442445440.49247,10.35000,545265.00000,4.34000,0.00000,0.00000,1.00000
-293658.13002,-500204.72012,112.30200,442445440.53867,10.44000,212881.00000,5.36000,0.00000,0.00000,1.00000
-294335.61365,-500415.35939,109.32400,442445440.58488,10.54000,1722833.00000,5.42000,0.00000,0.00000,1.00000
-298469.84827,-500140.70980,101.20600,442445440.63108,10.91000,312534.00000,5.98000,0.00000,0.00000,1.00000
-298101.72892,-500498.17300,98.97600,442445440.67728,10.97000,766886.00000,5.87000,0.00000,0.00000,1.00000
-297239.46995,-500925.00197,96.53300,442445440.72348,10.81000,1052882.00000,4.57000,0.00000,0.00000,1.00000
-294383.47026,-501631.63517,105.25000,442445440.76968,10.99000,5893874.00000,4.73000,0.00000,0.00000,1.00000
-294332.31350,-501944.56721,101.79300,442445440.81588,11.03000,3925708.00000,3.46000,0.00000,0.00000,1.00000
-294200.12412,-502268.86265,104.18100,442445440.86208,11.01000,1244458.00000,3.88000,0.00000,0.00000,1.00000
-300085.82439,-501748.58959,100.01100,442445440.90828,11.32000,1200508.00000,4.72000,0.00000,0.00000,1.00000
-294531.70016,-502833.84225,101.01100,442445440.95448,11.47000,2103502.00000,4.53000,0.00000,0.00000,1.00000
-294918.72785,-503085.27651,99.92500,442445441.00069,11.52000,3096945.00000,5.30000,0.00000,0.00000,1.00000
-295112.84826,-503363.80532,99.31300,442445441.04689,11.64000,3319808.00000,5.14000,0.00000,0.00000,1.00000
-295421.71292,-503626.23695,98.92100,442445441.09309,11.70000,627904.00000,6.41000,0.00000,0.00000,1.00000
-295907.00034,-503863.90808,99.40800,442445441.13929,11.67000,5805149.00000,4.81000,0.00000,0.00000,1.00000
-296418.10937,-504097.96847,101.26600,442445441.18549,11.57000,8034014.00000,3.92000,0.00000,0.00000,1.00000
-298194.36299,-504154.53622,95.82500,442445441.23169,11.55000,1825515.00000,4.68000,0.00000,0.00000,1.00000
-299909.65429,-504219.67066,102.95900,442445441.27789,11.76000,296995.00000,5.65000,0.00000,0.00000,1.00000
-299024.38831,-504649.66054,98.72500,442445441.32409,11.63000,569205.00000,5.91000,0.00000,0.00000,1.00000
-295736.49226,-505416.63130,107.13900,442445441.37029,11.37000,821212.00000,4.71000,0.00000,0.00000,1.00000
-295804.36389,-505712.86822,107.10500,442445441.41650,11.25000,319445.00000,6.53000,0.00000,0.00000,1.00000
-295963.31991,-505996.33696,107.01700,442445441.46270,11.23000,125880.00000,6.41000,0.00000,0.00000,1.00000
-296102.19146,-506282.62274,106.71100,442445441.50890,11.19000,152283.00000,7.46000,0.00000,0.00000,1.00000
-296889.41417,-506478.00320,106.60200,442445441.55510,11.16000,185164.00000,7.41000,0.00000,0.00000,1.00000
-298018.01880,-506625.50524,107.88000,442445441.60130,11.36000,1161682.00000,6.66000,0.00000,0.00000,1.00000
-297494.20187,-507004.74041,105.43500,442445441.64750,11.62000,711085.00000,6.59000,0.00000,0.00000,1.00000
-297006.95428,-507378.83645,103.40400,442445441.69370,11.77000,260231.00000,7.13000,0.00000,0.00000,1.00000
-297365.99835,-507634.25489,102.86900,442445441.73990,11.64000,394343.00000,7.47000,0.00000,0.00000,1.00000
-297737.96382,-507887.89207,103.25200,442445441.78610,11.67000,153075.00000,9.11000,0.00000,0.00000,1.00000
-297835.93980,-508179.92005,103.31100,442445441.83230,11.95000,158311.00000,11.72000,0.00000,0.00000,1.00000
-297962.61408,-508467.94680,103.28800,442445441.87851,12.01000,123209.00000,14.15000,0.00000,0.00000,1.00000
-298122.27462,-508751.34592,104.26800,442445441.92471,11.48000,295514.00000,9.68000,0.00000,0.00000,1.00000
-298951.09227,-508940.93926,106.93100,442445441.97091,10.74000,230109.00000,8.32000,0.00000,0.00000,1.00000
-298335.44044,-509333.01388,104.11300,442445442.01711,10.40000,638741.00000,8.02000,0.00000,0.00000,1.00000
-297655.22634,-509734.12221,102.02100,442445442.06331,10.35000,417991.00000,7.69000,0.00000,0.00000,1.00000
-297003.68849,-510131.18552,100.94500,442445442.10951,10.11000,450636.00000,6.92000,0.00000,0.00000,1.00000
-297379.93943,-510384.22703,100.00800,442445442.15571,10.27000,293167.00000,6.06000,0.00000,0.00000,1.00000
-298727.32281,-510501.19469,102.17900,442445442.20191,10.26000,1140900.00000,5.39000,0.00000,0.00000,1.00000
-294990.23741,-511330.58747,100.14400,442445442.24811,10.31000,1656933.00000,6.59000,0.00000,0.00000,1.00000
-295215.14237,-511604.83446,99.42600,442445442.29431,10.31000,540847.00000,8.45000,0.00000,0.00000,1.00000
-300117.14028,-511223.81943,110.41000,442445442.34051,9.99000,2645686.00000,6.23000,0.00000,0.00000,1.00000
-300046.54961,-511539.49980,110.45200,442445442.38671,9.83000,5044772.00000,4.90000,0.00000,0.00000,1.00000
-299481.06848,-511924.52097,108.36000,442445442.43291,9.84000,4423228.00000,4.36000,0.00000,0.00000,1.00000
-300115.52107,-512141.42660,109.89300,442445442.47911,9.76000,3984280.00000,5.42000,0.00000,0.00000,1.00000
-298995.60680,-512604.10120,104.59000,442445442.52531,10.03000,2373856.00000,6.22000,0.00000,0.00000,1.00000
-298725.61881,-512947.71101,103.56000,442445442.57152,9.97000,1935631.00000,7.35000,0.00000,0.00000,1.00000
-298924.69648,-513225.60181,104.28700,442445442.61772,9.91000,305423.00000,7.40000,0.00000,0.00000,1.00000
-298878.47607,-513537.85452,104.23000,442445442.66391,9.95000,819031.00000,9.12000,0.00000,0.00000,1.00000
-299418.96245,-513767.93713,105.99100,442445442.71011,9.95000,2068320.00000,7.03000,0.00000,0.00000,1.00000
-299575.71661,-514051.77009,107.86100,442445442.75631,10.12000,1116234.00000,6.06000,0.00000,0.00000,1.00000
-298586.29894,-514496.09556,105.96300,442445442.80251,10.23000,373607.00000,5.85000,0.00000,0.00000,1.00000
-297860.82999,-514903.45391,105.16900,442445442.84871,10.44000,1076147.00000,5.16000,0.00000,0.00000,1.00000
-298077.82759,-515178.83965,101.86700,442445442.89492,10.64000,2341511.00000,5.67000,0.00000,0.00000,1.00000
-298783.28630,-515385.85176,100.43600,442445442.94112,10.71000,4485380.00000,5.67000,0.00000,0.00000,1.00000
-298853.95854,-515681.73010,102.07100,442445442.98731,10.71000,2333491.00000,5.53000,0.00000,0.00000,1.00000
-301959.67839,-514059.23771,113.18100,442564344.64687,9.40000,1111562.00000,5.46000,0.00000,0.00000,0.00000
-299241.21957,-515603.74873,107.76300,442564344.83176,8.65000,664877.00000,3.92000,0.00000,0.00000,0.00000
-298881.37748,-515574.48795,108.57200,442564344.87798,8.21000,655677.00000,3.79000,0.00000,0.00000,0.00000
-298370.81430,-515741.00856,108.94000,442564344.92420,8.09000,316732.00000,4.30000,0.00000,0.00000,0.00000
-298262.03905,-515385.68141,106.34100,442564344.97043,7.99000,466105.00000,3.42000,0.00000,0.00000,0.00000
-299089.04032,-513815.03073,103.78000,442564345.01665,8.11000,2601744.00000,2.07000,0.00000,0.00000,0.00000
-299558.00725,-512709.40775,103.36700,442564345.06287,8.37000,1572567.00000,2.96000,0.00000,0.00000,0.00000
-299611.47473,-512143.40587,102.68100,442564345.10909,8.56000,650842.00000,3.47000,0.00000,0.00000,0.00000
-300159.55671,-510935.04125,108.90500,442564345.15532,8.76000,8427351.00000,3.60000,0.00000,0.00000,0.00000
-299245.46694,-511625.66836,102.61600,442564345.20154,8.63000,3204057.00000,3.13000,0.00000,0.00000,0.00000
-299267.99934,-511099.85244,105.59600,442564345.24776,8.63000,2491361.00000,4.07000,0.00000,0.00000,0.00000
-299096.94127,-510825.49411,106.55800,442564345.29399,8.90000,818040.00000,3.75000,0.00000,0.00000,0.00000
-298934.71860,-510539.64169,108.16700,442564345.34021,8.95000,1880980.00000,4.08000,0.00000,0.00000,0.00000
-299026.66568,-509923.72383,110.31300,442564345.38643,9.02000,1772734.00000,4.07000,0.00000,0.00000,0.00000
-298257.98506,-510425.43151,101.78300,442564345.43266,9.03000,3538048.00000,2.40000,0.00000,0.00000,0.00000
-298295.12780,-509880.70331,109.47100,442564345.47888,9.25000,6943006.00000,2.40000,0.00000,0.00000,0.00000
-297838.52058,-509977.14493,105.53100,442564345.52510,9.70000,7869006.00000,2.71000,0.00000,0.00000,0.00000
-297573.76199,-509824.46254,102.90200,442564345.57133,10.14000,660297.00000,3.62000,0.00000,0.00000,0.00000
-297495.10716,-509430.11756,101.35400,442564345.61755,10.55000,576448.00000,5.08000,0.00000,0.00000,0.00000
-297467.28986,-508969.76210,102.38200,442564345.66377,10.63000,758902.00000,5.77000,0.00000,0.00000,0.00000
-297221.09418,-508792.96565,103.20800,442564345.71000,10.66000,2040242.00000,4.87000,0.00000,0.00000,0.00000
-296394.02838,-509370.40254,101.90100,442564345.75622,11.06000,298075.00000,6.50000,0.00000,0.00000,0.00000
-295692.50046,-509784.81137,102.42400,442564345.80244,11.48000,3250655.00000,5.31000,0.00000,0.00000,0.00000
-295304.40496,-509792.26614,98.92900,442564345.84866,11.88000,5206942.00000,5.59000,0.00000,0.00000,0.00000
-294536.55247,-510292.75905,100.77800,442564345.89489,12.16000,2425592.00000,6.11000,0.00000,0.00000,0.00000
-294639.61425,-509662.49890,100.31100,442564345.94111,12.55000,1318723.00000,7.49000,0.00000,0.00000,0.00000
-294083.52412,-509888.03326,106.10800,442564345.98733,12.72000,958890.00000,7.26000,0.00000,0.00000,0.00000
-293066.31357,-510712.19758,110.54800,442564346.03356,12.95000,187680.00000,8.33000,0.00000,0.00000,0.00000
-290844.81124,-513099.74873,133.99000,442564346.07978,12.95000,442686.00000,7.01000,0.00000,0.00000,0.00000
-293902.00625,-508634.37279,106.29500,442564346.12600,12.64000,272504.00000,8.37000,0.00000,0.00000,0.00000
-293753.08984,-508331.28436,106.96900,442564346.17223,12.37000,336116.00000,6.83000,0.00000,0.00000,0.00000
-289735.28297,-513050.69139,142.48500,442564346.21845,12.18000,876766.00000,7.14000,0.00000,0.00000,0.00000
-292892.46358,-508455.73747,108.22400,442564346.26467,12.12000,244334.00000,8.30000,0.00000,0.00000,0.00000
-292513.65325,-508451.09144,108.90200,442564346.31090,12.14000,279047.00000,8.54000,0.00000,0.00000,0.00000
-291694.49461,-509018.07455,112.25500,442564346.35712,12.23000,298465.00000,9.12000,0.00000,0.00000,0.00000
-291466.89136,-508817.13712,112.97100,442564346.40334,11.82000,338142.00000,8.51000,0.00000,0.00000,0.00000
-290787.43327,-509202.71623,118.55000,442564346.44956,11.04000,366980.00000,5.96000,0.00000,0.00000,0.00000
-290216.30368,-509447.69396,123.63900,442564346.49579,10.72000,397265.00000,4.71000,0.00000,0.00000,0.00000
-289907.78967,-509351.75849,125.60300,442564346.54201,10.76000,1421977.00000,3.37000,0.00000,0.00000,0.00000
-289624.02944,-509223.68779,125.60200,442564346.58823,10.83000,3477082.00000,3.49000,0.00000,0.00000,0.00000
-290129.91149,-508070.67925,109.97400,442564346.63446,10.93000,2290159.00000,3.65000,0.00000,0.00000,0.00000
-289738.27556,-508082.64030,110.93700,442564346.68068,11.15000,1644553.00000,5.06000,0.00000,0.00000,0.00000
-289216.64836,-508263.31945,113.51100,442564346.72690,11.55000,200031.00000,7.03000,0.00000,0.00000,0.00000
-289544.83609,-507340.98649,108.59800,442564346.77313,11.84000,76213.00000,10.03000,0.00000,0.00000,0.00000
-290187.84324,-506010.04270,105.16600,442564346.81935,11.68000,297145.00000,8.27000,0.00000,0.00000,0.00000
-290377.20842,-505267.91526,105.28900,442564346.86557,11.48000,231559.00000,6.54000,0.00000,0.00000,0.00000
-290318.97940,-504847.17967,106.81700,442564346.91179,11.43000,513976.00000,5.61000,0.00000,0.00000,0.00000
-290170.11545,-504544.09111,107.62700,442564346.95802,11.45000,257725.00000,6.37000,0.00000,0.00000,0.00000
-289928.84172,-504360.94321,109.21800,442564347.00424,11.42000,888956.00000,5.29000,0.00000,0.00000,0.00000
-289639.36953,-504240.34084,110.51200,442564347.05046,11.48000,638808.00000,5.13000,0.00000,0.00000,0.00000
-289319.84334,-504158.77124,112.74400,442564347.09668,11.47000,1138225.00000,4.78000,0.00000,0.00000,0.00000
-289135.61312,-503901.58727,114.92200,442564347.14291,11.06000,1375114.00000,4.81000,0.00000,0.00000,0.00000
-288935.46392,-503665.05786,117.98900,442564347.18913,10.69000,4942207.00000,5.12000,0.00000,0.00000,0.00000
-288667.67060,-503516.33546,121.81800,442564347.23535,10.22000,7443273.00000,3.55000,0.00000,0.00000,0.00000
-288379.54054,-503394.00911,124.92300,442564347.28157,10.10000,3706561.00000,4.28000,0.00000,0.00000,0.00000
-288079.47114,-503287.16553,128.20300,442564347.32779,9.86000,1208563.00000,4.10000,0.00000,0.00000,0.00000
-287771.00733,-503191.23392,129.95200,442564347.37401,9.69000,526055.00000,4.79000,0.00000,0.00000,0.00000
-287468.28590,-503087.82476,131.35700,442564347.42024,9.78000,540602.00000,4.80000,0.00000,0.00000,0.00000
-287331.38214,-502769.23727,132.46700,442564347.46646,9.65000,396045.00000,5.91000,0.00000,0.00000,0.00000
-287214.38340,-502424.83481,132.87300,442564347.51268,9.56000,697762.00000,5.70000,0.00000,0.00000,0.00000
-286888.67674,-502351.26306,132.82300,442564347.55890,9.57000,331218.00000,5.74000,0.00000,0.00000,0.00000
-286417.05202,-502467.04529,132.66800,442564347.60512,9.71000,227463.00000,4.96000,0.00000,0.00000,0.00000
-286010.42507,-502498.46634,132.76000,442564347.65135,9.59000,346754.00000,6.38000,0.00000,0.00000,0.00000
-285755.03379,-502333.65878,132.67700,442564347.69757,9.49000,177987.00000,6.45000,0.00000,0.00000,0.00000
-285477.96973,-502196.95134,133.16200,442564347.74379,9.30000,200711.00000,5.71000,0.00000,0.00000,0.00000
-285189.85953,-502074.59838,134.17700,442564347.79001,9.02000,647471.00000,4.01000,0.00000,0.00000,0.00000
-285185.64101,-501583.87822,131.93000,442564347.83623,8.81000,3631084.00000,3.32000,0.00000,0.00000,0.00000
-285085.03141,-501218.24871,131.97000,442564347.88245,8.57000,1723914.00000,3.67000,0.00000,0.00000,0.00000
-284879.17937,-500989.17389,132.54400,442564347.92867,8.53000,2188784.00000,2.73000,0.00000,0.00000,0.00000
-284238.62423,-501324.08727,137.45100,442564347.97489,8.44000,723685.00000,3.04000,0.00000,0.00000,0.00000
-284240.61178,-500825.34660,135.43900,442564348.02112,8.44000,377644.00000,3.43000,0.00000,0.00000,0.00000
-284371.72641,-500159.06129,134.37100,442564348.06734,8.68000,174680.00000,3.75000,0.00000,0.00000,0.00000
-284359.57214,-499678.67757,133.39900,442564348.11356,8.89000,251380.00000,3.73000,0.00000,0.00000,0.00000
-284281.53178,-499283.78833,133.10000,442564348.15978,9.09000,224460.00000,2.98000,0.00000,0.00000,0.00000
-284105.76274,-499015.69033,132.24800,442564348.20600,9.29000,1408119.00000,2.56000,0.00000,0.00000,0.00000
-283802.63477,-498912.82888,129.95900,442564348.25223,9.45000,2226536.00000,2.49000,0.00000,0.00000,0.00000
-283454.39825,-498868.48315,128.05100,442564348.29845,9.55000,4645164.00000,3.04000,0.00000,0.00000,0.00000
-283099.96766,-498832.16449,127.09400,442564348.34467,9.61000,705796.00000,4.57000,0.00000,0.00000,0.00000
-282466.48186,-499157.86433,126.67600,442564348.39089,9.76000,444548.00000,6.26000,0.00000,0.00000,0.00000
-281736.58003,-499608.62441,129.06500,442564348.43711,9.64000,178358.00000,7.40000,0.00000,0.00000,0.00000
-281018.61279,-500043.87726,133.05000,442564348.48333,9.16000,282576.00000,6.60000,0.00000,0.00000,0.00000
-280733.18073,-499918.04440,135.54700,442564348.52955,8.79000,193850.00000,5.85000,0.00000,0.00000,0.00000
-280528.67319,-499687.21806,136.18000,442564348.57578,8.68000,670443.00000,6.67000,0.00000,0.00000,0.00000
-280381.66079,-499381.80790,136.49400,442564348.62200,8.55000,380830.00000,4.87000,0.00000,0.00000,0.00000
-280479.67570,-498758.58842,134.04700,442564348.66822,8.72000,237739.00000,6.59000,0.00000,0.00000,0.00000
-280528.59434,-498199.03703,132.71300,442564348.71444,8.77000,214945.00000,5.99000,0.00000,0.00000,0.00000
-280605.38891,-497603.35674,132.04500,442564348.76066,8.81000,232573.00000,5.76000,0.00000,0.00000,0.00000
-280614.51708,-497095.44811,132.15900,442564348.80689,8.67000,265366.00000,4.91000,0.00000,0.00000,0.00000
-280520.59905,-496721.20918,132.52600,442564348.85311,8.42000,576459.00000,3.99000,0.00000,0.00000,0.00000
-280256.40642,-496567.83131,132.54200,442564348.89933,8.43000,954346.00000,4.91000,0.00000,0.00000,0.00000
-288508.11742,-490206.63247,136.16500,442618092.06983,8.22000,1627281.00000,4.62000,0.00000,0.00000,1.00000
-288894.09818,-490463.34203,136.74300,442618092.11601,8.63000,547730.00000,5.69000,0.00000,0.00000,1.00000
-288887.17348,-490769.25166,135.31600,442618092.16219,8.83000,1192523.00000,4.74000,0.00000,0.00000,1.00000
-287718.04478,-491220.68620,129.50400,442618092.20838,9.08000,1058279.00000,5.85000,0.00000,0.00000,1.00000
-287754.20254,-491521.19118,130.95100,442618092.25456,9.04000,1237567.00000,5.90000,0.00000,0.00000,1.00000
-288023.80637,-491792.47701,133.29500,442618092.30074,8.85000,1546997.00000,3.74000,0.00000,0.00000,1.00000
-287993.15527,-492101.35096,134.88200,442618092.34693,8.74000,2010221.00000,4.21000,0.00000,0.00000,1.00000
-287727.62085,-492439.62361,135.14500,442618092.39311,8.51000,1420658.00000,4.65000,0.00000,0.00000,1.00000
-287751.56324,-492741.66950,136.39400,442618092.43929,8.47000,2403278.00000,3.32000,0.00000,0.00000,1.00000
-288175.59063,-492993.62929,139.15400,442618092.48548,8.37000,1577881.00000,4.02000,0.00000,0.00000,1.00000
-288018.51689,-493318.32600,138.43900,442618092.53166,8.35000,1025608.00000,3.90000,0.00000,0.00000,1.00000
-287843.47891,-493645.26339,137.29900,442618092.57784,8.27000,835766.00000,3.44000,0.00000,0.00000,1.00000
-287531.96050,-493989.27541,135.03800,442618092.62402,8.41000,757688.00000,4.80000,0.00000,0.00000,1.00000
-287856.15545,-494253.76234,134.63900,442618092.67021,8.53000,256001.00000,4.92000,0.00000,0.00000,1.00000
-288301.01416,-494503.13293,134.77900,442618092.71639,8.68000,310636.00000,4.86000,0.00000,0.00000,1.00000
-287656.90353,-494888.74878,130.59300,442618092.76257,8.74000,264248.00000,4.34000,0.00000,0.00000,1.00000
-288225.32388,-495122.68631,130.66100,442618092.80876,8.86000,545577.00000,4.19000,0.00000,0.00000,1.00000
-288635.70335,-495376.38651,131.63100,442618092.85494,8.92000,846069.00000,4.21000,0.00000,0.00000,1.00000
-287046.97779,-495880.15330,123.20900,442618092.90112,9.14000,1317864.00000,4.01000,0.00000,0.00000,1.00000
-287080.94783,-496180.93381,122.07100,442618092.94731,9.28000,1417884.00000,4.07000,0.00000,0.00000,1.00000
-287163.03861,-496475.68851,121.88600,442618092.99349,9.39000,1479021.00000,4.16000,0.00000,0.00000,1.00000
-286992.27714,-496802.07370,121.32100,442618093.03967,9.55000,1528298.00000,3.81000,0.00000,0.00000,1.00000
-287093.76773,-497094.41726,121.09800,442618093.08586,9.64000,2488449.00000,3.13000,0.00000,0.00000,1.00000
-287213.21670,-497384.51924,121.09400,442618093.13204,9.49000,5655594.00000,2.63000,0.00000,0.00000,1.00000
-287446.14753,-497660.41905,134.27700,442618093.17822,9.38000,4185056.00000,3.68000,0.00000,0.00000,1.00000
-287435.56639,-497966.77497,134.15200,442618093.22440,9.46000,377914.00000,4.53000,0.00000,0.00000,1.00000
-287450.12669,-498269.98805,133.81800,442618093.27059,9.30000,217435.00000,4.57000,0.00000,0.00000,1.00000
-287464.68978,-498573.21166,134.52700,442618093.31677,9.04000,229281.00000,4.38000,0.00000,0.00000,1.00000
-287547.48273,-498867.88705,134.88000,442618093.36295,9.19000,410950.00000,4.13000,0.00000,0.00000,1.00000
-287523.96461,-499175.86278,135.30500,442618093.40914,9.11000,642751.00000,3.98000,0.00000,0.00000,1.00000
-287594.54837,-499472.07944,134.77400,442618093.45532,8.96000,480466.00000,4.38000,0.00000,0.00000,1.00000
-287779.34665,-499754.02223,134.87300,442618093.50150,8.86000,448396.00000,3.77000,0.00000,0.00000,1.00000
-287514.45259,-500092.15556,132.03200,442618093.54768,8.85000,2219746.00000,5.10000,0.00000,0.00000,1.00000
-287503.13520,-500398.60193,133.40800,442618093.59387,8.81000,494151.00000,5.93000,0.00000,0.00000,1.00000
-287399.86616,-500716.54275,132.38900,442618093.64005,8.90000,204162.00000,6.50000,0.00000,0.00000,1.00000
-287083.95815,-501061.04215,132.52100,442618093.68623,8.72000,96517.00000,7.01000,0.00000,0.00000,1.00000
-287217.02347,-501349.45039,132.76800,442618093.73242,8.65000,226598.00000,6.41000,0.00000,0.00000,1.00000
-287541.17959,-501614.00175,132.58500,442618093.77860,8.61000,596273.00000,5.94000,0.00000,0.00000,1.00000
-287395.50917,-501937.22256,132.37600,442618093.82478,8.53000,605392.00000,4.94000,0.00000,0.00000,1.00000
-287168.66631,-502270.58744,132.43000,442618093.87097,8.53000,569421.00000,4.55000,0.00000,0.00000,1.00000
-286928.17598,-502605.66527,132.63800,442618093.91715,8.63000,229243.00000,4.37000,0.00000,0.00000,1.00000
-286883.07551,-502916.33004,132.27500,442618093.96333,8.71000,89074.00000,4.90000,0.00000,0.00000,1.00000
-286929.92238,-503215.50995,132.27000,442618094.00951,8.68000,206931.00000,4.19000,0.00000,0.00000,1.00000
-286800.05009,-503536.76007,132.53000,442618094.05570,8.78000,580132.00000,3.86000,0.00000,0.00000,1.00000
-286588.27585,-503868.22893,132.33800,442618094.10188,8.89000,601758.00000,2.82000,0.00000,0.00000,1.00000
-286343.45280,-504203.82830,131.67200,442618094.14806,8.91000,1399990.00000,2.82000,0.00000,0.00000,1.00000
-286098.62732,-504539.42044,131.61000,442618094.19425,9.01000,493414.00000,2.94000,0.00000,0.00000,1.00000
-285889.71474,-504870.52231,131.60500,442618094.24043,9.07000,2441096.00000,2.37000,0.00000,0.00000,1.00000
-285604.65058,-505211.12430,132.34300,442618094.28661,9.22000,1252874.00000,2.44000,0.00000,0.00000,1.00000
-288402.91119,-505166.84676,110.30800,442618094.33280,9.37000,4067529.00000,2.13000,0.00000,0.00000,1.00000
-288834.81573,-505417.97029,107.29100,442618094.37898,9.41000,2930781.00000,2.09000,0.00000,0.00000,1.00000
-288132.34503,-505810.71193,108.83000,442618094.42516,9.50000,2184993.00000,2.41000,0.00000,0.00000,1.00000
-288239.51857,-506102.37258,107.77200,442618094.47135,9.75000,4225279.00000,2.39000,0.00000,0.00000,1.00000
-287823.68106,-506459.30692,108.73200,442618094.51753,9.94000,2000032.00000,2.61000,0.00000,0.00000,1.00000
-287836.74279,-506762.72382,108.45100,442618094.56371,10.02000,1014573.00000,2.98000,0.00000,0.00000,1.00000
-287981.98494,-507049.63467,108.20800,442618094.60989,10.21000,713490.00000,3.02000,0.00000,0.00000,1.00000
-287766.58074,-507381.55402,109.28000,442618094.65608,10.18000,976483.00000,3.23000,0.00000,0.00000,1.00000
-287549.02031,-507713.73870,110.68900,442618094.70226,10.24000,625930.00000,4.20000,0.00000,0.00000,1.00000
-287669.11516,-508003.79688,111.48700,442618094.74844,10.35000,910998.00000,4.92000,0.00000,0.00000,1.00000
-287398.38160,-508342.59786,114.20000,442618094.79463,10.65000,300070.00000,6.65000,0.00000,0.00000,1.00000
-287725.37863,-508606.84695,115.37600,442618094.84081,10.86000,983106.00000,8.89000,0.00000,0.00000,1.00000
-288612.74501,-508801.19745,117.62900,442618094.88699,10.57000,683157.00000,7.41000,0.00000,0.00000,1.00000
-288717.02580,-509093.23537,118.09800,442618094.93317,10.33000,1020815.00000,5.39000,0.00000,0.00000,1.00000
-288301.88066,-509450.05826,118.84000,442618094.97936,10.06000,1482264.00000,4.81000,0.00000,0.00000,1.00000
-287937.74957,-509800.52630,119.70200,442618095.02554,9.88000,697353.00000,4.63000,0.00000,0.00000,1.00000
-287371.00872,-510176.23296,120.87600,442618095.07172,9.90000,1543128.00000,4.42000,0.00000,0.00000,1.00000
-287664.93823,-510444.60668,121.63400,442618095.11791,9.93000,662726.00000,3.77000,0.00000,0.00000,1.00000
-287516.32089,-510768.17331,122.59500,442618095.16409,9.85000,759041.00000,3.47000,0.00000,0.00000,1.00000
-287855.51557,-511030.91355,123.56800,442618095.21027,9.80000,3157653.00000,2.50000,0.00000,0.00000,1.00000
-288291.70447,-511281.56776,134.52700,442618095.25645,9.63000,2909645.00000,2.22000,0.00000,0.00000,1.00000
-288318.37490,-511583.27869,135.25800,442618095.30263,9.50000,302984.00000,3.22000,0.00000,0.00000,1.00000
-288814.88895,-511826.41188,135.87800,442618095.34882,9.41000,207897.00000,3.68000,0.00000,0.00000,1.00000
-288720.86357,-512143.17692,134.63400,442618095.39500,9.27000,1586564.00000,4.36000,0.00000,0.00000,1.00000
-288749.68560,-512444.62804,135.45000,442618095.44118,9.15000,599037.00000,3.69000,0.00000,0.00000,1.00000
-288239.68095,-512813.23417,135.67900,442618095.48736,8.94000,379548.00000,3.18000,0.00000,0.00000,1.00000
-288456.00876,-513091.31535,135.45000,442618095.53354,8.83000,536336.00000,3.09000,0.00000,0.00000,1.00000
-288673.76750,-513369.21218,135.13400,442618095.57973,8.54000,1100528.00000,2.22000,0.00000,0.00000,1.00000
-289441.11772,-513578.61192,151.25100,442618095.62591,8.38000,1087386.00000,1.96000,0.00000,0.00000,1.00000
-289492.92559,-513877.21017,151.73300,442618095.67209,8.25000,1380098.00000,1.52000,0.00000,0.00000,1.00000
-289490.11454,-514182.58817,152.64700,442618095.71827,8.17000,674184.00000,1.68000,0.00000,0.00000,1.00000
-289506.71218,-514485.57153,154.00800,442618095.76445,7.98000,1434929.00000,1.71000,0.00000,0.00000,1.00000
-289465.82571,-514795.69981,153.79500,442618095.81063,7.95000,3204667.00000,1.61000,0.00000,0.00000,1.00000
-289410.57798,-515107.63433,152.00200,442618095.85681,8.03000,637179.00000,1.84000,0.00000,0.00000,1.00000
-289321.54887,-515423.75724,150.31700,442618095.90299,8.12000,572046.00000,1.73000,0.00000,0.00000,1.00000
-289111.82270,-515754.91834,146.91300,442618095.94917,8.21000,853412.00000,1.89000,0.00000,0.00000,1.00000
-288986.15282,-516075.61391,144.71500,442618095.99536,8.35000,316256.00000,2.12000,0.00000,0.00000,1.00000
-289028.59641,-516375.37231,143.85200,442618096.04154,8.35000,168145.00000,3.12000,0.00000,0.00000,1.00000
-288934.53090,-516692.12554,144.12000,442618096.08772,8.26000,1584769.00000,2.31000,0.00000,0.00000,1.00000
-288842.61039,-517008.60770,138.57200,442618096.13390,8.28000,2330948.00000,1.94000,0.00000,0.00000,1.00000
-289136.50264,-517277.05007,134.56700,442618096.18008,8.31000,1956187.00000,1.91000,0.00000,0.00000,1.00000
-289699.81842,-517511.94228,130.53100,442618096.22626,8.37000,1320059.00000,2.89000,0.00000,0.00000,1.00000
-289984.37280,-517781.55152,128.92200,442618096.27244,8.41000,1799268.00000,4.33000,0.00000,0.00000,1.00000
-290130.26582,-518068.43859,129.09400,442618096.31862,8.41000,681076.00000,4.52000,0.00000,0.00000,1.00000
-290110.89993,-518375.88713,129.50700,442618096.36480,8.41000,1271386.00000,5.33000,0.00000,0.00000,1.00000
-289349.35648,-518775.74411,131.14400,442618096.41098,8.60000,3353016.00000,5.13000,0.00000,0.00000,1.00000
-292023.93624,-518398.73482,132.49900,442736998.97522,9.51000,940171.00000,2.30000,0.00000,0.00000,0.00000
-291679.18045,-518345.86125,131.99900,442736999.02141,9.34000,447957.00000,2.72000,0.00000,0.00000,0.00000
-291476.80186,-518113.82447,130.68800,442736999.06761,9.12000,214890.00000,4.06000,0.00000,0.00000,0.00000
-291278.02784,-517877.24240,129.97500,442736999.11381,9.11000,242571.00000,5.71000,0.00000,0.00000,0.00000
-291111.70697,-517599.85462,129.67100,442736999.16000,8.87000,293185.00000,5.42000,0.00000,0.00000,0.00000
-290933.22108,-517337.76661,129.79700,442736999.20620,8.81000,298317.00000,6.19000,0.00000,0.00000,0.00000
-290784.47611,-517038.26532,129.76100,442736999.25240,8.84000,578718.00000,6.41000,0.00000,0.00000,0.00000
-290629.42066,-516746.68616,130.51000,442736999.29859,8.62000,486137.00000,6.89000,0.00000,0.00000,0.00000
-290330.19329,-516636.54471,131.99500,442736999.34479,8.25000,1441859.00000,4.72000,0.00000,0.00000,0.00000
-290284.17813,-516207.76146,134.11500,442736999.39098,8.05000,2125835.00000,3.63000,0.00000,0.00000,0.00000
-290350.81772,-515637.26340,142.59600,442736999.43718,7.85000,1665991.00000,4.41000,0.00000,0.00000,0.00000
-290238.12919,-515292.40579,143.35200,442736999.48338,7.93000,2533442.00000,4.39000,0.00000,0.00000,0.00000
-289760.48294,-515406.75786,143.76400,442736999.52957,7.83000,4291181.00000,2.89000,0.00000,0.00000,0.00000
-289865.42032,-514788.07683,152.24100,442736999.57577,7.61000,4206584.00000,2.19000,0.00000,0.00000,0.00000
-289596.84762,-514639.38206,153.71400,442736999.62196,7.55000,1500313.00000,2.27000,0.00000,0.00000,0.00000
-289374.22871,-514432.84743,153.25400,442736999.66816,7.59000,2148829.00000,2.36000,0.00000,0.00000,0.00000
-289241.28281,-514113.50826,151.26000,442736999.71436,7.61000,370001.00000,2.67000,0.00000,0.00000,0.00000
-289262.88010,-513599.70606,150.32400,442736999.76055,7.72000,1304359.00000,2.79000,0.00000,0.00000,0.00000
-289180.40704,-513216.87782,149.71900,442736999.80675,7.83000,1383005.00000,2.05000,0.00000,0.00000,0.00000
-288960.50852,-513006.93776,146.01000,442736999.85294,8.01000,500554.00000,2.81000,0.00000,0.00000,0.00000
-288714.48359,-512829.88680,143.53000,442736999.89914,8.18000,598750.00000,2.11000,0.00000,0.00000,0.00000
-288326.96820,-512830.83034,139.66800,442736999.94534,8.35000,271526.00000,2.74000,0.00000,0.00000,0.00000
-287847.08190,-512947.99358,137.06600,442736999.99153,8.34000,355071.00000,3.27000,0.00000,0.00000,0.00000
-287236.96035,-513228.97819,136.15300,442737000.03773,8.30000,764475.00000,4.15000,0.00000,0.00000,0.00000
-286796.71659,-513296.24169,135.82000,442737000.08392,8.14000,578676.00000,4.10000,0.00000,0.00000,0.00000
-286397.02779,-513312.47604,139.55600,442737000.13012,8.07000,555431.00000,2.99000,0.00000,0.00000,0.00000
-286141.08757,-513147.87935,141.63800,442737000.17632,7.91000,886347.00000,2.66000,0.00000,0.00000,0.00000
-285869.82612,-513002.55110,142.87600,442737000.22251,8.07000,4517054.00000,2.18000,0.00000,0.00000,0.00000
-285603.96685,-512850.40982,140.66700,442737000.26871,8.39000,2658346.00000,2.19000,0.00000,0.00000,0.00000
-285397.59326,-512623.44892,137.59900,442737000.31490,8.60000,1926349.00000,2.62000,0.00000,0.00000,0.00000
-285228.63141,-512349.44739,134.44700,442737000.36110,8.84000,14069595.00000,2.09000,0.00000,0.00000,0.00000
-285143.03561,-511970.56548,132.05100,442737000.40730,9.01000,14829685.00000,2.49000,0.00000,0.00000,0.00000
-284987.59140,-511679.54300,130.79400,442737000.45349,9.13000,5991314.00000,2.78000,0.00000,0.00000,0.00000
-284860.54694,-511352.82264,130.95700,442737000.49969,9.08000,3148369.00000,2.97000,0.00000,0.00000,0.00000
-284647.42650,-511134.35747,131.34200,442737000.54589,9.03000,6750393.00000,2.41000,0.00000,0.00000,0.00000
-284397.35294,-510962.37054,131.28100,442737000.59208,9.00000,1762713.00000,2.66000,0.00000,0.00000,0.00000
-284195.50594,-510729.73780,131.38200,442737000.63828,8.84000,2177568.00000,2.90000,0.00000,0.00000,0.00000
-283960.75783,-510538.47404,131.53300,442737000.68448,8.82000,670961.00000,3.29000,0.00000,0.00000,0.00000
-283748.10507,-510319.45384,131.98000,442737000.73067,8.74000,705296.00000,3.60000,0.00000,0.00000,0.00000
-283548.06263,-510084.54283,132.56300,442737000.77687,8.69000,637825.00000,3.92000,0.00000,0.00000,0.00000
-283329.09812,-509873.44413,133.10300,442737000.82307,8.71000,296118.00000,3.98000,0.00000,0.00000,0.00000
-283220.09616,-509524.03713,133.65800,442737000.86927,8.63000,569332.00000,4.87000,0.00000,0.00000,0.00000
-283069.64280,-509226.79110,134.39400,442737000.91546,8.32000,344021.00000,3.94000,0.00000,0.00000,0.00000
-282878.62458,-508980.54511,135.15100,442737000.96166,8.17000,415481.00000,3.50000,0.00000,0.00000,0.00000
-282714.19961,-508700.85778,134.89400,442737001.00786,8.19000,128122.00000,4.16000,0.00000,0.00000,0.00000
-282671.91388,-508267.57368,135.22800,442737001.05405,8.29000,146954.00000,5.24000,0.00000,0.00000,0.00000
-282602.14168,-507868.86605,135.02100,442737001.10025,8.42000,180188.00000,4.87000,0.00000,0.00000,0.00000
-282446.74338,-507577.84614,134.39600,442737001.14645,8.61000,462657.00000,3.73000,0.00000,0.00000,0.00000
-282154.79121,-507458.55646,131.96100,442737001.19265,8.90000,381414.00000,3.59000,0.00000,0.00000,0.00000
-281818.67485,-507394.81143,128.97600,442737001.23884,9.44000,319758.00000,3.99000,0.00000,0.00000,0.00000
-281513.65066,-507291.94985,126.52500,442737001.28504,9.76000,562278.00000,4.27000,0.00000,0.00000,0.00000
-281343.39449,-507019.63214,124.37400,442737001.33124,9.89000,453494.00000,4.49000,0.00000,0.00000,0.00000
-281068.57712,-506878.80917,122.76300,442737001.37743,9.99000,671561.00000,4.37000,0.00000,0.00000,0.00000
-280421.91303,-507205.54933,118.06200,442737001.42363,10.13000,1316350.00000,5.23000,0.00000,0.00000,0.00000
-280110.12357,-507111.17982,116.72200,442737001.46983,10.08000,2326955.00000,4.95000,0.00000,0.00000,0.00000
-280199.03237,-506512.96981,119.98200,442737001.51603,10.14000,538414.00000,4.62000,0.00000,0.00000,0.00000
-279921.05398,-506376.09049,120.01600,442737001.56222,10.01000,575688.00000,4.57000,0.00000,0.00000,0.00000
-279676.43887,-506197.28371,120.32800,442737001.60842,9.98000,632955.00000,4.08000,0.00000,0.00000,0.00000
-279334.46005,-506140.88289,119.43500,442737001.65462,10.02000,403424.00000,4.47000,0.00000,0.00000,0.00000
-278883.39876,-506221.62608,118.61600,442737001.70082,9.98000,234836.00000,4.34000,0.00000,0.00000,0.00000
-278360.22051,-506393.04983,117.57400,442737001.74701,10.04000,227054.00000,5.50000,0.00000,0.00000,0.00000
-277903.74855,-506480.58382,117.08000,442737001.79321,10.09000,377017.00000,6.11000,0.00000,0.00000,0.00000
-277559.06061,-506427.56657,116.35100,442737001.83941,10.27000,121822.00000,8.16000,0.00000,0.00000,0.00000
-278179.89930,-505160.62296,116.41100,442737001.88561,10.27000,163204.00000,7.63000,0.00000,0.00000,0.00000
-277971.80119,-504935.89350,115.38400,442737001.93180,9.78000,414137.00000,6.35000,0.00000,0.00000,0.00000
-277047.43768,-505611.66796,113.41800,442737001.97800,9.34000,1253829.00000,5.65000,0.00000,0.00000,0.00000
-277031.76614,-502713.32113,116.05200,442737002.25519,9.27000,566949.00000,4.78000,0.00000,0.00000,0.00000
-277012.56060,-502251.13262,116.18600,442737002.30139,9.92000,617290.00000,5.81000,0.00000,0.00000,0.00000
-283546.59831,-493745.33872,126.16100,442790745.99705,7.76000,808599.00000,3.16000,0.00000,0.00000,1.00000
-282449.85154,-494779.02897,126.95400,442790746.13556,7.92000,761812.00000,2.23000,0.00000,0.00000,1.00000
-281821.65887,-495152.38148,127.04600,442790746.18174,8.02000,2688674.00000,1.96000,0.00000,0.00000,1.00000
-281779.11543,-495461.48551,127.14700,442790746.22791,8.03000,1831278.00000,1.81000,0.00000,0.00000,1.00000
-279530.98657,-497230.16727,131.14700,442790746.45876,8.43000,367799.00000,4.15000,0.00000,0.00000,1.00000
-279625.84101,-497524.18703,130.47000,442790746.50493,8.36000,412535.00000,4.69000,0.00000,0.00000,1.00000
-279919.97859,-497796.35433,131.65300,442790746.55110,8.55000,388929.00000,4.45000,0.00000,0.00000,1.00000
-280127.06303,-498078.07499,132.39300,442790746.59727,8.65000,181489.00000,4.48000,0.00000,0.00000,1.00000
-280251.40219,-498368.85794,133.30700,442790746.64345,8.66000,341875.00000,4.33000,0.00000,0.00000,1.00000
-280302.36425,-498667.70524,134.24300,442790746.68962,8.76000,1540869.00000,3.48000,0.00000,0.00000,1.00000
-280208.70419,-498982.38515,134.44600,442790746.73579,8.97000,877391.00000,2.90000,0.00000,0.00000,1.00000
-280121.52128,-499296.36629,135.44500,442790746.78196,8.95000,2128889.00000,3.50000,0.00000,0.00000,1.00000
-281823.70299,-499414.23746,122.49000,442790746.82813,8.73000,446944.00000,2.75000,0.00000,0.00000,1.00000
-282967.55964,-499593.32208,126.44300,442790746.87430,8.72000,492828.00000,4.44000,0.00000,0.00000,1.00000
-282525.66437,-499946.18802,123.96800,442790746.92047,8.76000,607200.00000,5.15000,0.00000,0.00000,1.00000
-282401.06651,-500264.29128,123.15400,442790746.96664,8.99000,1284829.00000,6.14000,0.00000,0.00000,1.00000
-282173.56758,-500593.64931,122.18300,442790747.01281,9.20000,316638.00000,5.25000,0.00000,0.00000,1.00000
-282395.74678,-500873.74391,123.86000,442790747.05898,9.10000,628795.00000,4.69000,0.00000,0.00000,1.00000
-282214.29630,-501198.07346,123.99600,442790747.10516,9.03000,439316.00000,4.28000,0.00000,0.00000,1.00000
-282538.65477,-501466.97531,122.55000,442790747.15133,9.05000,1894694.00000,4.25000,0.00000,0.00000,1.00000
-282581.67803,-501766.70064,122.52600,442790747.19750,9.04000,3223890.00000,3.18000,0.00000,0.00000,1.00000
-282224.66907,-502110.25192,119.34000,442790747.24367,9.04000,1765373.00000,3.44000,0.00000,0.00000,1.00000
-278642.84968,-502806.93565,127.40700,442790747.28984,9.06000,6192135.00000,3.57000,0.00000,0.00000,1.00000
-281881.16178,-502756.74786,117.79800,442790747.33601,9.35000,1609205.00000,4.14000,0.00000,0.00000,1.00000
-281714.80744,-503079.41027,116.17300,442790747.38218,9.75000,2508486.00000,4.98000,0.00000,0.00000,1.00000
-281858.54823,-503368.10560,116.95100,442790747.42835,10.04000,2710403.00000,4.93000,0.00000,0.00000,1.00000
-282059.11508,-503650.57372,120.74500,442790747.47452,9.98000,844400.00000,5.14000,0.00000,0.00000,1.00000
-280378.17848,-504139.03776,117.18400,442790747.52070,10.25000,625334.00000,5.85000,0.00000,0.00000,1.00000
-280764.39430,-504401.19771,116.95600,442790747.56687,10.58000,250625.00000,8.92000,0.00000,0.00000,1.00000
-281418.97759,-504633.97210,118.68100,442790747.61304,10.88000,105558.00000,10.91000,0.00000,0.00000,1.00000
-281246.11899,-504957.32426,119.54100,442790747.65921,10.73000,205705.00000,8.54000,0.00000,0.00000,1.00000
-280920.00135,-505297.44739,120.11400,442790747.70538,10.37000,105498.00000,8.71000,0.00000,0.00000,1.00000
-280980.98382,-505595.20915,121.19200,442790747.75155,10.34000,198720.00000,8.94000,0.00000,0.00000,1.00000
-282098.92717,-505777.29707,125.32000,442790747.79772,10.20000,108715.00000,9.45000,0.00000,0.00000,1.00000
-282832.64831,-506001.44833,129.56400,442790747.84389,10.03000,136224.00000,6.39000,0.00000,0.00000,1.00000
-283126.02874,-506273.79963,132.36600,442790747.89006,9.59000,556474.00000,4.86000,0.00000,0.00000,1.00000
-282966.11502,-506595.74713,131.88800,442790747.93623,9.46000,1715293.00000,3.75000,0.00000,0.00000,1.00000
-281041.94727,-507110.70544,120.59700,442790747.98241,9.26000,583264.00000,2.98000,0.00000,0.00000,1.00000
-280333.73935,-507492.59920,117.65400,442790748.02858,9.30000,1019425.00000,3.36000,0.00000,0.00000,1.00000
-280547.24534,-507773.67501,117.54600,442790748.07475,9.36000,350024.00000,3.21000,0.00000,0.00000,1.00000
-282672.50416,-507845.65677,135.30600,442790748.12092,9.35000,3069451.00000,3.14000,0.00000,0.00000,1.00000
-280502.95860,-508387.37789,117.81600,442790748.16709,9.40000,441289.00000,2.88000,0.00000,0.00000,1.00000
-282295.08089,-508495.82011,134.29500,442790748.21326,9.29000,3439338.00000,3.08000,0.00000,0.00000,1.00000
-282286.97187,-508801.15810,133.77600,442790748.25943,9.05000,1961891.00000,3.06000,0.00000,0.00000,1.00000
-282139.26257,-509121.74901,134.17400,442790748.30560,8.94000,5191213.00000,2.61000,0.00000,0.00000,1.00000
-281962.77010,-509445.48142,133.39800,442790748.35177,8.97000,1655906.00000,3.03000,0.00000,0.00000,1.00000
-281847.44510,-509762.54175,132.84200,442790748.39794,9.01000,2578145.00000,3.33000,0.00000,0.00000,1.00000
-281733.54392,-510079.42306,132.18000,442790748.44412,8.97000,1081259.00000,3.32000,0.00000,0.00000,1.00000
-281779.38910,-510378.86055,131.48300,442790748.49029,9.02000,756200.00000,3.29000,0.00000,0.00000,1.00000
-281627.35345,-510699.92236,130.92100,442790748.53646,9.10000,580979.00000,3.07000,0.00000,0.00000,1.00000
-281514.88486,-511016.64084,130.41900,442790748.58263,9.25000,563267.00000,3.06000,0.00000,0.00000,1.00000
-281318.95092,-511342.48856,129.64600,442790748.62880,9.25000,640630.00000,3.20000,0.00000,0.00000,1.00000
-281218.70909,-511657.86832,129.33400,442790748.67497,9.31000,1019794.00000,3.24000,0.00000,0.00000,1.00000
-281050.82453,-511980.63623,128.84000,442790748.72114,9.28000,6055213.00000,3.67000,0.00000,0.00000,1.00000
-282258.74627,-512153.09363,121.00100,442790748.76731,9.50000,1115917.00000,4.12000,0.00000,0.00000,1.00000
-282472.22889,-512434.20373,120.28900,442790748.81348,9.81000,848541.00000,5.78000,0.00000,0.00000,1.00000
-282651.16545,-512719.08724,121.05000,442790748.85965,9.99000,624817.00000,4.81000,0.00000,0.00000,1.00000
-283294.22592,-512953.28482,122.95700,442790748.90582,10.04000,4023854.00000,4.50000,0.00000,0.00000,1.00000
-282240.53774,-513372.84095,124.81800,442790748.95199,10.16000,1083844.00000,4.82000,0.00000,0.00000,1.00000
-283942.78506,-513491.32952,129.60700,442790748.99816,10.24000,572509.00000,5.92000,0.00000,0.00000,1.00000
-283536.72368,-513840.14642,126.27400,442790749.04433,10.31000,366293.00000,7.54000,0.00000,0.00000,1.00000
-283959.58851,-514098.40020,127.22800,442790749.09050,10.31000,279471.00000,7.58000,0.00000,0.00000,1.00000
-283660.00793,-514435.57825,126.06500,442790749.13667,9.84000,349262.00000,6.64000,0.00000,0.00000,1.00000
-283102.81872,-514800.87346,122.49600,442790749.18284,9.69000,513755.00000,6.25000,0.00000,0.00000,1.00000
-282543.47140,-515166.40882,118.11500,442790749.22901,9.80000,667388.00000,7.49000,0.00000,0.00000,1.00000
-282194.94329,-515508.91351,117.32200,442790749.27518,9.67000,537161.00000,5.10000,0.00000,0.00000,1.00000
-281434.08640,-515896.41841,115.52300,442790749.32135,9.83000,201173.00000,6.65000,0.00000,0.00000,1.00000
-286203.75166,-516898.02816,121.37700,442790749.55221,10.24000,2398168.00000,4.39000,0.00000,0.00000,1.00000
-285468.06268,-517282.80321,115.46800,442790749.59838,10.51000,1100913.00000,6.78000,0.00000,0.00000,1.00000
-284178.26007,-517728.04357,109.08800,442790749.64455,10.57000,798058.00000,7.14000,0.00000,0.00000,1.00000
-309047.54599,-486477.29606,144.46500,444374234.41454,9.29000,685169.00000,2.65000,0.00000,0.00000,0.00000
-308771.33177,-486343.67353,145.27900,444374234.46085,9.21000,2359707.00000,2.94000,0.00000,0.00000,0.00000
-308564.35650,-486108.84204,146.29300,444374234.50717,9.33000,1215620.00000,2.77000,0.00000,0.00000,0.00000
-309007.22386,-484924.38943,146.41300,444374234.55348,9.47000,2566502.00000,2.15000,0.00000,0.00000,0.00000
