-311405.93880,-489067.96481,155.57200,583967573.64660,10.70000,200641.00000,4.93000,0.00000,0.00000,0.00000
-311089.14004,-488985.17207,154.95900,583967573.69362,10.77000,294720.00000,5.30000,0.00000,0.00000,0.00000
-310973.19235,-488613.82658,154.53300,583967573.74064,10.55000,196253.00000,5.75000,0.00000,0.00000,0.00000
-310858.92864,-488240.07246,154.36300,583967573.78767,10.82000,310954.00000,4.77000,0.00000,0.00000,0.00000
-310594.54656,-488081.97039,153.88700,583967573.83469,10.90000,632980.00000,4.31000,0.00000,0.00000,0.00000
-310247.14296,-488043.14455,152.60800,583967573.88172,10.77000,453638.00000,4.56000,0.00000,0.00000,0.00000
-309917.34511,-487979.00514,151.28600,583967573.92874,11.05000,276432.00000,6.17000,0.00000,0.00000,0.00000
-309265.50112,-488377.49871,151.15400,583967573.97576,11.38000,394067.00000,10.87000,0.00000,0.00000,0.00000
-308519.71459,-488910.91092,153.93700,583967574.02279,11.63000,1157105.00000,8.85000,0.00000,0.00000,0.00000
-308012.53102,-489101.55729,157.44300,583967574.06981,11.22000,2506671.00000,5.48000,0.00000,0.00000,0.00000
-309781.16772,-486023.17091,148.06600,583967574.11683,10.81000,2896031.00000,4.27000,0.00000,0.00000,0.00000
-309814.12549,-485437.99726,150.06400,583967574.16386,10.52000,1092010.00000,3.74000,0.00000,0.00000,0.00000
-309643.28192,-485145.55306,148.48900,583967574.21088,10.32000,1996217.00000,3.82000,0.00000,0.00000,0.00000
-306853.36807,-488077.19974,163.94600,583967574.30493,9.90000,1004986.00000,4.52000,0.00000,0.00000,0.00000
-306911.91056,-487455.27104,162.38100,583967574.35196,9.85000,294733.00000,4.80000,0.00000,0.00000,0.00000
-307066.92491,-486694.82323,162.13400,583967574.39898,9.87000,195810.00000,5.39000,0.00000,0.00000,0.00000
-307094.86544,-486116.87183,162.95600,583967574.44600,9.89000,175217.00000,5.15000,0.00000,0.00000,0.00000
-307118.61824,-485544.95111,164.30000,583967574.49303,9.63000,282726.00000,4.15000,0.00000,0.00000,0.00000
-307080.72588,-485061.57601,166.20800,583967574.54005,9.52000,357595.00000,3.56000,0.00000,0.00000,0.00000
-304247.12135,-488593.31302,148.37400,583967574.58707,9.69000,563761.00000,4.09000,0.00000,0.00000,0.00000
-306777.24371,-484421.89536,167.22800,583967574.63410,9.64000,575466.00000,3.55000,0.00000,0.00000,0.00000
-306585.87334,-484158.96673,166.06700,583967574.68112,9.62000,735968.00000,2.56000,0.00000,0.00000,0.00000
-306425.54814,-483851.46905,162.82500,583967574.72815,9.64000,941197.00000,3.81000,0.00000,0.00000,0.00000
-306440.94352,-483291.60258,161.24300,583967574.77517,9.89000,1182520.00000,4.44000,0.00000,0.00000,0.00000
-306204.71886,-483093.11586,156.45300,583967574.82220,10.33000,2054114.00000,6.21000,0.00000,0.00000,0.00000
-305803.24037,-483131.93436,155.93400,583967574.86922,11.03000,826595.00000,9.49000,0.00000,0.00000,0.00000
-305653.82332,-482808.77962,158.51100,583967574.91624,11.14000,357249.00000,9.22000,0.00000,0.00000,0.00000
-304524.24141,-483893.16090,157.07900,583967574.96327,10.84000,86137.00000,10.41000,0.00000,0.00000,0.00000
-304224.25114,-483786.21255,158.06900,583967575.01029,10.64000,143657.00000,11.34000,0.00000,0.00000,0.00000
-304092.45042,-483437.74639,159.76900,583967575.05732,9.98000,141081.00000,8.26000,0.00000,0.00000,0.00000
-304029.01804,-482991.10936,160.60000,583967575.10434,10.09000,165960.00000,8.74000,0.00000,0.00000,0.00000
-303822.56785,-482749.85643,163.88000,583967575.15137,9.71000,257334.00000,5.44000,0.00000,0.00000,0.00000
-303629.95425,-482488.71469,165.63200,583967575.19839,9.19000,363325.00000,5.73000,0.00000,0.00000,0.00000
-303352.62607,-482349.23942,166.33900,583967575.24542,9.20000,252685.00000,6.23000,0.00000,0.00000,0.00000
-303116.40177,-482150.73518,166.47500,583967575.29244,9.36000,112843.00000,7.51000,0.00000,0.00000,0.00000
-302969.10732,-481824.56730,167.23900,583967575.33947,9.46000,173866.00000,6.06000,0.00000,0.00000,0.00000
-302651.50953,-481742.88350,166.73000,583967575.38649,9.30000,174009.00000,5.86000,0.00000,0.00000,0.00000
-302272.26372,-481749.74381,165.19100,583967575.43352,9.61000,156850.00000,7.02000,0.00000,0.00000,0.00000
-302131.26197,-481414.52565,165.63200,583967575.48054,9.48000,138500.00000,6.47000,0.00000,0.00000,0.00000
-301820.80506,-481322.61000,165.47800,583967575.52757,9.86000,113362.00000,7.60000,0.00000,0.00000,0.00000
-301446.59123,-481322.23237,165.25500,583967575.57459,9.85000,204131.00000,8.84000,0.00000,0.00000,0.00000
-301133.62049,-481233.92749,165.48900,583967575.62162,9.77000,155835.00000,8.87000,0.00000,0.00000,0.00000
-300927.19134,-480992.65092,166.73300,583967575.66864,9.49000,316855.00000,8.90000,0.00000,0.00000,0.00000
-300600.38547,-480924.22406,167.59200,583967575.71567,9.57000,164128.00000,9.34000,0.00000,0.00000,0.00000
-300161.56417,-481016.55496,168.00400,583967575.76269,9.40000,123370.00000,6.37000,0.00000,0.00000,0.00000
-299799.09800,-480999.30169,166.97200,583967575.80972,9.38000,138867.00000,6.76000,0.00000,0.00000,0.00000
-299508.36070,-480879.06281,166.28200,583967575.85674,9.72000,263479.00000,7.93000,0.00000,0.00000,0.00000
-299311.58732,-480623.92550,165.33100,583967575.90377,9.65000,119171.00000,7.53000,0.00000,0.00000,0.00000
-309391.99548,-485743.42242,147.11500,584021320.37863,10.65000,3189842.00000,4.16000,0.00000,0.00000,1.00000
-310422.50093,-486188.08766,145.17900,584021320.47277,10.79000,967930.00000,4.73000,0.00000,0.00000,1.00000
-310318.31721,-486518.46732,145.19100,584021320.51985,10.85000,1660416.00000,4.53000,0.00000,0.00000,1.00000
-310536.88400,-486792.57080,145.10600,584021320.56692,10.87000,2259496.00000,4.80000,0.00000,0.00000,1.00000
-310020.94576,-487194.76061,147.39100,584021320.61399,10.99000,3883724.00000,4.30000,0.00000,0.00000,1.00000
-311387.25053,-488205.34953,154.43600,584021320.80229,11.36000,3825524.00000,4.29000,0.00000,0.00000,1.00000
-311240.16459,-493538.77047,149.71600,584021321.60256,10.75000,2134853.00000,3.75000,0.00000,0.00000,1.00000
-310918.80241,-493906.96703,149.61900,584021321.64963,10.69000,353010.00000,4.36000,0.00000,0.00000,1.00000
-310745.80148,-494249.33129,148.47800,584021321.69670,10.55000,420950.00000,5.18000,0.00000,0.00000,1.00000
-311041.01720,-494510.10330,146.36200,584021321.74378,10.66000,510044.00000,5.21000,0.00000,0.00000,1.00000
-311730.51996,-496567.89021,151.78600,584140226.82502,9.31000,1746725.00000,4.28000,0.00000,0.00000,0.00000
-311017.96818,-497032.46633,145.75300,584140226.87208,9.67000,464678.00000,5.79000,0.00000,0.00000,0.00000
-310108.65873,-497770.74558,142.92600,584140226.91913,10.19000,297294.00000,7.16000,0.00000,0.00000,0.00000
-309790.39464,-497686.69241,141.22500,584140226.96619,10.46000,376706.00000,8.33000,0.00000,0.00000,0.00000
-309702.29361,-497282.41363,140.74200,584140227.01324,10.18000,429309.00000,5.73000,0.00000,0.00000,0.00000
-309438.03477,-497123.22368,140.98300,584140227.06030,9.93000,576293.00000,4.54000,0.00000,0.00000,0.00000
-309328.08199,-496749.35890,141.60200,584140227.10735,10.08000,807995.00000,4.32000,0.00000,0.00000,0.00000
-309077.54015,-496571.08079,143.18700,584140227.15441,10.18000,1635325.00000,3.89000,0.00000,0.00000,0.00000
-308233.35036,-497218.67054,150.54200,584140227.20146,9.87000,548183.00000,4.44000,0.00000,0.00000,0.00000
-308297.85203,-496602.11057,152.48200,584140227.24852,9.68000,660003.00000,4.81000,0.00000,0.00000,0.00000
-308128.75944,-496310.53900,155.93400,584140227.29557,9.41000,469812.00000,3.79000,0.00000,0.00000,0.00000
-307863.21993,-496153.11954,160.03900,584140227.34263,9.06000,1856577.00000,2.99000,0.00000,0.00000,0.00000
-307658.55346,-495911.03295,161.21100,584140227.38968,8.89000,493430.00000,3.70000,0.00000,0.00000,0.00000
-307399.02050,-495745.26243,159.98100,584140227.43674,8.70000,1637994.00000,2.71000,0.00000,0.00000,0.00000
-307260.37089,-495411.34985,156.39400,584140227.48379,8.72000,3331081.00000,2.34000,0.00000,0.00000,0.00000
-307158.15924,-495026.75059,154.28400,584140227.53085,8.89000,1429473.00000,2.62000,0.00000,0.00000,0.00000
-306953.92675,-494784.05186,151.98600,584140227.57790,9.09000,663540.00000,3.09000,0.00000,0.00000,0.00000
-306766.42935,-494518.11786,149.58400,584140227.62496,9.24000,618347.00000,3.83000,0.00000,0.00000,0.00000
-306592.63864,-494233.08548,148.28500,584140227.67201,9.23000,417216.00000,5.47000,0.00000,0.00000,0.00000
-306458.29430,-493893.21326,149.33400,584140227.71907,9.26000,256015.00000,4.16000,0.00000,0.00000,0.00000
-306280.22647,-493614.15513,150.17300,584140227.76612,9.02000,558863.00000,4.36000,0.00000,0.00000,0.00000
-306091.44997,-493350.00678,150.31800,584140227.81318,8.92000,1006549.00000,5.37000,0.00000,0.00000,0.00000
-305841.37037,-493171.10889,149.91600,584140227.86023,9.08000,309874.00000,4.49000,0.00000,0.00000,0.00000
-305625.59092,-492944.51733,149.49800,584140227.90729,9.16000,324761.00000,4.29000,0.00000,0.00000,0.00000
-305262.76903,-492922.42535,148.56800,584140227.95434,9.35000,661046.00000,5.61000,0.00000,0.00000,0.00000
-304958.67907,-492818.64824,147.38800,584140228.00140,9.08000,301510.00000,6.65000,0.00000,0.00000,0.00000
-305226.45590,-491919.50663,149.62600,584140228.04845,8.87000,265579.00000,5.23000,0.00000,0.00000,0.00000
-305531.53539,-490968.50868,152.62100,584140228.09551,8.75000,317868.00000,4.61000,0.00000,0.00000,0.00000
-305224.03844,-490869.51576,151.58200,584140228.14257,8.80000,435246.00000,4.42000,0.00000,0.00000,0.00000
-304545.27648,-491286.80969,148.34800,584140228.18962,8.76000,482779.00000,4.20000,0.00000,0.00000,0.00000
-304526.29617,-490786.55212,146.37700,584140228.23668,8.80000,732134.00000,3.66000,0.00000,0.00000,0.00000
-304536.89246,-490245.15242,146.47500,584140228.28373,8.94000,1303510.00000,2.52000,0.00000,0.00000,0.00000
-303756.93627,-490803.17765,152.30500,584140228.33079,9.15000,2331264.00000,2.12000,0.00000,0.00000,0.00000
-301312.19074,-493676.20038,114.34000,584140228.37785,9.32000,1077836.00000,2.73000,0.00000,0.00000,0.00000
-301319.37203,-493139.53810,116.35900,584140228.42490,9.54000,688784.00000,2.93000,0.00000,0.00000,0.00000
-301159.77312,-492834.80687,118.79000,584140228.47196,9.64000,852035.00000,3.36000,0.00000,0.00000,0.00000
-301037.05479,-492478.81086,121.28600,584140228.51901,9.72000,276189.00000,5.31000,0.00000,0.00000,0.00000
-300854.72773,-492205.66922,122.51900,584140228.56607,9.79000,598967.00000,6.03000,0.00000,0.00000,0.00000
-300531.34367,-492128.68586,122.84100,584140228.61313,10.01000,292857.00000,5.93000,0.00000,0.00000,0.00000
-300359.74439,-491840.64485,123.67100,584140228.66018,9.81000,735359.00000,4.25000,0.00000,0.00000,0.00000
-302117.10236,-488870.45785,146.28400,584140228.70724,9.51000,3741921.00000,3.32000,0.00000,0.00000,0.00000
-301810.46480,-488770.22640,145.29800,584140228.75430,9.35000,792669.00000,4.35000,0.00000,0.00000,0.00000
-301789.80901,-488272.36704,146.65800,584140228.80135,9.38000,139079.00000,5.83000,0.00000,0.00000,0.00000
-301451.88159,-488215.65859,145.95600,584140228.84841,9.40000,931445.00000,8.47000,0.00000,0.00000,0.00000
-301008.04888,-488306.19842,145.93100,584140228.89547,9.40000,164196.00000,6.77000,0.00000,0.00000,0.00000
-300433.44241,-488578.55075,144.14600,584140228.94252,9.34000,127235.00000,7.89000,0.00000,0.00000,0.00000
-300034.62662,-488606.48398,143.79700,584140228.98958,9.46000,101284.00000,7.16000,0.00000,0.00000,0.00000
-299838.18383,-488353.02482,144.15100,584140229.03663,9.45000,133461.00000,7.32000,0.00000,0.00000,0.00000
-299558.14406,-488215.82763,144.26800,584140229.08369,9.66000,301915.00000,8.03000,0.00000,0.00000,0.00000
-299517.78422,-487745.38700,145.41800,584140229.13075,9.59000,105405.00000,6.63000,0.00000,0.00000,0.00000
-299547.32521,-487177.78868,147.62100,584140229.17780,9.61000,122921.00000,7.48000,0.00000,0.00000,0.00000
-299514.68762,-486696.62684,150.25700,584140229.22486,9.42000,930611.00000,4.91000,0.00000,0.00000,0.00000
-299182.76015,-486631.54520,151.19300,584140229.27192,9.29000,3163806.00000,3.59000,0.00000,0.00000,0.00000
-298902.71914,-486494.32939,151.62900,584140229.31897,9.22000,486893.00000,4.66000,0.00000,0.00000,0.00000
-298642.83484,-486329.10633,153.22900,584140229.36603,9.07000,375425.00000,3.73000,0.00000,0.00000,0.00000
-298235.02377,-486369.53475,153.11100,584140229.41309,8.79000,1388763.00000,4.43000,0.00000,0.00000,0.00000
-297957.56106,-486228.73572,153.37500,584140229.46014,8.80000,339384.00000,4.95000,0.00000,0.00000,0.00000
-297629.07848,-486158.87511,153.45700,584140229.50720,8.63000,224960.00000,4.93000,0.00000,0.00000,0.00000
-297270.15549,-486131.33491,152.20300,584140229.55426,8.76000,207915.00000,5.99000,0.00000,0.00000,0.00000
-296935.24330,-486070.40362,150.94100,584140229.60131,9.05000,143535.00000,6.52000,0.00000,0.00000,0.00000
-296702.39103,-485867.60754,150.02900,584140229.64837,9.59000,158138.00000,9.27000,0.00000,0.00000,0.00000
-296626.05748,-485447.24658,150.82600,584140229.69542,9.67000,71124.00000,8.86000,0.00000,0.00000,0.00000
-296655.64706,-484879.66419,153.16600,584140229.74248,9.46000,293805.00000,6.61000,0.00000,0.00000,0.00000
-295940.37046,-485347.42624,149.22200,584140229.78954,8.97000,2360181.00000,3.46000,0.00000,0.00000,0.00000
-295222.07734,-485819.37941,155.53300,584140229.83659,8.98000,5985603.00000,2.52000,0.00000,0.00000,0.00000
-294843.42427,-485819.23203,155.98400,584140229.88365,8.77000,342180.00000,4.27000,0.00000,0.00000,0.00000
-294560.39916,-485686.15504,155.90100,584140229.93071,8.88000,190617.00000,4.71000,0.00000,0.00000,0.00000
-294421.90344,-485352.22203,156.10900,584140229.97776,8.73000,375430.00000,3.11000,0.00000,0.00000,0.00000
-294186.48165,-485152.97766,155.42900,584140230.02482,8.67000,3852274.00000,2.91000,0.00000,0.00000,0.00000
-292984.83878,-486296.59972,138.36400,584140230.07187,9.18000,1011370.00000,3.98000,0.00000,0.00000,0.00000
-292031.47164,-487095.11592,140.06100,584140230.11893,9.93000,761997.00000,5.66000,0.00000,0.00000,0.00000
-291626.62810,-487131.28580,139.85900,584140230.16599,10.52000,1183190.00000,11.95000,0.00000,0.00000,0.00000
-291296.41992,-487063.74886,140.20000,584140230.21305,10.61000,265774.00000,9.98000,0.00000,0.00000,0.00000
-290561.75732,-487558.25298,143.18300,584140230.26010,10.37000,324580.00000,7.11000,0.00000,0.00000,0.00000
-290440.41474,-487200.44497,141.29900,584140230.30716,9.95000,389293.00000,6.58000,0.00000,0.00000,0.00000
-291366.45786,-485387.16980,135.13800,584140230.35422,9.65000,259854.00000,6.48000,0.00000,0.00000,0.00000
-290732.59154,-485741.61244,133.66900,584140230.40127,9.44000,463769.00000,7.39000,0.00000,0.00000,0.00000
-303298.72693,-480875.29975,166.76100,584193973.37699,9.33000,867030.00000,5.10000,0.00000,0.00000,1.00000
-303203.34862,-481201.99861,165.92600,584193973.42408,9.32000,1506811.00000,4.74000,0.00000,0.00000,1.00000
-303166.75103,-481519.37188,167.18700,584193973.47118,9.22000,5084564.00000,4.20000,0.00000,0.00000,1.00000
-303122.16334,-481837.99770,167.12000,584193973.51827,9.15000,2756314.00000,4.63000,0.00000,0.00000,1.00000
-303141.43347,-482146.48159,166.75300,584193973.56537,9.09000,5126297.00000,4.41000,0.00000,0.00000,1.00000
-303062.73036,-482470.52099,166.48900,584193973.61246,8.94000,4070696.00000,3.54000,0.00000,0.00000,1.00000
-302934.68635,-482802.41007,165.75200,584193973.65956,9.05000,2669646.00000,3.92000,0.00000,0.00000,1.00000
-305148.35635,-482762.18505,156.57300,584193973.70665,9.16000,1277765.00000,3.63000,0.00000,0.00000,1.00000
-305737.27279,-482980.17052,157.97500,584193973.75375,9.36000,723197.00000,5.88000,0.00000,0.00000,1.00000
-305443.04343,-483338.48650,156.82200,584193973.80085,9.52000,285866.00000,5.65000,0.00000,0.00000,1.00000
-305581.30770,-483628.07770,158.14600,584193973.84794,9.41000,589632.00000,4.78000,0.00000,0.00000,1.00000
-303493.93225,-484271.26899,155.61400,584193973.89504,9.42000,1022308.00000,4.48000,0.00000,0.00000,1.00000
-305230.12580,-484306.99272,157.71900,584193973.94213,9.47000,494030.00000,3.93000,0.00000,0.00000,1.00000
-302597.76274,-485036.72766,160.85500,584193973.98923,9.40000,1555408.00000,4.80000,0.00000,0.00000,1.00000
-302878.97319,-485303.60675,160.45300,584193974.03632,9.22000,1268113.00000,4.48000,0.00000,0.00000,1.00000
-303012.86863,-485593.88366,159.83600,584193974.08342,9.11000,1332646.00000,3.65000,0.00000,0.00000,1.00000
-303006.70873,-485906.40988,159.44300,584193974.13051,9.13000,1437165.00000,3.71000,0.00000,0.00000,1.00000
-303172.53191,-486191.62064,158.10300,584193974.17761,9.11000,1102477.00000,4.50000,0.00000,0.00000,1.00000
-303425.43040,-486462.99759,156.72800,584193974.22471,8.92000,672167.00000,4.37000,0.00000,0.00000,1.00000
-304533.92027,-486598.50774,156.69100,584193974.27180,9.12000,1375845.00000,5.14000,0.00000,0.00000,1.00000
-304315.13479,-486944.81422,149.90900,584193974.31890,9.05000,2995328.00000,4.25000,0.00000,0.00000,1.00000
-305245.11463,-487108.68884,152.57800,584193974.36599,9.08000,596201.00000,4.92000,0.00000,0.00000,1.00000
-304860.13409,-487481.38985,149.91300,584193974.41309,9.26000,739539.00000,4.91000,0.00000,0.00000,1.00000
-304777.75522,-487806.01919,149.05300,584193974.46019,9.21000,262370.00000,5.10000,0.00000,0.00000,1.00000
-305143.87029,-488059.45774,150.05400,584193974.50728,9.02000,359894.00000,4.68000,0.00000,0.00000,1.00000
-305298.79662,-488346.41882,151.02000,584193974.55438,8.88000,575051.00000,4.32000,0.00000,0.00000,1.00000
-305114.08555,-488687.30149,151.39800,584193974.60148,9.10000,296188.00000,5.99000,0.00000,0.00000,1.00000
-305072.34307,-489005.49393,152.55200,584193974.64857,9.14000,483615.00000,4.57000,0.00000,0.00000,1.00000
-306323.08721,-489118.50965,158.32400,584193974.69567,8.91000,1500457.00000,3.72000,0.00000,0.00000,1.00000
-304626.71649,-489699.35467,151.75300,584193974.74276,8.84000,2641320.00000,3.22000,0.00000,0.00000,1.00000
-304759.85866,-489989.77447,151.71000,584193974.78986,8.82000,2133850.00000,3.35000,0.00000,0.00000,1.00000
-306057.05719,-490095.44489,155.79700,584193974.83696,8.84000,2011260.00000,3.76000,0.00000,0.00000,1.00000
-306101.67167,-490399.93954,154.45500,584193974.88405,8.81000,874987.00000,3.76000,0.00000,0.00000,1.00000
-305371.20649,-490827.43440,148.67700,584193974.93115,8.81000,4518606.00000,3.94000,0.00000,0.00000,1.00000
-306195.96124,-491008.10709,152.53600,584193974.97824,8.79000,799598.00000,4.62000,0.00000,0.00000,1.00000
-306346.52189,-491295.78185,151.56800,584193975.02534,8.89000,1523581.00000,4.92000,0.00000,0.00000,1.00000
-306367.89421,-491603.95413,150.82100,584193975.07244,9.08000,796967.00000,5.42000,0.00000,0.00000,1.00000
-306228.87995,-491937.58757,150.45400,584193975.11953,9.37000,1145744.00000,6.36000,0.00000,0.00000,1.00000
-306039.05841,-492279.27473,150.28500,584193975.16663,9.34000,523953.00000,4.80000,0.00000,0.00000,1.00000
-305898.58881,-492613.13774,149.98600,584193975.21372,9.35000,1652465.00000,5.24000,0.00000,0.00000,1.00000
-305810.36177,-492938.69652,149.85400,584193975.26082,9.43000,1984586.00000,4.99000,0.00000,0.00000,1.00000
-305886.87510,-493238.11789,150.09400,584193975.30791,9.60000,1931290.00000,5.02000,0.00000,0.00000,1.00000
-305953.96042,-493539.05013,150.03900,584193975.35501,9.67000,3827655.00000,3.69000,0.00000,0.00000,1.00000
-306102.33617,-493827.08725,145.29500,584193975.40211,9.96000,2905498.00000,4.53000,0.00000,0.00000,1.00000
-306106.98864,-494137.90758,147.53000,584193975.44920,10.00000,422131.00000,5.37000,0.00000,0.00000,1.00000
-306781.52727,-494342.49458,149.42000,584193975.49630,10.08000,305202.00000,7.65000,0.00000,0.00000,1.00000
-307313.07923,-494569.75158,152.40400,584193975.54339,9.89000,485645.00000,3.99000,0.00000,0.00000,1.00000
-307438.20173,-494861.47888,155.25200,584193975.59049,9.70000,2092301.00000,2.86000,0.00000,0.00000,1.00000
-307513.25280,-495161.16623,157.31300,584193975.63759,9.61000,5233717.00000,2.74000,0.00000,0.00000,1.00000
-305849.39847,-495736.60344,138.56900,584193975.68468,9.54000,1938181.00000,2.47000,0.00000,0.00000,1.00000
-305753.88622,-496063.31202,136.60700,584193975.73178,9.52000,804092.00000,2.67000,0.00000,0.00000,1.00000
-306039.41339,-496329.61006,135.12500,584193975.77888,9.67000,759218.00000,2.91000,0.00000,0.00000,1.00000
-305888.01236,-496665.18201,132.05500,584193975.82597,9.74000,2544610.00000,2.71000,0.00000,0.00000,1.00000
-306401.43516,-496895.34604,130.01100,584193975.87307,9.93000,3211833.00000,2.85000,0.00000,0.00000,1.00000
-304240.99746,-497549.39839,122.45700,584193975.92017,10.06000,2764482.00000,3.41000,0.00000,0.00000,1.00000
-308083.70282,-497251.78446,127.85700,584193975.96726,10.54000,346465.00000,4.96000,0.00000,0.00000,1.00000
-310491.47334,-497181.64108,142.25200,584193976.01436,10.49000,446938.00000,6.49000,0.00000,0.00000,1.00000
-310031.59117,-497566.14990,139.88500,584193976.06145,9.97000,594711.00000,4.95000,0.00000,0.00000,1.00000
-309592.02947,-497947.43328,138.21500,584193976.10855,9.73000,2090023.00000,3.19000,0.00000,0.00000,1.00000
-308745.28101,-498393.24996,134.95800,584193976.15565,9.70000,2495427.00000,2.33000,0.00000,0.00000,1.00000
-307303.34292,-498933.38162,137.51100,584193976.20274,9.74000,3291603.00000,3.02000,0.00000,0.00000,1.00000
-306998.04965,-499293.34193,133.98700,584193976.24984,9.62000,1894614.00000,4.52000,0.00000,0.00000,1.00000
-307188.48587,-499574.75152,132.90700,584193976.29693,9.76000,1600210.00000,6.62000,0.00000,0.00000,1.00000
-307781.01534,-499792.42936,133.51200,584193976.34403,10.35000,294120.00000,6.72000,0.00000,0.00000,1.00000
-308013.53630,-500067.15535,133.24500,584193976.39113,11.10000,101317.00000,8.45000,0.00000,0.00000,1.00000
-308380.33824,-500320.61074,133.26900,584193976.43822,11.16000,254071.00000,8.45000,0.00000,0.00000,1.00000
-308126.56077,-500672.41335,131.49700,584193976.48532,11.03000,229449.00000,9.15000,0.00000,0.00000,1.00000
-307756.64747,-501042.62031,130.23500,584193976.53242,10.85000,254316.00000,7.59000,0.00000,0.00000,1.00000
-306782.10314,-501508.60014,128.17000,584193976.57951,10.76000,316982.00000,7.31000,0.00000,0.00000,1.00000
-306228.53506,-501907.86835,127.61500,584193976.62661,10.63000,916937.00000,5.92000,0.00000,0.00000,1.00000
-306851.55003,-502120.75200,124.40900,584193976.67371,10.62000,532192.00000,6.00000,0.00000,0.00000,1.00000
-306655.80695,-502463.32507,122.84300,584193976.72081,10.73000,1007608.00000,5.46000,0.00000,0.00000,1.00000
-307646.10944,-502618.05563,123.62500,584193976.76790,10.47000,549803.00000,5.33000,0.00000,0.00000,1.00000
-309075.54557,-502703.22368,127.95200,584193976.81500,10.30000,2123785.00000,5.30000,0.00000,0.00000,1.00000
-307156.21663,-507992.59986,103.61200,584193977.56857,10.84000,461197.00000,5.39000,0.00000,0.00000,1.00000
-305484.64250,-508568.69767,106.66600,584193977.61566,10.40000,2294808.00000,4.30000,0.00000,0.00000,1.00000
-306326.15502,-508747.12176,104.34200,584193977.66276,10.35000,3157029.00000,4.62000,0.00000,0.00000,1.00000
-306206.56198,-509077.62753,103.81700,584193977.70986,10.65000,4100275.00000,4.83000,0.00000,0.00000,1.00000
-306889.26428,-510039.87468,98.17800,584312880.08213,10.52000,502562.00000,4.31000,0.00000,0.00000,0.00000
-306618.36762,-509372.23805,103.03100,584312880.17629,10.38000,950470.00000,3.48000,0.00000,0.00000,0.00000
-307130.01778,-508166.31660,101.04800,584312880.22337,10.54000,267943.00000,4.66000,0.00000,0.00000,0.00000
-306616.73243,-508341.74114,101.73100,584312880.27045,10.81000,209639.00000,5.17000,0.00000,0.00000,0.00000
-306822.78732,-507547.68893,100.45000,584312880.31753,10.76000,357094.00000,4.39000,0.00000,0.00000,0.00000
-306645.75233,-507269.93895,100.84100,584312880.36461,10.49000,782189.00000,4.04000,0.00000,0.00000,0.00000
-306307.16276,-507209.92178,100.96100,584312880.41170,10.36000,494554.00000,3.91000,0.00000,0.00000,0.00000
-305867.00089,-507286.79623,102.59500,584312880.45878,10.11000,564869.00000,5.56000,0.00000,0.00000,0.00000
-305876.05782,-506758.27757,104.51300,584312880.50586,9.35000,1116995.00000,3.93000,0.00000,0.00000,0.00000
-308430.15924,-502799.90103,116.70600,584312880.55294,8.29000,2577178.00000,4.02000,0.00000,0.00000,0.00000
-304842.92393,-507117.92278,106.49500,584312880.60003,7.62000,1694035.00000,4.45000,0.00000,0.00000,0.00000
-304358.53277,-507254.35674,109.15000,584312880.64711,7.66000,2037396.00000,5.37000,0.00000,0.00000,0.00000
-304834.34539,-506096.88477,105.64800,584312880.69419,7.88000,760623.00000,5.83000,0.00000,0.00000,0.00000
-304735.70988,-505713.52104,106.78200,584312880.74127,8.16000,2890573.00000,4.17000,0.00000,0.00000,0.00000
-304376.99158,-505680.62897,106.60800,584312880.78835,9.18000,948992.00000,6.90000,0.00000,0.00000,0.00000
-303829.99582,-505901.43578,107.87100,584312880.83544,9.86000,3384349.00000,4.50000,0.00000,0.00000,0.00000
-303436.67528,-505915.13327,107.26700,584312880.88252,10.55000,2631060.00000,4.52000,0.00000,0.00000,0.00000
-303270.19071,-505623.22155,110.22800,584312880.92960,11.22000,1792037.00000,5.82000,0.00000,0.00000,0.00000
-303022.24677,-505441.02523,112.08000,584312880.97668,11.51000,562240.00000,7.65000,0.00000,0.00000,0.00000
-311786.06375,-493115.22627,249.77700,584312881.02376,11.14000,736712.00000,6.18000,0.00000,0.00000,0.00000
-304372.87273,-502588.72446,115.18600,584312881.07085,10.83000,1158062.00000,5.67000,0.00000,0.00000,0.00000
-304395.97839,-502041.38668,125.68800,584312881.11793,10.60000,2589567.00000,4.80000,0.00000,0.00000,0.00000
-303767.56388,-502371.90003,126.00900,584312881.16501,10.31000,600958.00000,4.54000,0.00000,0.00000,0.00000
-303402.74187,-502347.24958,125.11500,584312881.21209,10.33000,402738.00000,6.64000,0.00000,0.00000,0.00000
-303165.77329,-502150.32388,124.23600,584312881.25917,10.23000,288592.00000,6.94000,0.00000,0.00000,0.00000
-302772.49373,-502164.01923,122.62900,584312881.30625,10.24000,753026.00000,4.14000,0.00000,0.00000,0.00000
-302368.26051,-502192.45061,121.08600,584312881.35334,10.43000,718128.00000,3.69000,0.00000,0.00000,0.00000
-299569.97016,-505446.18869,107.00400,584312881.40042,10.73000,945324.00000,3.97000,0.00000,0.00000,0.00000
-299383.34709,-505181.39643,105.39200,584312881.44750,10.99000,900832.00000,3.80000,0.00000,0.00000,0.00000
-299256.71417,-504835.77472,102.37400,584312881.49458,11.11000,1074645.00000,3.98000,0.00000,0.00000,0.00000
-299317.09892,-504238.25815,99.54500,584312881.54166,11.25000,511817.00000,4.81000,0.00000,0.00000,0.00000
-301868.79918,-500284.55220,112.02100,584312881.58875,11.28000,209832.00000,5.44000,0.00000,0.00000,0.00000
-302349.56871,-499120.73270,116.54600,584312881.63583,11.12000,254620.00000,7.44000,0.00000,0.00000,0.00000
-302577.67232,-498297.31765,121.42500,584312881.68291,11.01000,1561063.00000,5.00000,0.00000,0.00000,0.00000
-299245.55552,-502269.96788,100.63100,584312881.72999,10.99000,987541.00000,3.95000,0.00000,0.00000,0.00000
-302025.85804,-498008.49747,123.58500,584312881.77708,10.70000,1829821.00000,4.37000,0.00000,0.00000,0.00000
-301617.26992,-498042.82609,123.54800,584312881.82416,10.61000,2957333.00000,4.02000,0.00000,0.00000,0.00000
-301176.27691,-498120.79423,122.08900,584312881.87124,10.39000,2340688.00000,4.40000,0.00000,0.00000,0.00000
-300782.13880,-498135.63226,119.61200,584312881.91832,10.41000,3043465.00000,3.73000,0.00000,0.00000,0.00000
-300218.52169,-498378.75267,115.63000,584312881.96540,10.67000,947549.00000,4.78000,0.00000,0.00000,0.00000
-299564.24449,-498743.97489,110.83000,584312882.01249,11.25000,298536.00000,6.85000,0.00000,0.00000,0.00000
-298840.32739,-499202.99527,108.47600,584312882.05957,11.54000,145922.00000,9.55000,0.00000,0.00000,0.00000
-298185.15164,-499569.38959,109.18400,584312882.10665,11.43000,170703.00000,8.28000,0.00000,0.00000,0.00000
-297854.05308,-499499.25385,111.27100,584312882.15374,11.30000,120311.00000,6.88000,0.00000,0.00000,0.00000
-297787.92085,-499072.24490,114.02600,584312882.20082,11.09000,449804.00000,5.60000,0.00000,0.00000,0.00000
-297579.89700,-498836.36173,116.96600,584312882.24790,10.92000,184675.00000,6.35000,0.00000,0.00000,0.00000
-297128.81126,-498927.84959,119.14900,584312882.29498,10.75000,102658.00000,6.62000,0.00000,0.00000,0.00000
-296819.18303,-498828.80368,119.85500,584312882.34207,10.75000,119995.00000,7.29000,0.00000,0.00000,0.00000
-296562.55406,-498658.38777,119.89500,584312882.38915,10.86000,213685.00000,7.84000,0.00000,0.00000,0.00000
-296514.39670,-498207.19711,119.74500,584312882.43623,11.01000,154160.00000,7.99000,0.00000,0.00000,0.00000
-296543.33114,-497652.20498,121.34800,584312882.48331,11.00000,168807.00000,7.44000,0.00000,0.00000,0.00000
-296374.74430,-497363.23402,122.87000,584312882.53039,10.70000,353988.00000,5.89000,0.00000,0.00000,0.00000
-295883.81002,-497508.38203,124.16100,584312882.57748,10.43000,265456.00000,4.88000,0.00000,0.00000,0.00000
-295410.38616,-497629.91656,125.21800,584312882.62456,10.22000,371923.00000,4.88000,0.00000,0.00000,0.00000
-295021.49941,-497637.62254,127.16000,584312882.67164,10.01000,447518.00000,5.40000,0.00000,0.00000,0.00000
-294721.08279,-497526.17202,130.23000,584312882.71872,9.77000,287692.00000,4.32000,0.00000,0.00000,0.00000
-294440.37958,-497388.18075,134.40300,584312882.76580,9.35000,443949.00000,3.32000,0.00000,0.00000,0.00000
-294175.00509,-497229.53818,137.16700,584312882.81289,9.14000,378192.00000,4.52000,0.00000,0.00000,0.00000
-294024.82685,-496915.78619,138.71400,584312882.85997,9.01000,782048.00000,4.19000,0.00000,0.00000,0.00000
-293812.89242,-496685.18933,138.92600,584312882.90705,9.02000,443390.00000,4.32000,0.00000,0.00000,0.00000
-293717.02884,-496298.30094,138.06000,584312882.95413,9.22000,217632.00000,4.51000,0.00000,0.00000,0.00000
-293475.32092,-496107.81873,136.34200,584312883.00121,9.59000,423444.00000,4.89000,0.00000,0.00000,0.00000
-293374.64488,-495727.41067,135.03500,584312883.04830,9.62000,269635.00000,6.01000,0.00000,0.00000,0.00000
-293228.86013,-495407.75633,134.26900,584312883.09538,9.76000,232832.00000,5.83000,0.00000,0.00000,0.00000
-293182.95490,-494953.64327,132.71300,584312883.14246,9.90000,384983.00000,6.65000,0.00000,0.00000,0.00000
-293623.24946,-493844.89014,134.45900,584312883.18954,10.15000,205794.00000,5.53000,0.00000,0.00000,0.00000
-292917.69505,-494278.95715,129.78100,584312883.23662,10.13000,1118270.00000,5.67000,0.00000,0.00000,0.00000
-292701.40943,-494054.26146,128.71300,584312883.28371,10.30000,1536655.00000,5.29000,0.00000,0.00000,0.00000
-292314.72996,-494058.98138,128.71200,584312883.33079,10.89000,184754.00000,6.31000,0.00000,0.00000,0.00000
-291122.92147,-495147.65115,128.02300,584312883.37787,11.10000,574326.00000,7.08000,0.00000,0.00000,0.00000
-290367.82721,-495648.32527,129.61700,584312883.42495,10.90000,673099.00000,6.70000,0.00000,0.00000,0.00000
-289980.25400,-495654.19391,130.66400,584312883.47203,10.78000,526935.00000,5.84000,0.00000,0.00000,0.00000
-289983.43356,-495134.01221,132.29400,584312883.51912,10.57000,727914.00000,6.69000,0.00000,0.00000,0.00000
-290416.78586,-494034.72090,131.40100,584312883.56620,10.25000,224001.00000,7.52000,0.00000,0.00000,0.00000
-290210.58354,-493796.44496,136.60600,584312883.61328,9.57000,802603.00000,3.91000,0.00000,0.00000,0.00000
-290298.75767,-493161.88004,139.01600,584312883.66036,9.17000,776768.00000,4.10000,0.00000,0.00000,0.00000
-290146.00224,-492851.65856,138.79100,584312883.70744,9.09000,5242375.00000,2.24000,0.00000,0.00000,0.00000
-289595.92838,-493076.30682,146.97300,584312883.75453,8.87000,970422.00000,2.95000,0.00000,0.00000,0.00000
-289342.86061,-492901.12553,147.77100,584312883.80161,8.81000,435455.00000,3.36000,0.00000,0.00000,0.00000
-289144.54845,-492652.22357,147.28700,584312883.84869,8.59000,823401.00000,3.37000,0.00000,0.00000,0.00000
-288962.89611,-492380.93093,145.79600,584312883.89577,8.42000,253648.00000,4.04000,0.00000,0.00000,0.00000
-288824.61341,-492051.24943,144.50700,584312883.94285,8.51000,295004.00000,3.53000,0.00000,0.00000,0.00000
-288618.86868,-491812.37832,142.36300,584312883.98994,8.57000,255805.00000,3.84000,0.00000,0.00000,0.00000
-288636.98645,-491272.17429,140.44900,584312884.03702,8.86000,278809.00000,4.80000,0.00000,0.00000,0.00000
-288506.60247,-490931.87940,138.35800,584312884.08410,9.07000,686423.00000,5.14000,0.00000,0.00000,0.00000
-288006.90290,-491088.66533,135.27400,584312884.13118,9.31000,325926.00000,5.37000,0.00000,0.00000,0.00000
-287343.35449,-491466.00064,132.26100,584312884.17826,9.65000,310855.00000,7.01000,0.00000,0.00000,0.00000
-287311.99055,-490992.44026,131.30900,584312884.22535,9.84000,847041.00000,7.12000,0.00000,0.00000,0.00000
-287670.97675,-489993.47601,132.64000,584312884.27243,10.03000,1532633.00000,6.40000,0.00000,0.00000,0.00000
-296621.81345,-481116.00117,162.61000,584366627.13268,8.34000,461437.00000,3.71000,0.00000,0.00000,1.00000
-296540.38551,-481438.59990,159.35800,584366627.17979,8.64000,288949.00000,6.75000,0.00000,0.00000,1.00000
-296763.03141,-481717.58768,158.92700,584366627.22690,9.00000,60017.00000,8.60000,0.00000,0.00000,1.00000
-297375.60034,-481940.66834,160.99100,584366627.27401,8.77000,152076.00000,6.28000,0.00000,0.00000,1.00000
-297715.36867,-482202.87303,161.95000,584366627.32112,8.90000,492372.00000,6.36000,0.00000,0.00000,1.00000
-297914.00206,-482485.32742,163.80600,584366627.36823,8.97000,1191325.00000,5.50000,0.00000,0.00000,1.00000
-297955.49481,-482790.30122,164.10600,584366627.41534,8.91000,2913002.00000,4.77000,0.00000,0.00000,1.00000
-296163.01474,-483358.20293,151.30800,584366627.46245,8.78000,5666495.00000,4.31000,0.00000,0.00000,1.00000
-297520.51845,-483474.51657,160.36600,584366627.50956,8.96000,544942.00000,5.76000,0.00000,0.00000,1.00000
-297115.33225,-483843.53036,159.10700,584366627.55668,8.90000,291136.00000,6.36000,0.00000,0.00000,1.00000
-296244.53801,-484279.26096,156.89600,584366627.60379,8.93000,187815.00000,7.80000,0.00000,0.00000,1.00000
-295521.41964,-484693.81030,156.47800,584366627.65090,9.02000,449706.00000,6.95000,0.00000,0.00000,1.00000
-295290.80805,-485037.76217,156.29400,584366627.69801,8.90000,1606106.00000,6.87000,0.00000,0.00000,1.00000
-295995.04299,-485247.76056,152.03800,584366627.74512,8.86000,1771884.00000,4.99000,0.00000,0.00000,1.00000
-296311.51864,-485513.33054,151.50700,584366627.79223,8.88000,447937.00000,6.22000,0.00000,0.00000,1.00000
-296309.33727,-485824.55383,150.70100,584366627.83934,9.18000,265505.00000,5.94000,0.00000,0.00000,1.00000
-296329.70663,-486132.54667,150.31200,584366627.88645,9.24000,607418.00000,6.40000,0.00000,0.00000,1.00000
-296314.42892,-486445.65387,149.80500,584366627.93356,9.40000,427205.00000,6.04000,0.00000,0.00000,1.00000
-296780.03738,-486689.86055,149.82300,584366627.98067,9.13000,273265.00000,5.35000,0.00000,0.00000,1.00000
-296812.04797,-486996.20335,149.21800,584366628.02779,9.25000,306851.00000,5.11000,0.00000,0.00000,1.00000
-296579.23161,-487340.47104,147.99500,584366628.07490,9.34000,225704.00000,5.15000,0.00000,0.00000,1.00000
-296295.48272,-487692.02906,146.75200,584366628.12201,9.40000,362644.00000,5.22000,0.00000,0.00000,1.00000
-295962.98490,-488050.56301,145.73700,584366628.16912,9.17000,752462.00000,4.61000,0.00000,0.00000,1.00000
-295605.02107,-488412.74449,145.14200,584366628.21623,9.23000,1542087.00000,3.49000,0.00000,0.00000,1.00000
-295320.53086,-488764.39506,143.51200,584366628.26334,9.41000,2024363.00000,4.07000,0.00000,0.00000,1.00000
-296416.92330,-488918.31669,137.30100,584366628.31045,9.40000,4145450.00000,4.20000,0.00000,0.00000,1.00000
-296189.89875,-489261.73846,136.32400,584366628.35757,9.54000,2019819.00000,5.36000,0.00000,0.00000,1.00000
-295479.05221,-489674.44199,136.30900,584366628.40468,9.83000,950114.00000,6.68000,0.00000,0.00000,1.00000
-295321.86653,-490007.85769,136.33000,584366628.45179,10.09000,243242.00000,8.35000,0.00000,0.00000,1.00000
-295794.74713,-490251.07772,135.25500,584366628.49890,10.16000,182578.00000,8.60000,0.00000,0.00000,1.00000
-296333.10572,-490484.92209,134.72200,584366628.54601,10.37000,223846.00000,9.97000,0.00000,0.00000,1.00000
-296311.23853,-490798.96845,134.65100,584366628.59312,10.13000,247141.00000,7.42000,0.00000,0.00000,1.00000
-296104.57412,-491139.48166,133.85400,584366628.64024,9.87000,760858.00000,7.27000,0.00000,0.00000,1.00000
-295757.48047,-491500.08103,133.80200,584366628.68735,9.89000,895746.00000,5.07000,0.00000,0.00000,1.00000
-295941.50808,-491784.65684,132.77700,584366628.73446,9.85000,1126983.00000,6.98000,0.00000,0.00000,1.00000
-295583.49431,-492146.81734,133.28100,584366628.78157,9.67000,943034.00000,5.11000,0.00000,0.00000,1.00000
-295466.30665,-492474.50832,133.18500,584366628.82868,9.53000,1212041.00000,5.49000,0.00000,0.00000,1.00000
-294863.09302,-492871.74052,135.37900,584366628.87580,9.60000,490536.00000,5.02000,0.00000,0.00000,1.00000
-294991.08153,-493164.32474,135.45000,584366628.92291,9.63000,212760.00000,5.77000,0.00000,0.00000,1.00000
-295270.41145,-493435.27237,135.07000,584366628.97002,9.58000,457625.00000,4.20000,0.00000,0.00000,1.00000
-295298.72982,-493742.14268,135.24500,584366629.01713,9.71000,4118493.00000,3.15000,0.00000,0.00000,1.00000
-295295.02547,-494053.58258,135.53400,584366629.06424,9.75000,3860325.00000,3.25000,0.00000,0.00000,1.00000
-297261.64011,-494083.14398,122.70800,584366629.11136,9.86000,1111231.00000,3.01000,0.00000,0.00000,1.00000
-297469.66629,-494364.30590,122.61500,584366629.15847,10.01000,622080.00000,4.35000,0.00000,0.00000,1.00000
-297279.69680,-494702.41754,122.37900,584366629.20558,9.99000,1026319.00000,4.58000,0.00000,0.00000,1.00000
-297160.29815,-495030.42487,122.26400,584366629.25269,10.03000,1728784.00000,4.43000,0.00000,0.00000,1.00000
-296785.50677,-495394.97110,122.82300,584366629.29981,10.19000,1476456.00000,4.44000,0.00000,0.00000,1.00000
-296415.07264,-495758.87618,123.81600,584366629.34692,10.22000,1116113.00000,4.05000,0.00000,0.00000,1.00000
-296089.02306,-496116.43488,124.51100,584366629.39403,10.16000,1137864.00000,4.72000,0.00000,0.00000,1.00000
-295722.95215,-496479.70995,125.50200,584366629.44115,10.36000,1060743.00000,4.16000,0.00000,0.00000,1.00000
-295733.05306,-496789.18535,125.40700,584366629.48826,10.33000,1628063.00000,4.22000,0.00000,0.00000,1.00000
-295368.43222,-497152.24917,126.35800,584366629.53537,10.48000,1320013.00000,3.91000,0.00000,0.00000,1.00000
-294929.58161,-497525.89956,127.47500,584366629.58248,10.61000,608859.00000,3.50000,0.00000,0.00000,1.00000
-295684.74533,-497728.84434,122.44800,584366629.62959,10.67000,2715004.00000,4.28000,0.00000,0.00000,1.00000
-295223.33842,-498105.73940,123.31700,584366629.67671,10.75000,2073846.00000,5.49000,0.00000,0.00000,1.00000
-294951.10040,-498455.56700,123.80000,584366629.72382,10.73000,917536.00000,7.50000,0.00000,0.00000,1.00000
-295866.35281,-498635.65484,120.60300,584366629.77093,10.66000,1140565.00000,8.07000,0.00000,0.00000,1.00000
-300144.07413,-498335.06602,115.56600,584366629.81805,10.74000,607185.00000,4.91000,0.00000,0.00000,1.00000
-299612.78820,-498721.96562,113.59400,584366629.86516,10.83000,514311.00000,4.76000,0.00000,0.00000,1.00000
-299031.30282,-499116.04995,111.28800,584366629.91227,10.84000,509083.00000,6.53000,0.00000,0.00000,1.00000
-297752.70798,-499609.75196,109.05000,584366629.95939,10.71000,1023818.00000,5.80000,0.00000,0.00000,1.00000
-297838.46109,-499908.43064,108.54100,584366630.00650,10.73000,417595.00000,6.24000,0.00000,0.00000,1.00000
-297884.19244,-500212.83618,107.71800,584366630.05361,10.45000,1604324.00000,5.90000,0.00000,0.00000,1.00000
-297022.52437,-500646.90789,108.11300,584366630.10072,10.54000,863756.00000,4.72000,0.00000,0.00000,1.00000
-296391.52217,-501048.00450,109.46800,584366630.14784,10.59000,2473741.00000,3.81000,0.00000,0.00000,1.00000
-295667.38425,-501462.39856,113.64000,584366630.19495,10.80000,4254514.00000,3.92000,0.00000,0.00000,1.00000
-299683.28117,-501199.54866,103.24200,584366630.24206,11.08000,950243.00000,4.89000,0.00000,0.00000,1.00000
-299709.35563,-501506.77644,102.95300,584366630.28918,11.29000,483151.00000,5.44000,0.00000,0.00000,1.00000
-299917.34714,-501788.00908,103.79700,584366630.33629,11.59000,339569.00000,6.21000,0.00000,0.00000,1.00000
-298812.59921,-502256.81004,103.01500,584366630.38340,11.81000,753963.00000,5.81000,0.00000,0.00000,1.00000
-295939.58713,-502978.15796,107.99400,584366630.43052,11.77000,1777072.00000,5.15000,0.00000,0.00000,1.00000
-296154.84641,-503258.34928,108.41000,584366630.47763,11.77000,830256.00000,6.77000,0.00000,0.00000,1.00000
-297942.61788,-503313.93629,106.34600,584366630.52475,11.92000,415317.00000,7.47000,0.00000,0.00000,1.00000
-299512.09764,-503400.71388,108.96100,584366630.57186,11.84000,1524322.00000,6.00000,0.00000,0.00000,1.00000
-298453.90337,-503862.80915,107.54800,584366630.61898,11.77000,985145.00000,5.60000,0.00000,0.00000,1.00000
-297406.61545,-504323.31504,107.82100,584366630.66609,11.55000,1404328.00000,5.58000,0.00000,0.00000,1.00000
-296969.85209,-504696.61638,108.31300,584366630.71320,11.53000,1255722.00000,5.81000,0.00000,0.00000,1.00000
-296968.97261,-505007.67600,107.57100,584366630.76031,11.40000,999693.00000,5.92000,0.00000,0.00000,1.00000
-297692.86782,-505215.24117,103.64100,584366630.80743,11.89000,1578965.00000,9.25000,0.00000,0.00000,1.00000
-297628.67842,-505535.35117,104.59300,584366630.85454,11.94000,2385349.00000,7.39000,0.00000,0.00000,1.00000
-298129.91188,-505774.73489,108.18700,584366630.90165,11.72000,859820.00000,8.08000,0.00000,0.00000,1.00000
-298660.24825,-506009.96602,109.26400,584366630.94877,11.36000,264602.00000,6.05000,0.00000,0.00000,1.00000
-299074.87843,-506261.71626,108.55000,584366630.99588,11.01000,1251081.00000,6.79000,0.00000,0.00000,1.00000
-299264.64712,-506545.57368,109.86100,584366631.04299,10.79000,2391579.00000,6.22000,0.00000,0.00000,1.00000
-299360.54155,-506842.83676,110.18400,584366631.09011,10.56000,1984161.00000,7.65000,0.00000,0.00000,1.00000
-298975.41563,-507208.75615,110.07600,584366631.13722,10.40000,1344646.00000,7.09000,0.00000,0.00000,1.00000
-299475.19368,-507448.38697,110.33600,584366631.18433,10.90000,297699.00000,10.16000,0.00000,0.00000,1.00000
-300268.95914,-507646.05110,112.31300,584366631.23144,10.49000,382131.00000,8.44000,0.00000,0.00000,1.00000
-300639.19024,-507904.16667,114.38000,584366631.27856,9.98000,485559.00000,7.18000,0.00000,0.00000,1.00000
-298624.69555,-508502.60197,103.32100,584366631.32567,9.68000,2494160.00000,4.51000,0.00000,0.00000,1.00000
-300269.88736,-508578.78785,114.54700,584366631.37278,9.51000,2720797.00000,4.40000,0.00000,0.00000,1.00000
-299893.48172,-508943.46395,114.12900,584366631.41990,9.51000,4090983.00000,3.96000,0.00000,0.00000,1.00000
-299525.79641,-509306.87284,113.28800,584366631.46701,9.35000,2741687.00000,4.63000,0.00000,0.00000,1.00000
-299119.54774,-509675.79469,112.73800,584366631.51412,9.19000,1399874.00000,4.08000,0.00000,0.00000,1.00000
-299268.54238,-509965.48716,111.42000,584366631.56123,9.35000,666368.00000,5.49000,0.00000,0.00000,1.00000
-300679.42723,-510075.16947,113.29600,584366631.60835,9.42000,231912.00000,6.13000,0.00000,0.00000,1.00000
-301288.34125,-510299.25433,115.85400,584366631.65546,9.23000,605556.00000,4.77000,0.00000,0.00000,1.00000
-301523.93725,-510576.61840,117.34600,584366631.70257,9.33000,966698.00000,3.57000,0.00000,0.00000,1.00000
-300736.34191,-510999.93224,112.88800,584366631.74969,9.43000,1964815.00000,3.71000,0.00000,0.00000,1.00000
-300192.52601,-511388.45760,110.26100,584366631.79680,9.40000,939762.00000,4.38000,0.00000,0.00000,1.00000
-300321.86645,-511680.96921,109.17100,584366631.84391,9.41000,698981.00000,4.17000,0.00000,0.00000,1.00000
-300539.26246,-511960.92356,108.17300,584366631.89103,9.38000,397351.00000,4.03000,0.00000,0.00000,1.00000
-300459.73820,-512283.23014,106.84800,584366631.93814,9.32000,607876.00000,4.09000,0.00000,0.00000,1.00000
-300444.24525,-512596.39262,105.81700,584366631.98525,9.40000,1154298.00000,3.87000,0.00000,0.00000,1.00000
-299925.14851,-512981.37561,104.01200,584366632.03236,9.39000,1420687.00000,3.09000,0.00000,0.00000,1.00000
-299718.97936,-513321.72787,103.18000,584366632.07948,9.63000,1211376.00000,3.16000,0.00000,0.00000,1.00000
-300889.70237,-513465.76336,116.83300,584366632.12659,9.74000,9852921.00000,3.07000,0.00000,0.00000,1.00000
-300755.58554,-513795.85149,114.47800,584366632.17370,9.80000,6038249.00000,3.64000,0.00000,0.00000,1.00000
-300876.90595,-514089.51663,112.76800,584366632.22082,10.14000,476938.00000,6.15000,0.00000,0.00000,1.00000
-302693.37032,-513066.63385,115.92600,584485534.92759,10.04000,897987.00000,6.97000,0.00000,0.00000,0.00000
-302670.25470,-512590.60137,118.22400,584485534.97470,9.85000,248890.00000,4.77000,0.00000,0.00000,0.00000
-302343.64927,-512510.80624,119.61700,584485535.02180,9.79000,299339.00000,4.35000,0.00000,0.00000,0.00000
-298582.51602,-515902.21694,111.61100,584485535.16313,9.31000,246812.00000,5.07000,0.00000,0.00000,0.00000
-298436.03162,-515587.22246,109.50000,584485535.21024,8.80000,417941.00000,3.44000,0.00000,0.00000,0.00000
-298184.93955,-515408.78054,107.39500,584485535.25734,8.60000,758953.00000,2.63000,0.00000,0.00000,0.00000
-301081.34337,-511121.66149,118.37400,584485535.30445,8.68000,1652271.00000,2.95000,0.00000,0.00000,0.00000
-300940.69697,-510799.09293,115.15100,584485535.35156,8.96000,4093467.00000,2.74000,0.00000,0.00000,0.00000
-300640.92522,-510684.26821,112.04900,584485535.39867,9.16000,2674494.00000,4.27000,0.00000,0.00000,0.00000
-300474.35730,-510395.55069,112.13100,584485535.44578,9.18000,2443555.00000,3.08000,0.00000,0.00000,0.00000
-300018.56769,-510484.35262,110.07700,584485535.49289,9.24000,2056423.00000,3.31000,0.00000,0.00000,0.00000
-299723.27021,-510363.69808,110.87800,584485535.54000,9.33000,834901.00000,3.56000,0.00000,0.00000,0.00000
-299740.88177,-509834.57004,111.61700,584485535.58711,9.48000,256735.00000,4.37000,0.00000,0.00000,0.00000
-299617.23302,-509489.82552,112.93100,584485535.63422,9.57000,1140723.00000,3.68000,0.00000,0.00000,0.00000
-299175.76333,-509559.96863,113.04900,584485535.68133,9.75000,2860327.00000,3.69000,0.00000,0.00000,0.00000
-298771.38742,-509581.65901,112.43300,584485535.72844,9.90000,2260920.00000,3.32000,0.00000,0.00000,0.00000
-298352.70670,-509622.01898,109.52500,584485535.77554,10.04000,474921.00000,3.65000,0.00000,0.00000,0.00000
-298081.09150,-509470.39243,106.65800,584485535.82265,10.52000,392801.00000,4.86000,0.00000,0.00000,0.00000
-298120.19891,-508913.27626,105.36900,584485535.86976,10.77000,137984.00000,6.41000,0.00000,0.00000,0.00000
-298516.93845,-507889.36204,107.41100,584485535.91687,10.80000,836096.00000,5.65000,0.00000,0.00000,0.00000
-298241.77157,-507742.42619,107.11100,584485535.96398,11.02000,1069499.00000,7.01000,0.00000,0.00000,0.00000
-297668.41186,-507984.65586,105.71500,584485536.01109,11.26000,704051.00000,6.93000,0.00000,0.00000,0.00000
-297593.97003,-507575.73290,106.75200,584485536.05820,11.48000,197506.00000,7.55000,0.00000,0.00000,0.00000
-296558.77929,-508420.65825,104.82000,584485536.10531,11.59000,301394.00000,6.45000,0.00000,0.00000,0.00000
-295940.70033,-508721.22021,103.32500,584485536.15242,11.79000,683402.00000,7.45000,0.00000,0.00000,0.00000
-295213.07247,-509164.70404,105.36800,584485536.19953,12.11000,1072361.00000,7.81000,0.00000,0.00000,0.00000
-295139.52759,-508754.59472,105.37300,584485536.24664,12.51000,1271845.00000,9.00000,0.00000,0.00000,0.00000
-295194.31410,-508177.05775,106.11900,584485536.29375,12.70000,2069450.00000,8.60000,0.00000,0.00000,0.00000
-295222.26864,-507634.51645,107.14100,584485536.34086,12.49000,1359494.00000,8.36000,0.00000,0.00000,0.00000
-294966.32785,-507462.46458,108.48500,584485536.38797,12.28000,2553781.00000,7.03000,0.00000,0.00000,0.00000
-294767.61173,-507215.72134,108.91300,584485536.43508,12.44000,569578.00000,5.94000,0.00000,0.00000,0.00000
-294603.78521,-506923.48835,109.29300,584485536.48219,12.39000,1146058.00000,7.13000,0.00000,0.00000,0.00000
-294420.28469,-506656.92015,109.91000,584485536.52930,12.44000,2525813.00000,6.74000,0.00000,0.00000,0.00000
-294175.98222,-506469.69685,110.45300,584485536.57641,12.36000,1779796.00000,5.65000,0.00000,0.00000,0.00000
-293768.48065,-506495.40774,110.13500,584485536.62352,12.15000,2546862.00000,4.68000,0.00000,0.00000,0.00000
-293148.60729,-506798.24119,110.95000,584485536.67063,12.38000,1475636.00000,5.76000,0.00000,0.00000,0.00000
-292522.90429,-507108.63218,111.22500,584485536.71774,12.38000,242736.00000,9.01000,0.00000,0.00000,0.00000
-291586.89235,-507823.89154,114.50900,584485536.76485,12.66000,140121.00000,12.06000,0.00000,0.00000,0.00000
-291190.11106,-507835.56755,116.03700,584485536.81195,13.12000,207770.00000,13.96000,0.00000,0.00000,0.00000
-292064.09890,-506189.30148,112.37800,584485536.85906,12.90000,243532.00000,11.86000,0.00000,0.00000,0.00000
-292497.21276,-505118.24800,112.96000,584485536.90617,12.53000,554720.00000,9.00000,0.00000,0.00000,0.00000
-292326.70268,-504834.75898,115.38700,584485536.95328,11.94000,759943.00000,5.83000,0.00000,0.00000,0.00000
-292054.69225,-504683.68619,117.14400,584485537.00039,11.33000,1303510.00000,5.55000,0.00000,0.00000,0.00000
-291680.29040,-504666.20268,118.22400,584485537.04750,11.16000,352894.00000,5.17000,0.00000,0.00000,0.00000
-291364.91759,-504571.72096,118.77000,584485537.09461,11.05000,165428.00000,5.79000,0.00000,0.00000,0.00000
-291090.67264,-504423.55259,118.99000,584485537.14172,10.98000,176883.00000,6.07000,0.00000,0.00000,0.00000
-290847.73851,-504234.56060,119.56700,584485537.18883,10.97000,221476.00000,5.85000,0.00000,0.00000,0.00000
-290608.38288,-504040.90296,119.90200,584485537.23593,10.91000,309816.00000,4.70000,0.00000,0.00000,0.00000
-290270.20767,-503976.15656,120.20600,584485537.28304,10.96000,199168.00000,5.50000,0.00000,0.00000,0.00000
-289978.53375,-503850.73766,120.30200,584485537.33015,10.95000,233711.00000,7.00000,0.00000,0.00000,0.00000
-289781.21408,-503602.23655,121.17200,584485537.37726,10.82000,233172.00000,6.29000,0.00000,0.00000,0.00000
-289682.71930,-503224.81622,122.03600,584485537.42437,10.73000,258362.00000,6.04000,0.00000,0.00000,0.00000
-289487.19434,-502973.98269,123.93000,584485537.47148,10.68000,284608.00000,5.88000,0.00000,0.00000,0.00000
-289174.51463,-502875.97730,126.49100,584485537.51859,10.64000,371114.00000,4.86000,0.00000,0.00000,0.00000
-288778.21181,-502887.04191,128.62200,584485537.56570,10.31000,154286.00000,4.85000,0.00000,0.00000,0.00000
-288381.01590,-502899.26770,130.35500,584485537.61281,10.29000,181468.00000,5.12000,0.00000,0.00000,0.00000
-288164.03441,-502676.42746,131.86100,584485537.65992,10.07000,315577.00000,5.04000,0.00000,0.00000,0.00000
-288025.30921,-502351.50398,132.53400,584485537.70703,10.11000,263574.00000,6.53000,0.00000,0.00000,0.00000
-287811.91106,-502123.99560,133.85000,584485537.75413,10.21000,291400.00000,5.02000,0.00000,0.00000,0.00000
-287470.17077,-502063.88424,133.87000,584485537.80124,10.24000,290842.00000,5.25000,0.00000,0.00000,0.00000
-287192.37913,-501920.36139,133.52600,584485537.84835,10.30000,410132.00000,5.87000,0.00000,0.00000,0.00000
-287176.20097,-501435.63281,132.95900,584485537.89546,10.50000,134477.00000,10.10000,0.00000,0.00000,0.00000
-287206.53445,-500890.23971,133.25500,584485537.94257,10.47000,117944.00000,10.21000,0.00000,0.00000,0.00000
-286921.15091,-500756.63541,133.45400,584485537.98968,10.40000,249221.00000,8.33000,0.00000,0.00000,0.00000
-286268.60457,-501101.86415,133.32700,584485538.03679,10.26000,73988.00000,10.01000,0.00000,0.00000,0.00000
-285611.13800,-501453.50837,134.44000,584485538.08390,10.03000,85025.00000,7.82000,0.00000,0.00000,0.00000
-285557.85449,-501017.18107,133.22300,584485538.13101,10.02000,1343587.00000,8.26000,0.00000,0.00000,0.00000
-285047.51591,-501176.92144,134.88800,584485538.17812,9.58000,732978.00000,5.72000,0.00000,0.00000,0.00000
-284616.33870,-501233.42452,137.94100,584485538.22522,9.23000,495001.00000,4.44000,0.00000,0.00000,0.00000
-284609.58034,-500736.45167,136.75000,584485538.27233,9.25000,241244.00000,5.52000,0.00000,0.00000,0.00000
-284825.54516,-499949.03212,135.45000,584485538.31944,9.28000,151696.00000,6.74000,0.00000,0.00000,0.00000
-284850.99870,-499410.07494,135.65500,584485538.36655,9.07000,224921.00000,4.60000,0.00000,0.00000,0.00000
-284789.24288,-498984.83918,135.90600,584485538.41366,9.01000,297062.00000,3.16000,0.00000,0.00000,0.00000
-284479.72684,-498882.70837,134.92400,584485538.46077,9.18000,1203547.00000,2.32000,0.00000,0.00000,0.00000
-284111.61608,-498856.96247,133.36200,584485538.50788,9.39000,2741433.00000,2.12000,0.00000,0.00000,0.00000
-283878.14163,-498655.67700,112.71600,584485538.55499,9.64000,2040442.00000,2.66000,0.00000,0.00000,0.00000
-283546.25065,-498582.69404,128.78400,584485538.60210,9.92000,2488082.00000,3.28000,0.00000,0.00000,0.00000
-283429.50605,-498229.19911,128.54700,584485538.64920,10.21000,3408310.00000,4.62000,0.00000,0.00000,0.00000
-282834.63609,-498499.12796,125.56000,584485538.69631,10.46000,2360685.00000,5.21000,0.00000,0.00000,0.00000
-282489.78514,-498443.04524,127.93300,584485538.74342,10.33000,1281548.00000,6.78000,0.00000,0.00000,0.00000
-282223.65577,-498284.32151,131.24600,584485538.79053,10.17000,546579.00000,8.06000,0.00000,0.00000,0.00000
-281868.52000,-498241.64366,134.31300,584485538.83764,10.20000,257532.00000,7.83000,0.00000,0.00000,0.00000
-281809.48556,-497812.91744,134.31600,584485538.88475,10.37000,220028.00000,9.68000,0.00000,0.00000,0.00000
-281739.71643,-497398.17981,134.40000,584485538.93186,9.76000,287208.00000,7.37000,0.00000,0.00000,0.00000
-281633.72548,-497030.68331,134.00800,584485538.97897,9.45000,289491.00000,7.61000,0.00000,0.00000,0.00000
-281345.69053,-496900.52922,133.14700,584485539.02608,9.35000,527266.00000,6.00000,0.00000,0.00000,0.00000
-281036.18601,-496798.36268,132.77400,584485539.07319,9.27000,1591680.00000,4.94000,0.00000,0.00000,0.00000
-280772.75262,-496636.12831,131.83000,584485539.12030,9.18000,2073594.00000,3.99000,0.00000,0.00000,0.00000
-280392.58430,-496626.10619,136.30900,584485539.16740,8.99000,2637178.00000,3.56000,0.00000,0.00000,0.00000
-289630.13831,-487173.19624,129.23000,584539283.14890,10.17000,460154.00000,6.35000,0.00000,0.00000,1.00000
-289942.58349,-487443.67655,130.95700,584539283.19603,9.59000,797245.00000,4.69000,0.00000,0.00000,1.00000
-290345.45052,-487702.61764,133.53900,584539283.24316,9.29000,991642.00000,3.72000,0.00000,0.00000,1.00000
-289640.57332,-488102.96839,145.73300,584539283.29029,9.17000,1336396.00000,3.45000,0.00000,0.00000,1.00000
-289604.04094,-488728.37528,147.51000,584539283.38454,8.78000,916514.00000,3.22000,0.00000,0.00000,1.00000
-289637.18108,-489034.51935,148.67600,584539283.43167,8.89000,254087.00000,3.39000,0.00000,0.00000,1.00000
-288600.89132,-489787.48071,121.03900,584539283.52593,9.18000,1748115.00000,3.64000,0.00000,0.00000,1.00000
-293755.55091,-489440.06887,145.05600,584539283.57306,9.09000,1742218.00000,2.36000,0.00000,0.00000,1.00000
-288921.63725,-490367.28580,140.30600,584539283.62018,9.05000,4177544.00000,2.97000,0.00000,0.00000,1.00000
-289398.87181,-490616.76720,141.62800,584539283.66731,9.09000,1450693.00000,3.46000,0.00000,0.00000,1.00000
-289399.17619,-490927.08941,142.92900,584539283.71444,9.15000,3131102.00000,3.33000,0.00000,0.00000,1.00000
-289333.12293,-491245.88448,143.60300,584539283.76157,9.17000,4741356.00000,3.17000,0.00000,0.00000,1.00000
-289269.98909,-491564.31742,144.52800,584539283.80869,8.93000,1221894.00000,3.49000,0.00000,0.00000,1.00000
-289251.32518,-491877.05607,145.35100,584539283.85582,8.85000,617327.00000,4.00000,0.00000,0.00000,1.00000
-289234.12398,-492189.61877,146.23800,584539283.90295,8.81000,890749.00000,4.29000,0.00000,0.00000,1.00000
-289165.14000,-492508.77890,146.82100,584539283.95008,8.82000,1039216.00000,2.94000,0.00000,0.00000,1.00000
-289136.26615,-492822.82669,147.34700,584539283.99721,8.81000,2010187.00000,2.43000,0.00000,0.00000,1.00000
-293721.58017,-492548.43640,134.90700,584539284.04434,8.73000,457989.00000,2.37000,0.00000,0.00000,1.00000
-293327.33411,-492909.12167,133.30900,584539284.09146,8.88000,341190.00000,3.08000,0.00000,0.00000,1.00000
-293130.71921,-493244.59296,132.75500,584539284.13859,9.18000,233790.00000,4.25000,0.00000,0.00000,1.00000
-292762.72642,-493601.91878,130.82500,584539284.18572,9.31000,229879.00000,4.74000,0.00000,0.00000,1.00000
-292088.42300,-493998.27652,127.72900,584539284.23285,9.28000,464207.00000,5.57000,0.00000,0.00000,1.00000
-291533.72081,-494379.39158,126.29100,584539284.27997,9.54000,895528.00000,4.34000,0.00000,0.00000,1.00000
-288139.16983,-495122.48054,123.94400,584539284.32710,9.62000,1356789.00000,3.31000,0.00000,0.00000,1.00000
-289479.14262,-495262.05465,122.36000,584539284.37423,9.74000,509207.00000,3.27000,0.00000,0.00000,1.00000
-290596.69680,-495429.98680,122.08400,584539284.42136,9.90000,771293.00000,3.82000,0.00000,0.00000,1.00000
-290875.55365,-495704.81670,123.89100,584539284.46849,9.76000,718708.00000,4.16000,0.00000,0.00000,1.00000
-290275.60820,-496091.65461,124.01200,584539284.51561,9.76000,831078.00000,4.47000,0.00000,0.00000,1.00000
-290413.71253,-496384.43100,125.51000,584539284.56274,9.81000,813942.00000,4.47000,0.00000,0.00000,1.00000
-290351.25228,-496702.76143,126.37000,584539284.60987,9.78000,482664.00000,3.93000,0.00000,0.00000,1.00000
-290717.62831,-496966.46312,127.06100,584539284.65700,9.85000,1586776.00000,4.09000,0.00000,0.00000,1.00000
-291063.58005,-497232.76962,128.16700,584539284.70412,10.04000,2778078.00000,4.26000,0.00000,0.00000,1.00000
-291489.02112,-497488.94805,129.63200,584539284.75125,10.24000,1210684.00000,6.11000,0.00000,0.00000,1.00000
-291387.17420,-497812.30537,129.61800,584539284.79838,9.99000,1535398.00000,5.18000,0.00000,0.00000,1.00000
-290809.09016,-498196.33165,127.67000,584539284.84551,10.01000,1148357.00000,6.32000,0.00000,0.00000,1.00000
-289944.38210,-498616.85403,125.96300,584539284.89264,9.66000,997370.00000,5.37000,0.00000,0.00000,1.00000
-289964.31587,-498924.68028,126.18000,584539284.93976,9.63000,768795.00000,5.21000,0.00000,0.00000,1.00000
-289948.51550,-499237.07030,126.96500,584539284.98689,9.67000,851593.00000,5.14000,0.00000,0.00000,1.00000
-289258.10334,-499635.37413,127.48500,584539285.03402,9.62000,954100.00000,4.31000,0.00000,0.00000,1.00000
-288964.42340,-499983.12870,128.99200,584539285.08115,9.53000,3209949.00000,4.05000,0.00000,0.00000,1.00000
-288120.84964,-500400.90087,134.03100,584539285.12828,9.53000,976946.00000,3.85000,0.00000,0.00000,1.00000
-288308.50961,-500687.36787,132.87200,584539285.17541,9.44000,501439.00000,5.46000,0.00000,0.00000,1.00000
-288444.39065,-500980.43243,132.72500,584539285.22253,9.33000,1022485.00000,5.61000,0.00000,0.00000,1.00000
-288416.90245,-501294.29372,133.03700,584539285.26966,9.36000,4019922.00000,3.70000,0.00000,0.00000,1.00000
-288285.11790,-501621.42556,133.30400,584539285.31679,9.40000,2322724.00000,3.72000,0.00000,0.00000,1.00000
-287988.50415,-501969.53681,133.76100,584539285.36392,9.50000,1290702.00000,3.49000,0.00000,0.00000,1.00000
-287904.12257,-502290.64490,132.96400,584539285.41105,9.54000,985737.00000,3.32000,0.00000,0.00000,1.00000
-287846.71808,-502608.30399,132.57300,584539285.45817,9.54000,1436818.00000,3.49000,0.00000,0.00000,1.00000
-287861.51585,-502916.78356,132.10400,584539285.50530,9.65000,1405310.00000,3.76000,0.00000,0.00000,1.00000
-287761.80119,-503239.81994,131.88400,584539285.55243,9.70000,2536458.00000,3.47000,0.00000,0.00000,1.00000
-288430.06740,-503465.15854,122.87500,584539285.59956,9.74000,637352.00000,3.39000,0.00000,0.00000,1.00000
-287957.65615,-503835.61875,124.49400,584539285.64669,10.02000,319845.00000,3.72000,0.00000,0.00000,1.00000
-287281.76208,-504231.96357,127.09200,584539285.69381,10.15000,502360.00000,4.61000,0.00000,0.00000,1.00000
-287274.66226,-504543.21959,126.52600,584539285.74094,10.29000,334061.00000,6.13000,0.00000,0.00000,1.00000
-287544.70928,-504819.22553,124.45000,584539285.78807,10.43000,157084.00000,9.35000,0.00000,0.00000,1.00000
-288016.06048,-505069.63321,122.25500,584539285.83520,10.47000,84737.00000,10.66000,0.00000,0.00000,1.00000
-288822.18464,-505277.45738,119.77200,584539285.88233,10.44000,66921.00000,9.02000,0.00000,0.00000,1.00000
-289410.96609,-505512.93424,118.47800,584539285.92945,10.60000,165880.00000,7.52000,0.00000,0.00000,1.00000
-289476.79584,-505814.92591,118.45300,584539285.97658,10.35000,332285.00000,5.65000,0.00000,0.00000,1.00000
-289465.31480,-506126.76671,117.44300,584539286.02371,10.47000,595357.00000,6.41000,0.00000,0.00000,1.00000
-289399.12983,-506445.56338,117.45500,584539286.07084,10.79000,389404.00000,5.43000,0.00000,0.00000,1.00000
-289382.53413,-506758.04568,116.91400,584539286.11797,10.77000,646751.00000,5.12000,0.00000,0.00000,1.00000
-289328.01270,-507075.35245,116.19400,584539286.16510,10.78000,454387.00000,5.83000,0.00000,0.00000,1.00000
-289567.42317,-507355.28757,116.09100,584539286.21223,11.04000,338440.00000,5.41000,0.00000,0.00000,1.00000
-289647.09894,-507655.53418,113.68100,584539286.25936,11.22000,2730889.00000,5.29000,0.00000,0.00000,1.00000
-289684.47439,-507961.16759,112.89900,584539286.30648,10.98000,3541510.00000,5.62000,0.00000,0.00000,1.00000
-289939.20306,-508239.16638,118.63100,584539286.35361,10.83000,2577770.00000,5.21000,0.00000,0.00000,1.00000
-289017.42623,-508666.71085,113.57900,584539286.40074,10.71000,2845697.00000,3.00000,0.00000,0.00000,1.00000
-289599.65012,-508903.07257,124.85300,584539286.44787,10.47000,4029119.00000,2.61000,0.00000,0.00000,1.00000
-289427.68071,-509235.29728,127.32100,584539286.49500,10.39000,1533361.00000,2.68000,0.00000,0.00000,1.00000
-289287.07967,-509563.54485,129.21300,584539286.54212,10.32000,811723.00000,2.73000,0.00000,0.00000,1.00000
-289163.97007,-509889.55076,130.94900,584539286.58925,10.36000,1269855.00000,2.45000,0.00000,0.00000,1.00000
-288746.87850,-510252.92685,112.50700,584539286.63638,10.24000,535574.00000,2.22000,0.00000,0.00000,1.00000
-289453.81850,-510473.46633,113.97300,584539286.68351,10.24000,1790350.00000,2.19000,0.00000,0.00000,1.00000
-288640.74219,-510887.14066,134.59900,584539286.73064,10.20000,1502442.00000,2.55000,0.00000,0.00000,1.00000
-288591.28955,-511203.78146,135.38600,584539286.77777,9.93000,1136979.00000,2.73000,0.00000,0.00000,1.00000
-288770.86373,-511491.33295,135.82400,584539286.82489,9.83000,782007.00000,2.69000,0.00000,0.00000,1.00000
-289253.85792,-511740.33919,136.43600,584539286.87202,9.72000,614566.00000,2.14000,0.00000,0.00000,1.00000
-289476.46897,-512022.42895,140.05600,584539286.91915,9.57000,3229244.00000,2.04000,0.00000,0.00000,1.00000
-288575.78857,-512447.19376,131.02200,584539286.96627,9.36000,2822425.00000,2.16000,0.00000,0.00000,1.00000
-289001.88170,-512703.42866,129.93100,584539287.01340,9.18000,1875194.00000,2.20000,0.00000,0.00000,1.00000
-289150.81419,-512994.88109,130.13900,584539287.06053,9.04000,1394800.00000,1.65000,0.00000,0.00000,1.00000
-296382.62478,-512386.72773,101.38100,584539287.10765,8.99000,591096.00000,1.48000,0.00000,0.00000,1.00000
-289514.35407,-513569.44244,152.60000,584539287.15478,8.95000,875133.00000,1.61000,0.00000,0.00000,1.00000
-289548.76494,-513875.44497,153.00600,584539287.20191,8.77000,839081.00000,1.62000,0.00000,0.00000,1.00000
-289541.59453,-514186.71651,154.33200,584539287.24904,8.68000,769804.00000,1.59000,0.00000,0.00000,1.00000
-289548.28423,-514496.23684,154.88000,584539287.29616,8.75000,1995013.00000,1.69000,0.00000,0.00000,1.00000
-289576.84933,-514802.98160,154.14700,584539287.34329,8.68000,849798.00000,1.79000,0.00000,0.00000,1.00000
-294275.22713,-514516.85772,104.22000,584539287.39042,8.77000,2041067.00000,1.90000,0.00000,0.00000,1.00000
-293621.74672,-514910.23076,105.88300,584539287.43754,8.92000,1083016.00000,1.89000,0.00000,0.00000,1.00000
-294009.20622,-515171.43618,106.19600,584539287.48467,8.98000,2291244.00000,1.97000,0.00000,0.00000,1.00000
-289681.57966,-516031.15338,144.08000,584539287.53180,8.99000,145516.00000,2.94000,0.00000,0.00000,1.00000
-289786.72561,-516328.18526,144.11900,584539287.57892,8.97000,572840.00000,2.31000,0.00000,0.00000,1.00000
-289262.37730,-516705.08527,143.94100,584539287.62605,9.03000,601638.00000,1.83000,0.00000,0.00000,1.00000
-288988.20590,-517050.23854,140.94400,584539287.67318,9.05000,294165.00000,2.57000,0.00000,0.00000,1.00000
-288972.24770,-517362.62887,138.01300,584539287.72030,9.16000,749684.00000,4.10000,0.00000,0.00000,1.00000
-289186.05287,-517645.86143,135.69600,584539287.76743,9.25000,537581.00000,5.27000,0.00000,0.00000,1.00000
-289655.16640,-517896.71897,133.52800,584539287.81456,9.39000,832879.00000,5.91000,0.00000,0.00000,1.00000
-289694.64542,-518202.07917,133.49300,584539287.86169,9.59000,336908.00000,8.16000,0.00000,0.00000,1.00000
-290713.74880,-518383.16235,132.70200,584539287.90881,9.38000,136126.00000,8.16000,0.00000,0.00000,1.00000
-291300.30636,-518619.13688,133.27700,584539287.95594,9.28000,181724.00000,6.01000,0.00000,0.00000,1.00000
-291965.14844,-518326.68102,133.29500,584658191.61313,9.96000,814743.00000,2.84000,0.00000,0.00000,0.00000
-291650.22688,-518228.53511,132.27400,584658191.66025,9.76000,298602.00000,4.50000,0.00000,0.00000,0.00000
-291618.97887,-517771.71112,130.81400,584658191.70737,9.81000,1407431.00000,4.17000,0.00000,0.00000,0.00000
-291383.41414,-517573.22123,129.47400,584658191.75449,9.90000,861196.00000,5.45000,0.00000,0.00000,0.00000
-291114.11320,-517417.41928,129.13000,584658191.80161,9.72000,964480.00000,5.77000,0.00000,0.00000,0.00000
-290901.81235,-517189.51259,128.85700,584658191.84873,9.73000,1611496.00000,7.00000,0.00000,0.00000,0.00000
-290691.34776,-516959.31450,129.17400,584658191.89585,9.47000,1424011.00000,5.50000,0.00000,0.00000,0.00000
-290626.82421,-516544.57792,130.28600,584658191.94297,9.11000,1946580.00000,3.77000,0.00000,0.00000,0.00000
-290133.59690,-516671.88495,132.31900,584658191.99009,8.90000,1646848.00000,3.98000,0.00000,0.00000,0.00000
-290482.76021,-515734.16402,142.27500,584658192.03721,8.80000,2149303.00000,3.73000,0.00000,0.00000,0.00000
-290508.55262,-515205.27520,143.39900,584658192.08433,8.68000,1348672.00000,4.62000,0.00000,0.00000,0.00000
-290101.08213,-515224.17288,143.91900,584658192.13145,8.49000,4199401.00000,2.65000,0.00000,0.00000,0.00000
-289616.53418,-515340.51392,143.74100,584658192.17857,8.39000,2757527.00000,2.28000,0.00000,0.00000,0.00000
-289745.87207,-514680.74194,154.30500,584658192.22569,8.28000,1558625.00000,2.89000,0.00000,0.00000,0.00000
-289519.00872,-514471.29273,154.93100,584658192.27281,8.24000,1796803.00000,2.42000,0.00000,0.00000,0.00000
-289324.07638,-514221.48659,153.70300,584658192.31993,8.24000,621277.00000,2.42000,0.00000,0.00000,0.00000
-289335.76192,-513710.50715,152.22100,584658192.36704,8.26000,985723.00000,2.93000,0.00000,0.00000,0.00000
-289281.30999,-513283.11378,151.30700,584658192.41416,8.33000,674781.00000,2.81000,0.00000,0.00000,0.00000
-289138.83790,-512966.99646,148.71200,584658192.46128,8.48000,925999.00000,2.32000,0.00000,0.00000,0.00000
-288890.56299,-512784.65770,145.95800,584658192.50840,8.70000,706821.00000,2.26000,0.00000,0.00000,0.00000
-288547.40905,-512722.22348,141.93000,584658192.55552,8.86000,331330.00000,2.82000,0.00000,0.00000,0.00000
-288201.97697,-512662.67865,138.87500,584658192.60264,8.92000,306946.00000,4.35000,0.00000,0.00000,0.00000
-287667.70526,-512841.81559,137.23600,584658192.64976,9.11000,274372.00000,6.08000,0.00000,0.00000,0.00000
-287213.70594,-512919.47511,136.55300,584658192.69688,9.17000,471120.00000,7.90000,0.00000,0.00000,0.00000
-286671.67596,-513108.40473,138.77900,584658192.74400,9.08000,474828.00000,4.98000,0.00000,0.00000,0.00000
-286276.97414,-513111.09710,141.76000,584658192.79112,8.96000,604618.00000,3.05000,0.00000,0.00000,0.00000
-286013.64335,-512947.75264,143.54800,584658192.83824,9.03000,2321731.00000,2.31000,0.00000,0.00000,0.00000
-285712.90595,-512831.68200,142.89200,584658192.88536,9.17000,2956667.00000,2.27000,0.00000,0.00000,0.00000
-285531.21899,-512565.13479,139.25500,584658192.93248,9.32000,9463288.00000,2.14000,0.00000,0.00000,0.00000
-285379.18699,-512261.11599,135.91900,584658192.97960,9.83000,6682398.00000,2.49000,0.00000,0.00000,0.00000
-285416.00350,-511718.41575,126.68400,584658193.02672,10.08000,2428720.00000,2.35000,0.00000,0.00000,0.00000
-285120.75394,-511595.41875,132.33000,584658193.07384,10.15000,2795743.00000,3.34000,0.00000,0.00000,0.00000
-284945.46390,-511320.79047,131.96100,584658193.12096,10.28000,1185749.00000,3.61000,0.00000,0.00000,0.00000
-284734.60046,-511091.13570,132.63400,584658193.16808,10.28000,1210321.00000,3.01000,0.00000,0.00000,0.00000
-284493.17389,-510900.10247,132.67200,584658193.21520,10.32000,2132603.00000,3.09000,0.00000,0.00000,0.00000
-284276.84205,-510677.36678,132.44300,584658193.26233,10.43000,303114.00000,4.95000,0.00000,0.00000,0.00000
-284082.40720,-510426.95665,132.65100,584658193.30945,10.38000,187508.00000,4.47000,0.00000,0.00000,0.00000
-283919.44820,-510136.75924,133.12900,584658193.35657,10.15000,198714.00000,4.57000,0.00000,0.00000,0.00000
-283703.12073,-509914.01536,133.44400,584658193.40369,10.00000,248337.00000,4.32000,0.00000,0.00000,0.00000
-283549.29018,-509612.28627,134.18600,584658193.45081,9.90000,273651.00000,4.40000,0.00000,0.00000,0.00000
-283362.63000,-509352.08598,134.63300,584658193.49793,9.74000,287168.00000,6.28000,0.00000,0.00000,0.00000
-283237.09048,-509014.62013,135.31500,584658193.54505,9.65000,266983.00000,4.46000,0.00000,0.00000,0.00000
-283129.80040,-508654.09486,136.05900,584658193.59217,9.52000,178804.00000,4.77000,0.00000,0.00000,0.00000
-283189.94693,-508082.02619,137.10200,584658193.63929,9.51000,282141.00000,6.78000,0.00000,0.00000,0.00000
-283262.40553,-507494.38030,138.73400,584658193.68641,9.41000,240499.00000,5.46000,0.00000,0.00000,0.00000
-283055.22901,-507260.11618,138.60000,584658193.73354,9.39000,295427.00000,3.80000,0.00000,0.00000,0.00000
-282684.73158,-507232.20764,136.64800,584658193.78066,9.48000,841998.00000,3.51000,0.00000,0.00000,0.00000
-282353.01013,-507155.29661,134.09900,584658193.82778,9.45000,842692.00000,3.04000,0.00000,0.00000,0.00000
-281997.11389,-507108.93456,129.51200,584658193.87490,9.83000,1501272.00000,3.17000,0.00000,0.00000,0.00000
-281518.03795,-507218.21346,123.97200,584658193.92202,10.22000,480427.00000,3.41000,0.00000,0.00000,0.00000
-281394.35533,-506878.44129,122.77100,584658193.96914,10.54000,732167.00000,3.99000,0.00000,0.00000,0.00000
-280718.17662,-507236.73268,118.19300,584658194.01626,10.75000,1958545.00000,4.21000,0.00000,0.00000,0.00000
-280790.68229,-506649.08794,118.27800,584658194.06338,10.69000,573192.00000,3.98000,0.00000,0.00000,0.00000
-279621.74372,-507629.91700,115.45100,584658194.11050,10.76000,2646406.00000,3.98000,0.00000,0.00000,0.00000
-279556.47194,-507216.35710,115.26900,584658194.15762,10.63000,1680449.00000,3.30000,0.00000,0.00000,0.00000
-280102.12317,-506030.96233,121.58600,584658194.20475,10.74000,6246088.00000,4.02000,0.00000,0.00000,0.00000
-279751.24357,-505978.24570,121.29200,584658194.25187,10.86000,1438288.00000,3.84000,0.00000,0.00000,0.00000
-279388.49915,-505940.50693,121.21200,584658194.29899,10.86000,1324957.00000,3.77000,0.00000,0.00000,0.00000
-278922.17820,-506033.60187,119.98000,584658194.34611,11.04000,1044044.00000,4.84000,0.00000,0.00000,0.00000
-278493.73327,-506078.86895,118.11300,584658194.39323,10.98000,150766.00000,6.55000,0.00000,0.00000,0.00000
-278361.39769,-505750.02669,117.31700,584658194.44035,11.07000,151656.00000,7.91000,0.00000,0.00000,0.00000
-278642.00299,-504899.56063,117.06500,584658194.48748,11.11000,349099.00000,7.00000,0.00000,0.00000,0.00000
-278532.04347,-504542.49111,115.77300,584658194.53460,10.99000,683961.00000,6.58000,0.00000,0.00000,0.00000
-276775.34209,-506265.59930,114.80300,584658194.58172,10.35000,1418765.00000,4.78000,0.00000,0.00000,0.00000
-278373.73158,-503254.58667,125.47300,584658194.67596,9.59000,2305554.00000,3.88000,0.00000,0.00000,0.00000
-278359.14284,-502777.05561,125.81800,584658194.72309,9.33000,1721945.00000,4.18000,0.00000,0.00000,0.00000
-277995.51151,-502740.45724,124.67200,584658194.77021,9.30000,1577787.00000,3.70000,0.00000,0.00000,0.00000
-277581.67826,-502767.24429,124.07600,584658194.81733,9.35000,1323957.00000,2.83000,0.00000,0.00000,0.00000
-277396.00432,-502505.86092,122.33400,584658194.86445,9.57000,3809551.00000,3.01000,0.00000,0.00000,0.00000
-283314.60699,-494003.46199,126.74900,584711939.66897,9.85000,842166.00000,6.80000,0.00000,0.00000,1.00000
-282898.83379,-494359.78043,127.18900,584711939.71609,9.61000,854626.00000,4.82000,0.00000,0.00000,1.00000
-282401.24061,-494725.25631,127.83300,584711939.76321,9.33000,718937.00000,3.95000,0.00000,0.00000,1.00000
-281370.24820,-495460.18031,130.91600,584711939.85746,9.17000,2472733.00000,3.10000,0.00000,0.00000,1.00000
-280344.87743,-496813.94308,136.16300,584711940.04595,8.95000,133860.00000,6.95000,0.00000,0.00000,1.00000
-280755.32406,-497077.77942,135.66800,584711940.09307,9.06000,157805.00000,4.95000,0.00000,0.00000,1.00000
-280853.83209,-497376.51800,133.55000,584711940.14020,9.19000,287562.00000,4.62000,0.00000,0.00000,1.00000
-281038.54089,-497665.61266,133.13700,584711940.18732,9.55000,150908.00000,6.46000,0.00000,0.00000,1.00000
-281011.39318,-497978.41439,134.44500,584711940.23444,9.47000,232474.00000,4.81000,0.00000,0.00000,1.00000
-280911.18734,-498299.38642,134.97600,584711940.28157,9.55000,353187.00000,3.85000,0.00000,0.00000,1.00000
-280798.55094,-498621.72865,135.39100,584711940.32869,9.72000,2337920.00000,3.53000,0.00000,0.00000,1.00000
-282500.64461,-498741.16882,126.26700,584711940.37581,9.89000,520305.00000,4.62000,0.00000,0.00000,1.00000
-282591.10676,-499040.82712,127.49800,584711940.42293,10.02000,296611.00000,7.30000,0.00000,0.00000,1.00000
-282271.72031,-499386.31443,127.39900,584711940.47006,9.81000,269625.00000,5.45000,0.00000,0.00000,1.00000
-282677.78784,-499650.68736,127.43100,584711940.51718,9.96000,235836.00000,6.23000,0.00000,0.00000,1.00000
-282374.46510,-499994.36667,126.86800,584711940.56430,9.86000,505855.00000,5.00000,0.00000,0.00000,1.00000
-282814.86469,-500254.91060,128.15600,584711940.61143,9.89000,1167408.00000,4.58000,0.00000,0.00000,1.00000
-283688.49993,-500467.03192,129.64800,584711940.65855,9.93000,878021.00000,4.03000,0.00000,0.00000,1.00000
-283160.15309,-500835.85915,125.92600,584711940.70567,9.81000,1093374.00000,3.18000,0.00000,0.00000,1.00000
-282349.80643,-501236.21341,120.62200,584711940.75279,9.79000,809409.00000,3.48000,0.00000,0.00000,1.00000
-282212.31575,-501561.35712,118.45600,584711940.79992,9.82000,1946455.00000,3.84000,0.00000,0.00000,1.00000
-283871.28807,-501685.72983,134.42100,584711940.84704,9.73000,6901413.00000,3.27000,0.00000,0.00000,1.00000
-281883.24876,-502217.66733,115.68900,584711940.89416,9.82000,2300780.00000,3.65000,0.00000,0.00000,1.00000
-282569.10701,-502450.80032,124.13100,584711940.94129,9.94000,4247170.00000,4.48000,0.00000,0.00000,1.00000
-281472.33274,-502883.10215,114.24600,584711940.98841,10.14000,904546.00000,4.33000,0.00000,0.00000,1.00000
-281181.39572,-503225.37514,112.89900,584711941.03553,10.58000,1009185.00000,5.96000,0.00000,0.00000,1.00000
-280981.77368,-503557.43201,113.37300,584711941.08266,10.64000,1054358.00000,5.08000,0.00000,0.00000,1.00000
-280784.34590,-503889.25117,114.13900,584711941.12978,10.75000,700058.00000,6.23000,0.00000,0.00000,1.00000
-281028.92716,-504171.69353,114.82400,584711941.17690,10.87000,1463968.00000,5.73000,0.00000,0.00000,1.00000
-281173.41680,-504465.32345,114.58900,584711941.22403,10.91000,902872.00000,7.15000,0.00000,0.00000,1.00000
-284043.04687,-504454.62771,130.79500,584711941.27115,10.48000,2077254.00000,4.92000,0.00000,0.00000,1.00000
-284172.18970,-504749.99187,132.06000,584711941.31827,10.31000,1297708.00000,4.67000,0.00000,0.00000,1.00000
-284014.93576,-505077.33734,132.21400,584711941.36539,10.27000,378043.00000,5.27000,0.00000,0.00000,1.00000
-283894.21057,-505400.61163,133.10900,584711941.41252,10.10000,1042169.00000,4.26000,0.00000,0.00000,1.00000
-283762.51717,-505725.09666,134.30600,584711941.45964,9.79000,1264040.00000,3.95000,0.00000,0.00000,1.00000
-283667.35320,-506045.50927,136.51500,584711941.50676,9.83000,2812894.00000,3.70000,0.00000,0.00000,1.00000
-283531.27314,-506370.48925,138.52500,584711941.55389,9.69000,3456371.00000,2.72000,0.00000,0.00000,1.00000
-283456.56309,-506688.61014,139.52900,584711941.60101,9.63000,2755929.00000,2.87000,0.00000,0.00000,1.00000
-283363.58822,-507008.77386,139.92500,584711941.64813,9.54000,519591.00000,2.64000,0.00000,0.00000,1.00000
-283176.36092,-507339.44624,139.10300,584711941.69526,9.62000,2286222.00000,2.74000,0.00000,0.00000,1.00000
-283005.94059,-507668.24590,137.74500,584711941.74238,9.66000,869802.00000,3.81000,0.00000,0.00000,1.00000
-282858.16066,-507994.50818,136.89100,584711941.78950,9.73000,689746.00000,2.80000,0.00000,0.00000,1.00000
-282700.88296,-508321.84097,136.47300,584711941.83662,9.72000,522859.00000,3.65000,0.00000,0.00000,1.00000
-282680.21989,-508633.91684,136.08400,584711941.88374,9.72000,1034021.00000,3.51000,0.00000,0.00000,1.00000
-282541.19837,-508959.20043,136.09900,584711941.93087,9.70000,1045612.00000,3.23000,0.00000,0.00000,1.00000
-282404.36672,-509284.23723,135.81800,584711941.97799,9.80000,434071.00000,3.41000,0.00000,0.00000,1.00000
-282392.46768,-509595.33655,135.06200,584711942.02511,9.83000,341234.00000,3.79000,0.00000,0.00000,1.00000
-282439.01558,-509899.91586,134.22700,584711942.07223,9.92000,413203.00000,4.72000,0.00000,0.00000,1.00000
-282487.01890,-510204.32726,133.98100,584711942.11935,10.07000,315709.00000,4.64000,0.00000,0.00000,1.00000
-282549.64000,-510507.12331,133.58500,584711942.16648,10.14000,228456.00000,5.15000,0.00000,0.00000,1.00000
-282489.50613,-510823.60270,132.80100,584711942.21360,10.29000,192084.00000,5.59000,0.00000,0.00000,1.00000
-282492.93872,-511132.99909,131.93300,584711942.26072,10.40000,152106.00000,5.41000,0.00000,0.00000,1.00000
-282578.19585,-511433.26212,130.64500,584711942.30784,10.72000,93064.00000,7.77000,0.00000,0.00000,1.00000
-282521.71024,-511749.33740,129.10100,584711942.35497,10.83000,111745.00000,9.01000,0.00000,0.00000,1.00000
-282396.54227,-512073.07353,127.49400,584711942.40209,11.01000,140384.00000,9.18000,0.00000,0.00000,1.00000
-284043.92167,-512199.20160,129.27700,584711942.44921,11.31000,415351.00000,7.18000,0.00000,0.00000,1.00000
-284419.25119,-512467.15472,128.83200,584711942.49634,11.34000,462330.00000,5.92000,0.00000,0.00000,1.00000
-283476.47596,-512882.03698,125.23000,584711942.54346,11.13000,1042358.00000,5.43000,0.00000,0.00000,1.00000
-282498.62432,-513300.81462,122.65700,584711942.59058,11.14000,582117.00000,6.69000,0.00000,0.00000,1.00000
-283310.87308,-513520.06751,122.97500,584711942.63771,10.94000,714020.00000,6.12000,0.00000,0.00000,1.00000
-283191.53563,-513843.15685,122.34200,584711942.68483,10.78000,1788465.00000,4.26000,0.00000,0.00000,1.00000
-282177.84945,-514265.88300,117.71600,584711942.73195,10.82000,448513.00000,5.01000,0.00000,0.00000,1.00000
-283913.68011,-514382.25912,118.86100,584711942.77908,10.84000,1220545.00000,4.98000,0.00000,0.00000,1.00000
-286380.18684,-514417.21980,127.85600,584711942.82620,10.61000,400043.00000,4.53000,0.00000,0.00000,1.00000
-284918.60164,-514889.87915,118.25600,584711942.87332,10.75000,1359936.00000,6.02000,0.00000,0.00000,1.00000
-283419.72186,-515366.65017,112.45800,584711942.92044,11.31000,720219.00000,6.38000,0.00000,0.00000,1.00000
-283011.01190,-515721.96894,113.05900,584711942.96757,11.60000,1689853.00000,6.04000,0.00000,0.00000,1.00000
-282679.74650,-516068.64432,113.99300,584711943.01469,11.60000,1128326.00000,7.49000,0.00000,0.00000,1.00000
-283497.12384,-516287.39526,114.59100,584711943.06181,11.32000,1674898.00000,5.88000,0.00000,0.00000,1.00000
-282976.61209,-516655.15765,111.29600,584711943.10893,11.20000,2568445.00000,5.12000,0.00000,0.00000,1.00000
-285182.30183,-516719.30905,118.53400,584711943.15606,11.33000,815179.00000,5.84000,0.00000,0.00000,1.00000
-283264.69535,-517242.64724,113.30900,584711943.20318,11.47000,887016.00000,6.15000,0.00000,0.00000,1.00000
-279418.25568,-514692.84591,115.46900,584830847.62938,11.34000,3251252.00000,4.00000,0.00000,0.00000,0.00000
-300801.82253,-483716.55297,358.26300,586349178.93132,10.89000,2792627.00000,3.54000,0.00000,0.00000,1.00000
