-308806.07466,-487141.19467,148.96300,564308874.03392,10.28000,1975272.00000,3.24000,0.00000,0.00000,0.00000
-308866.38606,-486513.50176,147.44200,564308874.08059,10.39000,281853.00000,5.36000,0.00000,0.00000,0.00000
-308715.73510,-486193.31199,147.80600,564308874.12726,10.39000,419473.00000,5.28000,0.00000,0.00000,0.00000
-308510.16917,-485953.14037,149.26500,564308874.17393,10.55000,1424449.00000,4.03000,0.00000,0.00000,0.00000
-308673.00283,-484096.56728,154.75600,564308874.31394,11.44000,1156027.00000,7.21000,0.00000,0.00000,0.00000
-308313.03843,-484081.44043,157.84400,564308874.36061,11.39000,1751743.00000,5.85000,0.00000,0.00000,0.00000
-307546.10835,-483579.95065,165.47000,564308874.50062,10.38000,3372015.00000,5.82000,0.00000,0.00000,0.00000
-307506.53524,-483097.90369,164.89400,564308874.54729,10.16000,1633582.00000,6.29000,0.00000,0.00000,0.00000
-311862.90575,-492879.23530,149.45100,564481526.14329,11.00000,297695.00000,5.17000,0.00000,0.00000,0.00000
-311382.95576,-493027.97277,151.88400,564481526.19001,10.69000,444154.00000,5.78000,0.00000,0.00000,0.00000
-310905.11355,-493173.72019,153.37300,564481526.23673,10.55000,997898.00000,5.24000,0.00000,0.00000,0.00000
-310578.85112,-493105.49741,153.91000,564481526.28346,10.81000,357397.00000,6.00000,0.00000,0.00000,0.00000
-310309.59215,-492956.82028,153.34200,564481526.33018,10.97000,218488.00000,6.08000,0.00000,0.00000,0.00000
-310049.19739,-492795.61425,152.60300,564481526.37690,11.25000,325345.00000,9.12000,0.00000,0.00000,0.00000
-309872.82715,-492515.80436,152.61300,564481526.42363,11.05000,668700.00000,8.92000,0.00000,0.00000,0.00000
-309760.64312,-492145.40694,152.41100,564481526.47035,10.81000,945058.00000,7.04000,0.00000,0.00000,0.00000
-309637.47760,-491790.49849,153.82900,564481526.51708,10.67000,422304.00000,6.49000,0.00000,0.00000,0.00000
-309461.96382,-491509.49628,153.50400,564481526.56380,10.56000,563250.00000,5.74000,0.00000,0.00000,0.00000
-309266.18555,-491257.10405,152.69300,564481526.61052,10.38000,423673.00000,6.14000,0.00000,0.00000,0.00000
-308983.84915,-491126.88688,151.17400,564481526.65725,10.50000,357827.00000,5.71000,0.00000,0.00000,0.00000
-308504.31566,-491274.98002,150.08200,564481526.70397,10.58000,252726.00000,7.18000,0.00000,0.00000,0.00000
-308099.93686,-491316.98055,150.18300,564481526.75069,10.89000,159596.00000,10.14000,0.00000,0.00000,0.00000
-307850.53458,-491140.26479,151.44400,564481526.79742,10.50000,161691.00000,7.01000,0.00000,0.00000,0.00000
-307694.03181,-490832.43290,153.39500,564481526.84414,10.04000,307028.00000,5.07000,0.00000,0.00000,0.00000
-307596.23614,-490441.77880,155.22300,564481526.89087,9.84000,430215.00000,4.79000,0.00000,0.00000,0.00000
-307510.26284,-490034.43371,158.02900,564481526.93759,9.63000,2542959.00000,2.91000,0.00000,0.00000,0.00000
-306557.34092,-490850.54820,146.62500,564481526.98432,9.57000,804603.00000,2.24000,0.00000,0.00000,0.00000
-305776.68955,-491423.51457,146.08700,564481527.03104,9.47000,1205826.00000,2.87000,0.00000,0.00000,0.00000
-306972.38845,-489207.51471,166.98000,564481527.07776,9.14000,418067.00000,2.75000,0.00000,0.00000,0.00000
-305664.73004,-490524.17476,144.66300,564481527.12449,9.03000,878336.00000,2.78000,0.00000,0.00000,0.00000
-305611.71174,-490070.32973,145.21500,564481527.17121,8.96000,672833.00000,3.13000,0.00000,0.00000,0.00000
-305369.50314,-489883.46363,146.90600,564481527.21793,9.16000,502555.00000,3.73000,0.00000,0.00000,0.00000
-305189.38037,-489609.00406,147.76900,564481527.26466,9.20000,1007311.00000,5.42000,0.00000,0.00000,0.00000
-304969.98030,-489389.95523,149.17300,564481527.31138,9.43000,651855.00000,8.20000,0.00000,0.00000,0.00000
-305203.73677,-488531.50629,151.17700,564481527.35811,9.70000,423304.00000,7.94000,0.00000,0.00000,0.00000
-305874.16980,-487056.90613,155.80300,564481527.40483,9.82000,746828.00000,7.91000,0.00000,0.00000,0.00000
-305886.63515,-486510.72581,158.44900,564481527.45156,9.85000,456439.00000,8.32000,0.00000,0.00000,0.00000
-304366.50689,-488127.03169,148.39500,564481527.49828,9.81000,2594200.00000,6.69000,0.00000,0.00000,0.00000
-305047.10602,-486638.14702,153.51600,564481527.54500,9.87000,529479.00000,6.68000,0.00000,0.00000,0.00000
-303787.94544,-487886.17846,148.84400,564481527.59173,10.00000,681056.00000,9.46000,0.00000,0.00000,0.00000
-303341.33638,-487987.70884,148.16500,564481527.63845,9.73000,128250.00000,9.83000,0.00000,0.00000,0.00000
-303586.53863,-487113.19199,150.14200,564481527.68518,9.74000,171490.00000,8.60000,0.00000,0.00000,0.00000
-303555.94772,-486627.78871,153.26900,564481527.73190,9.50000,349474.00000,4.31000,0.00000,0.00000,0.00000
-303328.11835,-486420.65329,157.24700,564481527.77863,9.35000,527766.00000,3.52000,0.00000,0.00000,0.00000
-303094.80786,-486221.27022,159.54200,564481527.82535,9.28000,1556560.00000,3.56000,0.00000,0.00000,0.00000
-302837.85045,-486055.25632,160.63500,564481527.87208,9.24000,1344507.00000,3.21000,0.00000,0.00000,0.00000
-302588.06797,-485879.09658,160.99300,564481527.91880,9.25000,2509071.00000,3.26000,0.00000,0.00000,0.00000
-302350.12511,-485686.26624,160.62900,564481527.96553,9.19000,1215427.00000,3.79000,0.00000,0.00000,0.00000
-302157.78695,-485429.06299,160.26700,564481528.01225,9.13000,2719691.00000,3.28000,0.00000,0.00000,0.00000
-302097.66265,-484985.38384,161.45900,564481528.05898,9.17000,757843.00000,3.63000,0.00000,0.00000,0.00000
-301897.30588,-484739.50874,162.91500,564481528.10570,9.07000,727022.00000,3.76000,0.00000,0.00000,0.00000
-301654.72625,-484553.22653,163.36100,564481528.15243,9.09000,307697.00000,4.30000,0.00000,0.00000,0.00000
-301355.54972,-484446.78146,163.21100,564481528.19915,9.08000,434045.00000,3.34000,0.00000,0.00000,0.00000
-301055.95795,-484340.93728,162.08900,564481528.24588,9.12000,217094.00000,4.37000,0.00000,0.00000,0.00000
-300769.87697,-484216.02133,162.60200,564481528.29260,9.11000,468976.00000,3.84000,0.00000,0.00000,0.00000
-300410.71613,-484194.16706,162.42200,564481528.33933,9.16000,292818.00000,4.44000,0.00000,0.00000,0.00000
-300109.84631,-484090.08471,161.75000,564481528.38605,9.29000,293027.00000,4.21000,0.00000,0.00000,0.00000
-299823.76365,-483965.15611,162.35900,564481528.43278,9.40000,189227.00000,4.57000,0.00000,0.00000,0.00000
-299645.81825,-483687.70367,163.07400,564481528.47950,9.39000,236012.00000,5.85000,0.00000,0.00000,0.00000
-299409.16176,-483493.06414,163.62700,564481528.52622,9.29000,284555.00000,5.37000,0.00000,0.00000,0.00000
-299260.36641,-483174.49641,164.23100,564481528.57295,9.41000,232573.00000,4.98000,0.00000,0.00000,0.00000
-299153.38598,-482796.93942,165.78300,564481528.61968,9.24000,302191.00000,3.79000,0.00000,0.00000,0.00000
-298830.98955,-482723.24599,166.34200,564481528.66640,9.13000,1313325.00000,3.17000,0.00000,0.00000,0.00000
-298524.21811,-482627.49791,166.31900,564481528.71312,9.28000,354259.00000,4.32000,0.00000,0.00000,0.00000
-298245.33056,-482492.42325,165.35100,564481528.75985,9.24000,380106.00000,5.03000,0.00000,0.00000,0.00000
-297977.43272,-482341.86527,163.98800,564481528.80657,9.21000,778242.00000,5.09000,0.00000,0.00000,0.00000
-297828.23316,-482023.88584,162.79500,564481528.85330,9.47000,685433.00000,4.39000,0.00000,0.00000,0.00000
-297043.69350,-482601.92901,155.44700,564481528.90003,9.77000,3751039.00000,4.62000,0.00000,0.00000,0.00000
-296480.49782,-482867.79701,153.79600,564481528.94675,10.11000,1459156.00000,8.37000,0.00000,0.00000,0.00000
-296090.50044,-482889.39228,153.01900,564481528.99347,9.99000,447071.00000,8.98000,0.00000,0.00000,0.00000
-295577.56696,-483084.35335,151.42000,564481529.04020,9.85000,283729.00000,5.91000,0.00000,0.00000,0.00000
-295254.31931,-483011.81946,149.58900,564481529.08693,9.58000,591728.00000,4.89000,0.00000,0.00000,0.00000
-290679.85955,-486291.70686,132.57300,564481529.36728,7.83000,568279.00000,2.15000,0.00000,0.00000,0.00000
-306142.44960,-482617.99868,158.76700,564535272.28036,9.97000,2020394.00000,5.94000,0.00000,0.00000,1.00000
-305578.54678,-483021.94295,157.21900,564535272.32718,10.09000,1750817.00000,6.51000,0.00000,0.00000,1.00000
-305749.89650,-483303.81841,155.86500,564535272.37399,10.10000,1177105.00000,5.01000,0.00000,0.00000,1.00000
-305741.57885,-483615.52183,154.17700,564535272.42081,10.09000,1704641.00000,4.51000,0.00000,0.00000,1.00000
-305170.44247,-484020.65511,153.89300,564535272.46762,10.28000,1730361.00000,4.01000,0.00000,0.00000,1.00000
-305105.83864,-484341.70715,153.45300,564535272.51444,10.24000,2840130.00000,4.24000,0.00000,0.00000,1.00000
-305299.55379,-484619.88006,153.26300,564535272.56125,10.14000,3175372.00000,4.01000,0.00000,0.00000,1.00000
-305527.90546,-484892.31567,152.93600,564535272.60807,10.38000,4604613.00000,3.81000,0.00000,0.00000,1.00000
-305141.79407,-485577.03469,153.04600,564535272.70169,10.09000,4906632.00000,3.37000,0.00000,0.00000,1.00000
-305018.31884,-486218.17211,150.08700,564535272.79532,9.72000,4739542.00000,3.31000,0.00000,0.00000,1.00000
-309721.99435,-485748.01537,146.03100,564535272.84214,10.07000,1090868.00000,4.20000,0.00000,0.00000,1.00000
-307750.50764,-486695.85454,141.77400,564535272.93577,9.99000,1047838.00000,3.65000,0.00000,0.00000,1.00000
-308244.40961,-486924.26557,142.48900,564535272.98258,9.95000,688661.00000,4.38000,0.00000,0.00000,1.00000
-308739.74074,-487152.43152,145.44200,564535273.02940,9.99000,549930.00000,3.33000,0.00000,0.00000,1.00000
-308862.73344,-487442.38796,146.26800,564535273.07621,10.07000,892239.00000,3.42000,0.00000,0.00000,1.00000
-308776.44616,-487767.04513,146.88300,564535273.12303,10.09000,1427929.00000,3.55000,0.00000,0.00000,1.00000
-308896.55224,-488057.48440,147.25100,564535273.16984,10.16000,677378.00000,4.91000,0.00000,0.00000,1.00000
-308743.15621,-488393.28554,147.99300,564535273.21666,10.12000,307653.00000,4.45000,0.00000,0.00000,1.00000
-308655.41817,-488718.17932,148.64000,564535273.26347,10.03000,438587.00000,5.12000,0.00000,0.00000,1.00000
-308495.52057,-489055.05282,149.74300,564535273.31029,9.94000,373307.00000,3.97000,0.00000,0.00000,1.00000
-309651.87480,-489173.63865,149.33500,564535273.35711,10.11000,2226926.00000,4.67000,0.00000,0.00000,1.00000
-308886.52463,-489610.91859,149.42700,564535273.40392,10.13000,1237817.00000,4.34000,0.00000,0.00000,1.00000
-308881.04594,-489922.17549,149.82200,564535273.45073,10.12000,2159692.00000,5.19000,0.00000,0.00000,1.00000
-308566.71772,-490284.66583,149.97000,564535273.49755,10.37000,1490193.00000,6.65000,0.00000,0.00000,1.00000
-308214.12777,-490653.46915,149.89300,564535273.54436,10.37000,1373925.00000,5.09000,0.00000,0.00000,1.00000
-307992.87665,-491000.50490,149.93100,564535273.59118,10.36000,2217296.00000,6.07000,0.00000,0.00000,1.00000
-307812.75476,-491340.71508,150.22900,564535273.63800,10.64000,1352970.00000,8.23000,0.00000,0.00000,1.00000
-307640.56429,-491679.60293,150.98200,564535273.68481,10.42000,254570.00000,8.40000,0.00000,0.00000,1.00000
-307912.17541,-491944.91629,151.45800,564535273.73162,10.43000,366247.00000,7.40000,0.00000,0.00000,1.00000
-308349.04432,-492182.84434,151.33500,564535273.77844,10.60000,165617.00000,7.72000,0.00000,0.00000,1.00000
-308809.73051,-492416.83396,151.81000,564535273.82525,10.57000,244230.00000,7.27000,0.00000,0.00000,1.00000
-309109.48449,-492677.49671,152.60900,564535273.87207,10.41000,283592.00000,6.23000,0.00000,0.00000,1.00000
-309083.05888,-492992.22979,151.80300,564535273.91888,10.30000,879850.00000,5.43000,0.00000,0.00000,1.00000
-308797.55168,-493349.89998,152.55300,564535273.96570,10.58000,529885.00000,5.73000,0.00000,0.00000,1.00000
-308387.46673,-494038.56986,153.33800,564535274.05933,10.51000,127142.00000,4.59000,0.00000,0.00000,1.00000
-308172.67510,-494384.51064,154.59700,564535274.10615,10.58000,489812.00000,4.26000,0.00000,0.00000,1.00000
-312027.19141,-494676.84979,147.33700,564535274.24659,10.36000,2090133.00000,3.49000,0.00000,0.00000,1.00000
-311191.00816,-495125.78225,147.50100,564535274.29340,10.34000,1425286.00000,3.58000,0.00000,0.00000,1.00000
-311294.46881,-495419.01228,147.39000,564535274.34022,10.51000,1385992.00000,5.53000,0.00000,0.00000,1.00000
-310753.46277,-495819.01288,144.50400,564535274.38704,10.65000,1866291.00000,6.51000,0.00000,0.00000,1.00000
-310801.34949,-496121.45565,144.52000,564535274.43385,10.65000,775594.00000,5.86000,0.00000,0.00000,1.00000
-310843.44650,-496424.83615,145.00400,564535274.48066,10.74000,675867.00000,5.50000,0.00000,0.00000,1.00000
-311089.07305,-496694.52295,145.59300,564535274.52748,10.47000,1187442.00000,4.89000,0.00000,0.00000,1.00000
-308231.42109,-497478.22653,150.60600,564535274.57429,10.33000,5185952.00000,4.32000,0.00000,0.00000,1.00000
-311604.09688,-497229.93909,151.93900,564535274.62111,10.47000,3352495.00000,4.86000,0.00000,0.00000,1.00000
-311008.21373,-498570.13145,145.84700,564535274.80837,9.97000,1895061.00000,7.70000,0.00000,0.00000,1.00000
-311202.81460,-499158.65675,145.57500,564535274.90200,10.00000,876174.00000,8.99000,0.00000,0.00000,1.00000
-310843.21793,-499634.61044,140.64700,564654178.67412,6.04000,2318567.00000,4.18000,0.00000,0.00000,0.00000
-310082.69927,-500156.24418,141.92700,564654178.72089,6.07000,2075302.00000,4.87000,0.00000,0.00000,0.00000
-309624.69993,-500264.18172,140.71800,564654178.76767,6.82000,933917.00000,5.32000,0.00000,0.00000,0.00000
-309334.15027,-500143.16632,139.94400,564654178.81445,7.68000,190457.00000,4.85000,0.00000,0.00000,0.00000
-309299.52627,-499672.22703,139.85700,564654178.86123,8.38000,903836.00000,5.20000,0.00000,0.00000,0.00000
-308415.13588,-500363.15417,129.41800,564654178.90800,9.07000,1600815.00000,3.78000,0.00000,0.00000,0.00000
-307644.65832,-500898.31337,127.11100,564654178.95478,9.80000,581654.00000,8.96000,0.00000,0.00000,0.00000
-307235.84297,-500938.96198,127.06500,564654179.00156,9.76000,738090.00000,7.49000,0.00000,0.00000,0.00000
-306976.36133,-500775.43670,127.23600,564654179.04833,9.78000,147385.00000,5.71000,0.00000,0.00000,0.00000
-306766.94619,-500543.46006,127.43000,564654179.09511,9.86000,95861.00000,5.68000,0.00000,0.00000,0.00000
-306441.86385,-500469.62538,126.79100,564654179.14189,9.93000,299855.00000,6.32000,0.00000,0.00000,0.00000
-306494.01345,-499880.06806,127.69400,564654179.18866,9.83000,538832.00000,3.72000,0.00000,0.00000,0.00000
-306307.48761,-499616.82688,128.96100,564654179.23544,9.75000,694952.00000,3.91000,0.00000,0.00000,0.00000
-306057.94675,-499439.72886,130.49400,564654179.28222,9.44000,1582676.00000,2.77000,0.00000,0.00000,0.00000
-306115.71363,-498842.50486,133.24200,564654179.32899,9.27000,2033100.00000,2.32000,0.00000,0.00000,0.00000
-305803.17080,-498751.56603,132.72200,564654179.37577,9.25000,920453.00000,2.80000,0.00000,0.00000,0.00000
-305496.23030,-498652.93673,130.25400,564654179.42255,9.10000,2944936.00000,2.19000,0.00000,0.00000,0.00000
-303795.50957,-500459.57181,118.83000,564654179.46933,9.44000,1878358.00000,2.26000,0.00000,0.00000,0.00000
-303248.97208,-500688.40810,115.88000,564654179.51610,9.60000,1853940.00000,3.03000,0.00000,0.00000,0.00000
-303439.72971,-499909.45261,112.82800,564654179.56288,9.85000,661050.00000,3.33000,0.00000,0.00000,0.00000
-303431.05624,-499403.08035,112.22500,564654179.60966,9.81000,2813324.00000,2.80000,0.00000,0.00000,0.00000
-306079.57057,-495264.54228,145.56500,564654179.65643,9.45000,1796469.00000,2.59000,0.00000,0.00000,0.00000
-305716.55211,-495242.61673,143.00100,564654179.70321,9.18000,1750047.00000,3.37000,0.00000,0.00000,0.00000
-305319.42729,-495267.30209,141.56100,564654179.74999,9.03000,240701.00000,4.93000,0.00000,0.00000,0.00000
-304892.08689,-495333.28954,140.75000,564654179.79676,9.07000,85557.00000,6.57000,0.00000,0.00000,0.00000
-304427.19468,-495450.60784,139.56200,564654179.84354,9.05000,123743.00000,7.47000,0.00000,0.00000,0.00000
-303979.98737,-495543.71707,138.82100,564654179.89032,9.03000,111952.00000,6.30000,0.00000,0.00000,0.00000
-303581.12059,-495570.73730,138.10700,564654179.93710,9.06000,109707.00000,6.22000,0.00000,0.00000,0.00000
-303390.74923,-495312.79243,137.95200,564654179.98388,8.93000,503735.00000,5.23000,0.00000,0.00000,0.00000
-303309.59785,-494905.58578,138.07700,564654180.03065,8.98000,475845.00000,5.19000,0.00000,0.00000,0.00000
-303182.68986,-494560.90136,136.82000,564654180.07743,9.11000,739514.00000,3.57000,0.00000,0.00000,0.00000
-303279.39713,-493910.61540,137.08500,564654180.12421,9.33000,1412314.00000,2.66000,0.00000,0.00000,0.00000
-302652.63830,-494249.11397,125.67000,564654180.17099,9.75000,4428519.00000,2.51000,0.00000,0.00000,0.00000
-301955.49014,-494683.79325,117.18600,564654180.21777,10.25000,458547.00000,3.46000,0.00000,0.00000,0.00000
-301469.84890,-494829.37693,113.61300,564654180.26454,10.58000,251525.00000,6.78000,0.00000,0.00000,0.00000
-300518.81605,-495610.96701,112.35700,564654180.31132,11.07000,225695.00000,7.88000,0.00000,0.00000,0.00000
-299749.08621,-496144.74977,114.87200,564654180.35810,11.23000,345504.00000,7.23000,0.00000,0.00000,0.00000
-299496.11678,-495972.31273,116.44700,564654180.40488,11.39000,541115.00000,7.39000,0.00000,0.00000,0.00000
-299526.80082,-495412.27760,117.18100,564654180.45166,11.25000,271750.00000,7.86000,0.00000,0.00000,0.00000
-299681.39417,-494682.92952,119.09400,564654180.49844,11.14000,291648.00000,6.14000,0.00000,0.00000,0.00000
-299712.94733,-494121.72851,122.29600,564654180.54522,10.90000,421717.00000,5.07000,0.00000,0.00000,0.00000
-299379.68923,-494059.02578,124.49200,564654180.59200,10.69000,1102211.00000,4.39000,0.00000,0.00000,0.00000
-299035.22040,-494011.67338,123.72700,564654180.63878,10.96000,536508.00000,6.33000,0.00000,0.00000,0.00000
-298772.33515,-493852.79874,123.16700,564654180.68555,11.17000,517018.00000,6.39000,0.00000,0.00000,0.00000
-298721.44839,-493404.28459,123.82500,564654180.73233,11.25000,266379.00000,6.13000,0.00000,0.00000,0.00000
-298652.42451,-492980.53795,125.29500,564654180.77911,11.22000,268316.00000,6.73000,0.00000,0.00000,0.00000
-298636.51458,-492484.24010,126.94400,564654180.82589,11.45000,145384.00000,8.51000,0.00000,0.00000,0.00000
-298290.74935,-492438.64050,128.25000,564654180.87267,11.49000,224172.00000,10.19000,0.00000,0.00000,0.00000
-297495.97146,-493006.55742,128.42700,564654180.91945,11.82000,216339.00000,12.92000,0.00000,0.00000,0.00000
-296714.56650,-493556.16715,130.67300,564654180.96623,11.77000,159410.00000,12.03000,0.00000,0.00000,0.00000
-296111.89755,-493861.53776,132.80000,564654181.01301,11.59000,116927.00000,11.13000,0.00000,0.00000,0.00000
-295879.24633,-493661.35263,133.43400,564654181.05979,11.34000,304770.00000,9.52000,0.00000,0.00000,0.00000
-295646.17351,-493461.76996,133.69000,564654181.10656,11.41000,114819.00000,7.53000,0.00000,0.00000,0.00000
-295396.69281,-493284.59660,134.01700,564654181.15334,11.05000,288926.00000,7.88000,0.00000,0.00000,0.00000
-295382.53245,-492785.93525,134.26500,564654181.20012,10.98000,188039.00000,8.08000,0.00000,0.00000,0.00000
-295242.72377,-492458.92250,135.70900,564654181.24690,10.69000,462871.00000,7.29000,0.00000,0.00000,0.00000
-294884.87838,-492429.81147,138.45300,564654181.29368,10.20000,2863562.00000,3.88000,0.00000,0.00000,0.00000
-295279.20048,-491373.13621,131.16800,564654181.34046,10.03000,3044730.00000,3.89000,0.00000,0.00000,0.00000
-294493.88964,-491927.99832,133.55100,564654181.38724,10.25000,923994.00000,6.07000,0.00000,0.00000,0.00000
-294864.90930,-490903.18033,135.43100,564654181.43402,10.09000,228246.00000,6.28000,0.00000,0.00000,0.00000
-294821.84843,-490444.05502,136.95900,564654181.48079,10.07000,282830.00000,5.32000,0.00000,0.00000,0.00000
-295039.59806,-489628.66554,139.30300,564654181.52757,10.08000,256016.00000,5.44000,0.00000,0.00000,0.00000
-294764.24519,-489486.90239,142.07300,564654181.57435,9.88000,2404293.00000,4.21000,0.00000,0.00000,0.00000
-294391.29837,-489478.42032,142.57200,564654181.62113,9.97000,498211.00000,4.69000,0.00000,0.00000,0.00000
-294026.56784,-489458.74197,142.49800,564654181.66791,9.84000,179623.00000,3.95000,0.00000,0.00000,0.00000
-293693.78872,-489395.40270,141.38000,564654181.71468,9.97000,241374.00000,5.46000,0.00000,0.00000,0.00000
-293395.54420,-489284.86152,140.29300,564654181.76146,10.54000,226183.00000,6.42000,0.00000,0.00000,0.00000
-292858.93904,-489499.90699,138.44500,564654181.80824,11.16000,117142.00000,10.51000,0.00000,0.00000,0.00000
-291933.25485,-490246.38187,137.73500,564654181.85502,11.72000,156785.00000,10.49000,0.00000,0.00000,0.00000
-291220.00886,-490702.63818,139.40400,564654181.90180,11.49000,373517.00000,11.00000,0.00000,0.00000,0.00000
-290761.98472,-490810.32362,141.04200,564654181.94858,11.16000,589039.00000,9.74000,0.00000,0.00000,0.00000
-292989.53445,-487249.98039,145.27800,564654181.99536,11.09000,412352.00000,9.04000,0.00000,0.00000,0.00000
-292121.29470,-487917.98253,142.13600,564654182.04214,10.79000,298220.00000,7.78000,0.00000,0.00000,0.00000
-291276.79319,-488553.54043,139.67400,564654182.08892,10.51000,534554.00000,7.99000,0.00000,0.00000,0.00000
-290912.91540,-488532.63263,138.83500,564654182.13570,10.08000,768409.00000,4.36000,0.00000,0.00000,0.00000
-290114.59886,-489105.04703,149.50500,564654182.18247,9.58000,3393319.00000,2.68000,0.00000,0.00000,0.00000
-289848.31552,-488950.83451,148.89900,564654182.22925,9.38000,339657.00000,3.48000,0.00000,0.00000,0.00000
-289683.53050,-488658.03974,147.37200,564654182.27603,9.67000,122298.00000,5.14000,0.00000,0.00000,0.00000
-289527.80958,-488352.84785,146.09800,564654182.32281,9.63000,561263.00000,4.25000,0.00000,0.00000,0.00000
-289339.69821,-488091.88052,143.75900,564654182.36959,9.58000,453341.00000,3.35000,0.00000,0.00000,0.00000
-289119.64201,-487874.57351,140.91500,564654182.41637,9.58000,5768190.00000,2.44000,0.00000,0.00000,0.00000
-288945.36064,-487594.73835,136.61300,564654182.46315,9.74000,2238617.00000,2.64000,0.00000,0.00000,0.00000
-297810.36381,-480746.99833,164.58000,564707924.81744,9.84000,298822.00000,6.43000,0.00000,0.00000,1.00000
-298539.25764,-480947.11644,164.67100,564707924.86430,9.67000,298805.00000,6.71000,0.00000,0.00000,1.00000
-298808.53191,-481216.44671,165.61200,564707924.91116,9.79000,202169.00000,9.36000,0.00000,0.00000,1.00000
-299037.99638,-481491.77759,166.61300,564707924.95803,9.83000,363901.00000,6.93000,0.00000,0.00000,1.00000
-299093.72836,-481793.24207,167.42600,564707925.00489,9.82000,349641.00000,4.89000,0.00000,0.00000,1.00000
-299030.03363,-482112.69467,167.84000,564707925.05175,9.74000,1261378.00000,4.29000,0.00000,0.00000,1.00000
-298884.53973,-482444.44771,167.33000,564707925.09862,9.73000,1098490.00000,3.67000,0.00000,0.00000,1.00000
-298704.30284,-482781.43408,166.09400,564707925.14548,9.73000,2482484.00000,3.51000,0.00000,0.00000,1.00000
-298615.99266,-483104.58931,164.92900,564707925.19235,9.80000,2716441.00000,3.57000,0.00000,0.00000,1.00000
-298663.02917,-483407.36222,163.24700,564707925.23921,9.87000,839705.00000,5.79000,0.00000,0.00000,1.00000
-298913.47154,-483679.54237,163.02400,564707925.28607,9.94000,939051.00000,5.03000,0.00000,0.00000,1.00000
-299169.70071,-483950.84967,162.05900,564707925.33294,9.91000,658077.00000,5.37000,0.00000,0.00000,1.00000
-299136.38944,-484265.72354,161.13700,564707925.37980,10.13000,605300.00000,4.73000,0.00000,0.00000,1.00000
-299222.51293,-484562.63327,160.27200,564707925.42667,10.13000,1363221.00000,4.73000,0.00000,0.00000,1.00000
-299221.77257,-484872.61218,159.78400,564707925.47353,9.76000,464059.00000,5.83000,0.00000,0.00000,1.00000
-299283.27642,-485173.22001,158.77000,564707925.52039,9.80000,409584.00000,6.34000,0.00000,0.00000,1.00000
-299241.26836,-485489.40203,157.09700,564707925.56726,9.98000,939742.00000,6.03000,0.00000,0.00000,1.00000
-299222.42056,-485802.10468,155.63200,564707925.61412,10.11000,285747.00000,5.60000,0.00000,0.00000,1.00000
-299194.88388,-486116.11324,154.05800,564707925.66099,10.06000,194656.00000,5.82000,0.00000,0.00000,1.00000
-299055.86633,-486446.88842,151.84700,564707925.70785,10.22000,430993.00000,6.84000,0.00000,0.00000,1.00000
-299374.34200,-486708.86011,150.17100,564707925.75472,10.68000,63769.00000,9.90000,0.00000,0.00000,1.00000
-299922.29302,-486936.33364,149.50300,564707925.80158,10.89000,156009.00000,12.18000,0.00000,0.00000,1.00000
-300190.09525,-487205.93435,148.56000,564707925.84845,10.62000,99179.00000,9.88000,0.00000,0.00000,1.00000
-300171.23870,-487518.65068,147.10600,564707925.89531,10.42000,54645.00000,8.70000,0.00000,0.00000,1.00000
-300116.90891,-487836.69970,145.66700,564707925.94218,10.35000,133788.00000,8.60000,0.00000,0.00000,1.00000
-299909.10295,-488177.81788,144.50100,564707925.98904,10.29000,86456.00000,6.28000,0.00000,0.00000,1.00000
-299578.22292,-488537.43143,143.45800,564707926.03591,10.45000,289508.00000,5.95000,0.00000,0.00000,1.00000
-299539.81513,-488853.10064,142.59100,564707926.08278,10.52000,328886.00000,5.89000,0.00000,0.00000,1.00000
-299588.26226,-489155.69273,141.69900,564707926.12964,10.51000,634509.00000,5.92000,0.00000,0.00000,1.00000
-299808.27341,-489432.49007,139.53700,564707926.17651,10.56000,1472678.00000,6.87000,0.00000,0.00000,1.00000
-299976.17031,-489717.14261,139.05400,564707926.22337,10.90000,765269.00000,7.71000,0.00000,0.00000,1.00000
-299939.91214,-490032.47177,139.16900,564707926.27024,10.94000,424001.00000,8.21000,0.00000,0.00000,1.00000
-301623.69791,-490089.27565,143.41400,564707926.31711,10.79000,360498.00000,6.31000,0.00000,0.00000,1.00000
-301979.82229,-490345.65897,143.12300,564707926.36397,10.72000,556081.00000,4.44000,0.00000,0.00000,1.00000
-301078.46947,-490791.01153,137.34400,564707926.41084,10.70000,805151.00000,5.01000,0.00000,0.00000,1.00000
-300940.85239,-491121.57189,135.15300,564707926.45770,10.58000,2227610.00000,5.26000,0.00000,0.00000,1.00000
-299820.84889,-491599.76163,130.93500,564707926.50457,10.91000,2215778.00000,6.27000,0.00000,0.00000,1.00000
-299160.52812,-492008.84548,129.11800,564707926.55144,10.99000,2478657.00000,6.31000,0.00000,0.00000,1.00000
-299269.04114,-492302.42162,127.65100,564707926.59830,11.03000,1931253.00000,6.62000,0.00000,0.00000,1.00000
-299441.89444,-492896.20000,124.97400,564707926.69203,11.32000,428565.00000,9.31000,0.00000,0.00000,1.00000
-301872.87837,-492840.89550,128.79800,564707926.73890,11.41000,427492.00000,6.93000,0.00000,0.00000,1.00000
-303105.70073,-492965.58794,134.33200,564707926.78577,11.59000,458609.00000,6.80000,0.00000,0.00000,1.00000
-303624.70047,-493197.53602,137.21700,564707926.83263,11.27000,1032302.00000,4.81000,0.00000,0.00000,1.00000
-300022.87937,-494048.46691,121.69900,564707926.87950,11.31000,1552443.00000,4.99000,0.00000,0.00000,1.00000
-299489.93066,-494438.38420,120.30900,564707926.92637,11.30000,1427018.00000,5.18000,0.00000,0.00000,1.00000
-299512.27796,-494744.91949,119.28500,564707926.97324,11.39000,1762227.00000,5.15000,0.00000,0.00000,1.00000
-298708.54954,-495175.48770,118.37300,564707927.02010,11.55000,3088672.00000,5.30000,0.00000,0.00000,1.00000
-301658.68340,-495042.35670,121.76800,564707927.06697,11.63000,1607944.00000,4.50000,0.00000,0.00000,1.00000
-298636.65632,-495806.02815,119.11200,564707927.11383,11.77000,963431.00000,5.51000,0.00000,0.00000,1.00000
-298758.17047,-496097.65813,118.29300,564707927.16070,12.07000,918080.00000,7.40000,0.00000,0.00000,1.00000
-301371.67714,-496015.15000,118.17400,564707927.20757,11.98000,458835.00000,7.20000,0.00000,0.00000,1.00000
-304500.66961,-495855.23841,132.63900,564707927.25444,11.80000,358173.00000,6.98000,0.00000,0.00000,1.00000
-305346.90941,-496038.09746,138.84100,564707927.30130,11.49000,597667.00000,5.38000,0.00000,0.00000,1.00000
-305543.01749,-496318.57880,138.69400,564707927.34817,11.31000,1019330.00000,4.97000,0.00000,0.00000,1.00000
-303155.18456,-496987.01025,121.44400,564707927.39504,11.26000,346099.00000,4.44000,0.00000,0.00000,1.00000
-303132.63042,-497300.30900,120.21200,564707927.44190,11.17000,466819.00000,4.34000,0.00000,0.00000,1.00000
-299527.64456,-498151.30492,111.86400,564707927.48877,11.15000,348927.00000,5.27000,0.00000,0.00000,1.00000
-297525.61084,-498761.62862,115.89600,564707927.53564,11.19000,660063.00000,5.20000,0.00000,0.00000,1.00000
-297955.53071,-499006.98163,112.96700,564707927.58250,11.28000,1124415.00000,4.82000,0.00000,0.00000,1.00000
-306456.84802,-498040.99168,136.20800,564707927.62937,11.43000,509136.00000,5.11000,0.00000,0.00000,1.00000
-305126.01130,-498550.68323,123.04700,564707927.67624,11.53000,1697495.00000,5.97000,0.00000,0.00000,1.00000
-301300.10267,-499434.75426,114.24700,564707927.72311,11.69000,3530513.00000,5.42000,0.00000,0.00000,1.00000
-302179.66363,-499612.67869,114.51600,564707927.76997,11.87000,1561220.00000,7.42000,0.00000,0.00000,1.00000
-304126.44210,-499630.46579,121.39400,564707927.81684,11.68000,740303.00000,6.99000,0.00000,0.00000,1.00000
-303628.18113,-500015.15039,117.69100,564707927.86371,11.52000,1202208.00000,6.33000,0.00000,0.00000,1.00000
-303492.64831,-500345.40036,116.91500,564707927.91058,11.29000,2557560.00000,6.31000,0.00000,0.00000,1.00000
-303493.23292,-500655.23863,117.45500,564707927.95744,11.15000,2246225.00000,6.38000,0.00000,0.00000,1.00000
-303655.26976,-500940.85201,119.67700,564707928.00431,11.02000,2550704.00000,4.31000,0.00000,0.00000,1.00000
-298743.90401,-501987.46154,101.70200,564707928.05118,10.84000,1223391.00000,4.41000,0.00000,0.00000,1.00000
-303566.62239,-501573.98607,124.54400,564707928.09805,10.79000,162566.00000,4.71000,0.00000,0.00000,1.00000
-303198.65078,-501939.08728,123.59300,564707928.14491,10.84000,299243.00000,5.10000,0.00000,0.00000,1.00000
-302955.21938,-502285.52047,123.48800,564707928.19178,10.73000,552201.00000,5.82000,0.00000,0.00000,1.00000
-298346.43645,-503286.57226,102.14600,564707928.23865,10.51000,294575.00000,5.42000,0.00000,0.00000,1.00000
-298415.04701,-503586.16657,101.59400,564707928.28552,10.32000,260868.00000,5.11000,0.00000,0.00000,1.00000
-298254.12581,-503920.16933,102.10300,564707928.33239,10.23000,209003.00000,5.37000,0.00000,0.00000,1.00000
-298510.26666,-504191.64902,101.47900,564707928.37926,10.30000,286164.00000,5.58000,0.00000,0.00000,1.00000
-298400.75219,-504517.94532,102.79000,564707928.42612,10.26000,1026314.00000,5.34000,0.00000,0.00000,1.00000
-302842.06997,-504161.98161,100.17000,564707928.47299,10.24000,744565.00000,5.09000,0.00000,0.00000,1.00000
-300602.30239,-504807.67143,99.83800,564707928.51986,10.07000,969292.00000,3.62000,0.00000,0.00000,1.00000
-305021.22559,-504455.08887,105.47100,564707928.56673,10.17000,1397104.00000,3.84000,0.00000,0.00000,1.00000
-304565.60692,-504833.33383,102.82500,564707928.61360,10.12000,696374.00000,4.03000,0.00000,0.00000,1.00000
-301893.50650,-505543.81275,113.82300,564707928.66046,10.09000,1842273.00000,4.37000,0.00000,0.00000,1.00000
-301378.50863,-505930.92058,110.56100,564707928.70733,9.82000,1437642.00000,4.45000,0.00000,0.00000,1.00000
-300972.83009,-506301.61967,110.36000,564707928.75420,9.76000,733084.00000,4.68000,0.00000,0.00000,1.00000
-301059.52620,-506598.52646,109.97800,564707928.80107,9.53000,766268.00000,4.61000,0.00000,0.00000,1.00000
-302036.11828,-506762.06966,116.48400,564707928.84794,9.50000,1835227.00000,3.20000,0.00000,0.00000,1.00000
-306820.18265,-506354.98334,102.51300,564707928.89480,9.63000,280086.00000,4.56000,0.00000,0.00000,1.00000
-301955.35101,-507393.98734,117.92100,564707928.94167,9.47000,1608264.00000,3.68000,0.00000,0.00000,1.00000
-301734.30235,-507737.00964,117.45100,564707928.98854,9.06000,1255219.00000,2.81000,0.00000,0.00000,1.00000
-301436.50217,-508091.54286,116.19400,564707929.03541,8.95000,1711094.00000,3.46000,0.00000,0.00000,1.00000
-301674.51936,-508365.78136,115.63900,564707929.08227,8.88000,4328770.00000,3.05000,0.00000,0.00000,1.00000
-302851.68996,-508499.32242,115.96300,564707929.12914,8.84000,625705.00000,3.40000,0.00000,0.00000,1.00000
-301847.88045,-508959.61580,112.07800,564707929.17601,8.96000,823579.00000,3.24000,0.00000,0.00000,1.00000
-307123.68795,-508479.12471,104.15300,564707929.22288,9.06000,874171.00000,2.91000,0.00000,0.00000,1.00000
-301739.55313,-509595.64570,108.86100,564707929.26975,9.21000,3296506.00000,2.44000,0.00000,0.00000,1.00000
-302351.92986,-509813.82223,112.97800,564707929.31661,9.33000,6530026.00000,2.30000,0.00000,0.00000,1.00000
-304077.30190,-509865.30785,105.88100,564707929.36348,9.42000,2124472.00000,2.73000,0.00000,0.00000,1.00000
-302631.73024,-510391.74670,106.58700,564707929.41035,9.60000,268755.00000,5.12000,0.00000,0.00000,1.00000
-303436.00114,-510581.20010,109.09800,564707929.45722,9.79000,711627.00000,5.82000,0.00000,0.00000,1.00000
-303211.29140,-510924.76544,111.58100,564707929.50409,9.81000,670468.00000,4.14000,0.00000,0.00000,1.00000
-303048.14023,-511259.12400,113.78800,564707929.55096,9.89000,1161224.00000,3.68000,0.00000,0.00000,1.00000
-302557.67418,-511642.47423,116.99200,564707929.59782,10.11000,928250.00000,3.35000,0.00000,0.00000,1.00000
-302236.65597,-512000.45367,118.90800,564707929.64469,10.13000,3079678.00000,2.46000,0.00000,0.00000,1.00000
-302085.07611,-512333.05249,118.90900,564707929.69156,10.20000,3947862.00000,2.64000,0.00000,0.00000,1.00000
-301676.43042,-512704.13242,120.09800,564707929.73843,10.25000,2485849.00000,3.08000,0.00000,0.00000,1.00000
-302529.92707,-512886.25391,114.20900,564707929.78529,10.47000,2507771.00000,4.32000,0.00000,0.00000,1.00000
-302339.95331,-513224.58736,114.74400,564707929.83216,10.68000,540671.00000,6.84000,0.00000,0.00000,1.00000
-303134.81411,-513415.52068,115.76700,564707929.87903,11.00000,133199.00000,9.71000,0.00000,0.00000,1.00000
-304760.57427,-512049.17376,112.71000,564826831.27481,11.56000,1149555.00000,6.21000,0.00000,0.00000,0.00000
-305014.70569,-511204.10368,112.41200,564826831.32164,11.22000,1967571.00000,5.56000,0.00000,0.00000,0.00000
-304600.95998,-511243.84164,115.11000,564826831.36847,10.96000,752991.00000,5.32000,0.00000,0.00000,0.00000
-304232.61673,-511223.41962,115.60300,564826831.41530,10.78000,508274.00000,5.46000,0.00000,0.00000,0.00000
-303825.91828,-511253.80790,115.54600,564826831.46212,10.86000,1261501.00000,5.50000,0.00000,0.00000,0.00000
-303292.68961,-511451.80079,116.51200,564826831.50895,10.90000,604219.00000,5.28000,0.00000,0.00000,0.00000
-302913.32326,-511445.96749,117.37400,564826831.55578,10.94000,742707.00000,6.44000,0.00000,0.00000,0.00000
-302809.50632,-511075.13224,117.57900,564826831.60261,10.46000,292973.00000,6.84000,0.00000,0.00000,0.00000
-302875.86733,-510478.86491,118.31700,564826831.64944,9.99000,339829.00000,8.22000,0.00000,0.00000,0.00000
-303198.37229,-509543.29922,118.06000,564826831.69627,8.94000,267371.00000,9.00000,0.00000,0.00000,0.00000
-303132.47903,-509122.24223,119.83700,564826831.74310,7.76000,286595.00000,5.72000,0.00000,0.00000,0.00000
-301827.70488,-510342.21406,113.92800,564826831.78993,7.47000,758776.00000,3.47000,0.00000,0.00000,0.00000
-302448.72452,-509011.31527,109.79300,564826831.83676,7.88000,1303894.00000,4.72000,0.00000,0.00000,0.00000
-302681.31873,-508194.89112,111.90100,564826831.88358,8.28000,526937.00000,3.66000,0.00000,0.00000,0.00000
-302713.76201,-507643.61771,114.32300,564826831.93041,8.57000,4218606.00000,3.74000,0.00000,0.00000,0.00000
-302593.21990,-507294.98575,116.18300,564826831.97724,8.76000,3685313.00000,3.55000,0.00000,0.00000,0.00000
-302211.23560,-507292.64843,117.56600,564826832.02407,9.16000,376811.00000,4.21000,0.00000,0.00000,0.00000
-301865.84109,-507241.83383,116.69600,564826832.07090,9.33000,451416.00000,5.16000,0.00000,0.00000,0.00000
-301955.17253,-506615.23140,116.98200,564826832.11773,9.63000,490449.00000,4.50000,0.00000,0.00000,0.00000
-301714.71263,-506425.42704,115.17900,564826832.16456,9.97000,1870001.00000,3.96000,0.00000,0.00000,0.00000
-301383.87588,-506355.34048,113.67600,564826832.21139,10.47000,487377.00000,4.95000,0.00000,0.00000,0.00000
-301175.60582,-506122.90482,112.03200,564826832.25822,10.64000,260469.00000,8.73000,0.00000,0.00000,0.00000
-301812.56171,-504771.04584,114.60300,564826832.30505,10.64000,312415.00000,7.37000,0.00000,0.00000,0.00000
-301537.29071,-504627.38026,113.52800,564826832.35188,10.51000,323248.00000,6.66000,0.00000,0.00000,0.00000
-301472.76960,-504204.59343,115.62400,564826832.39871,10.34000,429635.00000,5.66000,0.00000,0.00000,0.00000
-299992.46395,-505656.80915,112.01600,564826832.44554,10.39000,483083.00000,6.16000,0.00000,0.00000,0.00000
-299262.14525,-506115.74946,110.81100,564826832.49237,10.64000,1840890.00000,5.76000,0.00000,0.00000,0.00000
-299587.42102,-505176.75501,106.35200,564826832.53920,10.72000,2429213.00000,5.31000,0.00000,0.00000,0.00000
-299024.65414,-505413.79700,104.20600,564826832.58603,10.66000,755953.00000,4.71000,0.00000,0.00000,0.00000
-299017.91027,-504914.49110,100.48900,564826832.63286,10.90000,1082547.00000,4.78000,0.00000,0.00000,0.00000
-299345.86032,-503971.99279,97.39900,564826832.67969,11.22000,1613998.00000,4.80000,0.00000,0.00000,0.00000
-298637.13523,-504402.30463,95.84400,564826832.72652,11.11000,1528584.00000,4.49000,0.00000,0.00000,0.00000
-297510.81385,-505385.55773,107.26500,564826832.77335,11.35000,2533635.00000,4.55000,0.00000,0.00000,0.00000
-297278.31186,-505185.21627,107.50700,564826832.82018,11.16000,1603301.00000,4.81000,0.00000,0.00000,0.00000
-297109.75634,-504900.21387,107.02600,564826832.86701,11.29000,479486.00000,6.24000,0.00000,0.00000,0.00000
-296999.40549,-504538.12602,107.57900,564826832.91384,11.42000,848391.00000,5.83000,0.00000,0.00000,0.00000
-296683.57611,-504448.14891,108.49300,564826832.96067,11.25000,725223.00000,6.72000,0.00000,0.00000,0.00000
-296356.27193,-504373.33746,108.54000,564826833.00750,11.17000,551204.00000,5.01000,0.00000,0.00000,0.00000
-296167.87766,-504114.60479,106.72000,564826833.05433,11.14000,124718.00000,8.81000,0.00000,0.00000,0.00000
-296585.84692,-503053.04252,106.53500,564826833.10116,10.97000,224105.00000,6.86000,0.00000,0.00000,0.00000
-296398.78507,-502792.55698,109.05300,564826833.14799,10.85000,943680.00000,5.02000,0.00000,0.00000,0.00000
-296082.07900,-502703.73295,110.14200,564826833.19482,10.89000,617167.00000,5.29000,0.00000,0.00000,0.00000
-295807.27234,-502559.44707,111.05700,564826833.24165,10.97000,219960.00000,6.05000,0.00000,0.00000,0.00000
-295612.28075,-502309.46837,111.99900,564826833.28848,10.88000,176211.00000,6.30000,0.00000,0.00000,0.00000
-295414.20359,-502063.57663,113.60400,564826833.33531,10.90000,180935.00000,5.76000,0.00000,0.00000,0.00000
-295197.61272,-501842.21520,115.44400,564826833.38214,10.92000,128588.00000,6.52000,0.00000,0.00000,0.00000
-295045.85104,-501535.02810,116.36900,564826833.42897,11.01000,146945.00000,7.97000,0.00000,0.00000,0.00000
-294840.28712,-501299.06621,117.45900,564826833.47580,10.95000,141786.00000,8.79000,0.00000,0.00000,0.00000
-294619.28775,-501083.52940,117.86400,564826833.52263,11.00000,320658.00000,7.16000,0.00000,0.00000,0.00000
-294208.66189,-501119.04828,117.76600,564826833.56946,10.85000,207729.00000,7.58000,0.00000,0.00000,0.00000
-293907.40692,-501009.77485,117.09700,564826833.61629,11.05000,154147.00000,10.14000,0.00000,0.00000,0.00000
-293891.04781,-500523.34316,117.63000,564826833.66312,11.21000,246511.00000,8.74000,0.00000,0.00000,0.00000
-294005.68070,-499863.53469,119.04300,564826833.70995,11.21000,239973.00000,8.14000,0.00000,0.00000,0.00000
-293984.03396,-499384.11719,122.13400,564826833.75678,10.78000,251601.00000,6.10000,0.00000,0.00000,0.00000
-293848.16934,-499055.91865,125.76000,564826833.80361,10.36000,796247.00000,3.83000,0.00000,0.00000,0.00000
-293721.12624,-498716.05143,130.13400,564826833.85044,10.01000,2445254.00000,3.21000,0.00000,0.00000,0.00000
-293624.95854,-498335.31636,134.02600,564826833.89727,9.71000,2005863.00000,3.06000,0.00000,0.00000,0.00000
-293410.16115,-498111.62135,136.49600,564826833.94410,9.79000,2419284.00000,3.85000,0.00000,0.00000,0.00000
-293147.29532,-497951.54600,136.66700,564826833.99093,9.70000,1104800.00000,4.37000,0.00000,0.00000,0.00000
-292829.30687,-497864.44202,135.55700,564826834.03776,9.96000,448540.00000,4.58000,0.00000,0.00000,0.00000
-292418.70620,-497899.92842,132.86500,564826834.08459,10.28000,293698.00000,6.07000,0.00000,0.00000,0.00000
-291932.24257,-498035.81718,130.98500,564826834.13142,10.67000,131677.00000,8.28000,0.00000,0.00000,0.00000
-291346.97415,-498302.45955,129.27100,564826834.17825,11.11000,79186.00000,10.90000,0.00000,0.00000,0.00000
-290753.76184,-498579.60628,129.09100,564826834.22508,11.12000,161764.00000,8.76000,0.00000,0.00000,0.00000
-290287.56920,-498688.62440,130.30200,564826834.27191,11.07000,185406.00000,7.42000,0.00000,0.00000,0.00000
-289782.99943,-498848.41673,131.81800,564826834.31874,10.86000,509579.00000,5.97000,0.00000,0.00000,0.00000
-289345.03369,-498920.06076,132.74700,564826834.36557,10.87000,272855.00000,6.81000,0.00000,0.00000,0.00000
-289113.92529,-498717.91951,133.25200,564826834.41240,10.80000,95873.00000,7.92000,0.00000,0.00000,0.00000
-288811.36936,-498610.35350,133.99200,564826834.45923,10.86000,231264.00000,5.90000,0.00000,0.00000,0.00000
-288552.91666,-498444.40240,134.15200,564826834.50606,10.77000,196519.00000,6.72000,0.00000,0.00000,0.00000
-288538.82790,-497955.06515,134.08500,564826834.55289,10.84000,191007.00000,7.97000,0.00000,0.00000,0.00000
-288725.00909,-497200.74146,134.32300,564826834.59972,10.95000,56897.00000,8.35000,0.00000,0.00000,0.00000
-288580.81117,-496883.60915,135.61100,564826834.64655,10.81000,150026.00000,5.89000,0.00000,0.00000,0.00000
-288235.92515,-496832.07910,135.87000,564826834.69338,10.74000,280095.00000,4.95000,0.00000,0.00000,0.00000
-287839.86476,-496848.24107,134.92500,564826834.74021,10.86000,474294.00000,5.87000,0.00000,0.00000,0.00000
-288077.22777,-496026.21026,133.35000,564826834.78704,10.91000,261579.00000,6.96000,0.00000,0.00000,0.00000
-288058.31975,-495543.31061,131.32800,564826834.83387,11.00000,888747.00000,7.35000,0.00000,0.00000,0.00000
-287181.90110,-496195.11980,128.47900,564826834.88070,11.07000,475734.00000,7.10000,0.00000,0.00000,0.00000
-287071.69142,-495833.04977,127.56300,564826834.92753,10.94000,422737.00000,7.17000,0.00000,0.00000,0.00000
-286163.04537,-496527.45193,125.61700,564826834.97436,10.87000,730350.00000,6.58000,0.00000,0.00000,0.00000
-286057.24832,-496159.53837,123.64100,564826835.02119,10.66000,494784.00000,6.66000,0.00000,0.00000,0.00000
-285792.64126,-496001.73907,123.77200,564826835.06802,10.40000,504392.00000,4.73000,0.00000,0.00000,0.00000
-285333.05594,-496101.92992,124.30400,564826835.11485,10.29000,362419.00000,4.68000,0.00000,0.00000,0.00000
-286839.16763,-493601.28109,136.10200,564826835.16168,10.28000,3749952.00000,5.11000,0.00000,0.00000,0.00000
-286279.03201,-493834.55948,135.26300,564826835.20851,10.55000,1320992.00000,5.05000,0.00000,0.00000,0.00000
-285784.17496,-493981.44076,134.28400,564826835.25534,10.67000,1553300.00000,5.90000,0.00000,0.00000,0.00000
-285344.45943,-494055.36313,134.96200,564826835.30217,10.73000,989381.00000,4.69000,0.00000,0.00000,0.00000
-284988.55147,-494018.37426,134.81300,564826835.34900,10.73000,689673.00000,5.65000,0.00000,0.00000,0.00000
-284604.85617,-494018.15851,133.82800,564826835.39583,10.80000,529662.00000,5.92000,0.00000,0.00000,0.00000
-284202.19199,-494043.03867,132.01600,564826835.44266,10.83000,184080.00000,7.40000,0.00000,0.00000,0.00000
-283779.66840,-494094.17800,129.94600,564826835.48949,11.05000,228498.00000,10.10000,0.00000,0.00000,0.00000
-283356.25987,-494146.48071,128.31600,564826835.53632,11.35000,216108.00000,10.35000,0.00000,0.00000,0.00000
-282642.10368,-494583.37447,128.44100,564826835.58315,11.35000,108360.00000,8.77000,0.00000,0.00000,0.00000
-281995.88898,-494930.39570,129.31300,564826835.62998,11.56000,491193.00000,10.23000,0.00000,0.00000,0.00000
-293602.99482,-484830.82329,141.27400,564880578.33671,9.92000,1735970.00000,4.68000,0.00000,0.00000,1.00000
-293175.75945,-485197.96043,137.72400,564880578.38362,10.06000,1263069.00000,5.19000,0.00000,0.00000,1.00000
-292180.78874,-485641.71714,133.33300,564880578.43053,9.89000,1127055.00000,5.11000,0.00000,0.00000,1.00000
-291863.88238,-485993.94590,134.16600,564880578.47745,9.78000,1770049.00000,4.51000,0.00000,0.00000,1.00000
-291696.52966,-486325.99492,136.42800,564880578.52436,9.89000,426421.00000,5.30000,0.00000,0.00000,1.00000
-291426.07593,-486671.93968,138.06000,564880578.57127,9.91000,701490.00000,5.02000,0.00000,0.00000,1.00000
-292074.01403,-486893.98622,142.17300,564880578.61818,9.85000,730228.00000,5.95000,0.00000,0.00000,1.00000
-292226.08820,-487182.92844,144.51100,564880578.66510,9.89000,751408.00000,5.94000,0.00000,0.00000,1.00000
-290814.37696,-487682.84894,143.10100,564880578.71201,9.54000,816073.00000,5.98000,0.00000,0.00000,1.00000
-290253.51561,-488067.94938,144.22900,564880578.75892,9.33000,4389031.00000,4.40000,0.00000,0.00000,1.00000
-293390.21646,-487954.30135,139.75800,564880578.80584,9.55000,272094.00000,4.96000,0.00000,0.00000,1.00000
-293418.87357,-488259.91167,139.90600,564880578.85275,9.76000,312168.00000,6.15000,0.00000,0.00000,1.00000
-292924.79570,-488636.02569,138.50000,564880578.89966,9.67000,587109.00000,5.58000,0.00000,0.00000,1.00000
-292269.53860,-489033.87017,136.42800,564880578.94658,9.74000,139966.00000,7.28000,0.00000,0.00000,1.00000
-291867.65884,-489397.53933,136.08600,564880578.99349,9.85000,354072.00000,10.40000,0.00000,0.00000,1.00000
-290917.62036,-489835.10395,136.54800,564880579.04040,9.71000,811944.00000,6.58000,0.00000,0.00000,1.00000
-290839.53298,-490155.08688,136.89900,564880579.08731,9.78000,1751390.00000,5.69000,0.00000,0.00000,1.00000
-290818.07280,-490467.43646,137.78300,564880579.13423,9.60000,1743079.00000,4.93000,0.00000,0.00000,1.00000
-290583.15541,-490808.55351,138.62000,564880579.18114,9.82000,2893386.00000,4.66000,0.00000,0.00000,1.00000
-289947.48269,-491203.70349,143.95900,564880579.22805,9.84000,2195572.00000,3.85000,0.00000,0.00000,1.00000
-293442.19620,-491042.04495,133.44000,564880579.27497,9.68000,1016556.00000,4.03000,0.00000,0.00000,1.00000
-293071.50453,-491401.49256,133.03600,564880579.32188,9.58000,1860313.00000,3.53000,0.00000,0.00000,1.00000
-292406.04221,-491800.67670,131.48800,564880579.36879,9.56000,613182.00000,3.38000,0.00000,0.00000,1.00000
-292317.77484,-492122.04155,130.98000,564880579.41570,9.72000,476774.00000,5.06000,0.00000,0.00000,1.00000
-292163.43026,-492452.30395,130.63300,564880579.46262,9.85000,344516.00000,4.98000,0.00000,0.00000,1.00000
-292279.17322,-492746.16738,131.88200,564880579.50953,9.81000,651438.00000,5.01000,0.00000,0.00000,1.00000
-290940.63672,-493236.01153,132.73600,564880579.55644,9.83000,1159620.00000,4.30000,0.00000,0.00000,1.00000
-289936.80943,-493680.72730,135.10100,564880579.60336,9.80000,1285536.00000,3.37000,0.00000,0.00000,1.00000
-290085.93856,-493970.08260,133.95500,564880579.65027,9.95000,2188252.00000,3.58000,0.00000,0.00000,1.00000
-290900.13286,-494169.84058,131.43500,564880579.69718,10.14000,1858792.00000,4.96000,0.00000,0.00000,1.00000
-291532.81602,-494394.05594,130.25000,564880579.74410,10.39000,1150418.00000,6.53000,0.00000,0.00000,1.00000
-292006.49848,-494639.70631,130.06400,564880579.79101,10.89000,284578.00000,9.06000,0.00000,0.00000,1.00000
-292854.82590,-494834.88112,131.41300,564880579.83792,10.94000,268884.00000,8.00000,0.00000,0.00000,1.00000
-292889.23415,-495139.71638,132.27300,564880579.88484,10.46000,523557.00000,6.54000,0.00000,0.00000,1.00000
-293157.43699,-495413.05865,133.14500,564880579.93175,10.53000,316566.00000,6.49000,0.00000,0.00000,1.00000
-293307.29203,-495702.35462,134.34900,564880579.97866,10.64000,2990786.00000,6.22000,0.00000,0.00000,1.00000
-292590.21316,-496108.40656,130.08700,564880580.02557,10.69000,1200366.00000,5.77000,0.00000,0.00000,1.00000
-291592.12719,-496552.28331,128.48100,564880580.07249,10.51000,1796361.00000,7.38000,0.00000,0.00000,1.00000
-292333.00541,-496761.99318,129.73700,564880580.11940,10.12000,893684.00000,5.14000,0.00000,0.00000,1.00000
-292400.07290,-497062.43070,130.16800,564880580.16631,9.82000,947501.00000,4.48000,0.00000,0.00000,1.00000
-292417.76873,-497369.52510,130.54700,564880580.21323,9.94000,443182.00000,4.70000,0.00000,0.00000,1.00000
-292245.22251,-497702.22412,129.90400,564880580.26014,9.84000,918505.00000,4.47000,0.00000,0.00000,1.00000
-292265.09209,-498009.02580,129.77400,564880580.30706,9.93000,292389.00000,5.08000,0.00000,0.00000,1.00000
-291981.44822,-498356.68043,128.96300,564880580.35397,9.72000,786693.00000,4.73000,0.00000,0.00000,1.00000
-292150.15841,-498643.43936,128.64300,564880580.40088,9.75000,826720.00000,5.48000,0.00000,0.00000,1.00000
-291816.41203,-498997.84442,127.50500,564880580.44780,9.83000,1900567.00000,5.29000,0.00000,0.00000,1.00000
-291887.81793,-499297.69683,127.02900,564880580.49471,9.72000,3565235.00000,3.90000,0.00000,0.00000,1.00000
-291888.07253,-499607.14161,129.15700,564880580.54163,9.89000,590574.00000,3.86000,0.00000,0.00000,1.00000
-291510.01207,-499967.47557,128.21500,564880580.58854,9.91000,314106.00000,4.32000,0.00000,0.00000,1.00000
-291096.37569,-500332.61267,127.20400,564880580.63545,9.94000,1569184.00000,4.44000,0.00000,0.00000,1.00000
-290745.90190,-500689.23415,126.95200,564880580.68237,10.00000,1938404.00000,5.10000,0.00000,0.00000,1.00000
-290449.15155,-501038.61543,126.67500,564880580.72928,10.16000,5424596.00000,4.38000,0.00000,0.00000,1.00000
-291715.72441,-501177.66937,117.71800,564880580.77620,10.23000,1989007.00000,4.39000,0.00000,0.00000,1.00000
-290876.55507,-501600.03240,119.62500,564880580.82311,10.24000,2003976.00000,5.74000,0.00000,0.00000,1.00000
-290196.40611,-502000.98917,122.30400,564880580.87002,10.53000,203788.00000,7.48000,0.00000,0.00000,1.00000
-290765.18019,-502233.93197,120.01300,564880580.91694,10.86000,276513.00000,10.76000,0.00000,0.00000,1.00000
-291771.82307,-502407.99395,118.01400,564880580.96385,10.72000,182251.00000,10.73000,0.00000,0.00000,1.00000
-292278.88918,-502649.25916,117.83000,564880581.01077,10.53000,199047.00000,7.22000,0.00000,0.00000,1.00000
-292238.44743,-502964.17132,117.89600,564880581.05768,10.38000,394676.00000,6.39000,0.00000,0.00000,1.00000
-292314.18451,-503263.45497,117.94200,564880581.10459,10.32000,254279.00000,5.74000,0.00000,0.00000,1.00000
-292246.14350,-503582.08058,117.55600,564880581.15151,10.32000,452119.00000,5.31000,0.00000,0.00000,1.00000
-292072.80840,-503914.86033,117.70400,564880581.19842,10.28000,448558.00000,5.53000,0.00000,0.00000,1.00000
-292048.33181,-504227.62712,117.19300,564880581.24534,10.37000,1119064.00000,5.29000,0.00000,0.00000,1.00000
-291841.57975,-504564.88578,117.01900,564880581.29225,10.38000,1377127.00000,4.25000,0.00000,0.00000,1.00000
-291650.81163,-504900.01554,116.11700,564880581.33916,10.58000,525939.00000,4.97000,0.00000,0.00000,1.00000
-291579.84461,-505219.02433,115.14500,564880581.38608,10.66000,2480061.00000,5.48000,0.00000,0.00000,1.00000
-291507.42671,-505538.23318,114.47900,564880581.43299,10.60000,2670660.00000,4.59000,0.00000,0.00000,1.00000
-291477.85074,-505851.68592,113.03200,564880581.47991,10.80000,340402.00000,6.32000,0.00000,0.00000,1.00000
-291849.11636,-506111.26152,110.80500,564880581.52682,10.95000,191232.00000,7.20000,0.00000,0.00000,1.00000
-292774.44670,-506296.34940,109.85300,564880581.57374,11.05000,186917.00000,7.96000,0.00000,0.00000,1.00000
-293001.93885,-506575.26757,110.02800,564880581.62065,11.20000,281585.00000,7.89000,0.00000,0.00000,1.00000
-292802.42995,-506911.56362,110.29600,564880581.66757,11.18000,156462.00000,6.68000,0.00000,0.00000,1.00000
-292197.71628,-507302.32120,111.12400,564880581.71448,11.37000,113941.00000,6.48000,0.00000,0.00000,1.00000
-291595.16980,-507692.76187,113.02500,564880581.76140,11.44000,415927.00000,6.01000,0.00000,0.00000,1.00000
-297319.94545,-507232.89910,106.20600,564880581.80831,11.33000,508325.00000,5.64000,0.00000,0.00000,1.00000
-291595.52313,-508311.66278,111.84600,564880581.85523,11.28000,1213610.00000,5.19000,0.00000,0.00000,1.00000
-292216.58629,-508537.69255,110.03600,564880581.90214,11.23000,1662836.00000,5.43000,0.00000,0.00000,1.00000
-291875.44914,-508892.99660,111.29900,564880581.94906,11.27000,418049.00000,5.95000,0.00000,0.00000,1.00000
-291972.93153,-509189.38456,110.69900,564880581.99597,11.32000,660305.00000,6.42000,0.00000,0.00000,1.00000
-291832.21593,-509517.75780,111.29600,564880582.04289,11.34000,280557.00000,6.94000,0.00000,0.00000,1.00000
-292038.62375,-509799.51357,110.81700,564880582.08980,11.42000,675665.00000,9.19000,0.00000,0.00000,1.00000
-291579.82965,-510170.60812,112.44600,564880582.13672,11.30000,504897.00000,7.30000,0.00000,0.00000,1.00000
-291468.16092,-510495.08830,113.19900,564880582.18363,11.24000,386648.00000,7.13000,0.00000,0.00000,1.00000
-291904.76091,-510745.92397,111.68400,564880582.23055,11.22000,1877291.00000,5.67000,0.00000,0.00000,1.00000
-297072.67934,-510361.31706,104.14200,564880582.27746,11.09000,389832.00000,4.77000,0.00000,0.00000,1.00000
-296739.51169,-510715.58504,103.06800,564880582.32438,10.92000,285075.00000,4.26000,0.00000,0.00000,1.00000
-296424.49202,-511067.39906,101.74600,564880582.37129,10.98000,361408.00000,5.85000,0.00000,0.00000,1.00000
-295939.53297,-511442.03508,99.94500,564880582.41821,10.87000,873253.00000,6.37000,0.00000,0.00000,1.00000
-295505.39813,-511809.83088,99.63800,564880582.46512,10.84000,729806.00000,4.21000,0.00000,0.00000,1.00000
-295563.64735,-512111.50871,99.51500,564880582.51204,10.84000,2351572.00000,4.28000,0.00000,0.00000,1.00000
-293496.21281,-512698.58745,103.64400,564880582.55895,10.86000,1232260.00000,3.45000,0.00000,0.00000,1.00000
-293259.60762,-513039.83659,105.42800,564880582.60586,10.81000,1401772.00000,3.13000,0.00000,0.00000,1.00000
-295523.41988,-513045.41094,100.55900,564880582.65278,10.63000,3209114.00000,3.04000,0.00000,0.00000,1.00000
-294882.29096,-513440.97623,101.03100,564880582.69969,10.65000,3260241.00000,3.25000,0.00000,0.00000,1.00000
-294641.31777,-513782.81842,101.90300,564880582.74661,10.70000,1403455.00000,4.58000,0.00000,0.00000,1.00000
-294884.74212,-514059.63865,103.26800,564880582.79352,10.63000,788227.00000,6.19000,0.00000,0.00000,1.00000
-294598.73763,-514407.52227,104.58500,564880582.84043,10.81000,296143.00000,7.54000,0.00000,0.00000,1.00000
-294011.33141,-514795.83553,105.88600,564880582.88735,10.88000,364062.00000,7.24000,0.00000,0.00000,1.00000
-293648.34053,-515154.03950,107.25500,564880582.93426,10.98000,823727.00000,5.63000,0.00000,0.00000,1.00000
-293697.12041,-515456.97481,107.87900,564880582.98117,11.07000,818592.00000,4.70000,0.00000,0.00000,1.00000
-293648.58359,-515772.97583,108.67600,564880583.02809,11.05000,1613326.00000,3.43000,0.00000,0.00000,1.00000
-295506.45243,-515833.18395,104.12200,564880583.07500,11.03000,1246123.00000,3.40000,0.00000,0.00000,1.00000
-295688.86625,-516118.21286,104.46700,564880583.12192,11.19000,757939.00000,4.33000,0.00000,0.00000,1.00000
-296217.69893,-516356.76391,106.81700,564880583.16883,11.10000,1222063.00000,5.05000,0.00000,0.00000,1.00000
-296327.47761,-516651.55109,111.01800,564880583.21574,11.15000,1070043.00000,3.70000,0.00000,0.00000,1.00000
-296321.76892,-516961.81071,113.71400,564880583.26266,11.14000,807161.00000,4.46000,0.00000,0.00000,1.00000
-299529.25489,-514547.24052,109.48000,564999484.63075,11.77000,1141261.00000,5.41000,0.00000,0.00000,0.00000
-299015.60773,-514707.79745,108.15400,564999484.67763,11.67000,2501107.00000,5.66000,0.00000,0.00000,0.00000
-297897.08660,-515644.79014,108.42600,564999484.72450,12.14000,767423.00000,8.22000,0.00000,0.00000,0.00000
-297306.46661,-515904.12548,108.37700,564999484.77138,12.49000,369747.00000,11.87000,0.00000,0.00000,0.00000
-297560.15802,-515079.68369,105.97900,564999484.81826,12.76000,520696.00000,9.06000,0.00000,0.00000,0.00000
-297127.50519,-515136.23378,104.09400,564999484.86514,12.88000,852929.00000,8.61000,0.00000,0.00000,0.00000
-296911.33501,-514914.90990,104.03000,564999484.91201,13.10000,283177.00000,10.42000,0.00000,0.00000,0.00000
-296400.36988,-515071.96992,105.42900,564999484.95889,13.06000,99306.00000,10.23000,0.00000,0.00000,0.00000
-295950.15516,-515151.02623,106.27300,564999485.00577,13.05000,526911.00000,13.62000,0.00000,0.00000,0.00000
-296070.65076,-514497.58972,105.33000,564999485.05265,13.04000,105079.00000,13.13000,0.00000,0.00000,0.00000
-296134.88873,-513916.35980,105.26500,564999485.09953,12.54000,377348.00000,9.13000,0.00000,0.00000,0.00000
-295844.46340,-513790.34335,103.74000,564999485.14640,12.67000,931594.00000,11.02000,0.00000,0.00000,0.00000
-295473.02345,-513768.30723,102.84100,564999485.19328,13.27000,664716.00000,13.23000,0.00000,0.00000,0.00000
-293992.53137,-515169.63110,107.18900,564999485.24016,13.37000,263182.00000,14.02000,0.00000,0.00000,0.00000
-293157.01476,-515743.12426,112.15400,564999485.28704,13.10000,244040.00000,13.02000,0.00000,0.00000,0.00000
-292808.96920,-515691.00965,114.60500,564999485.33392,12.66000,318225.00000,9.49000,0.00000,0.00000,0.00000
-292702.63947,-515328.70552,114.72600,564999485.38079,12.32000,562230.00000,7.90000,0.00000,0.00000,0.00000
-292248.81357,-515412.33728,116.72600,564999485.42767,12.21000,1248577.00000,6.71000,0.00000,0.00000,0.00000
-292735.29739,-514289.29553,110.95800,564999485.47455,12.10000,870463.00000,5.45000,0.00000,0.00000,0.00000
-293756.98205,-512479.45282,103.92100,564999485.52143,12.35000,407499.00000,8.38000,0.00000,0.00000,0.00000
-293525.08465,-512278.31878,105.78400,564999485.56831,12.12000,265004.00000,8.70000,0.00000,0.00000,0.00000
-292956.50692,-512509.25647,108.86300,564999485.61518,11.85000,295402.00000,7.30000,0.00000,0.00000,0.00000
-293231.01412,-511658.30735,107.15900,564999485.66206,11.49000,2536536.00000,5.16000,0.00000,0.00000,0.00000
-293214.29274,-511181.07689,108.08100,564999485.70894,11.17000,2039348.00000,4.72000,0.00000,0.00000,0.00000
-292690.73136,-511354.24922,110.48800,564999485.75581,10.88000,1096696.00000,4.24000,0.00000,0.00000,0.00000
-292946.34990,-510527.57301,108.35000,564999485.80269,10.87000,1957075.00000,3.25000,0.00000,0.00000,0.00000
-292421.43422,-510702.45988,109.88900,564999485.84957,10.90000,489785.00000,4.36000,0.00000,0.00000,0.00000
-291930.27983,-510834.02776,111.62500,564999485.89644,10.81000,503693.00000,3.32000,0.00000,0.00000,0.00000
-291584.51146,-510779.01300,112.66200,564999485.94332,10.58000,798460.00000,2.80000,0.00000,0.00000,0.00000
-291448.52200,-510454.85672,111.96900,564999485.99020,10.64000,768529.00000,3.34000,0.00000,0.00000,0.00000
-290941.60539,-510606.61773,115.15900,564999486.03708,10.38000,1213732.00000,2.62000,0.00000,0.00000,0.00000
-290793.01300,-510298.61978,115.53800,564999486.08396,10.31000,933319.00000,2.40000,0.00000,0.00000,0.00000
-289307.90549,-511705.38290,130.95400,564999486.13083,10.53000,7289734.00000,2.48000,0.00000,0.00000,0.00000
-288972.50989,-511637.06056,135.64300,564999486.17771,10.60000,892257.00000,3.58000,0.00000,0.00000,0.00000
-289056.19636,-511031.04319,133.16800,564999486.22459,10.52000,423728.00000,5.28000,0.00000,0.00000,0.00000
-289110.18280,-510463.14190,132.73200,564999486.27147,10.45000,415189.00000,4.52000,0.00000,0.00000,0.00000
-288874.71380,-510266.61278,132.16600,564999486.31835,10.62000,296541.00000,5.35000,0.00000,0.00000,0.00000
-288684.26470,-510012.32816,130.36500,564999486.36522,10.77000,543582.00000,4.84000,0.00000,0.00000,0.00000
-288490.21157,-509762.67061,126.49700,564999486.41210,11.22000,708573.00000,4.57000,0.00000,0.00000,0.00000
-287990.47664,-509905.14945,122.62200,564999486.45898,11.72000,1412824.00000,6.31000,0.00000,0.00000,0.00000
-287934.19107,-509478.75871,120.52400,564999486.50586,12.40000,411496.00000,7.31000,0.00000,0.00000,0.00000
-287815.32611,-509132.63102,118.86500,564999486.55273,12.54000,176941.00000,9.32000,0.00000,0.00000,0.00000
-287799.56596,-508654.25875,117.19200,564999486.59961,12.15000,209142.00000,12.01000,0.00000,0.00000,0.00000
-287773.01537,-508189.75975,116.39400,564999486.64649,12.51000,87343.00000,14.29000,0.00000,0.00000,0.00000
-287499.29558,-508042.30032,116.56000,564999486.69337,12.56000,193433.00000,15.34000,0.00000,0.00000,0.00000
-286909.52444,-508300.24425,118.94600,564999486.74025,12.65000,125055.00000,12.15000,0.00000,0.00000,0.00000
-286461.58269,-508376.28854,120.94700,564999486.78712,12.36000,136426.00000,10.03000,0.00000,0.00000,0.00000
-286086.56234,-508358.74821,123.22000,564999486.83400,11.98000,591077.00000,9.25000,0.00000,0.00000,0.00000
-285833.11242,-508185.29279,125.15500,564999486.88088,12.03000,347674.00000,7.58000,0.00000,0.00000,0.00000
-285748.04296,-507795.85017,125.59800,564999486.92776,11.65000,432712.00000,7.71000,0.00000,0.00000,0.00000
-285706.20262,-507350.97779,126.13500,564999486.97464,11.32000,201352.00000,8.22000,0.00000,0.00000,0.00000
-285620.69444,-506962.11593,128.20700,564999487.02152,11.46000,308004.00000,8.44000,0.00000,0.00000,0.00000
-285586.51595,-506507.43209,129.39100,564999487.06839,11.33000,233516.00000,9.00000,0.00000,0.00000,0.00000
-285264.64960,-506421.75525,132.66900,564999487.11527,11.23000,284626.00000,7.42000,0.00000,0.00000,0.00000
-284834.26981,-506475.22946,136.28900,564999487.16215,11.11000,387354.00000,5.45000,0.00000,0.00000,0.00000
-284523.65446,-506375.10022,138.66000,564999487.20903,10.94000,426725.00000,6.02000,0.00000,0.00000,0.00000
-284291.82710,-506173.91795,138.18200,564999487.25591,10.81000,470564.00000,6.89000,0.00000,0.00000,0.00000
-284224.79520,-505761.40323,136.45100,564999487.30278,10.76000,189309.00000,8.33000,0.00000,0.00000,0.00000
-284325.70368,-505133.48954,134.08500,564999487.34966,10.83000,149064.00000,9.24000,0.00000,0.00000,0.00000
-284795.82327,-504032.08529,133.49900,564999487.39654,10.63000,124976.00000,7.31000,0.00000,0.00000,0.00000
-284884.14568,-503420.36135,132.83200,564999487.44342,10.75000,702587.00000,4.39000,0.00000,0.00000,0.00000
-284780.66195,-503054.61879,134.22500,564999487.49030,10.70000,1294625.00000,4.98000,0.00000,0.00000,0.00000
-284789.74735,-502544.52937,135.87900,564999487.53717,10.44000,3389741.00000,3.58000,0.00000,0.00000,0.00000
-283217.52301,-504062.34167,121.68400,564999487.58405,10.34000,2110433.00000,3.01000,0.00000,0.00000,0.00000
-283555.76533,-503130.13339,122.26700,564999487.63093,10.17000,591116.00000,3.13000,0.00000,0.00000,0.00000
-282567.50187,-503899.02750,118.95200,564999487.67781,10.17000,958415.00000,3.14000,0.00000,0.00000,0.00000
-282038.95529,-504078.35443,117.09600,564999487.72469,10.29000,434594.00000,4.44000,0.00000,0.00000,0.00000
-281798.59668,-503888.13595,115.22700,564999487.77156,10.31000,311900.00000,4.86000,0.00000,0.00000,0.00000
-281122.34032,-504256.84816,114.29500,564999487.81844,10.45000,758772.00000,6.07000,0.00000,0.00000,0.00000
-281095.42583,-503792.93258,112.04400,564999487.86532,10.71000,344724.00000,6.30000,0.00000,0.00000,0.00000
-281118.94564,-503264.33012,111.12300,564999487.91220,10.77000,267977.00000,6.22000,0.00000,0.00000,0.00000
-280984.41638,-502938.40691,111.57900,564999487.95908,10.71000,1444114.00000,4.28000,0.00000,0.00000,0.00000
-282941.98911,-499929.90439,123.78000,564999488.00596,10.71000,1745277.00000,4.28000,0.00000,0.00000,0.00000
-281656.06900,-501080.39530,121.00000,564999488.05284,10.73000,961977.00000,6.14000,0.00000,0.00000,0.00000
-281050.53526,-501358.43845,122.61200,564999488.09972,10.69000,2411068.00000,4.04000,0.00000,0.00000,0.00000
-281243.84735,-500612.18614,119.55400,564999488.14660,10.70000,1441899.00000,3.64000,0.00000,0.00000,0.00000
-280940.46714,-500502.78903,121.72000,564999488.19348,10.58000,1187510.00000,4.76000,0.00000,0.00000,0.00000
-279763.92237,-501512.91898,123.45600,564999488.24035,10.54000,1477337.00000,4.30000,0.00000,0.00000,0.00000
-279062.44986,-501913.90011,124.84500,564999488.28723,10.35000,988936.00000,5.03000,0.00000,0.00000,0.00000
-278636.12269,-501962.10513,125.29800,564999488.33411,10.29000,288360.00000,5.37000,0.00000,0.00000,0.00000
-278318.76729,-501870.57569,123.95900,564999488.38099,10.22000,276653.00000,5.00000,0.00000,0.00000,0.00000
-279525.37355,-499825.31258,135.55300,564999488.42787,9.87000,1210087.00000,3.32000,0.00000,0.00000,0.00000
-279409.34320,-499475.73034,133.97400,564999488.47475,9.73000,563393.00000,5.13000,0.00000,0.00000,0.00000
-279318.98391,-499093.23436,132.20700,564999488.52163,9.85000,311994.00000,4.70000,0.00000,0.00000,0.00000
-279277.26555,-498648.38981,131.39000,564999488.56851,10.01000,422585.00000,5.37000,0.00000,0.00000,0.00000
-279234.64812,-498204.69623,131.06600,564999488.61539,9.93000,256247.00000,6.76000,0.00000,0.00000,0.00000
-279408.65581,-497483.33164,133.19200,564999488.66227,9.68000,479933.00000,4.96000,0.00000,0.00000,0.00000
-284950.65904,-492958.32856,128.63500,565053232.35959,11.79000,618971.00000,7.64000,0.00000,0.00000,1.00000
-284795.58258,-493285.95016,129.55000,565053232.40655,11.85000,620526.00000,7.15000,0.00000,0.00000,1.00000
-284753.30991,-493909.21746,131.53700,565053232.50046,11.56000,818350.00000,6.12000,0.00000,0.00000,1.00000
-284556.00969,-494241.88027,132.45600,565053232.54742,11.32000,663424.00000,7.03000,0.00000,0.00000,1.00000
-283898.63517,-494629.41771,130.36700,565053232.59437,11.34000,1646041.00000,8.12000,0.00000,0.00000,1.00000
-283773.39859,-494953.47716,130.78800,565053232.64133,11.09000,1910842.00000,7.12000,0.00000,0.00000,1.00000
-283690.36399,-495272.46496,134.00800,565053232.68829,10.73000,1810627.00000,6.16000,0.00000,0.00000,1.00000
-283436.99876,-495611.80026,133.69200,565053232.73524,10.50000,295546.00000,4.76000,0.00000,0.00000,1.00000
-287084.09771,-495485.80933,127.90000,565053232.78220,10.24000,789631.00000,5.41000,0.00000,0.00000,1.00000
-286433.25319,-495872.58475,125.12100,565053232.82916,10.30000,569488.00000,5.72000,0.00000,0.00000,1.00000
-285392.92615,-496305.79876,122.88600,565053232.87611,10.37000,560545.00000,3.58000,0.00000,0.00000,1.00000
-286358.18308,-496499.77567,124.54000,565053232.92307,10.75000,677966.00000,6.37000,0.00000,0.00000,1.00000
-286435.30112,-496799.70211,126.32800,565053232.97003,10.96000,521647.00000,6.76000,0.00000,0.00000,1.00000
-285438.64023,-497227.69015,125.22100,565053233.01698,10.83000,441355.00000,7.25000,0.00000,0.00000,1.00000
-284684.39445,-497626.74915,126.30400,565053233.06394,11.01000,436403.00000,6.96000,0.00000,0.00000,1.00000
-282970.67609,-498140.19553,129.21300,565053233.11090,11.31000,363702.00000,9.14000,0.00000,0.00000,1.00000
-284586.72044,-498256.61542,131.23600,565053233.15786,10.82000,128886.00000,7.38000,0.00000,0.00000,1.00000
-284684.20612,-498554.09324,129.25400,565053233.20481,10.70000,2149457.00000,5.51000,0.00000,0.00000,1.00000
-285363.35786,-498782.24509,129.27800,565053233.25177,10.90000,1218954.00000,5.20000,0.00000,0.00000,1.00000
-285315.96709,-499097.00184,129.81800,565053233.29873,10.88000,1302320.00000,4.71000,0.00000,0.00000,1.00000
-285174.66741,-499422.96007,130.57500,565053233.34568,10.69000,2685209.00000,4.52000,0.00000,0.00000,1.00000
-285068.30991,-499744.75697,131.32100,565053233.39264,10.57000,2569380.00000,4.55000,0.00000,0.00000,1.00000
-284662.01855,-500102.30583,135.02400,565053233.43960,10.44000,5319357.00000,4.56000,0.00000,0.00000,1.00000
-285874.05585,-500266.95778,130.43100,565053233.48655,10.30000,2290351.00000,3.83000,0.00000,0.00000,1.00000
-285646.11051,-500603.23797,130.66200,565053233.53351,10.27000,1035106.00000,4.85000,0.00000,0.00000,1.00000
-285452.38801,-500935.45403,131.30700,565053233.58047,10.08000,3581804.00000,3.19000,0.00000,0.00000,1.00000
-284525.55649,-501355.00602,138.59400,565053233.62742,10.07000,9479100.00000,2.54000,0.00000,0.00000,1.00000
-285420.18527,-501557.52284,131.54300,565053233.67438,9.99000,670818.00000,2.67000,0.00000,0.00000,1.00000
-284443.11338,-501983.04321,139.16700,565053233.72134,9.93000,9291422.00000,2.60000,0.00000,0.00000,1.00000
-284523.10118,-502282.62572,136.95900,565053233.76830,9.90000,5186177.00000,3.67000,0.00000,0.00000,1.00000
-284600.17668,-502582.55725,135.59800,565053233.81525,9.88000,985325.00000,3.10000,0.00000,0.00000,1.00000
-284766.06286,-502871.90540,134.85100,565053233.86221,9.96000,759377.00000,4.51000,0.00000,0.00000,1.00000
-284969.80808,-503156.75588,134.67700,565053233.90917,9.84000,942852.00000,4.53000,0.00000,0.00000,1.00000
-285010.47778,-503461.02891,134.38800,565053233.95612,9.83000,530988.00000,4.15000,0.00000,0.00000,1.00000
-285078.80419,-503761.99892,133.61400,565053234.00308,9.74000,288136.00000,4.94000,0.00000,0.00000,1.00000
-285177.71055,-504059.33929,133.44500,565053234.05004,9.82000,218344.00000,4.87000,0.00000,0.00000,1.00000
-285144.11626,-504372.46206,133.98300,565053234.09699,9.83000,271235.00000,5.29000,0.00000,0.00000,1.00000
-285006.40720,-504697.97024,134.53700,565053234.14395,9.85000,312975.00000,4.12000,0.00000,0.00000,1.00000
-284881.80131,-505021.92004,134.64500,565053234.19091,9.86000,372033.00000,4.13000,0.00000,0.00000,1.00000
-284621.78231,-505361.99131,135.27900,565053234.23786,9.81000,826271.00000,3.61000,0.00000,0.00000,1.00000
-284423.63846,-505694.67819,136.36800,565053234.28482,10.00000,379170.00000,4.67000,0.00000,0.00000,1.00000
-284239.33323,-506025.73824,138.30600,565053234.33178,9.85000,534508.00000,3.65000,0.00000,0.00000,1.00000
-284069.57783,-506355.04699,139.79600,565053234.37874,9.79000,342560.00000,3.69000,0.00000,0.00000,1.00000
-283955.87543,-506677.68137,140.74600,565053234.42569,9.84000,545649.00000,2.87000,0.00000,0.00000,1.00000
-283905.51226,-506992.78558,140.16500,565053234.47265,9.73000,1938270.00000,2.54000,0.00000,0.00000,1.00000
-283779.42982,-507316.90079,138.90800,565053234.51961,9.71000,861730.00000,2.39000,0.00000,0.00000,1.00000
-283707.94301,-507634.51239,137.50500,565053234.56656,9.72000,563479.00000,3.21000,0.00000,0.00000,1.00000
-283608.05536,-507955.49391,136.33000,565053234.61352,9.77000,372909.00000,3.55000,0.00000,0.00000,1.00000
-283572.96611,-508268.77442,135.68000,565053234.66048,9.98000,231097.00000,4.20000,0.00000,0.00000,1.00000
-283577.91287,-508577.28188,135.29300,565053234.70744,10.18000,389686.00000,5.09000,0.00000,0.00000,1.00000
-283562.47912,-508888.23027,135.04100,565053234.75439,10.28000,669987.00000,3.92000,0.00000,0.00000,1.00000
-283638.77069,-509188.25762,134.25700,565053234.80135,10.35000,185402.00000,3.99000,0.00000,0.00000,1.00000
-283776.22125,-509481.01978,133.73900,565053234.84831,10.40000,368603.00000,4.74000,0.00000,0.00000,1.00000
-283789.89594,-509788.49087,133.51000,565053234.89526,10.57000,451571.00000,5.01000,0.00000,0.00000,1.00000
-283813.76579,-510094.76356,133.15400,565053234.94222,10.73000,1835736.00000,4.95000,0.00000,0.00000,1.00000
-287046.23271,-510019.46712,123.03100,565053234.98918,10.94000,1060493.00000,5.78000,0.00000,0.00000,1.00000
-286711.16429,-510368.45275,124.21200,565053235.03613,11.13000,540961.00000,6.90000,0.00000,0.00000,1.00000
-285938.51443,-510769.45642,125.11900,565053235.08309,11.10000,641080.00000,6.81000,0.00000,0.00000,1.00000
-285291.09406,-511155.55944,127.52400,565053235.13005,10.88000,1114763.00000,7.28000,0.00000,0.00000,1.00000
-285427.07686,-511448.50800,130.63800,565053235.17701,10.68000,318002.00000,7.65000,0.00000,0.00000,1.00000
-286126.58935,-511674.46976,133.21500,565053235.22396,10.52000,95883.00000,7.59000,0.00000,0.00000,1.00000
-286074.72227,-511989.75209,135.76100,565053235.27092,10.27000,372264.00000,4.90000,0.00000,0.00000,1.00000
-285988.64112,-512309.11888,138.91300,565053235.31788,10.11000,3085054.00000,3.36000,0.00000,0.00000,1.00000
-287706.00916,-512414.10168,136.28300,565053235.36483,9.93000,634424.00000,5.54000,0.00000,0.00000,1.00000
-287684.71717,-512725.77524,139.02600,565053235.41179,9.98000,872247.00000,4.59000,0.00000,0.00000,1.00000
-287239.68393,-513087.80985,140.29500,565053235.45875,10.14000,501773.00000,5.30000,0.00000,0.00000,1.00000
-286309.74225,-513507.45415,140.76800,565053235.50570,10.07000,965328.00000,5.16000,0.00000,0.00000,1.00000
-288170.54491,-513595.45999,143.61100,565053235.55266,9.53000,1404121.00000,4.51000,0.00000,0.00000,1.00000
-287328.71233,-514004.63455,135.29100,565053235.59962,9.33000,1527755.00000,3.96000,0.00000,0.00000,1.00000
-287223.69403,-514326.25135,130.55100,565053235.64657,9.16000,1481738.00000,3.14000,0.00000,0.00000,1.00000
-289291.21826,-514389.71341,153.77000,565053235.69353,9.05000,485585.00000,3.16000,0.00000,0.00000,1.00000
-285494.80046,-515149.91178,116.05400,565053235.74049,9.21000,1651689.00000,3.04000,0.00000,0.00000,1.00000
-285536.10217,-515454.11836,114.03300,565053235.78744,9.18000,516260.00000,2.89000,0.00000,0.00000,1.00000
-285378.62246,-515781.93175,112.23400,565053235.83440,9.15000,581950.00000,2.95000,0.00000,0.00000,1.00000
-284490.83101,-516196.49145,111.40800,565053235.88136,9.31000,300770.00000,4.27000,0.00000,0.00000,1.00000
-284299.12239,-516528.37002,110.57500,565053235.92831,9.19000,367499.00000,3.66000,0.00000,0.00000,1.00000
-288465.90679,-516342.64342,144.75300,565053235.97527,9.17000,1474849.00000,3.36000,0.00000,0.00000,1.00000
-288417.65189,-516657.52532,145.25400,565053236.02223,9.12000,655033.00000,2.96000,0.00000,0.00000,1.00000
-288268.18507,-516984.41946,145.37300,565053236.06919,9.16000,477874.00000,3.00000,0.00000,0.00000,1.00000
-287992.02419,-517326.34935,144.31500,565053236.11614,9.26000,963381.00000,2.61000,0.00000,0.00000,1.00000
-287683.10182,-517672.17618,142.74500,565053236.16310,9.40000,906021.00000,2.75000,0.00000,0.00000,1.00000
-287591.15148,-517992.23662,141.90400,565053236.21006,9.48000,673698.00000,2.88000,0.00000,0.00000,1.00000
-287526.86404,-518309.01089,141.71100,565053236.25701,9.49000,611894.00000,3.30000,0.00000,0.00000,1.00000
-287393.39877,-518633.98683,140.41600,565053236.30397,9.45000,1305668.00000,3.31000,0.00000,0.00000,1.00000
-290417.11473,-518529.21231,129.78100,565172138.26901,9.97000,3382490.00000,3.41000,0.00000,0.00000,0.00000
-289975.06626,-518589.45707,129.91000,565172138.31594,9.85000,3536958.00000,3.11000,0.00000,0.00000,0.00000
-289592.70726,-518575.44852,130.38000,565172138.36286,9.64000,2361733.00000,3.47000,0.00000,0.00000,0.00000
-289186.01596,-518591.71000,135.94400,565172138.40978,9.51000,1002976.00000,3.96000,0.00000,0.00000,0.00000
-289015.32558,-518314.38823,136.82800,565172138.45670,9.43000,451806.00000,4.73000,0.00000,0.00000,0.00000
-288999.84097,-517844.03265,137.46600,565172138.50362,9.45000,670446.00000,5.99000,0.00000,0.00000,0.00000
-288863.14342,-517524.46530,141.20000,565172138.55054,9.22000,237125.00000,5.95000,0.00000,0.00000,0.00000
-288796.23551,-517118.07664,142.52800,565172138.59747,9.39000,57116.00000,6.75000,0.00000,0.00000,0.00000
-288670.09357,-516785.35653,144.07600,565172138.64439,9.10000,227959.00000,7.11000,0.00000,0.00000,0.00000
-289037.09277,-515839.26467,147.84000,565172138.69131,8.57000,155274.00000,7.35000,0.00000,0.00000,0.00000
-289274.15334,-515054.82017,152.95800,565172138.73823,8.27000,1030780.00000,3.36000,0.00000,0.00000,0.00000
-289074.56840,-514813.49873,153.43300,565172138.78515,8.26000,1563931.00000,2.65000,0.00000,0.00000,0.00000
-288702.34999,-514786.90181,149.71100,565172138.83208,8.36000,910189.00000,2.99000,0.00000,0.00000,0.00000
-288544.56231,-514493.59037,146.27600,565172138.87900,8.46000,313438.00000,3.22000,0.00000,0.00000,0.00000
-288399.64163,-514184.28665,141.34000,565172138.92592,8.55000,1828907.00000,2.93000,0.00000,0.00000,0.00000
-288517.81014,-513547.75195,143.95800,565172138.97284,8.75000,1626051.00000,2.16000,0.00000,0.00000,0.00000
-288299.88037,-513329.26034,141.68200,565172139.01976,8.96000,5891110.00000,2.38000,0.00000,0.00000,0.00000
-287950.16200,-513274.66907,139.27600,565172139.06669,9.20000,1387577.00000,2.66000,0.00000,0.00000,0.00000
-284822.69256,-516674.62975,108.83100,565172139.11361,9.37000,2530233.00000,2.35000,0.00000,0.00000,0.00000
-285102.54204,-515837.02813,110.63000,565172139.16053,9.52000,867509.00000,2.26000,0.00000,0.00000,0.00000
-284602.16646,-515969.74621,110.25500,565172139.20745,9.40000,1407166.00000,2.65000,0.00000,0.00000,0.00000
-286194.90966,-513499.47630,141.45900,565172139.25438,9.36000,527570.00000,2.27000,0.00000,0.00000,0.00000
-283855.35711,-515919.32578,112.14500,565172139.30130,9.56000,3581625.00000,2.27000,0.00000,0.00000,0.00000
-283718.23378,-515600.28554,112.94600,565172139.34822,9.52000,648676.00000,3.23000,0.00000,0.00000,0.00000
-283083.29226,-515900.30449,114.10500,565172139.39515,9.44000,726944.00000,2.55000,0.00000,0.00000,0.00000
-282582.89211,-516032.97478,113.29400,565172139.44207,9.50000,1446655.00000,2.38000,0.00000,0.00000,0.00000
-284658.89726,-512962.00125,132.89700,565172139.48899,9.55000,495944.00000,2.64000,0.00000,0.00000,0.00000
-284432.71267,-512753.76794,129.21100,565172139.53592,9.86000,312802.00000,4.10000,0.00000,0.00000,0.00000
-284248.30844,-512493.54873,126.23800,565172139.58284,10.05000,885004.00000,4.82000,0.00000,0.00000,0.00000
-283634.06332,-512767.85372,122.69000,565172139.62976,10.36000,1738160.00000,7.10000,0.00000,0.00000,0.00000
-283550.70037,-512382.01668,122.85900,565172139.67668,10.44000,2025030.00000,4.89000,0.00000,0.00000,0.00000
-283426.01139,-512047.58250,123.92500,565172139.72361,10.53000,1426660.00000,4.80000,0.00000,0.00000,0.00000
-283157.11040,-511892.44242,124.79800,565172139.77053,10.75000,1369978.00000,4.79000,0.00000,0.00000,0.00000
-283106.82031,-511465.50374,127.57400,565172139.81745,10.75000,1292120.00000,5.21000,0.00000,0.00000,0.00000
-282907.27281,-511224.14842,131.38600,565172139.86438,10.85000,390257.00000,5.26000,0.00000,0.00000,0.00000
-282569.49518,-511154.66605,131.96400,565172139.91130,10.58000,223479.00000,5.99000,0.00000,0.00000,0.00000
-282216.56015,-511104.01677,131.81800,565172139.95822,10.49000,278288.00000,6.07000,0.00000,0.00000,0.00000
-281894.85223,-511014.53534,132.06900,565172140.00515,10.29000,195550.00000,6.22000,0.00000,0.00000,0.00000
-281637.91074,-510844.54761,131.83800,565172140.05207,10.25000,129618.00000,6.94000,0.00000,0.00000,0.00000
-281462.71701,-510572.91233,131.97100,565172140.09899,10.28000,134724.00000,7.24000,0.00000,0.00000,0.00000
-281363.30751,-510207.06251,132.40300,565172140.14592,10.11000,238075.00000,5.27000,0.00000,0.00000,0.00000
-281166.08485,-509962.84668,131.53300,565172140.19284,10.15000,250217.00000,5.22000,0.00000,0.00000,0.00000
-280819.58254,-509904.17970,129.96900,565172140.23976,10.36000,177763.00000,5.69000,0.00000,0.00000,0.00000
-280422.55899,-509908.31940,128.14100,565172140.28669,10.18000,327971.00000,5.63000,0.00000,0.00000,0.00000
-280005.79231,-509937.02286,125.71600,565172140.33361,10.52000,234011.00000,5.35000,0.00000,0.00000,0.00000
-279668.01667,-509867.50228,123.84700,565172140.38054,10.70000,211758.00000,5.92000,0.00000,0.00000,0.00000
-279296.70996,-509839.65683,122.21300,565172140.42746,10.93000,326011.00000,6.32000,0.00000,0.00000,0.00000
-279010.83740,-509705.61258,121.18600,565172140.47438,10.97000,534192.00000,4.83000,0.00000,0.00000,0.00000
-278753.90620,-509535.60120,120.27100,565172140.52131,10.91000,1153899.00000,4.07000,0.00000,0.00000,0.00000
-278280.16779,-509635.06997,115.76300,565172140.56823,10.94000,512309.00000,4.59000,0.00000,0.00000,0.00000
-278209.72710,-509233.23907,114.21700,565172140.61516,10.81000,2730588.00000,3.93000,0.00000,0.00000,0.00000
-277763.54551,-509298.45320,119.20900,565172140.66208,10.78000,1624682.00000,3.61000,0.00000,0.00000,0.00000
-277401.88891,-509258.60781,119.15200,565172140.70900,10.79000,547857.00000,4.45000,0.00000,0.00000,0.00000
-277072.84060,-509178.21196,119.01200,565172140.75593,10.64000,177232.00000,5.36000,0.00000,0.00000,0.00000
-276899.04926,-508904.83505,119.27600,565172140.80285,10.70000,215099.00000,6.18000,0.00000,0.00000,0.00000
-276449.52946,-505059.46486,121.84200,565172141.22518,10.24000,421300.00000,4.81000,0.00000,0.00000,0.00000
-278468.61414,-498620.45195,128.22700,565225886.03346,10.70000,172962.00000,7.98000,0.21800,0.00000,1.00000
-278631.68438,-498912.32167,128.84700,565225886.08045,11.06000,193477.00000,9.26000,0.21800,0.00000,1.00000
-278702.82413,-499213.75165,128.97400,565225886.12745,10.88000,245377.00000,6.88000,0.21800,0.00000,1.00000
-278964.40081,-499495.39654,129.93200,565225886.17445,10.89000,299076.00000,8.69000,0.21800,0.00000,1.00000
-279053.77246,-499794.92958,130.57100,565225886.22144,10.78000,691489.00000,8.13000,0.21800,0.00000,1.00000
-278976.04656,-500111.81745,130.58800,565225886.26844,10.45000,593749.00000,5.82000,0.21800,0.00000,1.00000
-278688.90471,-500450.45511,129.40100,565225886.31544,10.40000,1118220.00000,4.28000,0.21800,0.00000,1.00000
-279379.83234,-501613.99514,130.23900,565225886.50342,10.26000,1307366.00000,4.32000,0.21800,0.00000,1.00000
-278867.93445,-501975.95621,127.78900,565225886.55042,10.23000,188480.00000,6.44000,0.00000,0.00000,1.00000
-278039.34232,-502370.77197,125.55200,565225886.59742,10.21000,186449.00000,5.68000,0.00000,0.00000,1.00000
-277706.92791,-502714.08066,127.12700,565225886.64441,10.16000,283099.00000,3.24000,0.00000,0.00000,1.00000
-283279.42369,-502444.55771,128.84900,565225886.69141,10.38000,299427.00000,3.27000,0.00000,0.00000,1.00000
-282973.28646,-502785.16828,124.86300,565225886.73840,10.37000,622870.00000,4.30000,0.00000,0.00000,1.00000
-282760.54754,-503116.09627,122.61000,565225886.78540,10.42000,440373.00000,4.04000,0.00000,0.00000,1.00000
-282363.18283,-503466.18524,119.29200,565225886.83240,10.28000,446197.00000,3.56000,0.00000,0.00000,1.00000
-282222.67385,-503789.61556,118.29200,565225886.87940,10.25000,714908.00000,3.15000,0.00000,0.00000,1.00000
-282306.90910,-504089.73170,120.41600,565225886.92639,10.38000,1044948.00000,2.59000,0.00000,0.00000,1.00000
-277420.21954,-504905.47629,109.17200,565225886.97339,10.46000,3763766.00000,2.35000,0.00000,0.00000,1.00000
-276997.28747,-505258.15499,115.89800,565225887.02039,10.61000,1399095.00000,3.32000,0.00000,0.00000,1.00000
-277111.42415,-505555.12218,115.95600,565225887.06738,10.87000,345738.00000,5.00000,0.00000,0.00000,1.00000
-277570.71953,-505816.30562,115.60900,565225887.11438,11.24000,259783.00000,7.91000,0.00000,0.00000,1.00000
-278125.60822,-506067.58477,117.08500,565225887.16138,11.35000,236611.00000,8.93000,0.00000,0.00000,1.00000
-277738.42291,-506416.54409,117.67700,565225887.20837,11.42000,278204.00000,7.51000,0.00000,0.00000,1.00000
-277268.77977,-506774.05051,118.35100,565225887.25537,11.41000,646385.00000,5.80000,0.00000,0.00000,1.00000
-276875.74954,-507123.59645,118.92500,565225887.30237,11.63000,972412.00000,5.71000,0.00000,0.00000,1.00000
-276670.26172,-507453.71266,119.42000,565225887.34936,11.56000,3128048.00000,5.87000,0.00000,0.00000,1.00000
-279117.63072,-507817.67471,116.43900,565225887.44336,11.44000,686566.00000,6.97000,0.00000,0.00000,1.00000
-279298.16339,-508107.79264,117.52700,565225887.49036,11.47000,1212485.00000,7.69000,0.00000,0.00000,1.00000
-278042.56644,-508546.73634,115.31800,565225887.53735,11.43000,767831.00000,8.38000,0.00000,0.00000,1.00000
-278257.38771,-508833.29229,116.60100,565225887.58435,11.83000,1947466.00000,8.85000,0.00000,0.00000,1.00000
-277154.29135,-509256.39313,117.33400,565225887.63135,11.55000,1291967.00000,9.52000,0.00000,0.00000,1.00000
-277254.54307,-509554.82717,118.72900,565225887.67834,11.44000,215842.00000,10.02000,0.00000,0.00000,1.00000
-278358.91358,-509749.23493,119.66900,565225887.72534,11.73000,94904.00000,14.72000,0.00000,0.00000,1.00000
-279742.04874,-509914.77778,124.33900,565225887.77234,11.55000,71607.00000,10.46000,0.00000,0.00000,1.00000
-279932.05280,-510203.93211,126.22300,565225887.81933,11.12000,334808.00000,6.65000,0.00000,0.00000,1.00000
-279759.37077,-510530.64913,125.75200,565225887.86633,11.05000,277190.00000,8.11000,0.00000,0.00000,1.00000
-279583.03654,-510857.73920,125.32500,565225887.91333,10.84000,196851.00000,6.58000,0.00000,0.00000,1.00000
-279339.56532,-511191.78750,124.66900,565225887.96033,10.84000,196885.00000,7.25000,0.00000,0.00000,1.00000
-279370.47611,-511497.41956,125.60300,565225888.00732,10.91000,164435.00000,5.87000,0.00000,0.00000,1.00000
-279273.67261,-511816.26477,125.86600,565225888.05432,10.92000,268983.00000,5.79000,0.00000,0.00000,1.00000
-279117.03423,-512141.31234,125.62200,565225888.10132,10.87000,277103.00000,6.41000,0.00000,0.00000,1.00000
-279060.37156,-512456.00669,124.98500,565225888.14831,11.08000,126249.00000,7.11000,0.00000,0.00000,1.00000
-278797.90646,-512791.99250,123.74200,565225888.19531,11.21000,127085.00000,9.26000,0.00000,0.00000,1.00000
