-309230.50143,-486947.94291,145.77900,390571875.25095,11.41000,489326.00000,4.71000,0.00000,0.00000,0.00000
-308702.97710,-487175.29081,148.13200,390571875.29760,12.01000,595183.00000,8.20000,0.00000,0.00000,0.00000
-308692.62501,-486652.44636,147.46200,390571875.34426,12.24000,271870.00000,8.77000,0.00000,0.00000,0.00000
-308408.57611,-486526.61172,149.03600,390571875.39091,12.67000,270850.00000,11.14000,0.00000,0.00000,0.00000
-308512.94864,-485837.41998,148.12900,390571875.43756,12.47000,1064339.00000,6.04000,0.00000,0.00000,0.00000
-308546.94104,-484712.45854,152.58400,390571875.53086,12.60000,431639.00000,8.36000,0.00000,0.00000,0.00000
-308051.72812,-484892.92163,157.44500,390571875.57752,12.81000,677853.00000,6.65000,0.00000,0.00000,0.00000
-308062.93851,-484338.87328,158.50900,390571875.62417,12.83000,636500.00000,6.97000,0.00000,0.00000,0.00000
-307506.50835,-483532.54524,164.76100,390571875.76412,11.57000,1949175.00000,5.80000,0.00000,0.00000,0.00000
-307376.94006,-483182.70611,164.25300,390571875.81078,11.45000,1491868.00000,5.88000,0.00000,0.00000,0.00000
-307373.49565,-485494.59387,162.22000,390625621.04631,10.28000,582853.00000,2.88000,0.00000,0.00000,1.00000
-308172.08435,-485972.97723,153.03000,390625621.13986,10.36000,1155119.00000,2.94000,0.00000,0.00000,1.00000
-308292.21409,-486262.18318,150.98200,390625621.18663,10.47000,1471490.00000,3.21000,0.00000,0.00000,1.00000
-308662.73778,-486506.53603,148.13400,390625621.23340,10.67000,3189243.00000,4.35000,0.00000,0.00000,1.00000
-310401.03135,-487127.34729,139.95800,390625621.37371,11.07000,1072858.00000,5.53000,0.00000,0.00000,1.00000
-310085.16360,-487494.72206,142.49400,390625621.42049,11.18000,891027.00000,4.63000,0.00000,0.00000,1.00000
-311899.33623,-492452.96934,150.19200,390625622.21561,11.05000,281607.00000,4.19000,0.00000,0.00000,1.00000
-311137.87857,-493521.64506,148.53000,390625622.35593,10.37000,303589.00000,3.57000,0.00000,0.00000,1.00000
-311299.70786,-493803.44396,146.29800,390625622.40270,10.25000,284812.00000,3.61000,0.00000,0.00000,1.00000
-312090.48562,-493320.01866,144.63700,390744527.56147,12.10000,1566572.00000,7.42000,0.00000,0.00000,0.00000
-311675.45996,-493376.02775,145.48600,390744527.60819,12.18000,1392255.00000,8.51000,0.00000,0.00000,0.00000
-308964.70176,-496657.00475,144.01100,390744527.65491,11.98000,893359.00000,5.81000,0.00000,0.00000,0.00000
-310992.78901,-493280.95877,150.78900,390744527.70163,11.61000,5107466.00000,4.36000,0.00000,0.00000,0.00000
-310551.92215,-493373.24952,151.59900,390744527.74835,11.50000,578181.00000,4.67000,0.00000,0.00000,0.00000
-310208.89182,-493328.08184,152.24500,390744527.79507,11.76000,241902.00000,7.49000,0.00000,0.00000,0.00000
-309782.00064,-493400.72488,152.43200,390744527.84179,12.07000,123049.00000,10.42000,0.00000,0.00000,0.00000
-309416.52313,-493387.08961,152.19600,390744527.88851,12.07000,109074.00000,12.63000,0.00000,0.00000,0.00000
-309336.53189,-492972.42565,151.95000,390744527.93523,11.69000,178284.00000,10.19000,0.00000,0.00000,0.00000
-309302.29454,-492493.51320,151.71500,390744527.98195,11.74000,203124.00000,7.56000,0.00000,0.00000,0.00000
-309281.61424,-491995.55990,151.85900,390744528.02867,11.37000,258936.00000,7.37000,0.00000,0.00000,0.00000
-309133.85912,-491676.09261,151.03100,390744528.07539,11.21000,310924.00000,6.23000,0.00000,0.00000,0.00000
-308921.30424,-491447.66261,149.30500,390744528.12211,11.44000,202018.00000,6.98000,0.00000,0.00000,0.00000
-308529.14932,-491471.50032,148.80800,390744528.16883,11.32000,221467.00000,6.98000,0.00000,0.00000,0.00000
-307964.16561,-491738.07339,148.41300,390744528.21555,11.57000,233085.00000,7.41000,0.00000,0.00000,0.00000
-307641.04860,-491664.91511,149.55400,390744528.26227,11.34000,153078.00000,7.70000,0.00000,0.00000,0.00000
-307572.52261,-491234.19424,151.16100,390744528.30899,11.06000,193352.00000,6.70000,0.00000,0.00000,0.00000
-307474.76805,-490844.51879,152.69200,390744528.35572,10.79000,300239.00000,6.59000,0.00000,0.00000,0.00000
-307474.86928,-490317.41823,155.26700,390744528.40244,10.54000,3011277.00000,4.10000,0.00000,0.00000,0.00000
-307400.00031,-489895.63617,158.71600,390744528.44916,10.14000,5142340.00000,3.20000,0.00000,0.00000,0.00000
-307251.84800,-489576.77834,162.82000,390744528.49588,9.93000,1184058.00000,3.23000,0.00000,0.00000,0.00000
-305971.79267,-490847.54592,144.67100,390744528.54260,9.85000,689865.00000,3.01000,0.00000,0.00000,0.00000
-305604.62271,-490836.24260,143.94200,390744528.58932,9.83000,756527.00000,3.18000,0.00000,0.00000,0.00000
-305459.44339,-490513.19860,144.10100,390744528.63604,9.62000,508894.00000,3.72000,0.00000,0.00000,0.00000
-305321.04258,-490180.63143,145.57900,390744528.68276,9.59000,420248.00000,3.52000,0.00000,0.00000,0.00000
-305331.34486,-489639.25266,147.03300,390744528.72948,9.97000,359007.00000,6.12000,0.00000,0.00000,0.00000
-305071.36743,-489477.43202,147.96900,390744528.77620,10.62000,671519.00000,10.43000,0.00000,0.00000,0.00000
-305512.10771,-488331.64384,151.05800,390744528.82292,10.64000,293040.00000,8.38000,0.00000,0.00000,0.00000
-305828.70813,-487360.15729,155.51900,390744528.86965,10.73000,281377.00000,8.05000,0.00000,0.00000,0.00000
-304348.21632,-488912.24394,151.19200,390744528.91637,10.74000,311381.00000,8.04000,0.00000,0.00000,0.00000
-303644.66991,-489373.26878,150.90600,390744528.96309,10.86000,759083.00000,6.66000,0.00000,0.00000,0.00000
-304625.19455,-487469.59884,147.21000,390744529.00981,11.07000,2133411.00000,7.81000,0.00000,0.00000,0.00000
-303612.79802,-488364.29302,145.54800,390744529.05653,11.35000,1840667.00000,7.93000,0.00000,0.00000,0.00000
-303229.54338,-488375.57198,145.35400,390744529.10325,11.30000,1565799.00000,6.97000,0.00000,0.00000,0.00000
-303216.15605,-487867.51100,147.60200,390744529.14997,10.79000,172844.00000,6.42000,0.00000,0.00000,0.00000
-303434.10597,-487034.66366,150.15600,390744529.19669,10.61000,241103.00000,6.37000,0.00000,0.00000,0.00000
-303386.83294,-486574.21599,154.04800,390744529.24341,10.47000,288320.00000,4.09000,0.00000,0.00000,0.00000
-303183.64026,-486332.66469,157.34500,390744529.29014,10.36000,521166.00000,4.39000,0.00000,0.00000,0.00000
-302952.07643,-486130.98599,159.31500,390744529.33686,10.23000,462186.00000,3.79000,0.00000,0.00000,0.00000
-302731.94611,-485913.22779,160.14700,390744529.38358,10.14000,727308.00000,3.40000,0.00000,0.00000,0.00000
-302479.20418,-485741.28050,159.81400,390744529.43030,10.24000,964327.00000,4.12000,0.00000,0.00000,0.00000
-302259.08626,-485523.52567,159.52000,390744529.47703,10.27000,913630.00000,3.78000,0.00000,0.00000,0.00000
-302093.63426,-485229.04120,159.47100,390744529.52375,10.35000,725338.00000,4.19000,0.00000,0.00000,0.00000
-301965.45216,-484882.19759,161.25700,390744529.57047,10.06000,813632.00000,3.20000,0.00000,0.00000,0.00000
-301726.69960,-484690.61761,161.94700,390744529.61719,9.97000,1606451.00000,3.51000,0.00000,0.00000,0.00000
-301433.28604,-484575.76179,162.00700,390744529.66391,9.80000,1249718.00000,3.50000,0.00000,0.00000,0.00000
-301130.55806,-484473.99374,161.52700,390744529.71063,9.74000,1221262.00000,3.81000,0.00000,0.00000,0.00000
-300860.03334,-484327.01845,161.09700,390744529.75736,9.75000,391838.00000,3.81000,0.00000,0.00000,0.00000
-300524.25228,-484271.64012,161.49100,390744529.80408,9.79000,330357.00000,4.34000,0.00000,0.00000,0.00000
-300110.50381,-484325.68879,160.21500,390744529.85080,9.90000,170683.00000,5.22000,0.00000,0.00000,0.00000
-299883.62483,-484117.44715,161.10400,390744529.89752,10.09000,280516.00000,5.69000,0.00000,0.00000,0.00000
-299629.20500,-483947.85991,161.44000,390744529.94424,10.08000,400896.00000,4.75000,0.00000,0.00000,0.00000
-299391.73356,-483754.47441,161.85300,390744529.99097,10.01000,173616.00000,5.14000,0.00000,0.00000,0.00000
-299199.18139,-483498.04342,162.22900,390744530.03769,10.12000,556155.00000,5.09000,0.00000,0.00000,0.00000
-299096.88208,-483114.90989,163.10000,390744530.08441,9.97000,523435.00000,4.54000,0.00000,0.00000,0.00000
-298951.79943,-482791.87343,164.53000,390744530.13113,9.98000,797041.00000,4.98000,0.00000,0.00000,0.00000
-298661.79085,-482672.23750,165.75700,390744530.17785,9.94000,967228.00000,3.64000,0.00000,0.00000,0.00000
-298285.34662,-482673.93809,164.47500,390744530.22458,9.81000,357371.00000,3.84000,0.00000,0.00000,0.00000
-297969.06781,-482591.16306,163.03400,390744530.27130,9.84000,292807.00000,4.08000,0.00000,0.00000,0.00000
-297727.80364,-482403.12538,161.58700,390744530.31802,10.02000,594051.00000,4.71000,0.00000,0.00000,0.00000
-297442.89626,-482276.34302,158.39000,390744530.36474,10.61000,1033902.00000,6.50000,0.00000,0.00000,0.00000
-297260.95974,-482005.03014,157.77600,390744530.41146,10.71000,284637.00000,8.36000,0.00000,0.00000,0.00000
-297019.27075,-481817.57489,157.00800,390744530.45819,11.10000,158846.00000,10.10000,0.00000,0.00000,0.00000
-297031.85499,-481273.27243,158.24300,390744530.50491,10.70000,458366.00000,6.15000,0.00000,0.00000,0.00000
-295913.78831,-482315.76995,152.70800,390744530.55163,10.44000,609350.00000,5.08000,0.00000,0.00000,0.00000
-295369.50178,-482552.95238,149.36900,390744530.59835,10.18000,342774.00000,5.24000,0.00000,0.00000,0.00000
-303626.47252,-481050.48702,166.53100,390798273.53372,11.23000,1833501.00000,4.32000,0.00000,0.00000,1.00000
-303608.08464,-481363.85625,166.47700,390798273.58056,11.16000,4263386.00000,4.98000,0.00000,0.00000,1.00000
-304221.51471,-481573.77979,160.40800,390798273.62740,11.34000,1761094.00000,4.78000,0.00000,0.00000,1.00000
-304613.99229,-481819.88528,159.92400,390798273.67424,11.30000,1048661.00000,5.42000,0.00000,0.00000,1.00000
-304480.05364,-482152.15296,159.01600,390798273.72108,11.23000,954724.00000,5.46000,0.00000,0.00000,1.00000
-304550.47260,-482450.98019,157.97000,390798273.76792,11.18000,1347970.00000,4.59000,0.00000,0.00000,1.00000
-304228.78593,-482813.98570,157.18500,390798273.81476,11.42000,1155368.00000,6.10000,0.00000,0.00000,1.00000
-304401.01325,-483096.14308,156.35900,390798273.86160,11.43000,1467696.00000,5.88000,0.00000,0.00000,1.00000
-303759.42095,-483511.49307,157.31500,390798273.90844,11.42000,1038265.00000,5.51000,0.00000,0.00000,1.00000
-302914.91386,-483960.03651,160.49800,390798273.95528,11.56000,648232.00000,5.78000,0.00000,0.00000,1.00000
-304884.47208,-483948.08487,159.33600,390798274.00212,11.48000,658644.00000,6.00000,0.00000,0.00000,1.00000
-306261.18668,-484033.14649,160.80700,390798274.04896,11.60000,1459439.00000,4.95000,0.00000,0.00000,1.00000
-306163.33507,-484359.51843,160.11400,390798274.09580,11.57000,1519007.00000,4.54000,0.00000,0.00000,1.00000
-306260.45719,-484653.99625,160.92900,390798274.14264,11.52000,2362116.00000,4.90000,0.00000,0.00000,1.00000
-306234.82015,-484968.56510,160.78900,390798274.18948,11.21000,2415982.00000,4.33000,0.00000,0.00000,1.00000
-306194.01600,-485285.61432,160.44200,390798274.23632,11.06000,2136243.00000,3.94000,0.00000,0.00000,1.00000
-306142.37509,-485604.42970,159.04900,390798274.28316,11.01000,2935788.00000,3.75000,0.00000,0.00000,1.00000
-304457.26677,-486190.47670,151.21600,390798274.33000,10.90000,3804427.00000,3.33000,0.00000,0.00000,1.00000
-304353.61420,-486517.78231,150.17300,390798274.37684,10.87000,1717594.00000,4.09000,0.00000,0.00000,1.00000
-304657.25195,-486778.46768,149.19900,390798274.42368,10.87000,1167731.00000,4.01000,0.00000,0.00000,1.00000
-305053.32537,-487024.04038,147.57700,390798274.47052,10.93000,393302.00000,4.33000,0.00000,0.00000,1.00000
-305008.17070,-487341.79701,145.78900,390798274.51736,11.04000,409615.00000,5.18000,0.00000,0.00000,1.00000
-304991.89047,-487654.81483,145.43600,390798274.56420,11.10000,498285.00000,5.04000,0.00000,0.00000,1.00000
-304891.11705,-487981.65296,145.19500,390798274.61104,11.19000,367363.00000,5.41000,0.00000,0.00000,1.00000
-304674.06904,-488327.50161,145.64000,390798274.65788,11.02000,885650.00000,6.00000,0.00000,0.00000,1.00000
-305335.89286,-488529.62768,147.75800,390798274.70472,10.89000,482164.00000,4.18000,0.00000,0.00000,1.00000
-305565.86302,-488802.38266,149.15400,390798274.75156,10.89000,503462.00000,4.91000,0.00000,0.00000,1.00000
-305317.75535,-489153.31078,149.62500,390798274.79840,10.87000,366683.00000,4.39000,0.00000,0.00000,1.00000
-305314.46278,-489464.21107,149.89100,390798274.84524,10.69000,774485.00000,3.69000,0.00000,0.00000,1.00000
-305237.51047,-489787.16055,149.81500,390798274.89208,10.56000,1019415.00000,3.49000,0.00000,0.00000,1.00000
-305521.63242,-490051.06455,149.53500,390798274.93892,10.57000,1531220.00000,3.37000,0.00000,0.00000,1.00000
-305979.80467,-490286.52788,149.10500,390798274.98576,10.64000,616323.00000,4.05000,0.00000,0.00000,1.00000
-306290.64985,-490546.07319,148.40700,390798275.03260,10.69000,1264389.00000,4.49000,0.00000,0.00000,1.00000
-306438.28675,-490832.31560,147.37700,390798275.07944,10.69000,2785552.00000,3.98000,0.00000,0.00000,1.00000
-306555.59430,-491123.52544,146.96400,390798275.12628,10.81000,1977148.00000,4.06000,0.00000,0.00000,1.00000
-306417.95257,-491456.38346,145.85800,390798275.17312,10.88000,1520714.00000,3.85000,0.00000,0.00000,1.00000
-306420.42302,-491766.35930,145.99500,390798275.21996,10.79000,672746.00000,3.51000,0.00000,0.00000,1.00000
-306534.10656,-492058.14314,143.76400,390798275.26680,10.85000,2127144.00000,4.15000,0.00000,0.00000,1.00000
-306810.28590,-492323.38255,144.35600,390798275.31364,10.80000,1117628.00000,3.92000,0.00000,0.00000,1.00000
-306342.58764,-492710.18419,144.92900,390798275.36048,10.72000,2101671.00000,4.17000,0.00000,0.00000,1.00000
-306595.65103,-492979.20554,145.39200,390798275.40732,10.76000,934302.00000,5.77000,0.00000,0.00000,1.00000
-306649.38709,-493280.80742,145.62500,390798275.45416,10.83000,1721775.00000,7.22000,0.00000,0.00000,1.00000
-306495.11421,-493616.38068,146.33200,390798275.50101,10.82000,1388896.00000,7.73000,0.00000,0.00000,1.00000
-306837.01042,-493870.90615,148.10900,390798275.54785,10.88000,95698.00000,6.83000,0.00000,0.00000,1.00000
-307519.77658,-494069.72022,149.67800,390798275.59469,11.07000,150622.00000,6.32000,0.00000,0.00000,1.00000
-307604.55536,-494366.25484,151.68200,390798275.64153,10.77000,437866.00000,3.53000,0.00000,0.00000,1.00000
-307674.88502,-494665.14670,153.63600,390798275.68837,10.62000,1302483.00000,4.34000,0.00000,0.00000,1.00000
-307651.32334,-494979.37457,155.42200,390798275.73521,10.58000,1398373.00000,2.79000,0.00000,0.00000,1.00000
-307614.04121,-495295.85124,157.13600,390798275.78205,10.52000,722541.00000,2.64000,0.00000,0.00000,1.00000
-307563.75653,-495614.44898,158.80600,390798275.82889,10.58000,912284.00000,2.23000,0.00000,0.00000,1.00000
-306563.04489,-496088.28506,131.30100,390798275.87573,10.68000,6435517.00000,2.55000,0.00000,0.00000,1.00000
-310782.23003,-496019.90302,142.66500,390798275.96942,11.25000,804884.00000,4.54000,0.00000,0.00000,1.00000
-311133.51024,-496272.93144,145.19100,390798276.01626,10.87000,1720221.00000,4.63000,0.00000,0.00000,1.00000
-310862.21290,-496627.65621,143.90900,390798276.06310,10.79000,1202199.00000,5.64000,0.00000,0.00000,1.00000
-311149.20063,-496891.18996,146.99200,390798276.10994,10.44000,1358028.00000,4.80000,0.00000,0.00000,1.00000
-311000.68538,-497225.86346,146.11200,390798276.15678,10.30000,141392.00000,5.13000,0.00000,0.00000,1.00000
-310517.75801,-497615.12755,142.44800,390798276.20362,10.53000,243746.00000,5.96000,0.00000,0.00000,1.00000
-309433.89975,-498102.52531,137.98200,390798276.25046,10.42000,543176.00000,4.34000,0.00000,0.00000,1.00000
-308500.26027,-498565.36255,135.33000,390798276.29731,10.30000,1954823.00000,4.87000,0.00000,0.00000,1.00000
-309006.10522,-498793.17954,134.79800,390798276.34415,10.16000,3505060.00000,4.24000,0.00000,0.00000,1.00000
-309069.18228,-499093.27484,135.99800,390798276.39099,10.12000,2001252.00000,5.20000,0.00000,0.00000,1.00000
-309433.45976,-499344.20194,134.53500,390798276.43783,10.21000,2232167.00000,4.96000,0.00000,0.00000,1.00000
-308370.51084,-499828.11694,128.84300,390798276.48467,10.49000,1325349.00000,5.32000,0.00000,0.00000,1.00000
-306061.60785,-500515.38491,126.50700,390798276.53152,10.71000,1023705.00000,7.09000,0.00000,0.00000,1.00000
-306379.63387,-500773.84726,125.53600,390798276.57836,10.75000,1031419.00000,7.94000,0.00000,0.00000,1.00000
-306881.13634,-501002.39114,125.84400,390798276.62520,10.67000,302423.00000,6.16000,0.00000,0.00000,1.00000
-308186.53711,-501099.71954,127.16800,390798276.67204,10.86000,380397.00000,6.85000,0.00000,0.00000,1.00000
-308624.47042,-501338.63739,128.71000,390798276.71888,10.53000,310654.00000,8.06000,0.00000,0.00000,1.00000
-310393.60311,-501360.32423,134.63300,390798276.76572,10.25000,401628.00000,6.38000,0.00000,0.00000,1.00000
-307575.93671,-508959.16437,97.52500,390798277.84312,12.30000,332776.00000,7.90000,0.00000,0.00000,1.00000
-307178.94292,-509644.65893,101.45800,390798277.93681,12.13000,1874776.00000,6.01000,0.00000,0.00000,1.00000
-306373.65431,-506572.19360,95.56600,390917180.26789,6.99000,2908032.00000,1.77000,0.00000,0.00000,0.00000
-305871.06430,-506739.19939,96.00400,390917180.31468,5.86000,393173.00000,3.21000,0.00000,0.00000,0.00000
-310412.56625,-500042.65778,141.67100,390917180.36147,4.98000,4734009.00000,3.04000,0.00000,0.00000,0.00000
-309843.82019,-500299.81927,139.69200,390917180.40826,5.23000,2498679.00000,4.77000,0.00000,0.00000,0.00000
-309502.39416,-500247.63374,139.27400,390917180.45504,6.08000,708866.00000,4.61000,0.00000,0.00000,0.00000
-309235.02109,-500094.68921,137.79200,390917180.50183,7.22000,249650.00000,4.93000,0.00000,0.00000,0.00000
-309189.77876,-499639.47687,138.79000,390917180.54862,8.36000,3270433.00000,4.44000,0.00000,0.00000,0.00000
-308091.01226,-500617.79649,127.38100,390917180.59541,9.13000,698432.00000,6.00000,0.00000,0.00000,0.00000
-307751.31595,-500563.24284,127.56800,390917180.64220,9.51000,286909.00000,6.83000,0.00000,0.00000,0.00000
-307166.94019,-500841.57141,126.74700,390917180.68899,9.75000,173374.00000,5.36000,0.00000,0.00000,0.00000
-306972.74273,-500589.03778,127.28700,390917180.73578,9.76000,398815.00000,4.21000,0.00000,0.00000,0.00000
-306448.12517,-500786.04999,126.59300,390917180.78257,9.86000,187449.00000,4.93000,0.00000,0.00000,0.00000
-306361.76478,-500386.80816,126.18800,390917180.82936,10.28000,279092.00000,6.05000,0.00000,0.00000,0.00000
-306325.63795,-499919.21332,127.32400,390917180.87615,10.31000,278032.00000,4.43000,0.00000,0.00000,0.00000
-306079.48153,-499737.37722,128.47400,390917180.92294,10.07000,608877.00000,3.88000,0.00000,0.00000,0.00000
-306142.53043,-499134.86592,131.29900,390917180.96973,10.00000,1019522.00000,3.58000,0.00000,0.00000,0.00000
-306085.19534,-498696.15238,133.27400,390917181.01652,10.02000,629117.00000,3.09000,0.00000,0.00000,0.00000
-305558.42590,-498896.09365,130.44600,390917181.06331,9.92000,1874854.00000,2.71000,0.00000,0.00000,0.00000
-305322.67402,-498700.10101,127.19800,390917181.11010,10.08000,2965176.00000,2.49000,0.00000,0.00000,0.00000
-303911.52001,-500103.10187,116.58500,390917181.15689,10.67000,2371539.00000,3.65000,0.00000,0.00000,0.00000
-303972.43067,-499503.52361,114.22100,390917181.20368,11.24000,1014473.00000,4.49000,0.00000,0.00000,0.00000
-303749.24424,-499290.45659,111.94400,390917181.25047,11.50000,2162296.00000,4.14000,0.00000,0.00000,0.00000
-303211.61295,-499505.10115,110.98300,390917181.29726,11.15000,2332074.00000,3.35000,0.00000,0.00000,0.00000
-303294.63045,-498875.47679,113.37100,390917181.34405,10.66000,1599359.00000,2.34000,0.00000,0.00000,0.00000
-305258.14680,-495687.86946,138.61500,390917181.39084,10.28000,473559.00000,3.03000,0.00000,0.00000,0.00000
-304675.94282,-495963.18437,136.64400,390917181.43763,10.01000,246821.00000,4.33000,0.00000,0.00000,0.00000
-304287.77056,-495974.58471,136.36100,390917181.48442,10.00000,145835.00000,5.00000,0.00000,0.00000,0.00000
-303925.57342,-495950.62183,136.33000,390917181.53121,10.01000,257084.00000,3.94000,0.00000,0.00000,0.00000
-303575.49856,-495910.15125,136.58700,390917181.57800,9.98000,287914.00000,3.73000,0.00000,0.00000,0.00000
-303257.91157,-495825.49779,135.96700,390917181.62479,9.92000,222954.00000,3.84000,0.00000,0.00000,0.00000
-303026.95436,-495623.02771,135.27700,390917181.67158,9.80000,284670.00000,4.28000,0.00000,0.00000,0.00000
-302944.12073,-495219.06709,134.54100,390917181.71838,9.80000,649062.00000,3.58000,0.00000,0.00000,0.00000
-302905.47326,-494755.01954,133.27600,390917181.76517,10.16000,2021880.00000,2.58000,0.00000,0.00000,0.00000
-301767.12864,-495786.68308,117.73000,390917181.81196,10.74000,3623200.00000,2.31000,0.00000,0.00000,0.00000
-301176.66014,-496073.14893,112.12400,390917181.85875,11.47000,508799.00000,3.34000,0.00000,0.00000,0.00000
-301115.48686,-495639.71306,111.12400,390917181.90554,12.15000,142052.00000,6.60000,0.00000,0.00000,0.00000
-300352.60550,-496160.63684,110.14100,390917181.95233,12.79000,447220.00000,10.07000,0.00000,0.00000,0.00000
-299686.31141,-496550.18183,112.55900,390917181.99913,12.56000,389436.00000,6.44000,0.00000,0.00000,0.00000
-299194.57379,-496702.29591,115.64500,390917182.04592,12.36000,329820.00000,6.95000,0.00000,0.00000,0.00000
-298949.31383,-496519.22551,116.94000,390917182.09271,12.24000,259748.00000,7.33000,0.00000,0.00000,0.00000
-298953.57466,-495996.85058,117.52700,390917182.13950,12.17000,146093.00000,8.62000,0.00000,0.00000,0.00000
-299219.04148,-495119.26247,119.04000,390917182.18629,11.84000,333121.00000,6.69000,0.00000,0.00000,0.00000
-299203.38590,-494624.00079,122.01800,390917182.23308,11.75000,296257.00000,5.43000,0.00000,0.00000,0.00000
-298931.28989,-494477.46261,124.29100,390917182.27987,11.50000,270455.00000,5.07000,0.00000,0.00000,0.00000
-298561.71968,-494463.44535,123.98700,390917182.32667,11.54000,204958.00000,6.81000,0.00000,0.00000,0.00000
-298157.50736,-494496.57013,123.53800,390917182.37346,11.83000,756878.00000,7.00000,0.00000,0.00000,0.00000
-297959.48831,-494249.28995,123.62100,390917182.42025,12.05000,266182.00000,7.01000,0.00000,0.00000,0.00000
-297673.10369,-494122.18179,124.50300,390917182.46704,12.15000,196242.00000,7.46000,0.00000,0.00000,0.00000
-297280.14528,-494139.96325,125.36800,390917182.51383,12.39000,158426.00000,8.61000,0.00000,0.00000,0.00000
-296741.19954,-494356.24610,126.94400,390917182.56062,12.51000,210299.00000,9.34000,0.00000,0.00000,0.00000
-296428.39022,-494265.05394,129.72000,390917182.60741,12.43000,490747.00000,8.13000,0.00000,0.00000,0.00000
-296077.89203,-494225.10471,131.72200,390917182.65420,12.05000,306989.00000,7.48000,0.00000,0.00000,0.00000
-295702.26056,-494219.30889,133.44000,390917182.70099,11.69000,464380.00000,6.44000,0.00000,0.00000,0.00000
-295491.68375,-493989.09447,133.31900,390917182.74779,11.65000,286521.00000,6.98000,0.00000,0.00000,0.00000
-295305.37441,-493725.90092,133.92500,390917182.79458,11.81000,618122.00000,5.97000,0.00000,0.00000,0.00000
-295132.05832,-493445.02809,133.85600,390917182.84137,11.71000,549484.00000,6.11000,0.00000,0.00000,0.00000
-295038.89554,-493055.19326,134.41800,390917182.88816,11.44000,720542.00000,6.12000,0.00000,0.00000,0.00000
-294997.72429,-492594.68297,135.17600,390917182.93496,11.16000,426165.00000,4.98000,0.00000,0.00000,0.00000
-294749.04637,-492416.30605,137.59200,390917182.98175,10.85000,1227949.00000,3.64000,0.00000,0.00000,0.00000
-294417.62542,-492350.42964,137.94900,390917183.02854,10.66000,1785999.00000,3.21000,0.00000,0.00000,0.00000
-294145.98704,-492203.26365,135.54300,390917183.07533,10.83000,1391258.00000,3.58000,0.00000,0.00000,0.00000
-294191.04917,-491625.54694,132.37900,390917183.12212,10.91000,275683.00000,4.30000,0.00000,0.00000,0.00000
-294497.80124,-490692.09869,134.39700,390917183.16891,10.97000,1046013.00000,3.55000,0.00000,0.00000,0.00000
-294717.04761,-489877.64474,136.91700,390917183.21570,11.10000,447445.00000,4.63000,0.00000,0.00000,0.00000
-291322.42171,-493975.77969,123.61500,390917183.26249,11.24000,529623.00000,3.72000,0.00000,0.00000,0.00000
-290768.70123,-494212.00653,126.06500,390917183.30928,10.97000,320334.00000,4.62000,0.00000,0.00000,0.00000
-293749.67294,-489643.46942,140.18300,390917183.35608,11.00000,1328989.00000,4.85000,0.00000,0.00000,0.00000
-293361.06818,-489655.30712,139.33400,390917183.40287,10.96000,297603.00000,5.71000,0.00000,0.00000,0.00000
-292755.40341,-489962.21554,137.63800,390917183.44966,11.04000,795569.00000,7.90000,0.00000,0.00000,0.00000
-291767.13822,-490789.13513,137.24700,390917183.49645,11.59000,161381.00000,10.21000,0.00000,0.00000,0.00000
-290874.17799,-491486.47107,140.06400,390917183.54324,11.75000,230996.00000,8.35000,0.00000,0.00000,0.00000
-290529.32659,-491438.80912,141.71200,390917183.59004,11.51000,295364.00000,8.78000,0.00000,0.00000,0.00000
-290447.90653,-491033.06097,141.81900,390917183.63683,11.40000,273223.00000,7.90000,0.00000,0.00000,0.00000
-290370.83030,-490621.44135,141.36300,390917183.68362,11.32000,271398.00000,8.47000,0.00000,0.00000,0.00000
-290380.41357,-490092.02972,140.52300,390917183.73041,11.32000,309511.00000,6.92000,0.00000,0.00000,0.00000
-290643.06046,-489218.71553,139.53600,390917183.77720,11.11000,384727.00000,7.09000,0.00000,0.00000,0.00000
-290542.16200,-488839.48128,139.41300,390917183.82400,10.43000,800787.00000,4.81000,0.00000,0.00000,0.00000
-290360.68010,-488569.79562,138.43300,390917183.87079,10.05000,3236377.00000,2.56000,0.00000,0.00000,0.00000
-289799.61951,-488815.98116,147.22100,390917183.91758,10.00000,2502467.00000,2.44000,0.00000,0.00000,0.00000
-289504.61030,-488700.57859,145.62900,390917183.96437,9.91000,785371.00000,3.06000,0.00000,0.00000,0.00000
-286095.59487,-492817.02877,139.48900,390917184.01116,9.88000,1123927.00000,3.43000,0.00000,0.00000,0.00000
-289183.69063,-488104.07668,140.92400,390917184.05796,9.89000,719172.00000,2.72000,0.00000,0.00000,0.00000
-288997.45014,-487840.85324,136.94100,390917184.10475,10.04000,2637902.00000,2.82000,0.00000,0.00000,0.00000
-285864.40981,-491582.10977,130.34800,390917184.15154,9.82000,625168.00000,2.72000,0.00000,0.00000,0.00000
-296944.99189,-481058.45294,161.17200,390970926.58115,9.57000,490066.00000,4.77000,0.00000,0.00000,1.00000
-297650.00003,-481263.97533,161.71500,390970926.62805,9.75000,163407.00000,5.67000,0.00000,0.00000,1.00000
-297984.03632,-481524.47090,162.71900,390970926.67496,9.87000,614935.00000,5.02000,0.00000,0.00000,1.00000
-298195.62018,-481803.10923,163.81200,390970926.72186,9.92000,3019908.00000,4.91000,0.00000,0.00000,1.00000
-298336.19993,-482092.27520,164.36400,390970926.76877,9.97000,2769721.00000,5.28000,0.00000,0.00000,1.00000
-298367.36319,-482397.63988,164.86000,390970926.81567,10.08000,1102369.00000,4.16000,0.00000,0.00000,1.00000
-297386.34346,-482852.94299,149.16300,390970926.86258,9.97000,1992896.00000,3.25000,0.00000,0.00000,1.00000
-298098.57408,-483057.43491,163.10900,390970926.90948,10.03000,1521633.00000,3.35000,0.00000,0.00000,1.00000
-298031.20671,-483377.39607,157.59700,390970926.95639,10.19000,1833950.00000,4.29000,0.00000,0.00000,1.00000
-297652.25681,-483743.51421,158.82600,390970927.00329,10.41000,465907.00000,5.11000,0.00000,0.00000,1.00000
-297412.41663,-484089.00654,157.04800,390970927.05020,10.38000,160378.00000,6.29000,0.00000,0.00000,1.00000
-296893.61769,-484475.81501,155.53400,390970927.09710,10.70000,158876.00000,10.49000,0.00000,0.00000,1.00000
-296976.93495,-484773.46063,155.29500,390970927.14401,10.68000,118356.00000,7.56000,0.00000,0.00000,1.00000
-296977.64682,-485083.33689,154.80700,390970927.19092,10.43000,546318.00000,5.32000,0.00000,0.00000,1.00000
-297652.22502,-485293.44031,155.16800,390970927.23782,10.32000,444653.00000,4.98000,0.00000,0.00000,1.00000
-297992.77006,-485553.01164,154.65600,390970927.28473,10.40000,1218777.00000,4.05000,0.00000,0.00000,1.00000
-297936.23641,-485871.36817,152.93500,390970927.33163,10.46000,860346.00000,4.92000,0.00000,0.00000,1.00000
-297826.08598,-486197.66961,152.02300,390970927.37854,10.43000,2243489.00000,4.19000,0.00000,0.00000,1.00000
-297631.86761,-486536.39908,150.57300,390970927.42544,10.59000,2242497.00000,3.88000,0.00000,0.00000,1.00000
-297480.39926,-486868.79988,149.28000,390970927.47235,10.47000,3603669.00000,3.51000,0.00000,0.00000,1.00000
-297191.25759,-487221.58761,147.07100,390970927.51926,10.68000,3218086.00000,4.05000,0.00000,0.00000,1.00000
-296923.84040,-487571.14189,145.95800,390970927.56616,10.63000,3646353.00000,4.27000,0.00000,0.00000,1.00000
-296619.47164,-487926.17632,143.79500,390970927.61307,10.56000,485166.00000,4.86000,0.00000,0.00000,1.00000
-296358.56852,-488274.76513,142.15500,390970927.65997,10.52000,364613.00000,4.49000,0.00000,0.00000,1.00000
-296257.80193,-488599.65240,139.82900,390970927.70688,10.90000,195151.00000,6.45000,0.00000,0.00000,1.00000
-297020.06744,-488796.84634,138.19200,390970927.75378,11.10000,158251.00000,8.66000,0.00000,0.00000,1.00000
-298216.39048,-488929.81405,138.27900,390970927.80069,11.19000,248488.00000,6.69000,0.00000,0.00000,1.00000
-298530.84549,-489193.29517,138.56200,390970927.84760,11.08000,568571.00000,5.28000,0.00000,0.00000,1.00000
-298613.40765,-489491.07656,138.41200,390970927.89451,11.12000,418397.00000,6.84000,0.00000,0.00000,1.00000
-298576.40613,-489806.55518,137.61500,390970927.94141,11.19000,598816.00000,6.13000,0.00000,0.00000,1.00000
-298521.28857,-490124.71697,136.99100,390970927.98832,11.13000,1426998.00000,6.16000,0.00000,0.00000,1.00000
-298319.77913,-490464.51234,134.98300,390970928.03523,11.21000,1918330.00000,7.99000,0.00000,0.00000,1.00000
-297952.32741,-490828.87076,133.90900,390970928.08213,11.32000,2301162.00000,6.71000,0.00000,0.00000,1.00000
-297300.08089,-491235.33995,132.97700,390970928.12904,10.94000,1341413.00000,6.30000,0.00000,0.00000,1.00000
-296740.57994,-491628.07647,132.57100,390970928.17595,10.81000,364074.00000,6.71000,0.00000,0.00000,1.00000
-296470.93290,-491977.92969,132.94200,390970928.22285,10.67000,299722.00000,6.16000,0.00000,0.00000,1.00000
-296526.65994,-492279.67776,131.94400,390970928.26976,10.56000,692902.00000,5.20000,0.00000,0.00000,1.00000
-296491.07745,-492594.92989,131.22900,390970928.31667,10.53000,694601.00000,5.43000,0.00000,0.00000,1.00000
-296440.27449,-492912.42561,131.55100,390970928.36358,10.69000,177520.00000,5.00000,0.00000,0.00000,1.00000
-296227.14420,-493253.92598,132.04900,390970928.41048,10.75000,716874.00000,3.86000,0.00000,0.00000,1.00000
-296105.31408,-493581.91880,132.18700,390970928.45739,10.90000,741427.00000,3.87000,0.00000,0.00000,1.00000
-296662.49572,-493809.53622,126.40100,390970928.50430,10.83000,2082055.00000,3.36000,0.00000,0.00000,1.00000
-296300.79601,-494173.00183,127.10200,390970928.55121,10.93000,381519.00000,4.70000,0.00000,0.00000,1.00000
-296351.43457,-494475.50717,126.70000,390970928.59811,10.92000,996288.00000,4.42000,0.00000,0.00000,1.00000
-296625.27383,-494745.01857,125.43500,390970928.64502,11.04000,1647850.00000,5.18000,0.00000,0.00000,1.00000
-296152.67773,-495124.84651,126.67900,390970928.69193,11.31000,1196504.00000,5.84000,0.00000,0.00000,1.00000
-296143.88114,-495436.13240,126.08700,390970928.73884,11.40000,1552049.00000,5.97000,0.00000,0.00000,1.00000
-295627.80155,-495822.38797,128.15100,390970928.78575,11.64000,1822969.00000,5.18000,0.00000,0.00000,1.00000
-295478.40950,-496154.44755,128.42900,390970928.83265,11.67000,2713821.00000,5.25000,0.00000,0.00000,1.00000
-295452.20875,-496468.29513,128.52900,390970928.87956,11.87000,3171117.00000,4.66000,0.00000,0.00000,1.00000
-294907.12636,-496858.80829,131.43400,390970928.92647,11.92000,3365658.00000,5.13000,0.00000,0.00000,1.00000
-295218.63014,-497122.77430,128.48300,390970928.97338,11.85000,1157487.00000,4.09000,0.00000,0.00000,1.00000
-295296.04981,-497421.30994,127.25600,390970929.02029,11.87000,775397.00000,5.31000,0.00000,0.00000,1.00000
-295806.84571,-497655.83218,124.04900,390970929.06719,11.93000,691707.00000,7.39000,0.00000,0.00000,1.00000
-297180.06509,-497762.96271,119.33600,390970929.11410,12.18000,1768206.00000,6.90000,0.00000,0.00000,1.00000
-297434.32075,-498035.39151,118.26600,390970929.16101,11.94000,709793.00000,5.62000,0.00000,0.00000,1.00000
-297255.91937,-498371.74971,116.56600,390970929.20792,12.10000,1678515.00000,5.25000,0.00000,0.00000,1.00000
-299167.64723,-498399.35941,111.49800,390970929.25483,12.20000,1360753.00000,6.86000,0.00000,0.00000,1.00000
-299213.91117,-498702.53435,110.51900,390970929.30173,11.94000,1976506.00000,7.43000,0.00000,0.00000,1.00000
-299089.12831,-499030.96909,111.82200,390970929.34864,11.80000,1022035.00000,5.41000,0.00000,0.00000,1.00000
-296772.00416,-499683.19180,115.44400,390970929.39555,11.95000,469318.00000,5.16000,0.00000,0.00000,1.00000
-297197.29322,-499930.38875,112.59200,390970929.44246,12.12000,480162.00000,5.97000,0.00000,0.00000,1.00000
-297132.64597,-500249.92129,111.66200,390970929.48937,12.00000,175012.00000,6.66000,0.00000,0.00000,1.00000
-296886.81954,-500596.22716,111.67700,390970929.53627,12.03000,235986.00000,8.17000,0.00000,0.00000,1.00000
-296901.17010,-500904.10343,111.32700,390970929.58318,12.22000,697378.00000,5.43000,0.00000,0.00000,1.00000
-297091.63409,-501185.98149,110.10300,390970929.63009,12.72000,2920419.00000,6.70000,0.00000,0.00000,1.00000
-298810.62654,-501242.19838,102.98900,390970929.67700,13.23000,1961167.00000,8.49000,0.00000,0.00000,1.00000
-297585.62757,-501733.07207,105.69800,390970929.72391,13.42000,315106.00000,9.11000,0.00000,0.00000,1.00000
-298928.48093,-501844.84716,105.62600,390970929.77082,13.30000,424873.00000,9.11000,0.00000,0.00000,1.00000
-302389.11964,-501643.96300,116.06300,390970929.81773,13.02000,741857.00000,6.53000,0.00000,0.00000,1.00000
-302436.10511,-501947.08211,114.32400,390970929.86464,12.70000,995591.00000,5.39000,0.00000,0.00000,1.00000
-301456.79332,-502401.69199,108.54900,390970929.91155,12.66000,1207164.00000,5.16000,0.00000,0.00000,1.00000
-298260.34644,-503183.52452,100.30000,390970929.95846,12.54000,2946993.00000,5.17000,0.00000,0.00000,1.00000
-298222.49585,-503499.11783,100.70800,390970930.00537,12.44000,3978590.00000,4.67000,0.00000,0.00000,1.00000
-297992.57407,-503843.05670,101.21700,390970930.05228,12.33000,1773608.00000,4.96000,0.00000,0.00000,1.00000
-298827.37342,-504029.88290,102.65500,390970930.09919,12.22000,409033.00000,5.03000,0.00000,0.00000,1.00000
-299736.82852,-504205.70363,102.50400,390970930.14610,12.03000,486417.00000,6.03000,0.00000,0.00000,1.00000
-299582.28081,-504538.52915,102.06000,390970930.19301,11.87000,719207.00000,6.29000,0.00000,0.00000,1.00000
-300517.10309,-504710.61556,103.84100,390970930.23992,11.87000,1180967.00000,7.83000,0.00000,0.00000,1.00000
-301341.76126,-504898.97454,107.43900,390970930.28683,11.88000,470773.00000,8.81000,0.00000,0.00000,1.00000
-300655.19919,-505310.29870,106.75600,390970930.33373,11.84000,185975.00000,9.18000,0.00000,0.00000,1.00000
-300025.89460,-505713.16674,107.08900,390970930.38064,11.77000,126713.00000,10.67000,0.00000,0.00000,1.00000
-300080.07726,-506015.19806,109.21000,390970930.42755,10.97000,219716.00000,8.27000,0.00000,0.00000,1.00000
-300534.35144,-506258.21427,111.99100,390970930.47446,10.60000,281825.00000,7.62000,0.00000,0.00000,1.00000
-300745.08436,-506537.15345,112.72900,390970930.52137,10.35000,522206.00000,6.44000,0.00000,0.00000,1.00000
-300627.48860,-506864.53453,111.43100,390970930.56828,10.25000,331275.00000,7.88000,0.00000,0.00000,1.00000
-301020.15482,-507116.65585,111.69400,390970930.61519,10.15000,302547.00000,9.73000,0.00000,0.00000,1.00000
-301354.11135,-507377.43901,112.98200,390970930.66210,9.75000,221779.00000,10.78000,0.00000,0.00000,1.00000
-301397.40289,-507681.07760,114.72400,390970930.70901,9.35000,509425.00000,4.72000,0.00000,0.00000,1.00000
-301152.94687,-508027.15865,115.00400,390970930.75592,9.12000,2546596.00000,3.21000,0.00000,0.00000,1.00000
-300861.38070,-508380.19106,114.04300,390970930.80283,9.09000,876554.00000,3.93000,0.00000,0.00000,1.00000
-300544.43875,-508736.96166,113.08500,390970930.84974,8.93000,564303.00000,5.37000,0.00000,0.00000,1.00000
-300505.09641,-509052.79068,112.36300,390970930.89665,8.81000,239254.00000,5.59000,0.00000,0.00000,1.00000
-301049.24723,-509282.60529,112.32600,390970930.94356,8.88000,238215.00000,7.19000,0.00000,0.00000,1.00000
-301283.88883,-509558.03888,111.28900,390970930.99047,8.98000,386287.00000,5.81000,0.00000,0.00000,1.00000
-301224.24597,-509876.86672,110.28700,390970931.03737,9.03000,845949.00000,4.70000,0.00000,0.00000,1.00000
-301711.85139,-510115.02188,113.32200,390970931.08428,9.00000,3222528.00000,4.03000,0.00000,0.00000,1.00000
-301578.27548,-510444.75231,112.84400,390970931.13119,9.12000,1646537.00000,3.77000,0.00000,0.00000,1.00000
-301847.68810,-510715.07517,120.01700,390970931.17810,9.15000,5733530.00000,3.01000,0.00000,0.00000,1.00000
-301062.48308,-511140.83351,108.36800,390970931.22501,9.19000,2590920.00000,3.08000,0.00000,0.00000,1.00000
-301579.78649,-511374.62863,121.79100,390970931.27192,9.32000,1014743.00000,3.24000,0.00000,0.00000,1.00000
-301459.96792,-511702.32264,122.05200,390970931.31883,9.32000,2369126.00000,2.73000,0.00000,0.00000,1.00000
-301368.42192,-512025.85756,122.48400,390970931.36574,9.28000,852512.00000,3.13000,0.00000,0.00000,1.00000
-301359.49368,-512337.19682,122.68200,390970931.41265,9.25000,1823707.00000,1.96000,0.00000,0.00000,1.00000
-301270.83802,-512660.29289,120.28100,390970931.45956,9.27000,3816689.00000,2.50000,0.00000,0.00000,1.00000
-301293.81004,-512966.94809,117.90600,390970931.50646,9.38000,1717340.00000,3.39000,0.00000,0.00000,1.00000
-302356.24255,-513120.44134,107.68500,390970931.55337,9.60000,1314489.00000,3.85000,0.00000,0.00000,1.00000
-302176.23887,-513457.00267,108.52600,390970931.60028,9.61000,1605408.00000,3.90000,0.00000,0.00000,1.00000
-301360.52035,-513887.21400,111.70700,390970931.64719,9.84000,585853.00000,5.13000,0.00000,0.00000,1.00000
-299544.43164,-515394.80748,102.76100,390970931.83483,9.58000,494718.00000,6.86000,0.00000,0.00000,1.00000
-304481.73261,-512595.10396,110.79100,391089833.07791,9.80000,1178324.00000,4.85000,0.00000,0.00000,0.00000
-304629.99473,-511892.55027,111.23400,391089833.12476,9.64000,421363.00000,5.07000,0.00000,0.00000,0.00000
-304524.76042,-511524.21138,112.64800,391089833.17162,9.38000,2642270.00000,4.36000,0.00000,0.00000,0.00000
-304159.82937,-511498.23976,113.93200,391089833.21848,9.15000,2060416.00000,3.26000,0.00000,0.00000,0.00000
-303786.93733,-511482.77309,114.31500,391089833.26534,8.97000,680161.00000,3.75000,0.00000,0.00000,0.00000
-303309.63747,-511604.95499,115.02000,391089833.31219,9.12000,1800517.00000,4.40000,0.00000,0.00000,0.00000
-303028.75879,-511468.16689,111.50700,391089833.35905,9.08000,3915491.00000,3.68000,0.00000,0.00000,0.00000
-303416.41030,-510450.11131,107.64000,391089833.40591,8.76000,2133387.00000,3.92000,0.00000,0.00000,0.00000
-302439.16545,-511231.30822,118.71800,391089833.45276,8.17000,386067.00000,5.27000,0.00000,0.00000,0.00000
-302464.46914,-510690.91493,119.37100,391089833.49962,7.88000,260077.00000,7.03000,0.00000,0.00000,0.00000
-302596.85000,-510009.39736,118.74400,391089833.54648,7.47000,157042.00000,7.41000,0.00000,0.00000,0.00000
-302611.09902,-509483.59189,119.33900,391089833.59334,6.53000,285965.00000,4.55000,0.00000,0.00000,0.00000
-301297.10204,-510708.61289,110.08700,391089833.64019,6.24000,1887414.00000,3.27000,0.00000,0.00000,0.00000
-301815.32699,-509518.52444,108.94400,391089833.68705,6.75000,1120948.00000,3.87000,0.00000,0.00000,0.00000
-302377.35786,-508270.71272,110.10100,391089833.73391,7.13000,532554.00000,3.73000,0.00000,0.00000,0.00000
-302275.70155,-507897.71433,113.34400,391089833.78076,7.53000,2591272.00000,3.52000,0.00000,0.00000,0.00000
-302078.04366,-507651.27845,114.80300,391089833.82762,8.05000,1143724.00000,4.00000,0.00000,0.00000,0.00000
-301698.53708,-507644.53272,115.24100,391089833.87448,8.31000,435647.00000,5.10000,0.00000,0.00000,0.00000
-301418.14263,-507507.14876,113.92700,391089833.92134,8.61000,288013.00000,5.73000,0.00000,0.00000,0.00000
-301457.21118,-506948.70180,112.68800,391089833.96819,9.23000,643779.00000,6.74000,0.00000,0.00000,0.00000
-301359.11479,-506571.04217,112.53600,391089834.01505,9.78000,312761.00000,5.38000,0.00000,0.00000,0.00000
-301038.01691,-506487.30509,111.61500,391089834.06191,10.30000,1125532.00000,5.19000,0.00000,0.00000,0.00000
-300577.97767,-506586.67621,109.52100,391089834.10877,10.55000,367391.00000,6.87000,0.00000,0.00000,0.00000
-300337.41769,-506396.80653,108.71400,391089834.15562,10.75000,197982.00000,7.10000,0.00000,0.00000,0.00000
-299957.46568,-506390.61824,109.11400,391089834.20248,10.56000,434884.00000,5.38000,0.00000,0.00000,0.00000
-300061.16030,-505747.02653,106.50800,391089834.24934,10.37000,1284973.00000,5.22000,0.00000,0.00000,0.00000
-299751.13125,-505648.70175,105.81300,391089834.29620,10.39000,898805.00000,4.45000,0.00000,0.00000,0.00000
-299881.39117,-504970.12654,104.36100,391089834.34306,10.52000,1086541.00000,4.76000,0.00000,0.00000,0.00000
-299177.09207,-505391.38699,101.30700,391089834.38991,10.77000,1587169.00000,3.96000,0.00000,0.00000,0.00000
-298833.87813,-505336.79313,98.06200,391089834.43677,11.31000,1181969.00000,3.62000,0.00000,0.00000,0.00000
-298655.27711,-505065.25594,94.67200,391089834.48363,11.71000,2037799.00000,3.73000,0.00000,0.00000,0.00000
-297757.13652,-505741.91970,105.32200,391089834.53049,11.84000,6070079.00000,3.22000,0.00000,0.00000,0.00000
-297517.02743,-505551.44232,105.48400,391089834.57735,11.84000,4187972.00000,3.81000,0.00000,0.00000,0.00000
-297295.49851,-505336.45630,105.72100,391089834.62420,11.61000,1081294.00000,4.04000,0.00000,0.00000,0.00000
-297102.29479,-505084.15675,105.70200,391089834.67106,11.62000,327778.00000,4.89000,0.00000,0.00000,0.00000
-296906.44919,-504835.36678,105.91700,391089834.71792,11.61000,331069.00000,4.94000,0.00000,0.00000,0.00000
-296767.68675,-504511.34219,106.70700,391089834.76478,11.62000,248957.00000,5.72000,0.00000,0.00000,0.00000
-296469.16808,-504397.82124,107.37600,391089834.81164,11.62000,382458.00000,5.33000,0.00000,0.00000,0.00000
-296143.21889,-504320.45790,107.36600,391089834.85849,11.65000,527157.00000,5.85000,0.00000,0.00000,0.00000
-296164.22827,-503785.93752,106.80000,391089834.90535,11.93000,235494.00000,7.30000,0.00000,0.00000,0.00000
-296178.16267,-503260.74835,107.95600,391089834.95221,11.75000,333674.00000,5.34000,0.00000,0.00000,0.00000
-295902.66529,-503116.90361,110.25100,391089834.99907,11.56000,1446699.00000,3.90000,0.00000,0.00000,0.00000
-295559.90839,-503061.69455,111.16400,391089835.04593,11.78000,575835.00000,4.77000,0.00000,0.00000,0.00000
-295289.72849,-502910.85002,111.45600,391089835.09279,11.86000,213023.00000,5.46000,0.00000,0.00000,0.00000
-295111.60217,-502638.72167,112.99400,391089835.13964,11.75000,286025.00000,5.20000,0.00000,0.00000,0.00000
-294986.14355,-502297.20846,114.68200,391089835.18650,11.58000,317873.00000,4.31000,0.00000,0.00000,0.00000
-294740.75663,-502113.71366,116.24700,391089835.23336,11.67000,308810.00000,5.67000,0.00000,0.00000,0.00000
-294517.05262,-501901.63825,117.44300,391089835.28022,11.59000,199612.00000,6.69000,0.00000,0.00000,0.00000
-294231.39647,-501771.19821,118.47500,391089835.32707,11.34000,259563.00000,5.76000,0.00000,0.00000,0.00000
-293926.26911,-501666.41305,118.95300,391089835.37393,11.53000,210325.00000,6.63000,0.00000,0.00000,0.00000
-293586.17028,-501607.67208,119.32400,391089835.42079,11.62000,293317.00000,6.08000,0.00000,0.00000,0.00000
-293240.32324,-501556.51746,118.79100,391089835.46765,11.69000,159514.00000,6.13000,0.00000,0.00000,0.00000
-293072.84158,-501270.39312,118.52300,391089835.51451,11.90000,219077.00000,9.72000,0.00000,0.00000,0.00000
-293253.24127,-500526.00477,119.45100,391089835.56136,11.79000,320397.00000,7.52000,0.00000,0.00000,0.00000
-293500.91567,-499692.99819,122.41500,391089835.60822,11.50000,229604.00000,5.81000,0.00000,0.00000,0.00000
-293524.19487,-499155.59658,126.58900,391089835.65508,11.15000,502395.00000,4.25000,0.00000,0.00000,0.00000
-293428.87007,-498774.46419,130.39100,391089835.70194,10.96000,996790.00000,3.64000,0.00000,0.00000,0.00000
-292832.97599,-499052.69665,127.77100,391089835.74880,10.44000,2784674.00000,3.79000,0.00000,0.00000,0.00000
-292973.55592,-498360.82712,135.26900,391089835.79565,10.20000,3311769.00000,3.07000,0.00000,0.00000,0.00000
-292614.45355,-498327.14726,134.53900,391089835.84251,10.46000,1894251.00000,4.60000,0.00000,0.00000,0.00000
-291922.07003,-498732.45847,131.64700,391089835.88937,10.78000,403435.00000,6.66000,0.00000,0.00000,0.00000
-291071.22498,-499346.48730,129.37100,391089835.93623,11.06000,203085.00000,6.36000,0.00000,0.00000,0.00000
-290314.18605,-499836.88645,129.08000,391089835.98309,11.46000,374885.00000,6.94000,0.00000,0.00000,0.00000
-289900.18844,-499875.48128,129.87000,391089836.02994,11.61000,119543.00000,7.89000,0.00000,0.00000,0.00000
-289698.20729,-499634.81657,130.02200,391089836.07680,11.59000,124821.00000,7.67000,0.00000,0.00000,0.00000
-289586.52523,-499275.22107,131.33300,391089836.12366,11.28000,250174.00000,5.84000,0.00000,0.00000,0.00000
-289268.58039,-499187.29646,132.91700,391089836.17052,11.07000,237101.00000,4.88000,0.00000,0.00000,0.00000
-288894.42120,-499173.40715,134.45900,391089836.21738,11.00000,294633.00000,4.30000,0.00000,0.00000,0.00000
-288563.63075,-499102.36607,134.67400,391089836.26423,10.94000,333947.00000,5.31000,0.00000,0.00000,0.00000
-288428.05858,-498774.25447,134.46900,391089836.31109,10.93000,336510.00000,5.15000,0.00000,0.00000,0.00000
-288187.14005,-498584.88611,135.04800,391089836.35795,10.99000,483052.00000,5.85000,0.00000,0.00000,0.00000
-288089.63968,-498206.63670,134.50700,391089836.40481,10.90000,447077.00000,6.17000,0.00000,0.00000,0.00000
-288175.85476,-497586.48035,134.60300,391089836.45167,10.92000,149270.00000,7.24000,0.00000,0.00000,0.00000
-288204.07799,-497042.67771,135.66100,391089836.49852,10.78000,262511.00000,5.09000,0.00000,0.00000,0.00000
-287862.69030,-496985.64040,134.78300,391089836.54538,10.73000,401948.00000,5.10000,0.00000,0.00000,0.00000
-287307.93276,-497209.56844,132.81200,391089836.59224,10.82000,453207.00000,5.54000,0.00000,0.00000,0.00000
-286839.48195,-497319.80952,131.03600,391089836.63910,11.05000,333040.00000,7.75000,0.00000,0.00000,0.00000
-286839.38969,-496813.31172,129.95000,391089836.68596,11.02000,312355.00000,7.66000,0.00000,0.00000,0.00000
-286640.09902,-496569.13512,128.81500,391089836.73281,10.75000,306468.00000,5.95000,0.00000,0.00000,0.00000
-285604.12495,-497426.68680,127.84600,391089836.77967,10.96000,418121.00000,6.21000,0.00000,0.00000,0.00000
-285242.80554,-497395.86045,126.50000,391089836.82653,11.17000,361660.00000,7.46000,0.00000,0.00000,0.00000
-285446.81282,-496620.63666,123.69400,391089836.87339,11.07000,74840.00000,7.62000,0.00000,0.00000,0.00000
-285497.64961,-496047.09885,123.16000,391089836.92025,10.79000,145909.00000,7.26000,0.00000,0.00000,0.00000
-285168.21065,-495974.29175,124.32400,391089836.96711,11.01000,200928.00000,5.24000,0.00000,0.00000,0.00000
-284957.86454,-495744.68206,125.46000,391089837.01397,11.00000,593732.00000,6.24000,0.00000,0.00000,0.00000
-285200.85386,-494918.17957,127.41200,391089837.06083,10.67000,750067.00000,5.48000,0.00000,0.00000,0.00000
-285266.76195,-494324.85466,134.21300,391089837.10769,10.73000,1967963.00000,6.64000,0.00000,0.00000,0.00000
-284932.46400,-494258.45099,134.43500,391089837.15454,10.74000,1290922.00000,6.93000,0.00000,0.00000,0.00000
-284530.43259,-494281.22706,133.81100,391089837.20140,10.50000,325801.00000,8.85000,0.00000,0.00000,0.00000
-284053.13638,-494403.08535,132.41200,391089837.24826,10.41000,458018.00000,7.42000,0.00000,0.00000,0.00000
-283501.01409,-494623.44407,131.01300,391089837.29512,10.47000,353476.00000,7.15000,0.00000,0.00000,0.00000
-282906.82463,-494899.17018,129.97600,391089837.34198,10.65000,386800.00000,6.38000,0.00000,0.00000,0.00000
-282348.04521,-495128.25418,129.79900,391089837.38884,10.78000,292017.00000,7.09000,0.00000,0.00000,0.00000
-281903.05461,-495207.54585,129.97400,391089837.43570,10.90000,289300.00000,6.20000,0.00000,0.00000,0.00000
-292153.80779,-484347.08665,132.69500,391143580.11261,10.29000,1475631.00000,6.29000,0.00000,0.00000,1.00000
-292155.63716,-485275.91528,136.66300,391143580.25352,10.49000,487538.00000,6.78000,0.00000,0.00000,1.00000
-292219.24574,-485577.18146,137.72900,391143580.30048,10.65000,395841.00000,7.12000,0.00000,0.00000,1.00000
-291424.41779,-485992.23112,132.71600,391143580.34745,10.34000,2166927.00000,6.45000,0.00000,0.00000,1.00000
-291308.46058,-486317.28872,137.69500,391143580.39442,10.00000,490136.00000,5.47000,0.00000,0.00000,1.00000
-290382.05804,-486749.76313,135.33300,391143580.44139,10.03000,1138400.00000,5.80000,0.00000,0.00000,1.00000
-290790.91504,-487005.24889,136.43700,391143580.48836,9.77000,1625107.00000,6.74000,0.00000,0.00000,1.00000
-291353.87109,-487240.32031,138.54200,391143580.53533,9.65000,1626029.00000,8.00000,0.00000,0.00000,1.00000
-290538.65782,-487658.02979,138.00000,391143580.58230,9.34000,1561477.00000,5.34000,0.00000,0.00000,1.00000
-289839.01511,-488060.42249,143.56900,391143580.62927,9.38000,1858269.00000,2.95000,0.00000,0.00000,1.00000
-291692.24076,-488124.53436,128.79500,391143580.67624,9.38000,455052.00000,4.32000,0.00000,0.00000,1.00000
-292340.24678,-488348.36047,132.65100,391143580.72321,9.47000,847525.00000,5.64000,0.00000,0.00000,1.00000
-291331.65407,-488791.68094,129.63500,391143580.77018,9.32000,993233.00000,4.68000,0.00000,0.00000,1.00000
-291567.50800,-489070.12244,131.45800,391143580.81714,9.30000,1399049.00000,3.69000,0.00000,0.00000,1.00000
-290954.33413,-489461.03135,131.47100,391143580.86411,9.25000,673033.00000,3.35000,0.00000,0.00000,1.00000
-289604.80480,-489949.46822,139.13700,391143580.91108,9.47000,3452520.00000,3.89000,0.00000,0.00000,1.00000
-289767.22575,-490237.61994,140.15800,391143580.95805,9.62000,4330760.00000,3.18000,0.00000,0.00000,1.00000
-289718.12346,-490553.79436,141.16800,391143581.00502,9.63000,4536573.00000,3.45000,0.00000,0.00000,1.00000
-289639.94273,-490873.82119,141.91900,391143581.05199,9.55000,1568397.00000,3.49000,0.00000,0.00000,1.00000
-289534.86060,-491197.40296,142.90800,391143581.09896,9.46000,4682820.00000,3.27000,0.00000,0.00000,1.00000
-289494.47289,-491512.41990,144.02200,391143581.14593,9.48000,1802989.00000,3.08000,0.00000,0.00000,1.00000
-289409.74088,-491833.30725,144.68900,391143581.19290,9.50000,2278673.00000,2.77000,0.00000,0.00000,1.00000
-292648.51217,-491714.15588,129.70600,391143581.23987,9.61000,1947107.00000,2.85000,0.00000,0.00000,1.00000
-289315.87036,-492465.07630,146.12300,391143581.28683,9.58000,793519.00000,2.80000,0.00000,0.00000,1.00000
-293645.78107,-492201.49874,131.51500,391143581.33380,9.62000,490670.00000,3.35000,0.00000,0.00000,1.00000
-293434.54330,-492539.16316,132.81600,391143581.38077,9.74000,2292654.00000,2.87000,0.00000,0.00000,1.00000
-293499.54991,-492840.26548,134.38800,391143581.42774,9.86000,968828.00000,3.60000,0.00000,0.00000,1.00000
-293061.52117,-493207.95257,132.29000,391143581.47471,10.06000,1237983.00000,4.09000,0.00000,0.00000,1.00000
-292043.39536,-493652.41844,126.94500,391143581.52168,10.29000,618534.00000,5.06000,0.00000,0.00000,1.00000
-291767.45813,-493998.62184,125.47500,391143581.56865,10.66000,421630.00000,7.08000,0.00000,0.00000,1.00000
-290969.56944,-494413.90194,124.04900,391143581.61562,10.77000,518891.00000,5.33000,0.00000,0.00000,1.00000
-291648.83690,-494633.69921,124.78800,391143581.66259,11.01000,725394.00000,6.16000,0.00000,0.00000,1.00000
-291335.08448,-494984.89840,124.54300,391143581.70955,10.86000,745584.00000,5.88000,0.00000,0.00000,1.00000
-291224.15294,-495309.26784,125.05800,391143581.75652,10.93000,538058.00000,7.56000,0.00000,0.00000,1.00000
-291381.46053,-495598.13741,126.32600,391143581.80349,10.96000,386130.00000,7.66000,0.00000,0.00000,1.00000
-290792.18000,-495985.77615,126.64800,391143581.85046,11.06000,265747.00000,7.01000,0.00000,0.00000,1.00000
-291145.03469,-496248.77931,127.60800,391143581.89743,11.28000,833032.00000,9.93000,0.00000,0.00000,1.00000
-290437.98418,-496651.98844,128.08600,391143581.94440,11.14000,574898.00000,8.54000,0.00000,0.00000,1.00000
-289422.69803,-497095.94960,129.43200,391143581.99137,11.23000,516845.00000,7.49000,0.00000,0.00000,1.00000
-289073.30209,-497451.82518,130.97400,391143582.03834,11.40000,477267.00000,8.23000,0.00000,0.00000,1.00000
-289120.82390,-497755.21208,131.83600,391143582.08531,11.43000,337429.00000,9.10000,0.00000,0.00000,1.00000
-289166.15645,-498058.87644,132.23700,391143582.13228,11.29000,520111.00000,7.71000,0.00000,0.00000,1.00000
-289186.77079,-498365.81996,132.05000,391143582.17925,11.19000,599694.00000,6.98000,0.00000,0.00000,1.00000
-289116.51917,-498684.78984,132.60800,391143582.22622,10.90000,628523.00000,6.79000,0.00000,0.00000,1.00000
-289255.62381,-498976.06822,131.03600,391143582.27319,10.73000,324579.00000,7.60000,0.00000,0.00000,1.00000
-289345.29436,-499273.88705,130.46100,391143582.32016,10.62000,480931.00000,8.53000,0.00000,0.00000,1.00000
-289333.91196,-499585.06122,130.39600,391143582.36713,10.88000,568072.00000,8.88000,0.00000,0.00000,1.00000
-289212.03766,-499910.85702,131.28400,391143582.41410,10.70000,84020.00000,7.25000,0.00000,0.00000,1.00000
-289348.22735,-500202.52690,131.03000,391143582.46107,10.70000,262388.00000,7.83000,0.00000,0.00000,1.00000
-289335.38863,-500513.90088,131.19400,391143582.50804,10.65000,167411.00000,5.53000,0.00000,0.00000,1.00000
-289181.51056,-500843.91064,131.69800,391143582.55501,10.65000,286780.00000,3.07000,0.00000,0.00000,1.00000
-288866.96073,-501195.14175,132.19700,391143582.60198,10.83000,628838.00000,2.88000,0.00000,0.00000,1.00000
-288728.33531,-501523.12614,131.19500,391143582.64895,10.90000,2124295.00000,3.68000,0.00000,0.00000,1.00000
-288777.27986,-501826.34063,130.32600,391143582.69592,10.86000,883572.00000,4.82000,0.00000,0.00000,1.00000
-288773.14864,-502136.55843,129.95700,391143582.74289,11.20000,3649281.00000,3.43000,0.00000,0.00000,1.00000
-290353.12757,-502237.46069,119.17100,391143582.78986,11.35000,491792.00000,3.50000,0.00000,0.00000,1.00000
-289339.18453,-502681.10224,122.44300,391143582.83683,11.35000,934235.00000,3.84000,0.00000,0.00000,1.00000
-288893.75667,-503049.62501,123.88400,391143582.88380,11.55000,573314.00000,5.68000,0.00000,0.00000,1.00000
-288720.22180,-503382.21599,124.83500,391143582.93077,11.71000,213290.00000,6.38000,0.00000,0.00000,1.00000
-289240.25079,-503623.19808,122.90900,391143582.97774,11.92000,252092.00000,9.72000,0.00000,0.00000,1.00000
-289861.33876,-503850.84144,121.10900,391143583.02471,11.82000,99400.00000,8.42000,0.00000,0.00000,1.00000
-290155.99123,-504121.59757,120.24400,391143583.07168,11.73000,112951.00000,7.24000,0.00000,0.00000,1.00000
-290323.42020,-504409.17219,119.83500,391143583.11865,11.59000,190562.00000,6.12000,0.00000,0.00000,1.00000
-290395.61108,-504709.33306,118.83500,391143583.16562,11.70000,219340.00000,5.70000,0.00000,0.00000,1.00000
-290368.92036,-505022.54631,118.35800,391143583.21259,11.83000,359991.00000,5.75000,0.00000,0.00000,1.00000
-290435.28829,-505323.47259,117.91300,391143583.25956,11.71000,764787.00000,4.44000,0.00000,0.00000,1.00000
-290378.05104,-505640.71148,116.92700,391143583.30653,11.76000,2123060.00000,5.03000,0.00000,0.00000,1.00000
-290309.91387,-505959.39992,116.27700,391143583.35350,11.80000,3055270.00000,4.22000,0.00000,0.00000,1.00000
-290255.58780,-506276.26473,115.89600,391143583.40047,12.14000,2937519.00000,4.30000,0.00000,0.00000,1.00000
-290124.91256,-506603.19996,115.61900,391143583.44744,12.08000,5520128.00000,4.03000,0.00000,0.00000,1.00000
-290241.43074,-506897.50489,113.39000,391143583.49442,11.97000,818112.00000,3.93000,0.00000,0.00000,1.00000
-290257.61927,-507205.05965,113.34500,391143583.54139,11.92000,413792.00000,5.18000,0.00000,0.00000,1.00000
-290331.96943,-507504.93455,113.90600,391143583.58836,11.93000,457950.00000,5.02000,0.00000,0.00000,1.00000
-290588.81100,-507780.72899,114.50900,391143583.63533,11.80000,1876611.00000,4.44000,0.00000,0.00000,1.00000
-290399.96642,-508115.34534,116.89900,391143583.68230,11.75000,3535450.00000,3.03000,0.00000,0.00000,1.00000
-291583.06508,-508268.88719,106.45500,391143583.72927,11.56000,2370098.00000,2.78000,0.00000,0.00000,1.00000
-291959.14517,-508528.95340,106.17100,391143583.77624,11.35000,1539118.00000,2.87000,0.00000,0.00000,1.00000
-291533.26505,-508894.86121,107.53200,391143583.82321,11.22000,1836129.00000,2.48000,0.00000,0.00000,1.00000
-291481.82271,-509211.35156,108.65000,391143583.87018,11.16000,603020.00000,2.67000,0.00000,0.00000,1.00000
-291647.04183,-509499.24474,107.79200,391143583.91715,11.05000,2653388.00000,2.54000,0.00000,0.00000,1.00000
-291454.53887,-509834.34262,108.41100,391143583.96413,11.10000,4203277.00000,2.53000,0.00000,0.00000,1.00000
-291242.39612,-510172.00955,109.89300,391143584.01110,11.10000,3531422.00000,2.68000,0.00000,0.00000,1.00000
-292890.87089,-510264.23635,105.30600,391143584.05807,11.07000,2770568.00000,3.06000,0.00000,0.00000,1.00000
-292023.62123,-510688.34690,107.49800,391143584.10504,10.90000,4828103.00000,2.28000,0.00000,0.00000,1.00000
-289068.26387,-511387.84449,132.99100,391143584.15201,10.62000,1895603.00000,2.43000,0.00000,0.00000,1.00000
-293417.78741,-511123.83591,104.77000,391143584.19898,10.48000,952576.00000,2.65000,0.00000,0.00000,1.00000
-296010.88414,-511091.48422,96.92900,391143584.24595,10.25000,372365.00000,2.41000,0.00000,0.00000,1.00000
-295952.15625,-511408.96572,96.85200,391143584.29292,10.08000,862584.00000,2.34000,0.00000,0.00000,1.00000
-295947.22858,-511719.33741,96.68900,391143584.33989,9.84000,3410023.00000,2.12000,0.00000,0.00000,1.00000
-293740.54233,-512320.10276,100.91700,391143584.38686,9.78000,4444276.00000,1.67000,0.00000,0.00000,1.00000
-296685.58640,-512241.41369,99.75400,391143584.43383,9.67000,2133612.00000,1.85000,0.00000,0.00000,1.00000
-293324.93281,-512994.32491,102.57400,391143584.48080,9.61000,1371914.00000,2.06000,0.00000,0.00000,1.00000
-295430.12099,-513026.44047,99.30500,391143584.52777,9.46000,2375086.00000,1.95000,0.00000,0.00000,1.00000
-294623.15304,-513442.57691,99.88100,391143584.57474,9.27000,2231636.00000,2.40000,0.00000,0.00000,1.00000
-295291.53063,-513664.15881,100.17800,391143584.62171,9.29000,1554501.00000,2.11000,0.00000,0.00000,1.00000
-294967.37018,-514016.62516,101.15700,391143584.66868,9.39000,409442.00000,3.10000,0.00000,0.00000,1.00000
-294358.89666,-514406.55581,101.33000,391143584.71565,9.45000,339824.00000,3.69000,0.00000,0.00000,1.00000
-293901.66194,-514776.54168,103.13800,391143584.76262,9.48000,441411.00000,3.22000,0.00000,0.00000,1.00000
-293547.68116,-515132.91312,104.91500,391143584.80959,9.55000,686987.00000,2.73000,0.00000,0.00000,1.00000
-289995.92255,-515910.68987,142.01200,391143584.85656,9.63000,129772.00000,2.90000,0.00000,0.00000,1.00000
-293580.65617,-515747.98207,107.04700,391143584.90353,9.74000,3675061.00000,1.92000,0.00000,0.00000,1.00000
-289759.84468,-516561.15710,140.42500,391143584.95050,9.69000,655465.00000,2.29000,0.00000,0.00000,1.00000
-289813.74710,-516863.72326,138.13000,391143584.99747,9.70000,729328.00000,2.16000,0.00000,0.00000,1.00000
-290271.92182,-517113.04903,133.15000,391143585.04444,9.86000,237678.00000,4.11000,0.00000,0.00000,1.00000
-291048.57821,-517320.41684,129.67700,391143585.09141,10.04000,847404.00000,5.30000,0.00000,0.00000,1.00000
-291217.37241,-517607.86799,127.88500,391143585.13838,10.23000,1104217.00000,6.15000,0.00000,0.00000,1.00000
-291394.17276,-517894.27631,127.30300,391143585.18535,10.29000,1494857.00000,5.41000,0.00000,0.00000,1.00000
-291953.43411,-518130.29714,127.97700,391143585.23232,9.95000,1941106.00000,4.34000,0.00000,0.00000,1.00000
-292043.70586,-518428.10393,132.31900,391143585.27929,9.69000,482252.00000,4.16000,0.00000,0.00000,1.00000
-294915.15251,-517392.81894,111.72900,391262486.84272,11.89000,896976.00000,7.28000,0.00000,0.00000,0.00000
-295385.11001,-516294.89141,106.02700,391262486.88964,12.05000,444012.00000,8.47000,0.00000,0.00000,0.00000
-294803.81750,-516539.68098,108.36300,391262486.93656,11.95000,415427.00000,7.91000,0.00000,0.00000,0.00000
-294559.08772,-516354.57790,108.86800,391262486.98348,12.24000,1215482.00000,8.60000,0.00000,0.00000,0.00000
-293808.82376,-516815.14424,113.09300,391262487.03040,12.10000,341730.00000,9.06000,0.00000,0.00000,0.00000
-293676.13432,-516486.95020,112.04000,391262487.07732,12.03000,489333.00000,9.13000,0.00000,0.00000,0.00000
-293388.93455,-516356.08054,111.50400,391262487.12424,11.97000,447919.00000,9.99000,0.00000,0.00000,0.00000
-292813.49783,-516593.32359,114.76000,391262487.17117,11.98000,958603.00000,8.16000,0.00000,0.00000,0.00000
-292412.45837,-516607.84828,117.35500,391262487.21809,11.90000,1404384.00000,5.33000,0.00000,0.00000,0.00000
-293581.85382,-514616.81358,102.18500,391262487.26501,11.76000,3432645.00000,5.01000,0.00000,0.00000,0.00000
-291711.58767,-516507.61759,124.23100,391262487.31193,11.79000,4918043.00000,4.22000,0.00000,0.00000,0.00000
-292923.92595,-514461.82370,107.25400,391262487.35885,11.74000,2427151.00000,4.06000,0.00000,0.00000,0.00000
-293555.71239,-513157.39179,101.64200,391262487.40577,11.65000,1337419.00000,3.82000,0.00000,0.00000,0.00000
-293475.92597,-512761.70234,102.11500,391262487.45269,11.41000,512412.00000,5.56000,0.00000,0.00000,0.00000
-293200.50644,-512615.83390,104.44200,391262487.49961,11.11000,358173.00000,4.89000,0.00000,0.00000,0.00000
-292826.14803,-512596.32701,106.97300,391262487.54653,11.00000,1029338.00000,3.35000,0.00000,0.00000,0.00000
-293529.80854,-511200.19403,104.32400,391262487.59345,10.91000,1512534.00000,2.86000,0.00000,0.00000,0.00000
-293232.25936,-511082.59686,105.88700,391262487.64038,10.90000,1304322.00000,3.32000,0.00000,0.00000,0.00000
-292519.49720,-511495.22217,108.50400,391262487.68730,10.77000,1976140.00000,2.77000,0.00000,0.00000,0.00000
-292907.81161,-510501.81870,106.55900,391262487.73422,10.58000,2554294.00000,2.31000,0.00000,0.00000,0.00000
-292360.86659,-510702.69546,107.90100,391262487.78114,10.49000,878700.00000,2.66000,0.00000,0.00000,0.00000
-289825.03526,-513443.06793,149.92600,391262487.82806,10.44000,297568.00000,2.47000,0.00000,0.00000,0.00000
-292025.14171,-510136.33985,107.58000,391262487.87498,10.46000,4826458.00000,2.27000,0.00000,0.00000,0.00000
-291344.44522,-510507.96014,110.59200,391262487.92190,10.43000,1875797.00000,2.14000,0.00000,0.00000,0.00000
-290603.65155,-510956.29604,115.72000,391262487.96882,10.43000,1953927.00000,2.42000,0.00000,0.00000,0.00000
-290107.75842,-511091.94486,118.98100,391262488.01574,10.54000,5037006.00000,2.17000,0.00000,0.00000,0.00000
-289931.31144,-510819.70882,120.31000,391262488.06266,10.64000,5389072.00000,2.19000,0.00000,0.00000,0.00000
-288759.46167,-511818.32910,135.67400,391262488.10958,10.59000,1078260.00000,2.91000,0.00000,0.00000,0.00000
-288755.62194,-511325.72939,134.20600,391262488.15651,10.75000,722201.00000,4.44000,0.00000,0.00000,0.00000
-288724.67496,-510867.73973,133.27900,391262488.20343,10.78000,1426036.00000,4.81000,0.00000,0.00000,0.00000
-288584.83749,-510548.78381,132.39500,391262488.25035,10.89000,861291.00000,4.76000,0.00000,0.00000,0.00000
-288278.70858,-510442.11066,129.32500,391262488.29727,10.99000,288358.00000,6.09000,0.00000,0.00000,0.00000
-287904.80264,-510421.96705,127.14300,391262488.34419,11.26000,262881.00000,7.10000,0.00000,0.00000,0.00000
-287448.65893,-510506.81591,125.90300,391262488.39111,11.61000,265149.00000,5.79000,0.00000,0.00000,0.00000
-287124.45197,-510423.19985,124.26900,391262488.43803,12.00000,327154.00000,7.41000,0.00000,0.00000,0.00000
-287025.29043,-510052.31801,121.30800,391262488.48495,12.40000,134976.00000,8.79000,0.00000,0.00000,0.00000
-286987.58842,-509602.97985,119.40900,391262488.53188,13.14000,165303.00000,13.11000,0.00000,0.00000,0.00000
-286654.80653,-509530.31879,120.16000,391262488.57880,12.95000,143800.00000,13.46000,0.00000,0.00000,0.00000
-286489.67769,-509243.64214,120.46200,391262488.62572,13.23000,164826.00000,14.36000,0.00000,0.00000,0.00000
-286321.84637,-508960.43559,120.85100,391262488.67264,13.14000,85761.00000,12.78000,0.00000,0.00000,0.00000
-286021.61222,-508846.24388,122.14700,391262488.71956,13.00000,165151.00000,9.62000,0.00000,0.00000,0.00000
-285722.72641,-508730.30058,124.04900,391262488.76648,12.84000,262451.00000,7.43000,0.00000,0.00000,0.00000
-285534.11458,-508473.62038,125.58200,391262488.81341,12.53000,280158.00000,6.71000,0.00000,0.00000,0.00000
-285411.03033,-508133.29885,126.73900,391262488.86033,12.35000,306333.00000,8.11000,0.00000,0.00000,0.00000
-285291.11493,-507788.94312,128.30200,391262488.90725,11.88000,484421.00000,5.92000,0.00000,0.00000,0.00000
-285171.65324,-507444.01314,129.76700,391262488.95417,11.78000,374201.00000,5.92000,0.00000,0.00000,0.00000
-285102.81005,-507034.48195,131.59100,391262489.00109,11.25000,251666.00000,5.11000,0.00000,0.00000,0.00000
-284930.48198,-506757.04422,132.15100,391262489.04802,11.00000,2284345.00000,4.76000,0.00000,0.00000,0.00000
-284694.43686,-506560.92572,136.86900,391262489.09494,10.82000,1165901.00000,4.19000,0.00000,0.00000,0.00000
-284405.51192,-506432.28620,138.15300,391262489.14186,10.61000,1034929.00000,3.51000,0.00000,0.00000,0.00000
-284147.32659,-506264.43853,138.19000,391262489.18878,10.73000,415591.00000,4.28000,0.00000,0.00000,0.00000
-283895.00562,-506089.07937,136.07000,391262489.23571,10.68000,200887.00000,5.06000,0.00000,0.00000,0.00000
-283782.33859,-505735.49833,133.74500,391262489.28263,10.72000,248008.00000,6.27000,0.00000,0.00000,0.00000
-283972.93344,-504994.91862,130.83000,391262489.32955,10.85000,166757.00000,6.98000,0.00000,0.00000,0.00000
-284526.42970,-503791.17471,131.38000,391262489.37647,10.87000,213548.00000,5.88000,0.00000,0.00000,0.00000
-284562.47241,-503247.85618,132.38400,391262489.42339,10.93000,915504.00000,3.94000,0.00000,0.00000,0.00000
-283455.10714,-504163.73733,123.35900,391262489.47032,10.95000,967457.00000,4.10000,0.00000,0.00000,0.00000
-282902.26561,-504371.93694,121.18000,391262489.51724,10.97000,1034932.00000,4.40000,0.00000,0.00000,0.00000
-282643.63751,-504204.64439,119.52100,391262489.56416,11.01000,802442.00000,4.54000,0.00000,0.00000,0.00000
-282246.71013,-504213.84153,118.37600,391262489.61108,11.09000,528182.00000,5.24000,0.00000,0.00000,0.00000
-281841.19128,-504233.99593,116.91500,391262489.65800,11.19000,344982.00000,5.58000,0.00000,0.00000,0.00000
-281216.91276,-504533.29369,116.36300,391262489.70493,11.49000,335972.00000,5.87000,0.00000,0.00000,0.00000
-280871.49822,-504476.72633,115.08600,391262489.75185,11.73000,441679.00000,5.32000,0.00000,0.00000,0.00000
-280815.81520,-504050.46993,112.22600,391262489.79877,12.44000,316874.00000,7.79000,0.00000,0.00000,0.00000
-281284.90603,-502954.61788,110.20200,391262489.84570,12.84000,259413.00000,9.40000,0.00000,0.00000,0.00000
-281736.36548,-501881.25239,112.05500,391262489.89262,12.61000,1262783.00000,7.45000,0.00000,0.00000,0.00000
-281884.99691,-501194.32979,117.54700,391262489.93954,12.49000,271063.00000,6.88000,0.00000,0.00000,0.00000
-281196.09940,-501576.08124,116.26500,391262489.98646,12.00000,1774924.00000,6.72000,0.00000,0.00000,0.00000
-280331.36333,-502182.16959,117.53900,391262490.03339,11.49000,878266.00000,5.69000,0.00000,0.00000,0.00000
-279833.19398,-502320.51895,120.93600,391262490.08031,11.08000,1399199.00000,5.08000,0.00000,0.00000,0.00000
-279458.41694,-502301.41494,123.09100,391262490.12723,11.02000,1028011.00000,6.05000,0.00000,0.00000,0.00000
-279148.28447,-502199.84857,124.74500,391262490.17416,10.43000,1177886.00000,6.01000,0.00000,0.00000,0.00000
-279417.63141,-501358.95267,125.93900,391262490.22108,10.10000,346055.00000,5.66000,0.00000,0.00000,0.00000
-279055.96991,-501323.12162,125.04700,391262490.26800,10.00000,314443.00000,6.15000,0.00000,0.00000,0.00000
-278755.78749,-501208.86519,123.93500,391262490.31493,9.88000,753505.00000,3.94000,0.00000,0.00000,0.00000
-278673.93253,-500816.06903,121.80900,391262490.36185,9.83000,1664874.00000,2.94000,0.00000,0.00000,0.00000
-279075.28193,-499806.79868,134.30200,391262490.40877,9.83000,2974628.00000,2.13000,0.00000,0.00000,0.00000
-278727.65360,-499753.09433,131.51900,391262490.45570,9.81000,765482.00000,3.13000,0.00000,0.00000,0.00000
-278488.96056,-499560.40626,129.01600,391262490.50262,9.86000,431788.00000,4.06000,0.00000,0.00000,0.00000
-278276.93519,-499333.68799,127.68200,391262490.54954,9.97000,182912.00000,4.50000,0.00000,0.00000,0.00000
-282264.31213,-494678.87720,128.54700,391316234.55349,9.44000,341008.00000,6.57000,0.00000,0.00000,1.00000
-281839.28403,-495037.96996,129.22300,391316234.60052,9.46000,516268.00000,6.18000,0.00000,0.00000,1.00000
-281245.03386,-496035.60957,133.56600,391316234.74160,9.01000,101236.00000,9.79000,0.00000,0.00000,1.00000
-281944.80648,-496263.22860,133.76600,391316234.78862,8.72000,110986.00000,6.68000,0.00000,0.00000,1.00000
-281745.73691,-496595.87808,131.84000,391316234.83565,8.93000,386529.00000,5.06000,0.00000,0.00000,1.00000
-281982.60498,-496877.60070,130.36300,391316234.88268,9.30000,117040.00000,5.35000,0.00000,0.00000,1.00000
-281990.57194,-497186.07672,131.05900,391316234.92971,9.45000,381620.00000,4.87000,0.00000,0.00000,1.00000
-281706.20760,-497528.69982,132.24900,391316234.97673,9.44000,244144.00000,4.13000,0.00000,0.00000,1.00000
-281551.59948,-497856.15705,132.56000,391316235.02376,9.53000,239174.00000,4.64000,0.00000,0.00000,1.00000
-281426.87849,-498180.12343,133.47700,391316235.07079,9.73000,2294781.00000,4.57000,0.00000,0.00000,1.00000
-282433.55850,-498371.93134,126.36900,391316235.11781,9.85000,813623.00000,4.04000,0.00000,0.00000,1.00000
-282397.03905,-498685.59752,127.53000,391316235.16484,10.12000,266186.00000,5.81000,0.00000,0.00000,1.00000
-282056.52657,-499034.77670,128.60400,391316235.21187,10.10000,573194.00000,5.42000,0.00000,0.00000,1.00000
-283159.44475,-499215.37055,128.63100,391316235.25889,9.88000,589970.00000,5.97000,0.00000,0.00000,1.00000
-282482.11961,-499603.87645,128.97400,391316235.30592,9.81000,408148.00000,4.41000,0.00000,0.00000,1.00000
-281386.33996,-500041.23370,130.48600,391316235.35295,9.84000,3211417.00000,3.88000,0.00000,0.00000,1.00000
-283321.79860,-500124.63844,123.33000,391316235.39998,9.87000,2325385.00000,4.25000,0.00000,0.00000,1.00000
-283231.31890,-500444.60929,121.72900,391316235.44700,9.85000,1396740.00000,4.20000,0.00000,0.00000,1.00000
-283527.22595,-500719.47313,120.80600,391316235.49403,9.87000,1843301.00000,3.85000,0.00000,0.00000,1.00000
-283950.70888,-500979.44381,121.30700,391316235.54106,9.78000,665828.00000,3.38000,0.00000,0.00000,1.00000
-283231.80172,-501372.79053,117.09900,391316235.58808,9.83000,2614911.00000,3.15000,0.00000,0.00000,1.00000
-283419.80547,-501660.25781,117.23000,391316235.63511,9.85000,579056.00000,3.13000,0.00000,0.00000,1.00000
-281501.60438,-502193.55386,116.03800,391316235.68214,10.01000,350141.00000,3.52000,0.00000,0.00000,1.00000
-280256.29085,-502648.27474,115.46800,391316235.72916,9.97000,3204699.00000,3.79000,0.00000,0.00000,1.00000
-279825.33578,-503007.96137,119.58400,391316235.77619,9.98000,735737.00000,4.01000,0.00000,0.00000,1.00000
-278852.68499,-503430.83004,123.09900,391316235.82322,10.06000,583653.00000,4.13000,0.00000,0.00000,1.00000
-279526.91474,-503661.54337,116.98500,391316235.87025,10.23000,955615.00000,5.06000,0.00000,0.00000,1.00000
-279866.53291,-503931.31307,115.04400,391316235.91727,10.19000,751065.00000,4.66000,0.00000,0.00000,1.00000
-279900.67668,-504236.71304,114.19900,391316235.96430,9.90000,931411.00000,4.86000,0.00000,0.00000,1.00000
-284498.70822,-504009.70682,130.69400,391316236.01133,9.60000,358945.00000,3.97000,0.00000,0.00000,1.00000
-284668.46290,-504299.31571,131.35600,391316236.05836,9.60000,1337553.00000,4.09000,0.00000,0.00000,1.00000
-284637.73044,-504612.33276,132.52200,391316236.10538,9.47000,3063406.00000,3.01000,0.00000,0.00000,1.00000
-284541.38646,-504933.00616,132.75800,391316236.15241,9.63000,2309676.00000,3.91000,0.00000,0.00000,1.00000
-284379.41623,-505261.31930,133.55800,391316236.19944,9.58000,2475133.00000,3.28000,0.00000,0.00000,1.00000
-284244.42266,-505586.48959,134.53300,391316236.24647,9.38000,986041.00000,3.25000,0.00000,0.00000,1.00000
-284051.83067,-505918.37770,136.10100,391316236.29349,9.39000,4603354.00000,2.53000,0.00000,0.00000,1.00000
-283972.24044,-506237.08337,137.38000,391316236.34052,9.29000,1636346.00000,2.54000,0.00000,0.00000,1.00000
-283845.98505,-506561.22125,138.38800,391316236.38755,9.11000,1741485.00000,2.74000,0.00000,0.00000,1.00000
-283719.72696,-506885.35593,138.90000,391316236.43458,9.15000,801158.00000,2.49000,0.00000,0.00000,1.00000
-283661.27502,-507201.59565,138.29800,391316236.48160,9.19000,570216.00000,2.36000,0.00000,0.00000,1.00000
-283530.63408,-507526.23272,137.14100,391316236.52863,9.16000,1452751.00000,2.15000,0.00000,0.00000,1.00000
-283367.18830,-507854.70309,135.93000,391316236.57566,9.18000,2045959.00000,2.22000,0.00000,0.00000,1.00000
-283242.37532,-508178.66367,135.57700,391316236.62268,9.32000,4086617.00000,2.43000,0.00000,0.00000,1.00000
-283176.61844,-508495.74623,135.23300,391316236.66971,9.29000,785525.00000,2.77000,0.00000,0.00000,1.00000
-283070.03040,-508817.59110,135.06900,391316236.71674,9.21000,2308816.00000,2.69000,0.00000,0.00000,1.00000
-283055.29742,-509128.71581,134.44700,391316236.76377,9.33000,526559.00000,2.85000,0.00000,0.00000,1.00000
-282998.27694,-509444.77211,133.83400,391316236.81079,9.45000,360131.00000,3.26000,0.00000,0.00000,1.00000
-283123.52248,-509739.58789,133.16200,391316236.85782,9.61000,444929.00000,3.94000,0.00000,0.00000,1.00000
-283148.15859,-510046.14104,132.81100,391316236.90485,9.71000,660176.00000,3.77000,0.00000,0.00000,1.00000
-283182.26500,-510351.57975,132.26200,391316236.95187,9.75000,547719.00000,4.17000,0.00000,0.00000,1.00000
-283323.54435,-510644.53128,131.65200,391316236.99890,9.67000,264090.00000,3.85000,0.00000,0.00000,1.00000
-283583.67136,-510923.65767,130.82200,391316237.04593,9.85000,348344.00000,5.47000,0.00000,0.00000,1.00000
-283945.86343,-511190.88578,130.53600,391316237.09296,9.94000,927682.00000,4.40000,0.00000,0.00000,1.00000
-284289.83146,-511460.24162,129.74600,391316237.13998,9.72000,1933161.00000,4.29000,0.00000,0.00000,1.00000
-284797.84763,-511710.48699,127.70700,391316237.18701,9.97000,1504397.00000,5.15000,0.00000,0.00000,1.00000
-285106.82278,-511983.92795,125.90600,391316237.23404,9.92000,1011883.00000,5.21000,0.00000,0.00000,1.00000
-284305.36608,-512386.70092,122.16000,391316237.28107,10.05000,871719.00000,5.55000,0.00000,0.00000,1.00000
-284823.59140,-512635.77476,121.76600,391316237.32809,10.14000,308687.00000,5.41000,0.00000,0.00000,1.00000
-286687.76385,-512728.11816,128.36500,391316237.37512,10.19000,354011.00000,5.11000,0.00000,0.00000,1.00000
-286958.80686,-513005.99523,131.87500,391316237.42215,10.07000,868506.00000,4.96000,0.00000,0.00000,1.00000
-286961.54277,-513315.12572,133.16800,391316237.46918,9.86000,1460548.00000,5.45000,0.00000,0.00000,1.00000
-286140.37840,-513720.19290,131.21000,391316237.51620,9.74000,948770.00000,4.51000,0.00000,0.00000,1.00000
-285458.46737,-514109.02479,130.18100,391316237.56323,9.56000,1476757.00000,4.31000,0.00000,0.00000,1.00000
-286124.70820,-514340.90168,127.71000,391316237.61026,9.49000,3436272.00000,4.56000,0.00000,0.00000,1.00000
-285296.23225,-514746.77673,123.25900,391316237.65729,9.63000,1183041.00000,4.60000,0.00000,0.00000,1.00000
-285001.48199,-515090.52809,117.30000,391316237.70432,9.89000,1331228.00000,4.49000,0.00000,0.00000,1.00000
-284415.05457,-515468.20210,114.04000,391316237.75134,10.08000,542157.00000,7.26000,0.00000,0.00000,1.00000
-284252.98617,-515796.49635,112.43400,391316237.79837,10.05000,247247.00000,6.14000,0.00000,0.00000,1.00000
-284064.66302,-516127.84342,112.14700,391316237.84540,10.00000,309769.00000,5.09000,0.00000,0.00000,1.00000
-283442.48705,-516509.65592,111.52200,391316237.89243,10.09000,318531.00000,6.18000,0.00000,0.00000,1.00000
-283202.38360,-516847.01288,111.38100,391316237.93945,10.28000,784311.00000,6.32000,0.00000,0.00000,1.00000
-283588.62025,-517111.50367,109.64700,391316237.98648,10.39000,288572.00000,7.39000,0.00000,0.00000,1.00000
-283881.52786,-517386.85911,108.46100,391316238.03351,10.06000,284948.00000,7.40000,0.00000,0.00000,1.00000
-284028.60426,-517679.18406,107.22600,391316238.08054,9.99000,685297.00000,4.88000,0.00000,0.00000,1.00000
-287158.68827,-518552.87526,138.54500,391316238.26865,9.20000,784821.00000,2.91000,0.00000,0.00000,1.00000
-288717.35940,-518587.89273,136.07200,391435140.45472,8.55000,584155.00000,3.47000,0.00000,0.00000,0.00000
-288540.24599,-518318.44818,136.87100,391435140.50170,8.44000,434592.00000,3.41000,0.00000,0.00000,0.00000
-288306.43637,-518119.18830,139.48900,391435140.54868,8.38000,360254.00000,3.86000,0.00000,0.00000,0.00000
-288251.94140,-517697.97075,140.99200,391435140.59566,8.41000,328448.00000,4.75000,0.00000,0.00000,0.00000
-288280.88560,-517173.48971,142.56100,391435140.64264,8.28000,331446.00000,5.28000,0.00000,0.00000,0.00000
-288515.41741,-516394.53463,144.17800,391435140.68962,8.24000,161739.00000,6.31000,0.00000,0.00000,0.00000
-288883.62995,-515450.13932,149.14000,391435140.73660,8.18000,1120538.00000,3.43000,0.00000,0.00000,0.00000
-288736.50570,-515143.62398,149.24700,391435140.78358,8.05000,3793846.00000,2.29000,0.00000,0.00000,0.00000
-286603.50278,-517294.95405,125.17100,391435140.83057,8.17000,2088851.00000,2.34000,0.00000,0.00000,0.00000
-286045.16075,-517497.34712,119.83500,391435140.87755,8.27000,557886.00000,2.63000,0.00000,0.00000,0.00000
-285345.72963,-517874.31323,114.40600,391435140.92453,8.57000,1034071.00000,2.99000,0.00000,0.00000,0.00000
-285280.65874,-517466.20541,111.79500,391435140.97151,8.89000,616733.00000,2.46000,0.00000,0.00000,0.00000
-285418.44684,-516807.05944,111.16300,391435141.01849,8.97000,375571.00000,2.33000,0.00000,0.00000,0.00000
-285366.75264,-516382.39841,109.73000,391435141.06547,9.09000,1090864.00000,2.74000,0.00000,0.00000,0.00000
-285111.29782,-516209.93273,108.53300,391435141.11245,9.34000,727917.00000,2.84000,0.00000,0.00000,0.00000
-285059.61353,-515785.27471,109.57800,391435141.15943,9.44000,1017557.00000,3.28000,0.00000,0.00000,0.00000
-284835.51323,-515574.01235,110.57700,391435141.20641,9.30000,763687.00000,3.39000,0.00000,0.00000,0.00000
-284784.29730,-515148.79098,113.18600,391435141.25339,9.29000,790368.00000,3.02000,0.00000,0.00000,0.00000
-284165.54190,-515425.87338,112.74700,391435141.30038,9.20000,360315.00000,3.21000,0.00000,0.00000,0.00000
-283518.20186,-515738.32553,112.57700,391435141.34736,9.01000,342687.00000,4.18000,0.00000,0.00000,0.00000
-283019.30498,-515867.05391,112.65200,391435141.39434,9.09000,636160.00000,3.10000,0.00000,0.00000,0.00000
-282355.34745,-516200.02253,112.86800,391435141.44132,9.25000,273700.00000,3.59000,0.00000,0.00000,0.00000
-284229.94996,-513391.84918,128.65600,391435141.48830,9.35000,328686.00000,3.43000,0.00000,0.00000,0.00000
-283763.82819,-513480.08842,125.07900,391435141.53529,9.66000,185745.00000,4.55000,0.00000,0.00000,0.00000
-283560.02554,-513243.69570,123.01000,391435141.58227,10.09000,538335.00000,5.81000,0.00000,0.00000,0.00000
-283496.39033,-512833.89261,122.86500,391435141.62925,10.17000,499420.00000,4.84000,0.00000,0.00000,0.00000
-283451.65712,-512400.69195,123.46300,391435141.67623,10.19000,2217031.00000,4.50000,0.00000,0.00000,0.00000
-283226.65452,-512190.55205,124.18900,391435141.72321,10.05000,3044830.00000,4.69000,0.00000,0.00000,0.00000
-282893.77267,-512113.91347,124.85900,391435141.77020,9.75000,714554.00000,6.30000,0.00000,0.00000,0.00000
-282462.21454,-512159.33346,125.35200,391435141.81718,9.61000,305326.00000,6.57000,0.00000,0.00000,0.00000
-282105.81418,-512111.77377,126.61100,391435141.86416,9.41000,298840.00000,5.42000,0.00000,0.00000,0.00000
-281889.11840,-511891.36183,127.88300,391435141.91114,9.32000,641500.00000,5.05000,0.00000,0.00000,0.00000
-281563.61060,-511805.57274,128.86100,391435141.95812,9.06000,1362645.00000,4.54000,0.00000,0.00000,0.00000
-281276.37299,-511672.42906,129.34200,391435142.00511,8.97000,1731713.00000,3.99000,0.00000,0.00000,0.00000
-281034.78836,-511482.81795,129.07600,391435142.05209,9.14000,1632736.00000,4.51000,0.00000,0.00000,0.00000
-280743.86606,-511354.23120,128.49900,391435142.09907,8.96000,899629.00000,4.81000,0.00000,0.00000,0.00000
-280557.15541,-511096.73503,127.73300,391435142.14605,9.08000,415279.00000,5.21000,0.00000,0.00000,0.00000
-280355.68742,-510857.48288,127.06400,391435142.19303,9.34000,315906.00000,5.95000,0.00000,0.00000,0.00000
-280089.20528,-510698.65677,125.75500,391435142.24002,9.45000,649574.00000,4.81000,0.00000,0.00000,0.00000
-279719.90307,-510667.03667,124.26800,391435142.28700,9.69000,288527.00000,5.73000,0.00000,0.00000,0.00000
-279402.70287,-510570.95343,122.62400,391435142.33398,9.89000,415438.00000,5.35000,0.00000,0.00000,0.00000
-278950.39874,-510642.00503,120.99800,391435142.38096,10.13000,343448.00000,4.99000,0.00000,0.00000,0.00000
-278709.28322,-510451.80253,119.53000,391435142.42795,10.37000,294401.00000,5.34000,0.00000,0.00000,0.00000
-278542.86603,-510169.18255,118.03000,391435142.47493,10.41000,366680.00000,4.90000,0.00000,0.00000,0.00000
-278378.30086,-509884.28679,117.37800,391435142.52191,10.61000,327133.00000,6.05000,0.00000,0.00000,0.00000
-278159.78537,-509666.12858,115.96000,391435142.56890,10.56000,1698623.00000,4.13000,0.00000,0.00000,0.00000
-277722.23310,-509718.90599,113.21400,391435142.61588,10.57000,1713014.00000,3.94000,0.00000,0.00000,0.00000
-277603.78495,-509376.95859,112.00200,391435142.66286,10.49000,2249389.00000,3.86000,0.00000,0.00000,0.00000
-277151.93655,-509447.42207,118.03600,391435142.70985,10.36000,6342045.00000,3.32000,0.00000,0.00000,0.00000
-276819.98370,-509369.56749,117.99900,391435142.75683,10.14000,4126722.00000,3.37000,0.00000,0.00000,0.00000
-277622.05712,-502139.97210,121.56700,391488888.59555,9.75000,479991.00000,6.32000,-0.19300,0.00000,1.00000
-277962.23750,-502414.69495,121.25100,391488888.64263,9.75000,1662944.00000,3.81000,-0.19300,0.00000,1.00000
