-311563.75870,-489104.14146,156.44700,647599373.71979,12.03000,365786.00000,5.47000,0.00000,0.00000,0.00000
-311250.33599,-489017.23815,156.33500,647599373.76674,11.82000,217642.00000,4.91000,0.00000,0.00000,0.00000
-311041.62503,-488779.94114,155.48700,647599373.81368,11.78000,257475.00000,5.16000,0.00000,0.00000,0.00000
-310921.29054,-488415.71104,155.41500,647599373.86062,12.00000,436682.00000,4.43000,0.00000,0.00000,0.00000
-310737.28898,-488142.90693,155.40700,647599373.90757,12.32000,982052.00000,4.13000,0.00000,0.00000,0.00000
-310436.02184,-488038.55479,154.46400,647599373.95451,12.54000,722578.00000,3.98000,0.00000,0.00000,0.00000
-310113.39859,-487964.87962,152.48000,647599374.00146,12.89000,635202.00000,6.15000,0.00000,0.00000,0.00000
-309696.95185,-488025.95065,151.22000,647599374.04840,13.27000,317625.00000,8.20000,0.00000,0.00000,0.00000
-308988.14570,-488506.90393,152.59000,647599374.09535,13.46000,256302.00000,8.75000,0.00000,0.00000,0.00000
-308310.74304,-488942.72067,156.01300,647599374.14229,13.13000,703856.00000,5.68000,0.00000,0.00000,0.00000
-309490.13335,-486711.86609,149.57600,647599374.18923,12.90000,2164136.00000,5.66000,0.00000,0.00000,0.00000
-309522.28225,-486128.65866,148.77700,647599374.23618,12.58000,2898507.00000,4.77000,0.00000,0.00000,0.00000
-309538.95093,-485567.72421,148.00000,647599374.28312,12.59000,1081289.00000,6.20000,0.00000,0.00000,0.00000
-309520.85596,-485056.72151,148.64100,647599374.33007,12.23000,1775040.00000,4.94000,0.00000,0.00000,0.00000
-309097.71013,-485127.39583,148.96600,647599374.37701,12.08000,725395.00000,3.82000,0.00000,0.00000,0.00000
-306884.31724,-487769.01125,164.03000,647599374.42396,11.84000,441918.00000,4.58000,0.00000,0.00000,0.00000
-307019.10992,-487038.44498,162.83900,647599374.47090,11.67000,250185.00000,4.94000,0.00000,0.00000,0.00000
-307080.18544,-486413.74654,162.93300,647599374.51785,11.69000,240835.00000,5.67000,0.00000,0.00000,0.00000
-307155.93015,-485768.00578,163.83800,647599374.56479,11.61000,386285.00000,4.48000,0.00000,0.00000,0.00000
-307156.28178,-485230.54593,165.83200,647599374.61173,11.48000,216023.00000,4.44000,0.00000,0.00000,0.00000
-307005.82706,-484909.61088,167.34800,647599374.65868,11.48000,211374.00000,3.93000,0.00000,0.00000,0.00000
-306808.88440,-484655.44986,168.11900,647599374.70562,11.40000,224437.00000,3.44000,0.00000,0.00000,0.00000
-306647.14067,-484350.77335,167.34300,647599374.75257,11.31000,250524.00000,3.13000,0.00000,0.00000,0.00000
-306507.59557,-484014.20493,165.22800,647599374.79951,11.35000,1012004.00000,2.75000,0.00000,0.00000,0.00000
-306410.36206,-483616.87812,162.27900,647599374.84646,11.69000,1843484.00000,4.09000,0.00000,0.00000,0.00000
-305798.31376,-483958.78576,154.22500,647599374.89340,12.23000,2419311.00000,4.79000,0.00000,0.00000,0.00000
-305983.01613,-483156.67483,156.70400,647599374.94035,12.63000,484333.00000,7.65000,0.00000,0.00000,0.00000
-306103.62161,-482446.58886,159.70300,647599374.98729,13.29000,254361.00000,9.91000,0.00000,0.00000,0.00000
-305502.87438,-482772.25290,159.15500,647599375.03424,13.32000,184229.00000,12.71000,0.00000,0.00000,0.00000
-304692.65483,-483398.63570,158.56400,647599375.08118,13.47000,61714.00000,15.75000,0.00000,0.00000,0.00000
-304371.31759,-483323.10456,159.68200,647599375.12813,12.91000,73086.00000,11.48000,0.00000,0.00000,0.00000
-304150.93779,-483102.60896,160.76800,647599375.17507,12.32000,199959.00000,9.52000,0.00000,0.00000,0.00000
-304044.09553,-482719.13114,163.33500,647599375.22202,11.90000,399191.00000,6.25000,0.00000,0.00000,0.00000
-303811.99203,-482515.48192,165.48000,647599375.26896,11.43000,210975.00000,7.47000,0.00000,0.00000,0.00000
-303582.82775,-482307.62609,167.05000,647599375.31591,11.11000,419951.00000,5.63000,0.00000,0.00000,0.00000
-303288.30569,-482193.58325,167.52300,647599375.36285,11.19000,269362.00000,7.09000,0.00000,0.00000,0.00000
-303129.94359,-481884.07577,167.62700,647599375.40980,11.34000,167799.00000,6.47000,0.00000,0.00000,0.00000
-302884.02693,-481700.26970,167.88300,647599375.45674,11.38000,269736.00000,6.24000,0.00000,0.00000,0.00000
-302452.93880,-481782.28929,166.66100,647599375.50369,11.43000,97799.00000,6.53000,0.00000,0.00000,0.00000
-302285.37910,-481486.01978,166.12800,647599375.55063,11.61000,238573.00000,7.44000,0.00000,0.00000,0.00000
-302051.19670,-481285.36609,166.38000,647599375.59758,11.70000,91899.00000,7.70000,0.00000,0.00000,0.00000
-301672.05127,-481292.79517,166.09800,647599375.64452,11.73000,219299.00000,7.85000,0.00000,0.00000,0.00000
-301365.80900,-481195.57857,166.25200,647599375.69147,11.79000,163403.00000,9.09000,0.00000,0.00000,0.00000
-301135.82216,-480988.90543,166.74600,647599375.73841,11.41000,226067.00000,10.68000,0.00000,0.00000,0.00000
-300909.19671,-480777.42984,167.99400,647599375.78535,11.31000,127549.00000,8.70000,0.00000,0.00000,0.00000
-300514.55605,-480807.10526,168.95900,647599375.83230,10.97000,191579.00000,7.10000,0.00000,0.00000,0.00000
-300052.45724,-480933.59684,168.49500,647599375.87925,10.49000,191961.00000,6.38000,0.00000,0.00000,0.00000
-299772.61242,-480798.47661,167.23900,647599375.92619,10.93000,210923.00000,7.37000,0.00000,0.00000,0.00000
-299549.75328,-480581.56776,165.98100,647599375.97313,11.21000,165752.00000,8.31000,0.00000,0.00000,0.00000
-309735.38251,-485587.17928,147.51300,647653120.25317,12.23000,1350946.00000,5.39000,0.00000,0.00000,1.00000
-309307.45830,-485973.62391,149.30400,647653120.30017,12.48000,940568.00000,4.43000,0.00000,0.00000,1.00000
-309442.62602,-486261.88516,148.09700,647653120.34718,12.55000,2357417.00000,4.99000,0.00000,0.00000,1.00000
-310532.68505,-486383.65893,146.56200,647653120.39419,12.44000,1254835.00000,5.31000,0.00000,0.00000,1.00000
-310734.36698,-486660.34760,146.63100,647653120.44119,12.40000,1008544.00000,5.62000,0.00000,0.00000,1.00000
-310370.03605,-487035.69499,147.93800,647653120.48820,12.42000,3314777.00000,5.32000,0.00000,0.00000,1.00000
-310894.82875,-487256.05160,147.92200,647653120.53521,12.44000,1901404.00000,5.66000,0.00000,0.00000,1.00000
-309193.21176,-487864.52054,153.18000,647653120.58221,12.51000,1281492.00000,5.72000,0.00000,0.00000,1.00000
-308681.41719,-488265.55970,156.17700,647653120.62922,12.57000,3177792.00000,4.97000,0.00000,0.00000,1.00000
-310839.11719,-488513.12870,149.56500,647653120.72324,12.53000,4768397.00000,3.93000,0.00000,0.00000,1.00000
-309938.40157,-488981.96310,149.64300,647653120.77024,12.57000,3749061.00000,4.14000,0.00000,0.00000,1.00000
-310989.42926,-489110.61572,145.71100,647653120.81725,12.64000,1746752.00000,3.98000,0.00000,0.00000,1.00000
-311649.40011,-489307.43554,156.46800,647653120.86426,12.66000,3132987.00000,4.77000,0.00000,0.00000,1.00000
-311718.04930,-489607.31929,155.77500,647653120.91126,12.82000,710943.00000,5.93000,0.00000,0.00000,1.00000
-311110.17387,-494079.02464,148.42800,647653121.56936,11.98000,1760949.00000,5.93000,0.00000,0.00000,1.00000
-310960.46848,-494416.94654,147.82800,647653121.61637,11.75000,1017242.00000,4.57000,0.00000,0.00000,1.00000
-310877.97957,-494743.14163,146.83500,647653121.66338,11.85000,774409.00000,4.77000,0.00000,0.00000,1.00000
-309718.33856,-495256.90019,149.82900,647653121.71038,11.73000,2550419.00000,4.06000,0.00000,0.00000,1.00000
-308727.89251,-497923.86079,150.20900,647653122.08643,9.84000,292735.00000,2.94000,0.00000,0.00000,1.00000
-311398.19863,-498564.93308,145.21200,647772026.24864,9.18000,1215454.00000,4.90000,0.00000,0.00000,0.00000
-311274.27625,-498211.18103,145.18500,647772026.29562,9.56000,1034387.00000,4.15000,0.00000,0.00000,0.00000
-311649.77380,-496636.49057,151.48000,647772026.38959,10.70000,485398.00000,4.23000,0.00000,0.00000,0.00000
-311156.82909,-496796.14711,146.85100,647772026.43657,11.38000,607900.00000,5.87000,0.00000,0.00000,0.00000
-310199.78029,-497601.43027,143.44400,647772026.48355,11.68000,287370.00000,8.46000,0.00000,0.00000,0.00000
-309727.35758,-497732.47824,142.14900,647772026.53053,11.64000,357543.00000,6.90000,0.00000,0.00000,0.00000
-309594.46202,-497391.23640,141.88400,647772026.57751,11.49000,349835.00000,5.66000,0.00000,0.00000,0.00000
-309586.15502,-496876.67018,141.82100,647772026.62450,11.47000,375493.00000,6.20000,0.00000,0.00000,0.00000
-309248.17764,-496820.70474,142.59400,647772026.67148,11.56000,352016.00000,6.10000,0.00000,0.00000,0.00000
-308853.26274,-496843.95759,144.98000,647772026.71846,11.42000,1385910.00000,4.11000,0.00000,0.00000,0.00000
-308270.37399,-497128.63595,150.93700,647772026.76544,11.32000,448644.00000,4.89000,0.00000,0.00000,0.00000
-308334.43958,-496513.42737,153.38700,647772026.81242,11.06000,423836.00000,4.06000,0.00000,0.00000,0.00000
-308148.46863,-496246.03683,156.83900,647772026.85941,10.56000,563683.00000,3.24000,0.00000,0.00000,0.00000
-307855.87842,-496126.92139,160.50700,647772026.90639,10.35000,931268.00000,2.70000,0.00000,0.00000,0.00000
-307619.38523,-495929.79533,161.74900,647772026.95337,10.35000,1479316.00000,2.85000,0.00000,0.00000,0.00000
-307419.71519,-495681.45074,160.40200,647772027.00035,10.13000,1828674.00000,3.01000,0.00000,0.00000,0.00000
-307249.59873,-495392.02207,157.41000,647772027.04733,10.33000,3029358.00000,2.85000,0.00000,0.00000,0.00000
-307113.73408,-495054.94095,154.74700,647772027.09432,10.46000,2470891.00000,2.91000,0.00000,0.00000,0.00000
-306930.77635,-494783.37093,152.12400,647772027.14130,10.59000,1866613.00000,2.81000,0.00000,0.00000,0.00000
-306772.21850,-494477.84286,149.57600,647772027.18828,10.81000,366919.00000,3.51000,0.00000,0.00000,0.00000
-306653.05911,-494117.53576,149.66000,647772027.23526,10.97000,403566.00000,4.23000,0.00000,0.00000,0.00000
-306478.66397,-493834.04512,150.11900,647772027.28225,11.00000,299616.00000,4.48000,0.00000,0.00000,0.00000
-306327.83077,-493517.81167,151.12800,647772027.32923,10.90000,353583.00000,4.49000,0.00000,0.00000,0.00000
-306103.78214,-493303.41468,151.15800,647772027.37621,10.88000,275902.00000,4.77000,0.00000,0.00000,0.00000
-305872.87846,-493098.53745,150.78600,647772027.42319,10.85000,113168.00000,5.01000,0.00000,0.00000,0.00000
-305637.25840,-492900.19531,150.19300,647772027.47018,11.20000,569732.00000,5.30000,0.00000,0.00000,0.00000
-305272.33045,-492881.70750,148.53000,647772027.51716,11.51000,287357.00000,6.45000,0.00000,0.00000,0.00000
-305202.87028,-492452.32570,148.93100,647772027.56414,11.42000,187967.00000,6.97000,0.00000,0.00000,0.00000
-305585.17686,-491394.70032,152.44600,647772027.61113,11.19000,339789.00000,5.81000,0.00000,0.00000,0.00000
-305549.98405,-490917.68274,152.97300,647772027.65811,10.88000,595651.00000,5.79000,0.00000,0.00000,0.00000
-305340.08219,-490683.62430,152.82000,647772027.70509,10.50000,358205.00000,5.57000,0.00000,0.00000,0.00000
-304551.22850,-491254.65591,148.99100,647772027.75207,10.60000,473234.00000,5.35000,0.00000,0.00000,0.00000
-304394.42800,-490946.73974,146.85800,647772027.79906,10.46000,1071103.00000,4.31000,0.00000,0.00000,0.00000
-304645.31784,-490071.94526,147.74100,647772027.84604,10.65000,1782995.00000,2.87000,0.00000,0.00000,0.00000
-303715.10983,-490839.48347,152.79400,647772027.89302,10.99000,2504118.00000,2.67000,0.00000,0.00000,0.00000
-301324.50360,-493637.56096,115.21400,647772027.94001,11.06000,1220232.00000,2.63000,0.00000,0.00000,0.00000
-301299.19318,-493146.81470,117.30800,647772027.98699,11.09000,743662.00000,2.58000,0.00000,0.00000,0.00000
-301157.81334,-492817.43920,120.81000,647772028.03397,11.29000,660619.00000,3.56000,0.00000,0.00000,0.00000
-301000.15690,-492510.69108,122.39500,647772028.08096,11.65000,290479.00000,6.39000,0.00000,0.00000,0.00000
-300899.04240,-492125.35223,123.07000,647772028.12794,11.75000,298443.00000,7.70000,0.00000,0.00000,0.00000
-300804.35290,-491731.07996,123.59700,647772028.17493,11.67000,409885.00000,4.47000,0.00000,0.00000,0.00000
-300390.15823,-491781.01547,125.22700,647772028.22191,11.51000,979657.00000,3.41000,0.00000,0.00000,0.00000
-302119.08800,-488851.36358,147.12700,647772028.26889,11.42000,1045470.00000,3.42000,0.00000,0.00000,0.00000
-301980.30444,-488518.44165,147.14200,647772028.31588,11.33000,275259.00000,4.42000,0.00000,0.00000,0.00000
-301997.40827,-487968.78258,149.11400,647772028.36286,11.38000,122276.00000,6.77000,0.00000,0.00000,0.00000
-301754.13744,-487781.16729,149.92800,647772028.40985,11.38000,201236.00000,8.28000,0.00000,0.00000,0.00000
-301238.89753,-487971.61398,148.43000,647772028.45683,11.51000,247061.00000,8.18000,0.00000,0.00000,0.00000
-300775.91146,-488089.42429,147.21700,647772028.50381,11.38000,145555.00000,8.52000,0.00000,0.00000,0.00000
-300351.89844,-488153.04882,146.45300,647772028.55080,11.31000,220252.00000,9.24000,0.00000,0.00000,0.00000
-300055.08721,-488039.83221,146.34500,647772028.59778,11.22000,199480.00000,7.99000,0.00000,0.00000,0.00000
-299795.53533,-487874.80611,146.33100,647772028.64477,11.26000,221457.00000,6.77000,0.00000,0.00000,0.00000
-299730.86891,-487438.88227,147.68700,647772028.69175,11.46000,145472.00000,7.27000,0.00000,0.00000,0.00000
-299714.16916,-486936.26732,149.79000,647772028.73873,11.52000,133047.00000,8.71000,0.00000,0.00000,0.00000
-299599.82449,-486569.41631,152.10900,647772028.78572,11.21000,990712.00000,4.81000,0.00000,0.00000,0.00000
-299246.48338,-486534.78179,152.33800,647772028.83270,11.14000,1578569.00000,4.86000,0.00000,0.00000,0.00000
-298963.82378,-486401.92078,152.96400,647772028.87969,10.92000,404226.00000,5.27000,0.00000,0.00000,0.00000
-298653.73988,-486307.14204,154.11600,647772028.92667,10.75000,406549.00000,3.98000,0.00000,0.00000,0.00000
-298266.56943,-486319.53827,153.82200,647772028.97365,10.55000,688910.00000,4.46000,0.00000,0.00000,0.00000
-297934.21943,-486255.71740,153.90200,647772029.02064,10.50000,91387.00000,6.02000,0.00000,0.00000,0.00000
-297607.86628,-486183.55336,153.59500,647772029.06762,10.56000,130727.00000,7.21000,0.00000,0.00000,0.00000
-297362.47662,-485998.87718,153.42400,647772029.11461,10.77000,142190.00000,6.57000,0.00000,0.00000,0.00000
-297068.25637,-485882.06340,152.24300,647772029.16159,11.04000,196562.00000,6.73000,0.00000,0.00000,0.00000
-296903.81576,-485584.83936,152.13400,647772029.20857,11.27000,322440.00000,8.09000,0.00000,0.00000,0.00000
-296921.43743,-485034.62141,153.75800,647772029.25556,11.44000,179100.00000,8.16000,0.00000,0.00000,0.00000
-296657.63200,-484875.52705,153.29100,647772029.30254,10.94000,1629701.00000,5.04000,0.00000,0.00000,0.00000
-296112.83384,-485106.97635,150.57300,647772029.34953,10.58000,2058342.00000,3.12000,0.00000,0.00000,0.00000
-295260.88021,-485765.28475,155.91600,647772029.39651,10.46000,4634805.00000,2.74000,0.00000,0.00000,0.00000
-294870.70367,-485781.80149,156.27000,647772029.44349,10.30000,740592.00000,3.99000,0.00000,0.00000,0.00000
-294624.45903,-485598.28526,156.34400,647772029.49048,10.27000,511862.00000,3.74000,0.00000,0.00000,0.00000
-294419.34265,-485357.62092,156.47300,647772029.53746,10.14000,776376.00000,3.14000,0.00000,0.00000,0.00000
-293325.32343,-486352.21805,138.99300,647772029.58445,10.26000,1474171.00000,3.09000,0.00000,0.00000,0.00000
-294180.06632,-484638.74329,140.86100,647772029.63143,10.68000,2584231.00000,3.93000,0.00000,0.00000,0.00000
-291603.73060,-487693.11396,142.73600,647772029.67841,11.08000,1458531.00000,5.28000,0.00000,0.00000,0.00000
-291739.62843,-486978.56542,140.39100,647772029.72540,11.44000,1101163.00000,7.30000,0.00000,0.00000,0.00000
-291511.37447,-486770.02687,139.39300,647772029.77238,11.80000,269751.00000,8.87000,0.00000,0.00000,0.00000
-290858.98399,-487150.83542,140.49300,647772029.81937,11.79000,672050.00000,7.48000,0.00000,0.00000,0.00000
-290623.87209,-486951.80251,140.34800,647772029.86635,11.39000,901998.00000,7.87000,0.00000,0.00000,0.00000
-290788.06589,-486197.97373,136.43200,647772029.91333,11.01000,274729.00000,6.90000,0.00000,0.00000,0.00000
-291045.24592,-485314.97867,132.85900,647772029.96032,10.45000,477040.00000,5.94000,0.00000,0.00000,0.00000
-303211.91120,-480756.84350,167.81100,647825772.71474,11.80000,620059.00000,6.45000,0.00000,0.00000,1.00000
-303194.18189,-481070.88119,167.16000,647825772.76178,11.92000,1090695.00000,6.18000,0.00000,0.00000,1.00000
-303194.57052,-481382.03394,167.17900,647825772.80882,11.67000,622358.00000,5.88000,0.00000,0.00000,1.00000
-303068.08768,-481713.34793,167.82900,647825772.85585,11.78000,1449004.00000,4.61000,0.00000,0.00000,1.00000
-303032.95454,-482030.15507,167.52900,647825772.90289,11.82000,1727324.00000,6.31000,0.00000,0.00000,1.00000
-303031.88604,-482341.53983,166.92200,647825772.94993,11.51000,1731921.00000,5.45000,0.00000,0.00000,1.00000
-302879.29541,-482676.99394,166.41200,647825772.99696,11.67000,6161928.00000,4.02000,0.00000,0.00000,1.00000
-302753.53272,-483008.19626,165.57100,647825773.04400,11.70000,3662908.00000,4.29000,0.00000,0.00000,1.00000
-305699.51551,-482851.39323,158.74000,647825773.09104,11.62000,1221883.00000,4.44000,0.00000,0.00000,1.00000
-305713.66686,-483160.37859,158.63600,647825773.13807,11.97000,574872.00000,5.10000,0.00000,0.00000,1.00000
-305375.47979,-483525.35055,157.35600,647825773.18511,12.14000,278570.00000,6.20000,0.00000,0.00000,1.00000
-304235.43697,-484017.67115,155.59500,647825773.23215,12.23000,477555.00000,4.52000,0.00000,0.00000,1.00000
-305420.44821,-484140.67620,157.17500,647825773.27919,12.38000,1996819.00000,5.12000,0.00000,0.00000,1.00000
-305285.24168,-484473.38654,156.52500,647825773.32622,12.16000,2490690.00000,4.53000,0.00000,0.00000,1.00000
-305119.58468,-484810.93621,156.54900,647825773.37326,11.94000,5951831.00000,3.92000,0.00000,0.00000,1.00000
-303037.74804,-485452.77789,158.36700,647825773.42030,12.02000,2726112.00000,4.39000,0.00000,0.00000,1.00000
-303578.94618,-485678.04838,157.82500,647825773.46733,11.95000,2218010.00000,4.36000,0.00000,0.00000,1.00000
-305134.44107,-485742.27624,155.92800,647825773.51437,11.87000,2630092.00000,4.28000,0.00000,0.00000,1.00000
-305300.82507,-486027.08932,155.80900,647825773.56141,11.87000,2272613.00000,4.33000,0.00000,0.00000,1.00000
-304969.12635,-486390.99410,154.05000,647825773.60845,11.74000,2944022.00000,4.35000,0.00000,0.00000,1.00000
-304719.34396,-486741.87456,152.58400,647825773.65548,11.91000,2210712.00000,4.77000,0.00000,0.00000,1.00000
-304247.70769,-487127.98670,151.24500,647825773.70252,11.84000,2277317.00000,5.08000,0.00000,0.00000,1.00000
-303934.84031,-487488.87573,149.03900,647825773.74956,11.76000,1677673.00000,4.98000,0.00000,0.00000,1.00000
-304905.25534,-487646.04474,151.03500,647825773.79659,11.86000,672843.00000,5.11000,0.00000,0.00000,1.00000
-304850.49175,-487965.96645,150.63200,647825773.84363,11.82000,527937.00000,5.08000,0.00000,0.00000,1.00000
-304739.90544,-488294.76125,150.37500,647825773.89067,11.75000,726521.00000,5.30000,0.00000,0.00000,1.00000
-305139.72225,-488542.52034,152.22100,647825773.93770,11.64000,305592.00000,7.23000,0.00000,0.00000,1.00000
-305155.27770,-488851.28781,153.37100,647825773.98474,11.48000,260895.00000,5.19000,0.00000,0.00000,1.00000
-305012.05669,-489185.26781,154.12500,647825774.03178,11.45000,668032.00000,4.26000,0.00000,0.00000,1.00000
-305479.29931,-489422.34203,156.19800,647825774.07882,11.31000,481973.00000,3.31000,0.00000,0.00000,1.00000
-304628.44357,-489868.61690,152.46400,647825774.12585,11.24000,1916123.00000,4.47000,0.00000,0.00000,1.00000
-304954.30566,-490128.13318,150.59900,647825774.17289,11.19000,2733089.00000,4.16000,0.00000,0.00000,1.00000
-305026.40802,-490427.93374,150.42400,647825774.21993,11.17000,3394687.00000,4.11000,0.00000,0.00000,1.00000
-305760.46635,-490622.69337,154.19800,647825774.26697,11.26000,2386808.00000,4.05000,0.00000,0.00000,1.00000
-305802.83672,-490927.20900,152.99100,647825774.31401,11.35000,392565.00000,5.04000,0.00000,0.00000,1.00000
-305865.51445,-491228.51484,151.56400,647825774.36104,11.47000,933743.00000,5.77000,0.00000,0.00000,1.00000
-305885.40524,-491536.60090,149.94700,647825774.40808,11.72000,254148.00000,8.81000,0.00000,0.00000,1.00000
-306104.68210,-491813.05859,150.76700,647825774.45512,11.70000,394059.00000,8.47000,0.00000,0.00000,1.00000
-306044.08299,-492133.91571,151.08700,647825774.50216,11.55000,564804.00000,5.92000,0.00000,0.00000,1.00000
-305905.17325,-492467.19143,151.18300,647825774.54920,11.55000,318030.00000,5.50000,0.00000,0.00000,1.00000
-305796.71999,-492795.64269,150.66500,647825774.59623,11.59000,1144340.00000,5.63000,0.00000,0.00000,1.00000
-305761.48709,-493112.46595,150.61100,647825774.64327,11.59000,2044984.00000,4.86000,0.00000,0.00000,1.00000
-305774.84005,-493421.59714,149.95600,647825774.69031,11.54000,1115166.00000,6.07000,0.00000,0.00000,1.00000
-305836.76800,-493723.02092,149.75600,647825774.73735,11.58000,850552.00000,4.22000,0.00000,0.00000,1.00000
-305856.63867,-494031.11261,148.54300,647825774.78439,11.80000,186991.00000,4.23000,0.00000,0.00000,1.00000
-306127.38087,-494299.41876,148.45100,647825774.83142,11.79000,163981.00000,6.11000,0.00000,0.00000,1.00000
-307003.56374,-494471.72378,150.68900,647825774.87846,11.65000,528608.00000,6.92000,0.00000,0.00000,1.00000
-307064.75849,-494773.26339,149.53100,647825774.92550,11.55000,3821340.00000,3.50000,0.00000,0.00000,1.00000
-306842.45524,-495119.77306,146.44400,647825774.97254,11.45000,554748.00000,3.61000,0.00000,0.00000,1.00000
-305650.69431,-495619.97062,139.92300,647825775.01958,11.25000,1495800.00000,3.11000,0.00000,0.00000,1.00000
-305408.06196,-495969.67093,137.26600,647825775.06661,11.13000,991676.00000,3.33000,0.00000,0.00000,1.00000
-305783.93922,-496221.32765,136.73300,647825775.11365,11.07000,413803.00000,3.09000,0.00000,0.00000,1.00000
-305442.68488,-496586.65880,133.40300,647825775.16069,11.11000,1144968.00000,3.92000,0.00000,0.00000,1.00000
-305875.11882,-496829.35086,131.67000,647825775.20773,11.33000,784062.00000,3.39000,0.00000,0.00000,1.00000
-305736.16745,-497162.61950,128.15300,647825775.25477,11.36000,2917367.00000,3.69000,0.00000,0.00000,1.00000
-291661.44679,-499703.84937,265.02600,647825775.30180,11.50000,2227633.00000,3.67000,0.00000,0.00000,1.00000
-306182.65158,-497714.33779,121.20800,647825775.34884,12.02000,278201.00000,7.18000,0.00000,0.00000,1.00000
-310001.43897,-497420.35050,139.29200,647825775.39588,11.70000,387202.00000,4.70000,0.00000,0.00000,1.00000
-307863.20487,-498070.50378,151.72400,647825775.44292,11.28000,566262.00000,2.98000,0.00000,0.00000,1.00000
-309237.66566,-498163.93976,136.95800,647825775.48996,11.07000,2723550.00000,2.74000,0.00000,0.00000,1.00000
-307329.34752,-498777.62041,139.76600,647825775.53699,10.95000,5304568.00000,2.40000,0.00000,0.00000,1.00000
-307096.10864,-499125.81757,136.48200,647825775.58403,10.93000,2173612.00000,3.40000,0.00000,0.00000,1.00000
-307154.37624,-499427.84257,134.70800,647825775.63107,10.93000,915619.00000,5.60000,0.00000,0.00000,1.00000
-307386.66627,-499702.28549,134.19800,647825775.67811,11.33000,444131.00000,6.31000,0.00000,0.00000,1.00000
-307429.70102,-500006.72576,132.90700,647825775.72515,11.85000,164086.00000,7.72000,0.00000,0.00000,1.00000
-307187.02248,-500356.42285,131.22500,647825775.77218,12.09000,324985.00000,7.95000,0.00000,0.00000,1.00000
-307806.53981,-500569.53846,132.18300,647825775.81922,12.18000,657221.00000,9.31000,0.00000,0.00000,1.00000
-307414.47293,-500942.89812,130.35800,647825775.86626,12.29000,552546.00000,7.87000,0.00000,0.00000,1.00000
-307006.45068,-501318.79222,129.85600,647825775.91330,12.19000,669769.00000,8.61000,0.00000,0.00000,1.00000
-306176.37985,-501761.51211,128.34800,647825775.96034,11.88000,645120.00000,8.17000,0.00000,0.00000,1.00000
-306330.34430,-502048.37990,122.68800,647825776.00738,11.56000,3438933.00000,4.93000,0.00000,0.00000,1.00000
-306622.08587,-502313.42881,121.98700,647825776.05442,11.67000,572206.00000,6.41000,0.00000,0.00000,1.00000
-308514.99781,-502324.91014,125.77300,647825776.10145,11.81000,397647.00000,7.57000,0.00000,0.00000,1.00000
-307502.88719,-502796.45592,122.34600,647825776.14849,11.95000,375029.00000,5.88000,0.00000,0.00000,1.00000
-309522.71329,-502787.86819,129.44500,647825776.19553,11.67000,615588.00000,6.28000,0.00000,0.00000,1.00000
-308399.96234,-507012.20136,107.84100,647825776.80705,12.25000,295928.00000,6.50000,0.00000,0.00000,1.00000
-307500.33204,-507777.09075,102.82600,647825776.90113,12.21000,617754.00000,7.10000,0.00000,0.00000,1.00000
-305947.79149,-508333.97871,105.28800,647825776.94817,11.94000,640009.00000,5.81000,0.00000,0.00000,1.00000
-304580.19456,-508861.58368,110.20300,647825776.99521,11.65000,2530004.00000,4.79000,0.00000,0.00000,1.00000
-305216.37761,-509072.19766,106.56400,647825777.04225,11.68000,2131043.00000,7.20000,0.00000,0.00000,1.00000
-304557.30585,-509487.68687,109.25600,647825777.08930,11.90000,2840985.00000,7.40000,0.00000,0.00000,1.00000
-307092.51597,-509937.44216,98.54000,647944679.09118,12.60000,227517.00000,5.34000,0.00000,0.00000,0.00000
-306696.43573,-509439.70662,103.39600,647944679.18522,11.97000,864683.00000,2.88000,0.00000,0.00000,0.00000
-306803.03401,-508780.30345,103.11000,647944679.23224,12.24000,888033.00000,4.48000,0.00000,0.00000,0.00000
-306643.70511,-508479.28722,102.52000,647944679.27925,12.49000,226143.00000,6.76000,0.00000,0.00000,0.00000
-306490.05912,-508170.59667,101.80200,647944679.32627,12.34000,725483.00000,5.45000,0.00000,0.00000,0.00000
-306608.47975,-507495.29147,101.42200,647944679.37329,12.01000,1009697.00000,4.28000,0.00000,0.00000,0.00000
-306204.67024,-507523.77319,102.10900,647944679.42030,11.85000,557889.00000,3.73000,0.00000,0.00000,0.00000
-306069.40674,-507190.32792,102.13100,647944679.46732,11.66000,694805.00000,5.73000,0.00000,0.00000,0.00000
-305529.56915,-507402.10395,105.29000,647944679.51434,10.98000,738982.00000,5.93000,0.00000,0.00000,0.00000
-306395.50834,-505719.50438,106.28300,647944679.56135,9.74000,1973172.00000,3.96000,0.00000,0.00000,0.00000
-304871.52805,-507257.43876,106.93700,647944679.60837,9.34000,3474303.00000,3.57000,0.00000,0.00000,0.00000
-304611.62407,-507091.97182,109.83200,647944679.65539,9.50000,3358592.00000,4.58000,0.00000,0.00000,0.00000
-304950.95027,-506119.02932,106.90300,647944679.70241,9.71000,298352.00000,5.72000,0.00000,0.00000,0.00000
-304970.54862,-505576.94648,107.57500,647944679.74942,9.97000,1454506.00000,4.13000,0.00000,0.00000,0.00000
-304569.80275,-505601.27270,107.92400,647944679.79644,10.58000,261192.00000,6.78000,0.00000,0.00000,0.00000
-304166.86517,-505628.53528,107.69200,647944679.84346,10.99000,1050012.00000,5.17000,0.00000,0.00000,0.00000
-303650.64765,-505808.45310,109.66300,647944679.89048,11.51000,390111.00000,4.83000,0.00000,0.00000,0.00000
-303271.76780,-505803.28951,110.00500,647944679.93749,12.15000,1416280.00000,5.07000,0.00000,0.00000,0.00000
-303269.08598,-505291.26912,111.89600,647944679.98451,12.34000,519047.00000,6.58000,0.00000,0.00000,0.00000
-303029.31751,-505098.68524,113.36800,647944680.03153,12.51000,1138208.00000,6.92000,0.00000,0.00000,0.00000
-302493.84990,-505304.51223,115.14500,647944680.07855,12.40000,2036177.00000,5.92000,0.00000,0.00000,0.00000
-304627.09849,-501914.70868,126.59400,647944680.12556,12.00000,2456798.00000,4.46000,0.00000,0.00000,0.00000
-304060.59197,-502162.36964,126.78700,647944680.17258,11.73000,1235308.00000,4.61000,0.00000,0.00000,0.00000
-303628.82746,-502228.53336,126.25300,647944680.21960,11.82000,187919.00000,8.28000,0.00000,0.00000,0.00000
-303306.84043,-502146.74624,125.58300,647944680.26662,11.63000,277921.00000,6.35000,0.00000,0.00000,0.00000
-303029.03926,-502005.44667,123.88600,647944680.31363,11.84000,694602.00000,5.12000,0.00000,0.00000,0.00000
-302550.44702,-502134.62861,122.27100,647944680.36065,12.11000,557844.00000,4.23000,0.00000,0.00000,0.00000
-302147.53255,-502161.86139,120.16700,647944680.40767,12.33000,1794708.00000,3.25000,0.00000,0.00000,0.00000
-299584.81827,-505098.63312,105.86600,647944680.45469,12.49000,672643.00000,2.95000,0.00000,0.00000,0.00000
-299439.98321,-504778.15029,103.30800,647944680.50171,12.67000,619513.00000,3.68000,0.00000,0.00000,0.00000
-301834.25625,-501037.21252,112.93000,647944680.54872,12.82000,531704.00000,4.29000,0.00000,0.00000,0.00000
-301964.60865,-500346.07309,113.35800,647944680.59574,12.96000,214755.00000,5.21000,0.00000,0.00000,0.00000
-302350.44176,-499310.78886,116.51400,647944680.64276,12.98000,187759.00000,6.35000,0.00000,0.00000,0.00000
-302616.84301,-498436.38933,121.21500,647944680.68978,12.90000,71537.00000,5.58000,0.00000,0.00000,0.00000
-298957.81513,-502849.79846,98.79300,647944680.73679,12.89000,526156.00000,5.00000,0.00000,0.00000,0.00000
-298792.00760,-502557.59181,98.88900,647944680.78381,12.82000,426165.00000,5.64000,0.00000,0.00000,0.00000
-298407.44613,-502560.03487,99.23900,647944680.83083,12.75000,320383.00000,6.02000,0.00000,0.00000,0.00000
-298012.82140,-502576.03689,98.87100,647944680.87785,12.87000,287979.00000,6.33000,0.00000,0.00000,0.00000
-297651.88443,-502546.65322,98.60800,647944680.92487,12.52000,848876.00000,3.62000,0.00000,0.00000,0.00000
-300781.75827,-497815.38150,119.69900,647944680.97189,12.44000,1150652.00000,3.14000,0.00000,0.00000,0.00000
-300461.99948,-497730.62315,116.01000,647944681.01890,12.51000,4812453.00000,2.86000,0.00000,0.00000,0.00000
-299991.74193,-497848.56891,111.30200,647944681.06592,12.82000,6244124.00000,3.66000,0.00000,0.00000,0.00000
-299521.04286,-497967.11115,108.57000,647944681.11294,13.12000,2507643.00000,4.19000,0.00000,0.00000,0.00000
-299104.14272,-498013.16282,108.20300,647944681.15996,12.91000,545240.00000,4.53000,0.00000,0.00000,0.00000
-298807.99578,-497896.58629,110.65900,647944681.20698,12.50000,1425837.00000,4.53000,0.00000,0.00000,0.00000
-298464.59782,-497843.64784,113.70800,647944681.25399,12.39000,1136009.00000,4.00000,0.00000,0.00000,0.00000
-298135.19896,-497771.83868,115.26200,647944681.30101,12.40000,345715.00000,5.91000,0.00000,0.00000,0.00000
-297831.17540,-497665.84350,115.29500,647944681.34803,12.27000,118026.00000,6.77000,0.00000,0.00000,0.00000
-297565.22220,-497508.59082,115.61000,647944681.39505,12.29000,152851.00000,6.44000,0.00000,0.00000,0.00000
-297399.90136,-497215.81923,116.64700,647944681.44207,12.44000,283600.00000,7.80000,0.00000,0.00000,0.00000
-297174.63393,-497003.75768,118.36200,647944681.48908,12.34000,275876.00000,5.61000,0.00000,0.00000,0.00000
-296835.18474,-496945.49668,119.73800,647944681.53610,12.12000,296480.00000,5.42000,0.00000,0.00000,0.00000
-296321.59325,-497121.73158,120.77900,647944681.58312,12.06000,291002.00000,5.67000,0.00000,0.00000,0.00000
-295732.73993,-497399.30016,122.03800,647944681.63014,12.05000,381444.00000,5.92000,0.00000,0.00000,0.00000
-295242.33172,-497544.28950,124.53300,647944681.67716,11.83000,181289.00000,4.96000,0.00000,0.00000,0.00000
-294909.87830,-497476.57279,127.81600,647944681.72417,11.55000,375401.00000,4.45000,0.00000,0.00000,0.00000
-294561.23408,-497430.64222,132.78400,647944681.77119,11.32000,320100.00000,4.04000,0.00000,0.00000,0.00000
-294308.42244,-497255.69450,136.53800,647944681.81821,10.86000,484939.00000,3.62000,0.00000,0.00000,0.00000
-294143.11508,-496962.89783,138.55600,647944681.86523,10.77000,314316.00000,4.46000,0.00000,0.00000,0.00000
-293964.68206,-496687.77708,138.85700,647944681.91225,10.72000,250919.00000,4.47000,0.00000,0.00000,0.00000
-293818.20145,-496369.65601,138.90200,647944681.95926,10.90000,259672.00000,6.00000,0.00000,0.00000,0.00000
-293603.46065,-496143.44184,137.78100,647944682.00628,11.19000,419276.00000,4.69000,0.00000,0.00000,0.00000
-293500.29999,-495766.98971,136.25800,647944682.05330,11.27000,298999.00000,5.35000,0.00000,0.00000,0.00000
-293444.40218,-495326.91265,135.19400,647944682.10032,11.42000,276663.00000,5.56000,0.00000,0.00000,0.00000
-293331.62300,-494963.42043,134.05400,647944682.14734,11.54000,169562.00000,7.21000,0.00000,0.00000,0.00000
-293696.67806,-493956.58665,135.49000,647944682.19435,11.49000,278187.00000,5.04000,0.00000,0.00000,0.00000
-293323.56519,-493943.64579,131.99500,647944682.24137,11.77000,1522848.00000,4.59000,0.00000,0.00000,0.00000
-292717.65009,-494244.12165,128.92400,647944682.28839,11.99000,1793838.00000,5.52000,0.00000,0.00000,0.00000
-292525.68227,-493987.26528,129.19300,647944682.33541,12.32000,371878.00000,5.73000,0.00000,0.00000,0.00000
-291641.00319,-494663.00180,127.35200,647944682.38242,13.02000,505834.00000,9.20000,0.00000,0.00000,0.00000
-290909.03144,-495133.12225,128.08100,647944682.42944,12.99000,178976.00000,8.52000,0.00000,0.00000,0.00000
-290305.27890,-495430.62076,130.60300,647944682.47646,12.70000,286367.00000,7.39000,0.00000,0.00000,0.00000
-290363.62647,-494836.77443,130.52300,647944682.52348,12.18000,231750.00000,7.28000,0.00000,0.00000,0.00000
-290870.97323,-493638.50540,131.02300,647944682.57050,11.91000,160091.00000,9.01000,0.00000,0.00000,0.00000
-290435.70086,-493709.17901,135.83900,647944682.61751,11.35000,197466.00000,4.35000,0.00000,0.00000,0.00000
-290447.23803,-493178.38599,138.30700,647944682.66453,10.86000,356721.00000,6.65000,0.00000,0.00000,0.00000
-290225.09424,-492962.17228,140.24700,647944682.71155,10.36000,1439655.00000,2.60000,0.00000,0.00000,0.00000
-289728.99952,-493114.71890,147.29800,647944682.75857,10.07000,1578954.00000,2.44000,0.00000,0.00000,0.00000
-289481.03715,-492933.25631,148.28600,647944682.80559,9.95000,432975.00000,2.82000,0.00000,0.00000,0.00000
-289261.52300,-492713.50175,147.81100,647944682.85260,9.80000,304137.00000,3.65000,0.00000,0.00000,0.00000
-289062.14530,-492466.65456,146.89200,647944682.89962,9.72000,387356.00000,3.91000,0.00000,0.00000,0.00000
-288937.60081,-492119.06810,145.50500,647944682.94664,9.67000,460466.00000,3.65000,0.00000,0.00000,0.00000
-288793.36471,-491797.98591,143.98000,647944682.99366,9.81000,401324.00000,3.71000,0.00000,0.00000,0.00000
-288924.84236,-491105.79162,142.84400,647944683.04068,10.05000,291015.00000,4.63000,0.00000,0.00000,0.00000
-288800.32102,-490758.21638,140.58300,647944683.08770,10.06000,508229.00000,4.73000,0.00000,0.00000,0.00000
-288391.32478,-490793.51236,137.40200,647944683.13471,10.29000,423087.00000,4.36000,0.00000,0.00000,0.00000
-287441.38366,-491556.88012,133.35700,647944683.18173,10.58000,414426.00000,5.80000,0.00000,0.00000,0.00000
-287026.69069,-491599.83567,131.65400,647944683.22875,10.88000,310355.00000,7.16000,0.00000,0.00000,0.00000
-287040.03186,-491066.68921,130.35200,647944683.27577,11.18000,2001303.00000,5.46000,0.00000,0.00000,0.00000
-287629.78799,-489757.78711,134.58600,647944683.32279,11.40000,608888.00000,6.72000,0.00000,0.00000,0.00000
-296440.09405,-481049.91476,163.33700,647998425.94544,9.72000,944100.00000,4.37000,0.00000,0.00000,1.00000
-296323.83214,-481377.24006,161.22600,647998425.99250,10.01000,358364.00000,4.27000,0.00000,0.00000,1.00000
-296396.56519,-481677.46210,158.54100,647998426.03956,10.36000,168596.00000,7.59000,0.00000,0.00000,1.00000
-296736.06689,-481939.43359,158.87200,647998426.08663,10.56000,179692.00000,9.31000,0.00000,0.00000,1.00000
-297242.02248,-482177.54028,161.01100,647998426.13369,10.49000,230885.00000,7.07000,0.00000,0.00000,1.00000
-297564.07278,-482442.02517,162.40100,647998426.18075,10.66000,408745.00000,6.17000,0.00000,0.00000,1.00000
-297798.16314,-482719.11947,163.51000,647998426.22782,10.77000,914823.00000,5.15000,0.00000,0.00000,1.00000
-296938.26152,-483153.06030,156.06000,647998426.27488,10.88000,2312371.00000,5.26000,0.00000,0.00000,1.00000
-297671.00076,-483358.67442,162.68200,647998426.32194,10.83000,1219548.00000,4.89000,0.00000,0.00000,1.00000
-297165.81793,-483741.75410,159.48200,647998426.36900,10.62000,210392.00000,5.99000,0.00000,0.00000,1.00000
-296459.26616,-484153.68822,157.77300,647998426.41607,10.56000,92200.00000,6.97000,0.00000,0.00000,1.00000
-295690.91590,-484574.45889,156.70900,647998426.46313,10.52000,266536.00000,7.06000,0.00000,0.00000,1.00000
-295312.19446,-484939.37861,156.80400,647998426.51019,10.47000,1523778.00000,5.50000,0.00000,0.00000,1.00000
-296563.97916,-485070.63220,153.14500,647998426.55726,10.60000,1236120.00000,5.58000,0.00000,0.00000,1.00000
-296819.86814,-485344.61795,152.88000,647998426.60432,10.86000,861933.00000,7.93000,0.00000,0.00000,1.00000
-296376.43584,-485718.81012,151.46700,647998426.65138,11.04000,312253.00000,8.14000,0.00000,0.00000,1.00000
-296537.81922,-486006.34147,151.21000,647998426.69844,11.28000,239210.00000,7.46000,0.00000,0.00000,1.00000
-296437.49998,-486331.36932,150.28700,647998426.74551,11.23000,227623.00000,7.06000,0.00000,0.00000,1.00000
-296346.62508,-486655.03819,149.66600,647998426.79257,11.05000,570976.00000,6.55000,0.00000,0.00000,1.00000
-296613.40784,-486927.46993,149.43400,647998426.83963,11.36000,316772.00000,6.08000,0.00000,0.00000,1.00000
-296641.74851,-487234.06334,148.96000,647998426.88670,11.45000,357881.00000,5.98000,0.00000,0.00000,1.00000
-296280.44281,-487596.47645,147.72100,647998426.93376,11.47000,509172.00000,5.07000,0.00000,0.00000,1.00000
-295972.19364,-487951.27592,146.86800,647998426.98082,11.37000,226644.00000,5.08000,0.00000,0.00000,1.00000
-295752.62734,-488293.36388,146.18100,647998427.02789,11.25000,620550.00000,4.93000,0.00000,0.00000,1.00000
-295418.19755,-488651.89941,145.59600,647998427.07495,11.24000,5444567.00000,3.24000,0.00000,0.00000,1.00000
-296524.63071,-488804.10313,138.24100,647998427.12201,11.30000,3910669.00000,4.41000,0.00000,0.00000,1.00000
-296628.56598,-489099.87690,137.51400,647998427.16908,11.53000,5120489.00000,4.06000,0.00000,0.00000,1.00000
-296402.44507,-489442.90703,136.51600,647998427.21614,11.84000,2124800.00000,5.84000,0.00000,0.00000,1.00000
-295966.94381,-489815.90455,135.81100,647998427.26320,11.91000,2355628.00000,7.49000,0.00000,0.00000,1.00000
-295202.12378,-490236.06272,136.46800,647998427.31026,12.17000,304247.00000,8.02000,0.00000,0.00000,1.00000
-295519.04847,-490501.33475,135.41700,647998427.35733,12.28000,93752.00000,7.54000,0.00000,0.00000,1.00000
-295780.72031,-490774.51374,135.32600,647998427.40439,12.28000,250916.00000,7.41000,0.00000,0.00000,1.00000
-295992.95606,-491054.77640,135.29100,647998427.45145,12.20000,442467.00000,6.97000,0.00000,0.00000,1.00000
-295779.90485,-491395.93346,134.30600,647998427.49852,12.05000,908860.00000,6.02000,0.00000,0.00000,1.00000
-295760.95019,-491709.29180,133.57200,647998427.54558,11.99000,1432690.00000,4.65000,0.00000,0.00000,1.00000
-295882.31173,-492002.58115,133.03000,647998427.59265,11.99000,1514020.00000,5.85000,0.00000,0.00000,1.00000
-295305.01601,-492395.85073,134.13800,647998427.63971,11.79000,1285094.00000,4.10000,0.00000,0.00000,1.00000
-295218.44304,-492718.88430,134.02100,647998427.68677,11.77000,1766752.00000,4.01000,0.00000,0.00000,1.00000
-294676.76786,-493107.04512,136.30800,647998427.73384,11.60000,1489347.00000,4.21000,0.00000,0.00000,1.00000
-294984.95223,-493373.58924,135.91900,647998427.78090,11.66000,270237.00000,3.96000,0.00000,0.00000,1.00000
-295141.92034,-493661.77582,135.84700,647998427.82797,11.70000,233293.00000,4.39000,0.00000,0.00000,1.00000
-295189.10678,-493965.66864,136.11700,647998427.87503,11.87000,1090719.00000,3.69000,0.00000,0.00000,1.00000
-295229.02271,-494270.60602,136.31700,647998427.92209,12.10000,589513.00000,3.26000,0.00000,0.00000,1.00000
-297579.43031,-494245.00565,121.49500,647998427.96916,12.03000,766696.00000,3.26000,0.00000,0.00000,1.00000
-297413.59470,-494579.39552,121.55000,647998428.01622,12.10000,691888.00000,3.36000,0.00000,0.00000,1.00000
-297313.91597,-494904.31632,121.23000,647998428.06329,12.47000,749059.00000,4.66000,0.00000,0.00000,1.00000
-297139.35140,-495239.95261,121.26200,647998428.11035,12.40000,1585958.00000,4.66000,0.00000,0.00000,1.00000
-296811.38072,-495597.53765,121.59200,647998428.15742,12.42000,1354507.00000,5.71000,0.00000,0.00000,1.00000
-296211.48736,-495993.99558,122.56500,647998428.20448,12.51000,786769.00000,4.28000,0.00000,0.00000,1.00000
-296093.62013,-496321.50773,122.77100,647998428.25154,12.61000,1136058.00000,3.98000,0.00000,0.00000,1.00000
-295919.04073,-496657.12992,122.88600,647998428.29861,12.65000,1749325.00000,3.53000,0.00000,0.00000,1.00000
-295415.10244,-497039.83797,123.95500,647998428.34567,12.75000,1455262.00000,3.09000,0.00000,0.00000,1.00000
-296959.99237,-497129.58821,116.90000,647998428.39274,12.75000,5959953.00000,3.46000,0.00000,0.00000,1.00000
-296281.55436,-497537.26634,117.14100,647998428.43980,13.04000,3310421.00000,4.30000,0.00000,0.00000,1.00000
-295977.54109,-497891.38669,116.79400,647998428.48687,13.22000,3358862.00000,4.27000,0.00000,0.00000,1.00000
-295712.05926,-498239.99771,116.61800,647998428.53393,13.15000,2782050.00000,5.18000,0.00000,0.00000,1.00000
-295677.05563,-498555.66370,115.58100,647998428.58100,13.38000,2156738.00000,7.13000,0.00000,0.00000,1.00000
-295309.04860,-498918.92196,115.72300,647998428.62806,13.46000,2165490.00000,7.08000,0.00000,0.00000,1.00000
-295566.32314,-499192.81057,114.30500,647998428.67513,13.33000,998689.00000,7.42000,0.00000,0.00000,1.00000
-295932.65399,-499451.10764,112.22800,647998428.72219,13.62000,1276676.00000,5.25000,0.00000,0.00000,1.00000
-296104.85013,-499737.15198,109.17100,647998428.76926,13.72000,799263.00000,6.60000,0.00000,0.00000,1.00000
-296024.02776,-500059.36228,108.88300,647998428.81632,13.70000,1279382.00000,5.56000,0.00000,0.00000,1.00000
-296493.60801,-500302.92455,105.02900,647998428.86339,13.90000,953729.00000,5.57000,0.00000,0.00000,1.00000
-296501.47997,-500612.45649,103.20200,647998428.91045,14.08000,1477742.00000,6.45000,0.00000,0.00000,1.00000
-296253.41526,-500958.57347,102.37100,647998428.95752,14.42000,349415.00000,8.68000,0.00000,0.00000,1.00000
-296156.58657,-501283.08199,101.80600,647998429.00458,14.48000,171955.00000,10.76000,0.00000,0.00000,1.00000
-296530.91094,-501540.25435,100.02100,647998429.05165,14.97000,633071.00000,14.32000,0.00000,0.00000,1.00000
-296819.44293,-501809.70143,99.68800,647998429.09871,15.64000,267906.00000,12.11000,0.00000,0.00000,1.00000
-297049.80769,-502087.46779,99.25700,647998429.14578,15.68000,264730.00000,12.75000,0.00000,0.00000,1.00000
-297989.10845,-502263.95781,99.41700,647998429.19285,15.57000,643746.00000,13.28000,0.00000,0.00000,1.00000
-299699.15900,-502330.34835,103.26500,647998429.23991,15.39000,184171.00000,9.56000,0.00000,0.00000,1.00000
-300598.46812,-502512.56974,107.79400,647998429.28698,14.96000,1007225.00000,8.50000,0.00000,0.00000,1.00000
-299015.39558,-503049.41253,103.17000,647998429.33404,14.91000,1086733.00000,8.05000,0.00000,0.00000,1.00000
-301309.30408,-503032.43670,115.59000,647998429.38111,14.60000,941429.00000,5.47000,0.00000,0.00000,1.00000
-298684.99758,-503717.97949,107.51300,647998429.42817,14.18000,2516635.00000,5.36000,0.00000,0.00000,1.00000
-297013.19934,-504267.40945,108.24100,647998429.47524,14.18000,4001641.00000,5.22000,0.00000,0.00000,1.00000
-296816.72439,-504606.12969,109.57900,647998429.52231,13.88000,2025773.00000,4.87000,0.00000,0.00000,1.00000
-297195.40015,-504862.73224,105.81400,647998429.56937,13.85000,686007.00000,5.20000,0.00000,0.00000,1.00000
-299138.86821,-504895.90577,104.61700,647998429.61644,14.03000,897223.00000,7.58000,0.00000,0.00000,1.00000
-297230.71888,-505479.03746,106.37000,647998429.66350,13.95000,1635453.00000,5.42000,0.00000,0.00000,1.00000
-297554.13234,-505743.53297,109.65000,647998429.71057,13.61000,544672.00000,6.27000,0.00000,0.00000,1.00000
-298353.81665,-505940.04335,110.39900,647998429.75763,13.48000,1422945.00000,6.36000,0.00000,0.00000,1.00000
-298696.85792,-506201.73992,108.50600,647998429.80470,13.33000,2479000.00000,5.63000,0.00000,0.00000,1.00000
-299130.06560,-506450.57854,110.15400,647998429.85176,13.10000,1197889.00000,5.28000,0.00000,0.00000,1.00000
-299830.14235,-506661.33895,111.35800,647998429.89883,12.88000,2090417.00000,7.61000,0.00000,0.00000,1.00000
-299528.93795,-507015.02072,110.76400,647998429.94589,12.51000,2484043.00000,8.03000,0.00000,0.00000,1.00000
-299014.67944,-507399.11351,110.67900,647998429.99296,12.79000,815823.00000,9.19000,0.00000,0.00000,1.00000
-299797.64020,-507598.04576,111.89400,647998430.04002,12.54000,800190.00000,7.58000,0.00000,0.00000,1.00000
-300460.62405,-507814.11956,114.79500,647998430.08709,12.02000,542078.00000,6.98000,0.00000,0.00000,1.00000
-300554.25063,-508111.45216,115.38000,647998430.13415,11.88000,1490801.00000,5.33000,0.00000,0.00000,1.00000
-298340.62499,-508738.02677,104.34600,647998430.18122,11.76000,1621478.00000,4.63000,0.00000,0.00000,1.00000
-297445.30105,-509176.44396,103.27300,647998430.22828,11.60000,1256028.00000,4.62000,0.00000,0.00000,1.00000
-299582.22889,-509182.22805,114.50800,647998430.27535,11.45000,5350858.00000,4.62000,0.00000,0.00000,1.00000
-299260.64280,-509538.80222,113.59600,647998430.32241,11.18000,2293147.00000,4.75000,0.00000,0.00000,1.00000
-299590.58890,-509802.41574,110.29000,647998430.36948,11.25000,4478274.00000,4.36000,0.00000,0.00000,1.00000
-299626.02834,-510108.05405,112.42500,647998430.41654,11.48000,1098147.00000,6.27000,0.00000,0.00000,1.00000
-301032.16823,-510218.14276,115.61600,647998430.46361,11.65000,438644.00000,7.04000,0.00000,0.00000,1.00000
-301539.52684,-510456.46381,119.69500,647998430.51067,11.50000,490296.00000,5.13000,0.00000,0.00000,1.00000
-301525.52156,-510769.16902,119.04600,647998430.55774,11.36000,642167.00000,3.94000,0.00000,0.00000,1.00000
-300568.38029,-511216.39805,113.20800,647998430.60480,11.37000,1198861.00000,4.70000,0.00000,0.00000,1.00000
-300002.43953,-511607.80903,110.07200,647998430.65187,11.37000,1448556.00000,4.53000,0.00000,0.00000,1.00000
-299897.52403,-511933.46520,108.38500,647998430.69893,11.38000,408411.00000,3.93000,0.00000,0.00000,1.00000
-299799.14605,-512258.18403,107.10400,647998430.74600,11.34000,748313.00000,4.60000,0.00000,0.00000,1.00000
-299677.49073,-512586.21270,106.11200,647998430.79306,11.34000,1071095.00000,4.53000,0.00000,0.00000,1.00000
-299445.30227,-512930.00609,105.25700,647998430.84013,11.34000,893969.00000,5.44000,0.00000,0.00000,1.00000
-299576.70779,-513221.95836,104.93300,647998430.88719,11.45000,1042120.00000,4.03000,0.00000,0.00000,1.00000
-300830.87584,-513353.84512,118.24100,647998430.93426,11.64000,7000886.00000,3.44000,0.00000,0.00000,1.00000
-300724.49048,-513679.70156,116.35900,647998430.98132,11.75000,3623253.00000,4.65000,0.00000,0.00000,1.00000
-300804.98863,-513978.91671,114.45700,647998431.02839,11.98000,756000.00000,7.45000,0.00000,0.00000,1.00000
-301297.80843,-514219.36835,114.98500,647998431.07545,12.36000,312493.00000,6.10000,0.00000,0.00000,1.00000
-301221.23862,-514540.97921,111.14700,647998431.12251,12.64000,3598035.00000,6.54000,0.00000,0.00000,1.00000
-302618.09011,-513527.98716,116.70100,648117332.62868,10.97000,410540.00000,8.17000,0.00000,0.00000,0.00000
-302870.46497,-512692.75764,117.93300,648117332.67573,10.53000,251610.00000,6.15000,0.00000,0.00000,0.00000
-302592.87629,-512549.53980,119.76700,648117332.72277,10.45000,346860.00000,3.59000,0.00000,0.00000,0.00000
-302378.69035,-512323.54002,121.33300,648117332.76982,10.37000,458655.00000,3.25000,0.00000,0.00000,0.00000
-298640.44900,-515687.31585,111.43300,648117332.91096,9.92000,273988.00000,3.78000,0.00000,0.00000,0.00000
-301335.31063,-511663.17427,124.66900,648117332.95800,9.57000,643589.00000,2.97000,0.00000,0.00000,0.00000
-301206.41742,-511325.82478,121.81200,648117333.00505,9.36000,510468.00000,3.43000,0.00000,0.00000,0.00000
-301194.05930,-510836.31081,119.08300,648117333.05209,9.56000,1132835.00000,3.28000,0.00000,0.00000,0.00000
-300930.77532,-510674.42104,114.77100,648117333.09914,10.13000,1966489.00000,3.29000,0.00000,0.00000,0.00000
-300692.93649,-510479.29358,112.97300,648117333.14618,10.33000,2716411.00000,5.15000,0.00000,0.00000,0.00000
-300380.09154,-510382.11293,111.25700,648117333.19323,10.34000,2912951.00000,3.44000,0.00000,0.00000,0.00000
-300093.58776,-510250.53756,111.94000,648117333.24028,10.24000,1812167.00000,3.43000,0.00000,0.00000,0.00000
-299895.93601,-510002.94202,112.31100,648117333.28733,10.30000,1047064.00000,5.14000,0.00000,0.00000,0.00000
-299992.10239,-509371.77781,114.07400,648117333.33437,10.45000,335334.00000,4.55000,0.00000,0.00000,0.00000
-299647.10585,-509316.55587,114.31500,648117333.38142,10.47000,2749015.00000,3.22000,0.00000,0.00000,0.00000
-299163.68598,-509442.03947,114.08900,648117333.42847,10.84000,3456365.00000,3.19000,0.00000,0.00000,0.00000
-298678.92284,-509569.25875,109.83600,648117333.47551,11.13000,3576650.00000,3.74000,0.00000,0.00000,0.00000
-298346.87633,-509497.12211,109.43000,648117333.52256,11.36000,216118.00000,4.44000,0.00000,0.00000,0.00000
-298335.45499,-509006.44771,107.50600,648117333.56961,11.56000,159203.00000,5.58000,0.00000,0.00000,0.00000
-298628.13663,-508118.80358,107.97400,648117333.61665,11.86000,168021.00000,6.78000,0.00000,0.00000,0.00000
-298657.36727,-507575.09751,108.88200,648117333.66370,12.07000,504732.00000,5.28000,0.00000,0.00000,0.00000
-298114.11120,-507778.66591,107.02100,648117333.71075,12.19000,1282586.00000,5.27000,0.00000,0.00000,0.00000
-297587.38058,-507960.67927,105.80900,648117333.75779,12.30000,946525.00000,6.17000,0.00000,0.00000,0.00000
-297709.05157,-507296.30462,108.23600,648117333.80484,12.56000,268479.00000,5.35000,0.00000,0.00000,0.00000
-296816.56762,-507955.68043,106.67200,648117333.85189,12.85000,298623.00000,5.32000,0.00000,0.00000,0.00000
-295788.75364,-508791.66006,105.60200,648117333.89893,13.18000,467501.00000,7.50000,0.00000,0.00000,0.00000
-295454.48140,-508722.41792,105.71400,648117333.94598,13.30000,1668804.00000,8.50000,0.00000,0.00000,0.00000
-295648.96586,-507963.02767,105.96100,648117333.99303,13.51000,1164750.00000,8.27000,0.00000,0.00000,0.00000
-295564.34388,-507567.95457,107.22700,648117334.04008,13.78000,179487.00000,11.42000,0.00000,0.00000,0.00000
-295433.27311,-507233.49093,108.38500,648117334.08712,13.64000,1035416.00000,7.37000,0.00000,0.00000,0.00000
-295199.04688,-507033.68023,109.98900,648117334.13417,13.57000,800619.00000,6.91000,0.00000,0.00000,0.00000
-294984.47111,-506808.21477,110.65300,648117334.18122,13.40000,1183363.00000,5.84000,0.00000,0.00000,0.00000
-294738.62983,-506623.54290,111.10100,648117334.22826,13.42000,486465.00000,6.13000,0.00000,0.00000,0.00000
-294515.13197,-506409.74017,111.39900,648117334.27531,13.50000,562807.00000,6.77000,0.00000,0.00000,0.00000
-294175.06311,-506348.04922,111.33900,648117334.32236,13.27000,2583783.00000,4.90000,0.00000,0.00000,0.00000
-293619.28204,-506567.86895,110.61600,648117334.36940,13.11000,3001641.00000,4.77000,0.00000,0.00000,0.00000
-292854.47477,-507060.44404,111.14200,648117334.41645,13.18000,1350706.00000,5.55000,0.00000,0.00000,0.00000
-292049.01816,-507606.05005,113.53900,648117334.46350,12.93000,314712.00000,5.32000,0.00000,0.00000,0.00000
-291222.99659,-508178.43101,117.59500,648117334.51055,13.11000,520709.00000,6.55000,0.00000,0.00000,0.00000
-290891.84361,-508105.06824,115.24000,648117334.55759,12.92000,2470352.00000,5.25000,0.00000,0.00000,0.00000
-290273.95199,-508405.84380,119.45300,648117334.60464,13.11000,727661.00000,6.43000,0.00000,0.00000,0.00000
-290137.53515,-508078.35022,117.94500,648117334.65169,13.67000,191959.00000,8.42000,0.00000,0.00000,0.00000
-290516.11335,-507078.89129,112.10300,648117334.69873,13.61000,142067.00000,10.69000,0.00000,0.00000,0.00000
-291187.27146,-505697.70599,107.83200,648117334.74578,13.30000,136594.00000,9.16000,0.00000,0.00000,0.00000
-291225.96925,-505141.76504,107.59300,648117334.79283,12.92000,156966.00000,7.45000,0.00000,0.00000,0.00000
-291112.81173,-504783.98303,108.40900,648117334.83987,12.91000,232684.00000,6.53000,0.00000,0.00000,0.00000
-290990.28088,-504438.44705,108.49600,648117334.88692,12.80000,246690.00000,7.20000,0.00000,0.00000,0.00000
-290871.32105,-504088.24072,109.29500,648117334.93397,12.78000,200717.00000,6.37000,0.00000,0.00000,0.00000
-290633.55547,-503893.05831,110.74400,648117334.98102,12.58000,883991.00000,4.54000,0.00000,0.00000,0.00000
-290375.24862,-503724.68839,111.64200,648117335.02806,12.60000,812049.00000,6.65000,0.00000,0.00000,0.00000
-290212.52194,-503431.59072,112.93700,648117335.07511,12.50000,489380.00000,5.60000,0.00000,0.00000,0.00000
-290199.89194,-502942.70228,115.36600,648117335.12216,12.26000,264840.00000,5.69000,0.00000,0.00000,0.00000
-290006.36488,-502689.83767,117.93200,648117335.16920,12.17000,153165.00000,5.75000,0.00000,0.00000,0.00000
-289621.65784,-502686.37987,121.19300,648117335.21625,11.92000,246746.00000,5.34000,0.00000,0.00000,0.00000
-289177.54075,-502760.41768,124.71700,648117335.26329,11.81000,381899.00000,4.49000,0.00000,0.00000,0.00000
-288780.77988,-502772.69137,127.70600,648117335.31034,11.59000,484338.00000,4.45000,0.00000,0.00000,0.00000
-288413.49939,-502746.49766,130.28800,648117335.35739,11.32000,268020.00000,5.05000,0.00000,0.00000,0.00000
-288250.79679,-502453.40339,131.53100,648117335.40443,11.22000,380830.00000,5.98000,0.00000,0.00000,0.00000
-288097.92407,-502147.49050,133.18800,648117335.45148,11.18000,296782.00000,6.10000,0.00000,0.00000,0.00000
-287792.28859,-502040.86997,134.11400,648117335.49852,11.14000,388879.00000,5.54000,0.00000,0.00000,0.00000
-287508.09713,-501906.28092,134.54900,648117335.54557,11.23000,430883.00000,6.23000,0.00000,0.00000,0.00000
-287407.94113,-501531.60646,133.65000,648117335.59262,11.42000,192615.00000,7.55000,0.00000,0.00000,0.00000
-287535.16194,-500860.34340,134.06900,648117335.63966,11.46000,210177.00000,7.72000,0.00000,0.00000,0.00000
-287383.20339,-500553.27606,134.13100,648117335.68671,11.32000,302604.00000,6.70000,0.00000,0.00000,0.00000
-286986.00558,-500566.10074,134.16500,648117335.73375,11.10000,83259.00000,8.11000,0.00000,0.00000,0.00000
-286504.81972,-500688.46025,133.99400,648117335.78080,11.08000,113139.00000,9.67000,0.00000,0.00000,0.00000
-285663.13693,-501281.04726,135.15900,648117335.82785,10.76000,175063.00000,7.99000,0.00000,0.00000,0.00000
-285410.66669,-501105.06508,134.86300,648117335.87489,10.55000,1012455.00000,5.91000,0.00000,0.00000,0.00000
-285023.73347,-501104.46076,135.99000,648117335.92194,10.58000,442597.00000,5.75000,0.00000,0.00000,0.00000
-284642.16466,-501096.86547,137.76600,648117335.96898,10.53000,408780.00000,6.14000,0.00000,0.00000,0.00000
-284612.61767,-500630.12742,137.00200,648117336.01603,10.25000,177530.00000,6.12000,0.00000,0.00000,0.00000
-284908.74980,-499738.64039,135.96100,648117336.06308,9.94000,207178.00000,5.27000,0.00000,0.00000,0.00000
-284890.38415,-499257.34533,136.40300,648117336.11012,9.77000,264250.00000,4.80000,0.00000,0.00000,0.00000
-284737.10222,-498952.00524,136.63300,648117336.15717,9.88000,658274.00000,2.35000,0.00000,0.00000,0.00000
-283403.94196,-500185.47752,113.68900,648117336.20422,10.13000,3308700.00000,2.25000,0.00000,0.00000,0.00000
-285402.70502,-497073.45577,117.72200,648117336.25126,10.42000,1831937.00000,2.52000,0.00000,0.00000,0.00000
-283710.80405,-498774.78914,130.03900,648117336.29831,10.68000,4006150.00000,3.19000,0.00000,0.00000,0.00000
-283528.94343,-498506.74098,128.57400,648117336.34536,10.86000,3534812.00000,4.08000,0.00000,0.00000,0.00000
-283469.49338,-498079.04024,128.75600,648117336.39240,11.03000,6949945.00000,4.14000,0.00000,0.00000,0.00000
-282974.90118,-498218.83207,125.15500,648117336.43945,11.07000,1622581.00000,5.79000,0.00000,0.00000,0.00000
-282841.30125,-497887.85842,128.52500,648117336.48650,10.95000,2389169.00000,5.56000,0.00000,0.00000,0.00000
-282399.86797,-497958.29469,133.19400,648117336.53355,10.45000,286799.00000,5.81000,0.00000,0.00000,0.00000
-282258.67505,-497637.22195,134.18000,648117336.58059,10.61000,141927.00000,7.43000,0.00000,0.00000,0.00000
-282186.29146,-497226.43364,135.08300,648117336.62764,10.63000,317132.00000,6.51000,0.00000,0.00000,0.00000
-281942.78865,-497038.77308,134.91700,648117336.67469,10.51000,155751.00000,6.62000,0.00000,0.00000,0.00000
-281600.55040,-496979.86870,134.07900,648117336.72173,10.20000,614561.00000,6.28000,0.00000,0.00000,0.00000
-281340.52176,-496813.76169,133.67300,648117336.76878,10.10000,1229785.00000,4.76000,0.00000,0.00000,0.00000
-281064.40906,-496668.62494,133.66700,648117336.81583,10.03000,4112029.00000,3.25000,0.00000,0.00000,0.00000
-280584.11250,-496789.73011,136.77000,648117336.86287,9.97000,1582516.00000,3.70000,0.00000,0.00000,0.00000
-280362.51462,-496573.51942,136.86300,648117336.90992,9.99000,1032365.00000,4.33000,0.00000,0.00000,0.00000
-289391.22894,-487048.20883,127.74700,648171080.02949,11.63000,1387622.00000,7.91000,0.00000,0.00000,1.00000
-289602.19046,-487331.37533,130.80800,648171080.07657,11.14000,972539.00000,4.74000,0.00000,0.00000,1.00000
-289621.51148,-487639.03482,131.20300,648171080.12366,10.99000,2461858.00000,4.61000,0.00000,0.00000,1.00000
-289653.21707,-487945.11409,132.09200,648171080.17074,10.66000,516560.00000,3.86000,0.00000,0.00000,1.00000
-289602.53736,-488261.72821,147.03300,648171080.21783,10.36000,2118616.00000,3.42000,0.00000,0.00000,1.00000
-289543.88023,-489199.59245,149.64000,648171080.35908,10.42000,261830.00000,2.97000,0.00000,0.00000,1.00000
-288081.42737,-490006.65197,125.07900,648171080.45324,10.57000,3594613.00000,2.65000,0.00000,0.00000,1.00000
-288860.03502,-490217.32302,130.84800,648171080.50032,10.49000,4843448.00000,2.41000,0.00000,0.00000,1.00000
-288915.74940,-490520.32303,140.88500,648171080.54741,10.45000,2078050.00000,3.48000,0.00000,0.00000,1.00000
-289349.66959,-490775.01860,142.39600,648171080.59449,10.51000,2218320.00000,3.58000,0.00000,0.00000,1.00000
-289373.33681,-491082.12500,143.79200,648171080.64157,10.53000,5427032.00000,3.48000,0.00000,0.00000,1.00000
-289294.98355,-491402.25464,144.72700,648171080.68866,10.56000,1778682.00000,3.29000,0.00000,0.00000,1.00000
-289249.42001,-491718.19764,145.50800,648171080.73574,10.44000,2215976.00000,3.13000,0.00000,0.00000,1.00000
-289203.12151,-492034.22704,146.08500,648171080.78282,10.30000,1313395.00000,3.54000,0.00000,0.00000,1.00000
-289200.54876,-492344.68274,146.81600,648171080.82991,10.25000,2869482.00000,2.82000,0.00000,0.00000,1.00000
-289157.88887,-492660.24937,147.79300,648171080.87699,10.33000,3903129.00000,2.32000,0.00000,0.00000,1.00000
-293846.22582,-492371.78232,135.49600,648171080.92407,10.35000,736747.00000,2.81000,0.00000,0.00000,1.00000
-293463.97219,-492730.74310,133.68600,648171080.97115,10.40000,360993.00000,3.37000,0.00000,0.00000,1.00000
-293341.15086,-493056.58906,134.04500,648171081.01824,10.57000,299269.00000,4.53000,0.00000,0.00000,1.00000
-293149.81951,-493391.16974,133.99600,648171081.06532,10.71000,609532.00000,4.29000,0.00000,0.00000,1.00000
-292578.82578,-493774.21092,130.16200,648171081.11240,10.84000,262075.00000,4.99000,0.00000,0.00000,1.00000
-292129.51497,-494141.70583,128.44800,648171081.15949,10.97000,499077.00000,6.14000,0.00000,0.00000,1.00000
-291535.18785,-494527.71685,127.06700,648171081.20657,11.06000,1911003.00000,3.55000,0.00000,0.00000,1.00000
-288370.56888,-495241.68424,124.12500,648171081.25365,11.11000,1094956.00000,3.20000,0.00000,0.00000,1.00000
-288864.97650,-495488.73012,120.68100,648171081.30073,11.32000,727084.00000,3.46000,0.00000,0.00000,1.00000
-291216.23108,-495498.84234,124.68000,648171081.34782,11.66000,642795.00000,4.31000,0.00000,0.00000,1.00000
-290506.73526,-495899.50036,123.39500,648171081.39490,11.47000,807449.00000,4.23000,0.00000,0.00000,1.00000
-290622.18798,-496194.91216,125.01400,648171081.44198,11.46000,961172.00000,4.77000,0.00000,0.00000,1.00000
-290484.75771,-496522.57656,125.58700,648171081.48907,11.59000,755360.00000,4.40000,0.00000,0.00000,1.00000
-290552.82928,-496824.02440,127.18300,648171081.53615,11.41000,521758.00000,3.50000,0.00000,0.00000,1.00000
-291103.34288,-497063.93151,127.89700,648171081.58323,11.41000,2170204.00000,4.51000,0.00000,0.00000,1.00000
-291398.06088,-497336.48086,129.64600,648171081.63032,11.68000,1334589.00000,5.01000,0.00000,0.00000,1.00000
-291357.54948,-497651.78747,129.60300,648171081.67740,11.88000,1665262.00000,4.44000,0.00000,0.00000,1.00000
-288087.18377,-498378.99222,135.12500,648171081.72448,11.88000,3173794.00000,5.10000,0.00000,0.00000,1.00000
-288128.27609,-498683.86476,135.70800,648171081.77157,11.67000,4360333.00000,4.69000,0.00000,0.00000,1.00000
-288134.39151,-498993.20553,136.09600,648171081.81865,11.43000,6451076.00000,4.15000,0.00000,0.00000,1.00000
-289612.60192,-499114.86259,125.99600,648171081.86573,11.33000,1370331.00000,4.26000,0.00000,0.00000,1.00000
-288258.11297,-499597.66708,135.86000,648171081.91282,11.32000,4058556.00000,4.65000,0.00000,0.00000,1.00000
-289110.30973,-499799.14504,127.80700,648171081.95990,11.01000,1781552.00000,3.91000,0.00000,0.00000,1.00000
-289055.93003,-500116.20551,127.78000,648171082.00698,11.10000,3020659.00000,3.57000,0.00000,0.00000,1.00000
-288086.94547,-500549.84029,134.04200,648171082.05407,11.16000,769983.00000,4.78000,0.00000,0.00000,1.00000
-288160.82226,-500850.55037,133.71200,648171082.10115,10.95000,1372978.00000,4.34000,0.00000,0.00000,1.00000
-288266.03325,-501147.26604,133.16700,648171082.14823,10.96000,847249.00000,4.60000,0.00000,0.00000,1.00000
-288174.47389,-501469.05778,133.67000,648171082.19532,10.91000,1382779.00000,3.61000,0.00000,0.00000,1.00000
-288026.77927,-501797.98958,127.75200,648171082.24240,10.77000,2490345.00000,3.36000,0.00000,0.00000,1.00000
-287797.48831,-502137.33220,134.19100,648171082.28949,10.83000,1467900.00000,3.38000,0.00000,0.00000,1.00000
-287671.66073,-502463.47458,133.54500,648171082.33657,10.91000,430153.00000,3.44000,0.00000,0.00000,1.00000
-287585.19388,-502784.61918,133.16200,648171082.38366,10.84000,332326.00000,3.54000,0.00000,0.00000,1.00000
-287543.89871,-503099.99193,132.79500,648171082.43074,10.92000,230674.00000,2.87000,0.00000,0.00000,1.00000
-287414.42239,-503426.60121,132.89100,648171082.47782,11.05000,1602404.00000,2.50000,0.00000,0.00000,1.00000
-287186.55101,-503765.73650,132.26100,648171082.52491,11.13000,1605490.00000,2.50000,0.00000,0.00000,1.00000
-287000.95062,-504099.49771,131.30100,648171082.57199,11.11000,3263174.00000,2.90000,0.00000,0.00000,1.00000
-290025.70134,-504024.36229,110.15000,648171082.61907,11.18000,2260543.00000,2.23000,0.00000,0.00000,1.00000
-288872.95983,-504481.31986,112.99700,648171082.66616,11.40000,2622778.00000,2.97000,0.00000,0.00000,1.00000
-288132.72271,-504885.71515,115.01800,648171082.71324,11.50000,1169408.00000,2.72000,0.00000,0.00000,1.00000
-287764.90230,-505242.67065,115.78300,648171082.76033,11.61000,432306.00000,3.41000,0.00000,0.00000,1.00000
-288281.13325,-505487.06306,112.50200,648171082.80741,11.93000,945090.00000,4.20000,0.00000,0.00000,1.00000
-287855.72715,-505851.34509,113.53800,648171082.85450,12.10000,401957.00000,5.26000,0.00000,0.00000,1.00000
-287648.96782,-506187.78892,114.13700,648171082.90158,12.35000,293539.00000,6.64000,0.00000,0.00000,1.00000
-287587.24417,-506505.77137,114.51900,648171082.94866,12.50000,580684.00000,7.86000,0.00000,0.00000,1.00000
-287193.89805,-506865.95570,116.43100,648171082.99575,12.55000,362252.00000,7.56000,0.00000,0.00000,1.00000
-287005.34473,-507200.05887,117.78700,648171083.04283,12.68000,688010.00000,7.25000,0.00000,0.00000,1.00000
-287434.11144,-507455.60357,117.00400,648171083.08992,12.83000,465784.00000,8.28000,0.00000,0.00000,1.00000
-289153.64339,-507546.87674,113.73600,648171083.13700,12.76000,175225.00000,7.72000,0.00000,0.00000,1.00000
-289813.45619,-507773.03000,114.04900,648171083.18408,12.89000,186992.00000,8.86000,0.00000,0.00000,1.00000
-289870.51709,-508075.90239,114.45200,648171083.23117,12.49000,2457728.00000,5.91000,0.00000,0.00000,1.00000
-289167.39719,-508475.51688,114.35200,648171083.27825,12.16000,3245745.00000,4.23000,0.00000,0.00000,1.00000
-289701.84982,-508717.63652,124.32800,648171083.32534,11.94000,6932783.00000,3.06000,0.00000,0.00000,1.00000
-289159.06468,-509096.84351,115.94900,648171083.37242,11.86000,3477379.00000,2.50000,0.00000,0.00000,1.00000
-288918.01629,-509437.63691,116.50400,648171083.41950,11.69000,4928902.00000,2.14000,0.00000,0.00000,1.00000
-289243.30026,-509706.38214,130.82900,648171083.46659,11.59000,4962541.00000,2.41000,0.00000,0.00000,1.00000
-288424.25573,-510120.71441,117.80400,648171083.51367,11.52000,2645958.00000,2.30000,0.00000,0.00000,1.00000
-288893.13227,-510371.19605,133.72300,648171083.56076,11.53000,3381533.00000,2.15000,0.00000,0.00000,1.00000
-288697.26573,-510706.22793,134.82100,648171083.60784,11.42000,2366338.00000,2.05000,0.00000,0.00000,1.00000
-288564.80795,-511033.19819,135.53900,648171083.65492,11.39000,2632218.00000,2.10000,0.00000,0.00000,1.00000
-288540.21520,-511346.44774,136.39300,648171083.70200,11.18000,1273732.00000,2.51000,0.00000,0.00000,1.00000
-288955.10482,-511603.79819,136.29400,648171083.74909,10.90000,1188973.00000,2.48000,0.00000,0.00000,1.00000
-289386.76431,-511859.02903,138.44100,648171083.79617,10.73000,2561366.00000,1.89000,0.00000,0.00000,1.00000
-288080.84237,-512335.21756,133.79100,648171083.84325,10.65000,1344575.00000,2.77000,0.00000,0.00000,1.00000
-288064.25372,-512647.44308,134.05600,648171083.89034,10.54000,684271.00000,2.54000,0.00000,0.00000,1.00000
-288304.21526,-512927.04877,133.15700,648171083.93742,10.41000,982369.00000,2.70000,0.00000,0.00000,1.00000
-288613.41702,-513197.85399,132.09400,648171083.98450,10.25000,1750048.00000,1.58000,0.00000,0.00000,1.00000
-289519.58016,-513392.75630,152.61000,648171084.03158,10.21000,1125674.00000,1.68000,0.00000,0.00000,1.00000
-289513.92221,-513703.60243,153.20900,648171084.07866,10.20000,1228771.00000,1.72000,0.00000,0.00000,1.00000
-289525.02027,-514012.31135,153.95800,648171084.12575,10.03000,906203.00000,1.82000,0.00000,0.00000,1.00000
-289556.52589,-514318.42729,155.41600,648171084.17283,10.05000,530658.00000,1.90000,0.00000,0.00000,1.00000
-289507.12459,-514634.82789,155.69500,648171084.21991,10.13000,447973.00000,1.88000,0.00000,0.00000,1.00000
-294742.18485,-514279.54823,105.44600,648171084.26699,10.10000,1099290.00000,2.37000,0.00000,0.00000,1.00000
-294131.50896,-514667.33291,105.63600,648171084.31407,10.17000,553074.00000,1.86000,0.00000,0.00000,1.00000
-293879.45876,-515009.52875,107.10200,648171084.36116,10.27000,1633985.00000,2.02000,0.00000,0.00000,1.00000
-289384.54760,-515890.90193,145.97400,648171084.40824,10.31000,285878.00000,2.59000,0.00000,0.00000,1.00000
-289765.15804,-516152.66246,145.02000,648171084.45532,10.31000,211441.00000,2.85000,0.00000,0.00000,1.00000
-289421.27788,-516506.47263,145.16300,648171084.50240,10.32000,398263.00000,2.25000,0.00000,0.00000,1.00000
-288978.99316,-516872.78439,143.35400,648171084.54948,10.34000,542072.00000,2.24000,0.00000,0.00000,1.00000
-288893.11456,-517193.81457,140.93400,648171084.59657,10.44000,363055.00000,2.93000,0.00000,0.00000,1.00000
-289346.60112,-517446.34193,135.52200,648171084.64365,10.65000,1712816.00000,6.08000,0.00000,0.00000,1.00000
-289273.12063,-517765.80370,135.66100,648171084.69073,10.95000,467482.00000,6.93000,0.00000,0.00000,1.00000
-289416.83623,-518057.67050,134.87600,648171084.73782,10.77000,1304315.00000,5.99000,0.00000,0.00000,1.00000
-289396.56244,-518370.37726,135.56900,648171084.78490,10.88000,295754.00000,8.81000,0.00000,0.00000,1.00000
-290438.27859,-518548.22325,134.25700,648171084.83198,11.09000,112387.00000,8.70000,0.00000,0.00000,1.00000
-292221.44203,-518392.31639,133.62800,648289987.50575,11.43000,2564752.00000,2.49000,0.00000,0.00000,0.00000
-291914.98280,-518283.96353,133.58400,648289987.55282,11.35000,1455423.00000,2.64000,0.00000,0.00000,0.00000
-291741.54249,-518007.32796,132.40100,648289987.59988,11.15000,378112.00000,3.96000,0.00000,0.00000,0.00000
-291608.65158,-517679.41007,130.24800,648289987.64695,10.96000,1028458.00000,4.88000,0.00000,0.00000,0.00000
-291255.72651,-517629.83053,129.41700,648289987.69402,10.95000,1972444.00000,3.81000,0.00000,0.00000,0.00000
-291069.54954,-517369.33891,128.87800,648289987.74109,10.96000,1937825.00000,4.68000,0.00000,0.00000,0.00000
-290882.46702,-517110.00489,128.78200,648289987.78816,11.01000,1204629.00000,5.60000,0.00000,0.00000,0.00000
-290729.54630,-516807.42884,129.01700,648289987.83523,10.84000,929370.00000,4.59000,0.00000,0.00000,0.00000
-290399.87042,-516728.45086,130.58500,648289987.88230,10.76000,1224008.00000,3.81000,0.00000,0.00000,0.00000
-290123.49936,-516582.04420,132.63300,648289987.92936,10.55000,701869.00000,3.42000,0.00000,0.00000,0.00000
-290616.17403,-515462.95346,143.29100,648289987.97643,10.29000,1622973.00000,4.01000,0.00000,0.00000,0.00000
-290436.85169,-515193.82486,143.81000,648289988.02350,10.24000,1697082.00000,3.73000,0.00000,0.00000,0.00000
-290050.69249,-515186.28985,144.30100,648289988.07057,10.09000,2200836.00000,2.82000,0.00000,0.00000,0.00000
-289488.21562,-515401.74152,143.20300,648289988.11764,9.93000,3576441.00000,2.24000,0.00000,0.00000,0.00000
-289743.08292,-514583.46995,155.06500,648289988.16470,9.77000,2688281.00000,2.31000,0.00000,0.00000,0.00000
-289523.22092,-514365.61529,155.60700,648289988.21177,9.52000,1657404.00000,2.52000,0.00000,0.00000,0.00000
-289343.45309,-514097.05940,154.03200,648289988.25884,9.53000,1218760.00000,2.71000,0.00000,0.00000,0.00000
-289370.53123,-513566.91983,152.48600,648289988.30591,9.59000,360407.00000,3.45000,0.00000,0.00000,0.00000
-289275.96878,-513190.61892,151.49100,648289988.35298,9.57000,348870.00000,3.07000,0.00000,0.00000,0.00000
-289084.81981,-512936.45986,149.24400,648289988.40004,9.69000,507663.00000,2.18000,0.00000,0.00000,0.00000
-288826.24478,-512767.57596,145.54500,648289988.44711,9.88000,503259.00000,2.37000,0.00000,0.00000,0.00000
-288521.66271,-512656.89863,141.49100,648289988.49418,10.02000,346080.00000,2.80000,0.00000,0.00000,0.00000
-288188.36827,-512582.50319,138.70200,648289988.54125,10.20000,293610.00000,4.38000,0.00000,0.00000,0.00000
-287762.57787,-512625.06693,137.40700,648289988.58832,10.36000,179463.00000,6.46000,0.00000,0.00000,0.00000
-287279.37630,-512740.21789,137.69600,648289988.63538,10.69000,81207.00000,8.65000,0.00000,0.00000,0.00000
-286794.80728,-512857.09833,138.56600,648289988.68245,10.52000,975741.00000,8.01000,0.00000,0.00000,0.00000
-286250.55340,-513049.44332,142.73900,648289988.72952,10.41000,597290.00000,3.83000,0.00000,0.00000,0.00000
-285975.57504,-512901.27235,144.53200,648289988.77659,10.42000,3009883.00000,2.77000,0.00000,0.00000,0.00000
-285703.78426,-512749.07707,142.42200,648289988.82366,10.59000,1435058.00000,2.34000,0.00000,0.00000,0.00000
-285751.85417,-512192.43946,130.70500,648289988.87073,10.76000,3307959.00000,2.37000,0.00000,0.00000,0.00000
-285379.37884,-512167.56441,135.88200,648289988.91780,10.90000,7092574.00000,2.78000,0.00000,0.00000,0.00000
-285237.91501,-511850.58834,133.76700,648289988.96487,11.03000,2374348.00000,2.98000,0.00000,0.00000,0.00000
-285147.03113,-511469.65313,132.47000,648289989.01193,11.09000,1278941.00000,3.94000,0.00000,0.00000,0.00000
-284962.29068,-511207.41435,132.29000,648289989.05900,11.09000,1202611.00000,3.20000,0.00000,0.00000,0.00000
-284741.09972,-510991.26529,132.58200,648289989.10607,11.11000,495038.00000,3.10000,0.00000,0.00000,0.00000
-284534.93901,-510756.08507,132.65500,648289989.15314,11.22000,392817.00000,3.85000,0.00000,0.00000,0.00000
-284346.56266,-510498.45394,133.18100,648289989.20021,11.13000,407116.00000,4.24000,0.00000,0.00000,0.00000
-284125.37664,-510282.29608,133.28900,648289989.24728,11.10000,144571.00000,4.71000,0.00000,0.00000,0.00000
-283980.74920,-509969.35458,133.63200,648289989.29435,11.01000,219301.00000,4.65000,0.00000,0.00000,0.00000
-283777.79090,-509730.14258,134.13300,648289989.34142,11.00000,121362.00000,5.35000,0.00000,0.00000,0.00000
-283656.41660,-509387.83170,134.57300,648289989.38849,10.95000,295449.00000,5.52000,0.00000,0.00000,0.00000
-283524.08955,-509059.31725,135.17700,648289989.43556,10.79000,299701.00000,4.82000,0.00000,0.00000,0.00000
-283383.57410,-508741.19412,136.01600,648289989.48263,10.75000,136552.00000,5.17000,0.00000,0.00000,0.00000
-283368.83650,-508264.07385,136.80300,648289989.52970,10.64000,132262.00000,5.88000,0.00000,0.00000,0.00000
-283499.00477,-507603.75050,138.70600,648289989.57677,10.55000,264209.00000,5.41000,0.00000,0.00000,0.00000
-283402.24447,-507230.32578,140.13800,648289989.62384,10.31000,391551.00000,3.93000,0.00000,0.00000,0.00000
-283110.90342,-507102.87927,139.69800,648289989.67091,10.31000,717908.00000,2.91000,0.00000,0.00000,0.00000
-282759.86883,-507050.89298,136.78000,648289989.71798,10.53000,467163.00000,3.37000,0.00000,0.00000,0.00000
-282377.38228,-507038.63952,133.52800,648289989.76505,10.72000,1100008.00000,3.09000,0.00000,0.00000,0.00000
-282078.75516,-506920.40234,130.88900,648289989.81212,10.96000,1452188.00000,3.67000,0.00000,0.00000,0.00000
-281838.91612,-506727.84444,125.16100,648289989.85919,11.12000,1993910.00000,3.24000,0.00000,0.00000,0.00000
-281501.09657,-506659.14674,122.94600,648289989.90626,11.35000,4543565.00000,3.42000,0.00000,0.00000,0.00000
-281102.65781,-506667.04795,117.21400,648289989.95333,11.62000,2728441.00000,3.86000,0.00000,0.00000,0.00000
-280672.77784,-506714.71271,115.27300,648289990.00040,11.64000,1394703.00000,4.69000,0.00000,0.00000,0.00000
-280282.53914,-506712.24373,114.09100,648289990.04747,11.77000,1161959.00000,4.51000,0.00000,0.00000,0.00000
-279920.55850,-506674.05936,113.82700,648289990.09454,11.81000,589449.00000,4.15000,0.00000,0.00000,0.00000
-279368.06269,-506876.65135,112.94800,648289990.14161,11.71000,615378.00000,3.84000,0.00000,0.00000,0.00000
-278163.79202,-507902.97685,112.44400,648289990.18868,11.71000,3601188.00000,3.15000,0.00000,0.00000,0.00000
-279360.10988,-505895.30248,120.91800,648289990.23575,11.80000,4363459.00000,4.16000,0.00000,0.00000,0.00000
-278952.55570,-505914.70905,120.14200,648289990.28282,11.82000,790224.00000,4.10000,0.00000,0.00000,0.00000
-278660.76484,-505787.79691,118.62700,648289990.32989,11.93000,281657.00000,6.10000,0.00000,0.00000,0.00000
-278807.89373,-505106.18800,118.02000,648289990.37696,12.04000,346065.00000,7.59000,0.00000,0.00000,0.00000
-278752.20599,-504680.90680,116.40600,648289990.42403,11.78000,1157344.00000,5.83000,0.00000,0.00000,0.00000
-277660.50964,-505564.88267,114.93500,648289990.47110,11.42000,1014426.00000,4.06000,0.00000,0.00000,0.00000
-276681.82965,-506306.00387,115.25800,648289990.51817,10.86000,765916.00000,3.64000,0.00000,0.00000,0.00000
-278901.46200,-503005.33720,127.00900,648289990.56524,10.49000,1165768.00000,5.27000,0.00000,0.00000,0.00000
-278191.73943,-503406.61210,127.14900,648289990.61231,10.29000,884491.00000,4.12000,0.00000,0.00000,0.00000
-277933.69690,-503237.07518,127.58100,648289990.65939,10.17000,1194950.00000,3.52000,0.00000,0.00000,0.00000
-278145.12696,-502474.27716,125.91500,648289990.70646,10.20000,1322848.00000,3.76000,0.00000,0.00000,0.00000
-277904.86661,-502282.26772,124.50500,648289990.75353,10.30000,3471755.00000,3.15000,0.00000,0.00000,0.00000
-277377.00191,-502453.70992,124.26600,648289990.80060,10.57000,4560903.00000,3.25000,0.00000,0.00000,0.00000
-282615.95399,-494486.85461,126.73300,648343736.27088,10.48000,696509.00000,4.55000,0.00000,0.00000,1.00000
-280232.85528,-496921.31088,136.91300,648343736.60056,10.32000,95679.00000,7.08000,0.00000,0.00000,1.00000
-280512.46621,-497199.60724,136.65800,648343736.64766,10.03000,217503.00000,4.43000,0.00000,0.00000,1.00000
-280670.12907,-497491.56776,134.24100,648343736.69475,10.24000,273368.00000,4.51000,0.00000,0.00000,1.00000
-280900.81442,-497775.35412,133.78300,648343736.74185,10.50000,107661.00000,5.63000,0.00000,0.00000,1.00000
-280916.08020,-498083.27370,135.32100,648343736.78895,10.47000,192233.00000,4.14000,0.00000,0.00000,1.00000
-280829.10797,-498402.63412,135.78700,648343736.83605,10.57000,315901.00000,4.04000,0.00000,0.00000,1.00000
-280742.86956,-498721.92322,136.12100,648343736.88314,10.73000,1442074.00000,3.52000,0.00000,0.00000,1.00000
-282596.16080,-498824.00183,126.63600,648343736.93024,11.07000,379753.00000,5.19000,0.00000,0.00000,1.00000
-282779.36574,-499113.11127,128.34900,648343736.97734,11.22000,286962.00000,6.06000,0.00000,0.00000,1.00000
-282807.77269,-499419.58310,128.96600,648343737.02443,11.31000,437058.00000,5.65000,0.00000,0.00000,1.00000
-282805.50158,-499729.47462,128.16500,648343737.07153,11.20000,266117.00000,6.12000,0.00000,0.00000,1.00000
-282572.46708,-500065.20445,127.60600,648343737.11863,11.09000,503609.00000,5.90000,0.00000,0.00000,1.00000
-282816.28281,-500347.54594,128.83600,648343737.16572,10.89000,338784.00000,4.75000,0.00000,0.00000,1.00000
-283082.01602,-500627.42834,125.73100,648343737.21282,10.79000,3003917.00000,3.91000,0.00000,0.00000,1.00000
-281900.35748,-501069.35325,129.01400,648343737.25992,10.93000,4255515.00000,3.88000,0.00000,0.00000,1.00000
-282269.78608,-501337.63242,121.52900,648343737.30702,10.82000,1766557.00000,3.69000,0.00000,0.00000,1.00000
-281587.60951,-501723.61926,131.25400,648343737.35411,10.81000,3318052.00000,3.96000,0.00000,0.00000,1.00000
-281691.22209,-502021.66320,119.49700,648343737.40121,10.90000,3206811.00000,3.24000,0.00000,0.00000,1.00000
-282672.58751,-502221.47172,127.97900,648343737.44831,10.92000,1098796.00000,3.98000,0.00000,0.00000,1.00000
-282731.64059,-502524.50492,126.13600,648343737.49540,11.22000,3109414.00000,4.93000,0.00000,0.00000,1.00000
-281429.46368,-502979.84307,115.17900,648343737.54250,11.49000,1548787.00000,4.58000,0.00000,0.00000,1.00000
-281146.73201,-503321.10357,115.28800,648343737.58960,11.59000,1180511.00000,5.13000,0.00000,0.00000,1.00000
-281141.50159,-503631.31200,115.36500,648343737.63670,11.82000,1339044.00000,4.93000,0.00000,0.00000,1.00000
-280689.33787,-503991.51993,115.71200,648343737.68379,11.89000,1930867.00000,5.32000,0.00000,0.00000,1.00000
-281093.06164,-504255.98066,117.21800,648343737.73089,11.93000,797209.00000,7.07000,0.00000,0.00000,1.00000
-281616.56027,-504507.06442,116.65100,648343737.77799,11.87000,954419.00000,7.24000,0.00000,0.00000,1.00000
-283861.32289,-504565.64015,130.96900,648343737.82508,11.70000,1474923.00000,5.61000,0.00000,0.00000,1.00000
-283934.95890,-504867.05212,131.39300,648343737.87218,11.63000,342637.00000,6.35000,0.00000,0.00000,1.00000
-283870.56779,-505183.90641,132.15900,648343737.91928,11.51000,459525.00000,6.13000,0.00000,0.00000,1.00000
-283783.53560,-505503.29480,133.71200,648343737.96637,11.37000,743479.00000,4.90000,0.00000,0.00000,1.00000
-283697.96084,-505822.52104,135.47500,648343738.01347,11.05000,1170610.00000,3.56000,0.00000,0.00000,1.00000
-283706.58381,-506131.19897,137.49700,648343738.06057,10.77000,1529803.00000,3.72000,0.00000,0.00000,1.00000
-283562.57725,-506456.94435,139.17500,648343738.10766,10.66000,2333648.00000,3.27000,0.00000,0.00000,1.00000
-283428.79653,-506781.55158,140.23700,648343738.15476,10.57000,624315.00000,2.96000,0.00000,0.00000,1.00000
-283300.85843,-507105.50203,140.28200,648343738.20186,10.52000,1003567.00000,2.97000,0.00000,0.00000,1.00000
-283165.61714,-507430.26788,139.52600,648343738.24896,10.61000,769428.00000,2.71000,0.00000,0.00000,1.00000
-282954.42398,-507763.52194,138.03200,648343738.29605,10.74000,534989.00000,3.03000,0.00000,0.00000,1.00000
-282800.17816,-508090.39067,137.23300,648343738.34315,10.82000,585437.00000,3.04000,0.00000,0.00000,1.00000
-282620.38222,-508420.13175,136.71300,648343738.39025,10.69000,645293.00000,3.49000,0.00000,0.00000,1.00000
-282545.73906,-508738.11325,136.66600,648343738.43734,10.68000,1255099.00000,2.85000,0.00000,0.00000,1.00000
-282454.29514,-509057.96368,136.34900,648343738.48444,10.80000,1881342.00000,2.76000,0.00000,0.00000,1.00000
-282329.98358,-509381.48368,136.09500,648343738.53154,10.84000,679849.00000,3.90000,0.00000,0.00000,1.00000
-282318.13681,-509692.44398,135.26900,648343738.57863,10.92000,599294.00000,4.05000,0.00000,0.00000,1.00000
-282376.40119,-509995.57819,134.62100,648343738.62573,11.07000,346939.00000,3.97000,0.00000,0.00000,1.00000
-282455.10825,-510296.42753,134.46000,648343738.67283,11.22000,261370.00000,4.22000,0.00000,0.00000,1.00000
-282433.02977,-510608.52675,133.95700,648343738.71992,11.34000,172890.00000,4.74000,0.00000,0.00000,1.00000
-282376.62605,-510924.46369,133.25000,648343738.76702,11.32000,93198.00000,5.11000,0.00000,0.00000,1.00000
-282350.89415,-511236.97739,132.17900,648343738.81411,11.63000,204989.00000,5.62000,0.00000,0.00000,1.00000
-282287.91039,-511553.64948,130.84800,648343738.86121,11.80000,215893.00000,6.47000,0.00000,0.00000,1.00000
-282032.85114,-511891.77221,129.29100,648343738.90831,12.01000,239839.00000,7.63000,0.00000,0.00000,1.00000
-282042.89340,-512200.28893,127.83300,648343738.95540,12.16000,204094.00000,7.60000,0.00000,0.00000,1.00000
-283719.55295,-512322.74096,129.26100,648343739.00250,12.25000,560051.00000,7.85000,0.00000,0.00000,1.00000
-284793.69169,-512512.46653,131.44800,648343739.04960,12.26000,1632626.00000,5.62000,0.00000,0.00000,1.00000
-283532.22361,-512962.95544,125.78600,648343739.09670,12.18000,784978.00000,5.25000,0.00000,0.00000,1.00000
-282987.92897,-513333.35476,123.71000,648343739.14379,12.18000,890356.00000,6.26000,0.00000,0.00000,1.00000
-283361.67703,-513601.28507,123.57300,648343739.19089,12.27000,983301.00000,6.33000,0.00000,0.00000,1.00000
-280301.31770,-514252.45706,119.40300,648343739.23799,12.16000,2439417.00000,3.82000,0.00000,0.00000,1.00000
-281806.37364,-514394.15303,116.83300,648343739.28508,12.09000,347686.00000,5.29000,0.00000,0.00000,1.00000
-282819.90878,-514590.70179,116.52200,648343739.33218,12.11000,521074.00000,5.89000,0.00000,0.00000,1.00000
-286930.90111,-514441.60115,130.72000,648343739.37928,12.29000,956122.00000,6.51000,0.00000,0.00000,1.00000
-283707.62754,-515110.94636,114.26500,648343739.42637,12.39000,1250290.00000,6.10000,0.00000,0.00000,1.00000
-283578.87996,-515434.96432,112.98900,648343739.47347,12.69000,1634201.00000,6.28000,0.00000,0.00000,1.00000
-282722.67834,-515840.13534,112.70600,648343739.52057,12.64000,2788757.00000,4.82000,0.00000,0.00000,1.00000
-283185.51869,-516098.15158,114.70000,648343739.56766,12.67000,737172.00000,7.32000,0.00000,0.00000,1.00000
-284504.35577,-516260.68738,117.74400,648343739.61476,12.67000,992607.00000,5.35000,0.00000,0.00000,1.00000
-282806.02348,-516759.77489,112.05900,648343739.66186,12.59000,373578.00000,4.74000,0.00000,0.00000,1.00000
-286061.08929,-516706.38369,123.85300,648343739.70896,12.55000,1483614.00000,5.08000,0.00000,0.00000,1.00000
-282668.99843,-517394.34584,112.35300,648343739.75605,12.61000,2488223.00000,5.71000,0.00000,0.00000,1.00000
-282771.71576,-516648.56602,116.33600,648462645.82638,11.91000,233068.00000,4.80000,0.00000,0.00000,0.00000
-279811.23003,-514923.31480,119.17300,648462646.34435,12.11000,431333.00000,5.48000,0.00000,0.00000,0.00000
