-636850.87910,-890402.76724,174.62700,644324823.47472,12.12000,161696.00000,6.54000,0.00000,0.00000,0.00000
-636224.91889,-890637.93888,171.08800,644324823.52096,12.35000,218963.00000,6.98000,0.00000,0.00000,0.00000
-635667.10292,-890798.18923,169.54300,644324823.56719,12.44000,268582.00000,5.98000,0.00000,0.00000,0.00000
-652869.37785,-852950.13775,242.91200,644545430.87483,13.54000,85958.00000,10.47000,0.00000,0.00000,1.00000
-653776.28089,-852865.08207,242.29100,644545430.92109,13.64000,97109.00000,9.82000,0.00000,0.00000,1.00000
-654140.54413,-853031.93464,242.35400,644545430.96735,13.56000,124941.00000,10.21000,0.00000,0.00000,1.00000
-654730.85542,-853093.85406,243.91000,644545431.01361,13.45000,302601.00000,7.21000,0.00000,0.00000,1.00000
-655164.52475,-853228.50389,245.08500,644545431.05987,13.34000,376681.00000,6.24000,0.00000,0.00000,1.00000
-655576.38575,-853373.27469,244.93200,644545431.10614,13.49000,236544.00000,6.62000,0.00000,0.00000,1.00000
-655968.41848,-853527.25782,245.44300,644545431.15240,13.76000,266487.00000,6.62000,0.00000,0.00000,1.00000
-656072.26520,-853815.00993,243.60600,644545431.19866,14.01000,545620.00000,8.12000,0.00000,0.00000,1.00000
-656135.12558,-854121.79295,243.98500,644545431.24492,13.80000,416757.00000,7.96000,0.00000,0.00000,1.00000
-655988.45314,-854525.83616,242.68900,644545431.29118,13.79000,228551.00000,7.79000,0.00000,0.00000,1.00000
-655706.92917,-854992.46125,240.84600,644545431.33745,13.58000,191431.00000,9.61000,0.00000,0.00000,1.00000
-655179.49670,-855573.20361,239.88900,644545431.38371,13.96000,102418.00000,10.59000,0.00000,0.00000,1.00000
-655039.40739,-855974.16213,240.89700,644545431.42997,13.47000,119477.00000,9.17000,0.00000,0.00000,1.00000
-654991.85394,-856332.16990,241.49900,644545431.47623,13.26000,120009.00000,7.92000,0.00000,0.00000,1.00000
-655108.23833,-856614.10966,242.09100,644545431.52249,13.01000,387444.00000,6.29000,0.00000,0.00000,1.00000
-655364.08674,-856831.31045,243.66000,644545431.56876,12.87000,339147.00000,4.92000,0.00000,0.00000,1.00000
-655628.53290,-857044.53412,246.46700,644545431.61502,13.14000,314013.00000,4.69000,0.00000,0.00000,1.00000
-655699.95791,-857347.32850,247.48600,644545431.66128,13.15000,369863.00000,5.99000,0.00000,0.00000,1.00000
-655559.85194,-857748.29293,248.87500,644545431.70754,12.81000,872300.00000,4.82000,0.00000,0.00000,1.00000
-655552.60987,-858087.59932,249.12800,644545431.75380,12.37000,621538.00000,4.86000,0.00000,0.00000,1.00000
-655633.93430,-858385.79062,248.56900,644545431.80006,12.40000,502205.00000,4.41000,0.00000,0.00000,1.00000
-655887.14249,-858604.24621,248.13500,644545431.84633,12.40000,305940.00000,5.18000,0.00000,0.00000,1.00000
-656132.40576,-858826.37161,247.38400,644545431.89259,12.42000,918305.00000,4.64000,0.00000,0.00000,1.00000
-656469.56634,-859005.87320,245.69400,644545431.93885,12.61000,524420.00000,4.27000,0.00000,0.00000,1.00000
-656765.73506,-859204.38118,244.46100,644545431.98511,12.54000,101977.00000,5.51000,0.00000,0.00000,1.00000
-656991.83494,-859435.42160,247.01000,644545432.03137,11.69000,208194.00000,5.55000,0.00000,0.00000,1.00000
-657332.95122,-859613.08625,250.01700,644545432.07763,10.74000,540406.00000,4.15000,0.00000,0.00000,1.00000
-657726.30559,-859766.52487,248.79000,644545432.12390,10.34000,2238055.00000,2.78000,0.00000,0.00000,1.00000
-658161.31354,-859900.65385,250.00400,644545432.17016,10.77000,2406155.00000,3.41000,0.00000,0.00000,1.00000
-658185.10769,-860225.55228,252.75600,644545432.21642,11.19000,2381726.00000,4.30000,0.00000,0.00000,1.00000
-658369.56211,-860475.94494,256.88600,644545432.26268,10.87000,351890.00000,5.51000,0.00000,0.00000,1.00000
-658441.62220,-860778.46719,259.00600,644545432.30894,10.47000,343418.00000,4.52000,0.00000,0.00000,1.00000
-658473.35989,-861099.69700,256.95300,644545432.35520,10.32000,372460.00000,2.90000,0.00000,0.00000,1.00000
-658132.90170,-861593.60102,253.43000,644545432.40147,10.52000,382568.00000,3.73000,0.00000,0.00000,1.00000
-657911.42430,-862032.29158,252.61800,644545432.44773,10.69000,1844550.00000,2.54000,0.00000,0.00000,1.00000
-655851.97765,-863323.56662,230.02900,644545432.49399,10.44000,2872526.00000,2.40000,0.00000,0.00000,1.00000
-655748.15179,-863707.64443,233.76500,644545432.54025,10.42000,1424922.00000,4.29000,0.00000,0.00000,1.00000
-656460.16716,-863713.29058,234.87400,644545432.58651,10.65000,1359406.00000,5.77000,0.00000,0.00000,1.00000
-656313.35701,-864117.31537,235.18300,644545432.63277,10.69000,378033.00000,5.54000,0.00000,0.00000,1.00000
-655968.19494,-864613.34445,234.44500,644545432.67903,10.31000,371235.00000,4.17000,0.00000,0.00000,1.00000
-655687.13610,-865079.60662,232.14500,644545432.72530,10.19000,991886.00000,4.58000,0.00000,0.00000,1.00000
-655960.12792,-865288.89575,228.28300,644545432.77156,10.11000,720366.00000,4.00000,0.00000,0.00000,1.00000
-657076.12721,-865107.23266,217.68600,644545432.81782,10.42000,401333.00000,4.25000,0.00000,0.00000,1.00000
-657505.17239,-865244.16695,211.22000,644545432.86408,11.43000,1069291.00000,5.86000,0.00000,0.00000,1.00000
-656894.17421,-865863.46883,212.94000,644545432.91034,12.54000,206212.00000,11.23000,0.00000,0.00000,1.00000
-658298.51913,-865548.10583,211.21500,644545432.95661,12.15000,317304.00000,8.46000,0.00000,0.00000,1.00000
-659199.68490,-865466.08885,209.63700,644545433.00287,12.00000,1121585.00000,7.98000,0.00000,0.00000,1.00000
-658406.83731,-866169.73847,206.38400,644545433.04913,11.70000,415143.00000,8.14000,0.00000,0.00000,1.00000
-658169.39797,-866615.78289,207.52600,644545433.09539,10.95000,176648.00000,6.80000,0.00000,0.00000,1.00000
-661285.52214,-865842.53160,255.54800,644545433.18791,10.80000,385582.00000,3.56000,0.00000,0.00000,1.00000
-661265.64023,-866187.69704,253.78200,644545433.23417,11.26000,1305511.00000,3.41000,0.00000,0.00000,1.00000
-664099.52002,-865209.35173,251.32800,644545433.28043,11.78000,2160101.00000,3.12000,0.00000,0.00000,1.00000
-661581.62290,-866713.09102,246.40300,644545433.32669,12.07000,1040344.00000,4.40000,0.00000,0.00000,1.00000
-661520.73951,-867077.26910,242.60700,644545433.37296,12.00000,820486.00000,5.74000,0.00000,0.00000,1.00000
-661071.71904,-867621.44814,239.58000,644545433.41922,12.48000,178620.00000,9.10000,0.00000,0.00000,1.00000
-661090.83849,-867948.54624,239.49500,644545433.46548,12.68000,185360.00000,6.85000,0.00000,0.00000,1.00000
-661376.41912,-868152.06621,240.37700,644545433.51174,12.79000,367166.00000,5.68000,0.00000,0.00000,1.00000
-661591.24850,-868388.40117,241.68700,644545433.55800,12.74000,573499.00000,5.36000,0.00000,0.00000,1.00000
-661594.48595,-868722.85529,241.88500,644545433.60426,12.79000,1234800.00000,5.02000,0.00000,0.00000,1.00000
-661453.55856,-869124.13606,242.90600,644545433.65052,12.98000,2423893.00000,4.85000,0.00000,0.00000,1.00000
-661504.40484,-869436.51945,244.02000,644545433.69678,12.92000,1696807.00000,4.67000,0.00000,0.00000,1.00000
-660386.79383,-870290.61777,238.68000,644545433.74304,12.52000,1266691.00000,4.17000,0.00000,0.00000,1.00000
-659423.23272,-871073.25823,239.47800,644545433.78930,12.24000,1335999.00000,3.47000,0.00000,0.00000,1.00000
-662173.97977,-870133.89113,256.64300,644545433.83556,11.83000,1530978.00000,2.31000,0.00000,0.00000,1.00000
-662448.31412,-870342.65602,260.06900,644545433.88182,11.68000,365245.00000,3.68000,0.00000,0.00000,1.00000
-662657.83784,-870581.46179,263.41200,644545433.92808,11.64000,632663.00000,4.12000,0.00000,0.00000,1.00000
-662927.52975,-870792.36313,266.40300,644545433.97434,11.86000,542494.00000,3.95000,0.00000,0.00000,1.00000
-663239.55201,-870983.65498,268.11300,644545434.02060,11.93000,295972.00000,4.00000,0.00000,0.00000,1.00000
-663489.41543,-871203.76441,268.25600,644545434.06686,11.90000,498464.00000,3.60000,0.00000,0.00000,1.00000
-663877.48404,-871359.80076,267.70800,644545434.11312,11.92000,1341270.00000,3.71000,0.00000,0.00000,1.00000
-664115.45034,-871585.43532,266.10800,644545434.15938,12.02000,954055.00000,3.95000,0.00000,0.00000,1.00000
-664432.10936,-871774.58936,264.88900,644545434.20563,12.19000,477442.00000,4.47000,0.00000,0.00000,1.00000
-664666.11243,-872002.06716,263.97900,644545434.25189,12.20000,552699.00000,4.06000,0.00000,0.00000,1.00000
-665230.09198,-872076.57696,264.18200,644545434.29815,12.41000,340953.00000,3.94000,0.00000,0.00000,1.00000
-665870.79436,-872115.53403,264.43900,644545434.34441,12.90000,358373.00000,5.55000,0.00000,0.00000,1.00000
-665936.82791,-872420.88104,262.67700,644545434.39067,13.41000,241481.00000,8.27000,0.00000,0.00000,1.00000
-665278.07626,-873062.21782,258.99200,644545434.43693,13.63000,124857.00000,7.72000,0.00000,0.00000,1.00000
-664758.83055,-873638.85550,259.62900,644545434.48319,13.28000,203642.00000,5.54000,0.00000,0.00000,1.00000
-665064.89127,-873832.94260,263.95100,644545434.52945,12.76000,282705.00000,4.91000,0.00000,0.00000,1.00000
-665544.21512,-873946.72510,268.77100,644545434.57571,12.39000,242591.00000,5.05000,0.00000,0.00000,1.00000
-641804.92636,-864666.69932,226.05700,644718085.05401,13.31000,270774.00000,8.26000,0.00000,0.00000,1.00000
-642389.12972,-864740.06651,227.12600,644718085.10030,12.79000,236049.00000,6.55000,0.00000,0.00000,1.00000
-643229.03138,-864699.48265,228.52900,644718085.14658,12.34000,257388.00000,7.69000,0.00000,0.00000,1.00000
-643776.62188,-864789.17769,229.06400,644718085.19287,12.31000,307251.00000,5.47000,0.00000,0.00000,1.00000
-643985.30477,-865029.94780,228.05500,644718085.23915,12.36000,374309.00000,5.16000,0.00000,0.00000,1.00000
-643817.76205,-865438.38586,225.54700,644718085.28543,12.51000,403554.00000,5.40000,0.00000,0.00000,1.00000
-643481.08795,-865922.21547,223.65700,644718085.33172,12.82000,213850.00000,7.50000,0.00000,0.00000,1.00000
-643323.51762,-866326.20749,223.83300,644718085.37800,13.30000,275501.00000,9.17000,0.00000,0.00000,1.00000
-643434.96240,-866610.31095,223.93400,644718085.42429,13.61000,189384.00000,8.94000,0.00000,0.00000,1.00000
-643511.11420,-866910.14020,223.58500,644718085.47057,13.87000,260931.00000,10.08000,0.00000,0.00000,1.00000
-643604.57527,-867202.26028,223.91300,644718085.51686,14.41000,207977.00000,10.41000,0.00000,0.00000,1.00000
-644046.96821,-867338.89031,226.21900,644718085.56314,14.40000,109138.00000,9.45000,0.00000,0.00000,1.00000
-644626.53201,-867414.38663,228.42800,644718085.60942,14.34000,196277.00000,9.93000,0.00000,0.00000,1.00000
-644878.47502,-867635.88730,229.35700,644718085.65571,13.70000,154740.00000,7.26000,0.00000,0.00000,1.00000
-644777.48583,-868014.65740,229.48400,644718085.70199,13.10000,130708.00000,7.53000,0.00000,0.00000,1.00000
-644532.65296,-868457.52618,230.27700,644718085.74828,12.30000,160772.00000,6.84000,0.00000,0.00000,1.00000
-644432.99181,-868835.70958,231.90900,644718085.79456,12.04000,194667.00000,7.00000,0.00000,0.00000,1.00000
-644337.31285,-869212.10168,232.45100,644718085.84084,12.12000,181678.00000,7.12000,0.00000,0.00000,1.00000
-644220.99204,-869597.69005,232.81900,644718085.88713,11.84000,244360.00000,7.07000,0.00000,0.00000,1.00000
-644300.44898,-869896.04643,232.33000,644718085.93341,10.97000,428575.00000,5.16000,0.00000,0.00000,1.00000
-643959.69281,-870381.61288,230.39300,644718085.97969,10.82000,278151.00000,5.85000,0.00000,0.00000,1.00000
-643791.40960,-870790.33489,230.33400,644718086.02598,11.31000,633365.00000,4.09000,0.00000,0.00000,1.00000
-643918.80376,-871067.33057,229.96600,644718086.07226,11.45000,523552.00000,5.02000,0.00000,0.00000,1.00000
-644285.26894,-871237.81639,229.97700,644718086.11854,11.30000,312323.00000,6.32000,0.00000,0.00000,1.00000
-644720.32844,-871377.74328,230.07100,644718086.16483,11.68000,260434.00000,10.09000,0.00000,0.00000,1.00000
-645249.30169,-871475.85582,230.69200,644718086.21111,11.93000,145001.00000,10.35000,0.00000,0.00000,1.00000
-645531.85233,-871683.73123,234.06500,644718086.25739,11.54000,846867.00000,7.69000,0.00000,0.00000,1.00000
-645996.21443,-871810.62238,237.31400,644718086.30368,11.61000,1121230.00000,7.08000,0.00000,0.00000,1.00000
-646304.75085,-872006.94623,239.07000,644718086.34996,10.87000,1278315.00000,5.42000,0.00000,0.00000,1.00000
-646830.39137,-872106.56243,242.75700,644718086.39624,9.20000,1601684.00000,3.70000,0.00000,0.00000,1.00000
-647254.12902,-872251.57536,247.84200,644718086.44252,9.34000,307094.00000,4.56000,0.00000,0.00000,1.00000
-647544.67608,-872455.91145,249.65200,644718086.48881,9.39000,258871.00000,6.22000,0.00000,0.00000,1.00000
-647659.41427,-872738.57789,249.96900,644718086.53509,9.01000,89513.00000,6.68000,0.00000,0.00000,1.00000
-647050.89900,-873343.41343,248.24300,644718086.58137,8.98000,217602.00000,7.79000,0.00000,0.00000,1.00000
-646660.14080,-873851.23180,249.16100,644718086.62766,8.70000,106825.00000,4.93000,0.00000,0.00000,1.00000
-646510.46649,-874251.66027,251.04200,644718086.67394,8.82000,95152.00000,5.80000,0.00000,0.00000,1.00000
-646396.08235,-874636.35536,252.12200,644718086.72022,9.18000,134222.00000,7.62000,0.00000,0.00000,1.00000
-646153.15956,-875078.30649,253.32800,644718086.76650,9.07000,270880.00000,4.17000,0.00000,0.00000,1.00000
-646010.79162,-875475.45149,256.06000,644718086.81279,8.97000,395368.00000,2.50000,0.00000,0.00000,1.00000
-645883.74645,-875865.78169,259.49300,644718086.85907,8.99000,4050445.00000,1.49000,0.00000,0.00000,1.00000
-645852.59835,-876213.39756,261.97000,644718086.90535,9.01000,2586775.00000,1.39000,0.00000,0.00000,1.00000
-645943.31796,-876506.73341,256.38100,644718086.95163,9.23000,2424505.00000,1.30000,0.00000,0.00000,1.00000
-645974.10472,-876826.77312,253.20600,644718086.99791,9.70000,11144644.00000,1.32000,0.00000,0.00000,1.00000
-650988.42126,-874927.38469,209.30000,644718087.04419,10.16000,531011.00000,1.53000,0.00000,0.00000,1.00000
-650997.25712,-875257.24412,207.01200,644718087.09048,10.39000,1998176.00000,1.65000,0.00000,0.00000,1.00000
-650803.58952,-875677.30112,206.21700,644718087.13676,10.81000,8116634.00000,1.33000,0.00000,0.00000,1.00000
-652322.45069,-875334.62987,210.33900,644718087.18304,11.16000,933686.00000,3.19000,0.00000,0.00000,1.00000
-652740.90843,-875482.06237,213.86700,644718087.22932,11.15000,1348275.00000,2.56000,0.00000,0.00000,1.00000
-652567.24653,-875893.22484,209.23300,644718087.27561,11.18000,601999.00000,2.15000,0.00000,0.00000,1.00000
-650725.57361,-877047.19378,208.40900,644718087.32189,11.36000,833417.00000,2.25000,0.00000,0.00000,1.00000
-650045.62132,-877683.76773,206.82000,644718087.36817,11.60000,2209307.00000,2.35000,0.00000,0.00000,1.00000
-650663.93318,-877742.21103,202.24600,644718087.41445,11.56000,1246059.00000,4.27000,0.00000,0.00000,1.00000
-650334.34823,-878222.76459,199.87200,644718087.46073,11.21000,1448118.00000,2.60000,0.00000,0.00000,1.00000
-650131.31650,-878646.95186,197.82400,644718087.50702,10.95000,1929730.00000,1.86000,0.00000,0.00000,1.00000
-655901.49542,-876411.24074,282.27400,644718087.55330,10.91000,5302254.00000,1.85000,0.00000,0.00000,1.00000
-655625.99990,-876867.77598,271.30700,644718087.59958,11.11000,3155182.00000,2.08000,0.00000,0.00000,1.00000
-644604.76013,-882108.60737,223.41400,644718087.64587,11.64000,1427039.00000,3.08000,0.00000,0.00000,1.00000
-643415.28451,-883639.18160,235.95800,644718087.78471,12.93000,220417.00000,4.69000,0.00000,0.00000,1.00000
-650986.79555,-880602.54489,205.64400,644718087.83100,13.52000,1682540.00000,3.77000,0.00000,0.00000,1.00000
-651130.79335,-880872.21134,205.60600,644718087.87728,14.23000,312481.00000,7.21000,0.00000,0.00000,1.00000
-650780.50727,-881361.94519,203.44900,644718087.92356,14.22000,339250.00000,9.34000,0.00000,0.00000,1.00000
-650262.99969,-881926.09796,200.10900,644718087.96985,14.30000,296276.00000,10.76000,0.00000,0.00000,1.00000
-649927.34255,-882409.28322,199.42400,644718088.01613,14.47000,343301.00000,11.11000,0.00000,0.00000,1.00000
-650587.62194,-882449.14918,200.07600,644718088.06241,14.75000,362131.00000,10.37000,0.00000,0.00000,1.00000
-650971.43702,-882612.08002,200.89600,644718088.10870,14.42000,714408.00000,7.79000,0.00000,0.00000,1.00000
-650411.26520,-883195.20595,199.01100,644718088.15498,14.16000,1115900.00000,5.71000,0.00000,0.00000,1.00000
-649813.76873,-883794.92210,198.32000,644718088.20127,13.76000,1189906.00000,4.14000,0.00000,0.00000,1.00000
-653685.03823,-882405.54125,225.36400,644718088.24755,13.25000,584320.00000,6.13000,0.00000,0.00000,1.00000
-652897.04336,-883090.10870,222.18500,644718088.29383,12.89000,139572.00000,6.53000,0.00000,0.00000,1.00000
-653434.07349,-883184.87421,227.49000,644718088.34012,12.80000,163373.00000,6.84000,0.00000,0.00000,1.00000
-653798.56351,-883356.43406,230.44600,644718088.38640,12.51000,391333.00000,5.62000,0.00000,0.00000,1.00000
-653716.06388,-883726.95809,227.45100,644718088.43269,12.88000,513618.00000,8.55000,0.00000,0.00000,1.00000
-652383.09833,-884654.03787,219.18000,644718088.47897,13.11000,153051.00000,8.12000,0.00000,0.00000,1.00000
-651630.35698,-885322.82420,214.40800,644718088.52525,13.35000,1115065.00000,7.75000,0.00000,0.00000,1.00000
-651792.98814,-885584.22913,213.71300,644718088.57153,13.20000,1384890.00000,5.67000,0.00000,0.00000,1.00000
-651365.99407,-886108.02007,217.83500,644718088.61782,12.93000,620358.00000,4.69000,0.00000,0.00000,1.00000
-651625.21280,-886326.43365,220.10500,644718088.66410,12.63000,401433.00000,5.65000,0.00000,0.00000,1.00000
-651824.47373,-886571.53510,222.61900,644718088.71038,12.64000,200503.00000,7.55000,0.00000,0.00000,1.00000
-651873.16742,-886883.64390,223.82900,644718088.75667,12.79000,375269.00000,9.59000,0.00000,0.00000,1.00000
-651737.97178,-887277.56796,224.84000,644718088.80295,13.02000,169490.00000,10.10000,0.00000,0.00000,1.00000
-651563.47114,-887688.99552,225.27700,644718088.84923,12.90000,201218.00000,8.05000,0.00000,0.00000,1.00000
-651636.13466,-887990.42247,224.16700,644718088.89551,12.67000,150898.00000,7.59000,0.00000,0.00000,1.00000
-651983.96319,-888169.42807,221.64700,644718088.94180,12.00000,313793.00000,5.10000,0.00000,0.00000,1.00000
-652800.83814,-888139.72562,217.67400,644718088.98808,11.69000,424345.00000,5.39000,0.00000,0.00000,1.00000
-653465.81915,-888177.61433,215.40000,644718089.03436,12.25000,904000.00000,5.74000,0.00000,0.00000,1.00000
-654090.83281,-888233.30399,215.09700,644718089.08065,12.88000,1119292.00000,5.26000,0.00000,0.00000,1.00000
-654887.07596,-888212.81409,218.76300,644718089.12693,13.30000,632448.00000,4.92000,0.00000,0.00000,1.00000
-654560.64835,-888691.83237,214.56800,644718089.17321,13.37000,4539153.00000,5.07000,0.00000,0.00000,1.00000
-633012.50322,-879794.33457,199.67300,644890739.91246,10.81000,404462.00000,4.16000,0.00000,0.00000,1.00000
-633345.68004,-879983.68788,198.21800,644890739.95877,10.61000,1278548.00000,4.91000,0.00000,0.00000,1.00000
-633358.24031,-880310.06347,197.18300,644890740.00509,10.58000,920628.00000,6.56000,0.00000,0.00000,1.00000
-633647.80919,-880518.05129,196.87800,644890740.05140,10.84000,642777.00000,6.67000,0.00000,0.00000,1.00000
-633735.49085,-880812.32057,195.26400,644890740.09771,11.26000,541944.00000,7.31000,0.00000,0.00000,1.00000
-633484.43600,-881251.33943,193.33600,644890740.14402,11.14000,804325.00000,7.10000,0.00000,0.00000,1.00000
-633317.21390,-881654.53720,194.94100,644890740.19033,10.09000,406808.00000,6.97000,0.00000,0.00000,1.00000
-633882.44576,-881744.74053,199.02500,644890740.23665,9.65000,851911.00000,5.23000,0.00000,0.00000,1.00000
-633789.65810,-882116.12239,203.83800,644890740.28296,10.36000,1958065.00000,3.21000,0.00000,0.00000,1.00000
-633558.68477,-882546.53930,210.25400,644890740.32927,11.36000,312213.00000,3.24000,0.00000,0.00000,1.00000
-633534.31974,-882888.68484,213.92000,644890740.37558,11.19000,179231.00000,3.88000,0.00000,0.00000,1.00000
-633491.16978,-883238.84954,216.74400,644890740.42190,10.16000,52176.00000,4.78000,0.00000,0.00000,1.00000
-633456.73642,-883585.28722,219.73500,644890740.46821,9.14000,199696.00000,3.61000,0.00000,0.00000,1.00000
-633468.58678,-883911.94950,220.65800,644890740.51452,8.23000,807841.00000,5.30000,0.00000,0.00000,1.00000
-633515.98524,-884223.42135,221.10000,644890740.56083,8.07000,1684858.00000,4.43000,0.00000,0.00000,1.00000
-633432.57421,-884590.76489,222.19200,644890740.60714,8.33000,4013313.00000,2.53000,0.00000,0.00000,1.00000
-634887.29926,-884301.00651,211.84100,644890740.65345,8.58000,1475299.00000,2.35000,0.00000,0.00000,1.00000
-633485.76887,-885231.46983,220.52800,644890740.69976,7.91000,2439691.00000,2.63000,0.00000,0.00000,1.00000
-633499.61992,-885557.26981,219.28000,644890740.74607,7.15000,3106574.00000,3.23000,0.00000,0.00000,1.00000
-633486.63271,-885894.53059,219.34400,644890740.79238,6.88000,2909300.00000,2.53000,0.00000,0.00000,1.00000
-633479.00638,-886229.49988,219.05500,644890740.83870,7.73000,7281655.00000,1.88000,0.00000,0.00000,1.00000
-637269.60857,-884941.98291,205.30100,644890740.88501,10.01000,1722055.00000,3.57000,0.00000,0.00000,1.00000
-636961.47334,-885405.37580,203.12400,644890740.93132,11.88000,931352.00000,7.43000,0.00000,0.00000,1.00000
-637528.09138,-885495.08467,206.17400,644890740.97763,12.41000,1162278.00000,10.12000,0.00000,0.00000,1.00000
-637155.54791,-885985.98141,203.24300,644890741.02394,12.48000,1391871.00000,7.96000,0.00000,0.00000,1.00000
-636658.90716,-886529.88022,197.04200,644890741.07025,12.46000,954245.00000,8.24000,0.00000,0.00000,1.00000
-636792.83633,-886804.42172,196.33000,644890741.11657,11.65000,834101.00000,5.13000,0.00000,0.00000,1.00000
-636465.91043,-887275.81196,186.96800,644890741.16288,12.14000,1769406.00000,4.70000,0.00000,0.00000,1.00000
-635690.13916,-887938.87990,177.63700,644890741.20919,12.97000,907701.00000,6.15000,0.00000,0.00000,1.00000
-635584.55726,-888315.72068,175.30100,644890741.25550,13.56000,929163.00000,8.33000,0.00000,0.00000,1.00000
-635615.14288,-888634.38141,175.77400,644890741.30181,13.89000,965649.00000,8.16000,0.00000,0.00000,1.00000
-635637.01028,-888956.77245,174.29700,644890741.34813,13.55000,1347434.00000,6.46000,0.00000,0.00000,1.00000
-634707.52962,-889685.43295,177.63200,644890741.39444,13.69000,596103.00000,5.36000,0.00000,0.00000,1.00000
-635049.41154,-889871.16799,177.15400,644890741.44075,14.03000,880231.00000,7.54000,0.00000,0.00000,1.00000
-635822.68471,-889872.68300,177.25600,644890741.48706,13.93000,999560.00000,8.28000,0.00000,0.00000,1.00000
-636365.17144,-889972.75661,177.50100,644890741.53337,13.69000,607305.00000,5.82000,0.00000,0.00000,1.00000
-636961.33609,-890049.90933,177.28000,644890741.57969,13.21000,2501455.00000,4.27000,0.00000,0.00000,1.00000
-636002.31045,-890791.17374,169.96000,644890741.62600,13.13000,307676.00000,4.09000,0.00000,0.00000,1.00000
-636209.04664,-891366.36884,167.06300,644890741.71863,14.31000,5529588.00000,6.43000,0.00000,0.00000,1.00000
-637246.69850,-891255.04741,171.29800,644890741.76494,14.87000,129131.00000,10.39000,0.00000,0.00000,1.00000
-641541.50776,-892407.13352,195.70600,644890742.18175,11.20000,6677592.00000,3.46000,0.00000,0.00000,1.00000
-669737.84452,-867304.41287,273.29700,646307365.30880,11.01000,854070.00000,4.82000,0.00000,0.00000,0.00000
-670115.41176,-866376.66897,270.70000,646307365.35531,10.93000,1250868.00000,5.46000,0.00000,0.00000,0.00000
-668348.19590,-868009.93129,266.54100,646307365.40182,10.77000,3517156.00000,2.96000,0.00000,0.00000,0.00000
-667538.67544,-868499.60152,262.66300,646307365.44834,10.85000,1000606.00000,2.84000,0.00000,0.00000,0.00000
-667181.25303,-868449.45064,259.58100,646307365.49485,10.85000,436182.00000,3.02000,0.00000,0.00000,0.00000
-666567.69573,-868705.12146,256.96700,646307365.54136,10.88000,435138.00000,3.34000,0.00000,0.00000,0.00000
-666043.42547,-868854.16201,255.51600,646307365.58787,11.45000,469121.00000,4.13000,0.00000,0.00000,0.00000
-665732.52623,-868748.45801,252.19500,646307365.63438,11.81000,529783.00000,4.14000,0.00000,0.00000,0.00000
-665361.47363,-868714.57670,249.87200,646307365.68090,11.92000,443144.00000,4.08000,0.00000,0.00000,0.00000
-664924.14057,-868759.80873,247.01700,646307365.72741,12.37000,2170455.00000,4.32000,0.00000,0.00000,0.00000
-664948.37641,-868254.05106,241.26400,646307365.77392,12.46000,651263.00000,4.55000,0.00000,0.00000,0.00000
-664962.27322,-867760.61891,236.76300,646307365.82043,12.73000,488945.00000,3.75000,0.00000,0.00000,0.00000
-664357.62222,-868005.57806,237.44900,646307365.86694,12.55000,2725329.00000,3.39000,0.00000,0.00000,0.00000
-664897.51044,-866884.28093,233.88200,646307365.91346,12.05000,1670085.00000,4.44000,0.00000,0.00000,0.00000
-664650.57278,-866702.25071,234.04100,646307365.95997,11.50000,446088.00000,4.04000,0.00000,0.00000,0.00000
-664209.04547,-866752.50645,235.04600,646307366.00648,11.06000,429744.00000,3.60000,0.00000,0.00000,0.00000
-663846.01355,-866709.04725,236.70100,646307366.05299,10.50000,977334.00000,2.29000,0.00000,0.00000,0.00000
-667610.42316,-861738.43716,319.42800,646307366.09950,10.15000,217148.00000,2.23000,0.00000,0.00000,0.00000
-667688.69523,-861168.22591,321.94800,646307366.14602,9.76000,459153.00000,2.37000,0.00000,0.00000,0.00000
-663865.78332,-865255.10082,246.67600,646307366.19253,9.42000,694286.00000,2.93000,0.00000,0.00000,0.00000
-663515.91641,-865195.93769,245.18300,646307366.23904,9.38000,285680.00000,3.68000,0.00000,0.00000,0.00000
-662835.16132,-865531.73886,248.23300,646307366.28555,9.45000,312931.00000,4.52000,0.00000,0.00000,0.00000
-662308.57142,-865683.49680,251.42500,646307366.33206,9.32000,723469.00000,3.75000,0.00000,0.00000,0.00000
-661866.11941,-865734.83210,253.62800,646307366.37858,9.00000,457641.00000,3.43000,0.00000,0.00000,0.00000
-661590.53206,-865586.99964,254.91400,646307366.42509,8.74000,358050.00000,4.34000,0.00000,0.00000,0.00000
-661341.72857,-865407.19362,254.22900,646307366.47160,8.12000,393883.00000,2.32000,0.00000,0.00000,0.00000
-662573.46994,-863460.34952,202.36900,646307366.51811,7.88000,1402239.00000,3.23000,0.00000,0.00000,0.00000
-662107.51336,-863539.75571,204.04200,646307366.56463,7.98000,1898517.00000,3.75000,0.00000,0.00000,0.00000
-662035.93151,-863148.44265,201.46600,646307366.61114,8.51000,1718120.00000,3.93000,0.00000,0.00000,0.00000
-662147.21850,-862538.90711,196.64000,646307366.65765,9.57000,1445736.00000,5.45000,0.00000,0.00000,0.00000
-662232.19202,-861960.78869,194.15700,646307366.70416,10.61000,3702233.00000,5.27000,0.00000,0.00000,0.00000
-662521.64837,-861138.60866,197.65500,646307366.75068,11.38000,345680.00000,8.54000,0.00000,0.00000,0.00000
-662529.06178,-860653.06021,200.54400,646307366.79719,11.70000,607439.00000,9.37000,0.00000,0.00000,0.00000
-662261.48882,-860495.70902,205.03200,646307366.84371,11.48000,3153277.00000,4.69000,0.00000,0.00000,0.00000
-662191.34584,-860102.73315,213.56800,646307366.89022,11.40000,1530846.00000,4.11000,0.00000,0.00000,0.00000
-662928.73907,-858745.98516,224.53900,646307366.93673,11.21000,440753.00000,3.65000,0.00000,0.00000,0.00000
-661775.13163,-859646.09069,226.96600,646307366.98325,11.03000,724625.00000,4.15000,0.00000,0.00000,0.00000
-661240.57520,-859807.35594,232.03700,646307367.02976,10.67000,1726177.00000,3.17000,0.00000,0.00000,0.00000
-660078.96172,-860716.92988,238.45700,646307367.07628,10.48000,802442.00000,2.06000,0.00000,0.00000,0.00000
-660985.60408,-859158.29235,260.48000,646307367.12279,10.89000,1272153.00000,2.63000,0.00000,0.00000,0.00000
-660674.33027,-859053.09094,261.28000,646307367.16931,11.51000,1429823.00000,3.64000,0.00000,0.00000,0.00000
-661070.93527,-858103.11869,249.06400,646307367.21583,11.92000,1090900.00000,4.06000,0.00000,0.00000,0.00000
-660256.72253,-858598.12594,248.59600,646307367.26234,12.55000,1851991.00000,5.49000,0.00000,0.00000,0.00000
-659597.59438,-858907.98980,248.88800,646307367.30886,12.62000,1176084.00000,6.36000,0.00000,0.00000,0.00000
-659286.78408,-858802.20820,249.30500,646307367.35538,12.63000,279115.00000,7.14000,0.00000,0.00000,0.00000
-659085.03477,-858566.29852,248.87500,646307367.40189,12.68000,444429.00000,7.95000,0.00000,0.00000,0.00000
-658859.30938,-858358.98997,248.30500,646307367.44841,13.05000,657051.00000,8.02000,0.00000,0.00000,0.00000
-659096.61348,-857599.20478,245.91500,646307367.49493,13.90000,310044.00000,9.97000,0.00000,0.00000,0.00000
-659410.05901,-856748.54204,246.44300,646307367.54145,13.82000,55071.00000,11.37000,0.00000,0.00000,0.00000
-659642.18172,-855994.92531,248.02200,646307367.58796,13.55000,212615.00000,8.81000,0.00000,0.00000,0.00000
-659313.99867,-855909.89758,247.52200,646307367.63448,13.27000,601573.00000,8.26000,0.00000,0.00000,0.00000
-658826.47288,-856015.02150,246.79000,646307367.68100,13.56000,615707.00000,7.85000,0.00000,0.00000,0.00000
-658311.19753,-856153.21619,247.28600,646307367.72752,13.54000,329255.00000,6.95000,0.00000,0.00000,0.00000
-657713.65987,-856389.55739,246.41500,646307367.77404,13.61000,459859.00000,8.45000,0.00000,0.00000,0.00000
-657112.35208,-856630.37311,246.63000,646307367.82055,13.41000,370547.00000,7.68000,0.00000,0.00000,0.00000
-656759.25748,-856575.05326,245.96500,646307367.86707,13.67000,339399.00000,8.19000,0.00000,0.00000,0.00000
-657020.57187,-855786.68630,244.30200,646307367.91359,14.03000,180867.00000,9.60000,0.00000,0.00000,0.00000
-657839.40832,-854333.15680,245.76800,646307367.96011,13.73000,533172.00000,8.25000,0.00000,0.00000,0.00000
-657995.89219,-853669.87771,248.05600,646307368.00663,13.51000,372543.00000,6.75000,0.00000,0.00000,0.00000
-657592.99313,-853674.01706,245.95300,646307368.05314,13.25000,827815.00000,4.39000,0.00000,0.00000,0.00000
-656934.36123,-853983.24564,242.40700,646307368.09966,13.08000,2151391.00000,4.78000,0.00000,0.00000,0.00000
-656475.98143,-854053.55387,240.81000,646307368.14618,13.16000,3442611.00000,4.11000,0.00000,0.00000,0.00000
-656003.96657,-854140.11678,239.68300,646307368.19270,13.22000,419206.00000,3.59000,0.00000,0.00000,0.00000
-655589.77242,-854157.68917,238.09400,646307368.23922,13.30000,570844.00000,3.78000,0.00000,0.00000,0.00000
-654207.59386,-855329.98523,236.72200,646307368.28573,13.33000,3134321.00000,3.46000,0.00000,0.00000,0.00000
-655937.13390,-852790.24246,247.25000,646307368.33225,13.10000,2822252.00000,3.68000,0.00000,0.00000,0.00000
-655622.61749,-852688.92636,246.43000,646307368.37877,13.06000,1555148.00000,4.14000,0.00000,0.00000,0.00000
-655312.80503,-852581.99483,245.25100,646307368.42529,13.20000,1218725.00000,4.95000,0.00000,0.00000,0.00000
-655130.85784,-852322.52355,244.92200,646307368.47181,13.20000,481039.00000,5.80000,0.00000,0.00000,0.00000
-654905.66654,-852114.64823,244.38400,646307368.51833,13.24000,1774428.00000,5.99000,0.00000,0.00000,0.00000
-654494.77654,-852128.27687,243.37200,646307368.56485,13.41000,403384.00000,7.10000,0.00000,0.00000,0.00000
-654059.43368,-852171.05577,242.76000,646307368.61136,13.57000,139809.00000,7.01000,0.00000,0.00000,0.00000
-653624.57130,-852213.27764,242.73100,646307368.65788,13.51000,406728.00000,7.91000,0.00000,0.00000,0.00000
-653185.94179,-852259.97732,242.80000,646307368.70440,13.37000,377203.00000,6.56000,0.00000,0.00000,0.00000
-661095.78105,-880632.07625,256.77600,646480018.15286,11.81000,2521487.00000,4.05000,0.00000,0.00000,0.00000
-661518.28617,-879673.87571,258.97200,646480018.19941,12.00000,1872943.00000,4.28000,0.00000,0.00000,0.00000
-661446.24869,-879288.42534,260.95600,646480018.24597,12.07000,367060.00000,6.15000,0.00000,0.00000,0.00000
-661865.39226,-878334.11556,263.14100,646480018.29253,11.93000,360958.00000,5.61000,0.00000,0.00000,0.00000
-661589.88988,-878184.29683,264.44400,646480018.33909,11.77000,884161.00000,3.35000,0.00000,0.00000,0.00000
-661179.85426,-878190.25179,264.60200,646480018.38565,11.82000,11386596.00000,2.80000,0.00000,0.00000,0.00000
-660825.35198,-878131.88311,263.57200,646480018.43221,11.79000,1989962.00000,3.54000,0.00000,0.00000,0.00000
-660412.44375,-878141.15175,262.22200,646480018.47877,11.91000,633306.00000,3.32000,0.00000,0.00000,0.00000
-660121.14162,-878009.59511,259.81900,646480018.52533,12.05000,299478.00000,4.59000,0.00000,0.00000,0.00000
-659767.60755,-877950.11586,257.07700,646480018.57189,12.05000,227931.00000,4.84000,0.00000,0.00000,0.00000
-659456.67245,-877841.27747,254.82100,646480018.61845,12.13000,181869.00000,4.92000,0.00000,0.00000,0.00000
-659211.34359,-877656.50315,252.83900,646480018.66501,12.34000,358226.00000,4.76000,0.00000,0.00000,0.00000
-658980.37527,-877455.09193,249.99700,646480018.71157,12.76000,347618.00000,6.96000,0.00000,0.00000,0.00000
-658820.74176,-877171.07017,249.18600,646480018.75813,12.93000,237113.00000,6.84000,0.00000,0.00000,0.00000
-658731.49394,-876805.56010,248.22300,646480018.80469,13.29000,789218.00000,7.31000,0.00000,0.00000,0.00000
-658442.11563,-876671.77530,247.90300,646480018.85126,13.33000,567967.00000,5.48000,0.00000,0.00000,0.00000
-657923.87458,-876802.97227,246.08600,646480018.89782,13.38000,1734160.00000,4.89000,0.00000,0.00000,0.00000
-657472.18071,-876857.10330,244.93300,646480018.94438,13.26000,1511470.00000,5.71000,0.00000,0.00000,0.00000
-657008.51525,-876925.08850,243.94300,646480018.99094,13.24000,2601491.00000,4.85000,0.00000,0.00000,0.00000
-658480.69080,-874751.84466,238.92400,646480019.03750,13.23000,776909.00000,5.57000,0.00000,0.00000,0.00000
-656684.01944,-876363.14100,236.45900,646480019.08406,13.26000,1180804.00000,5.62000,0.00000,0.00000,0.00000
-656765.25913,-875800.28738,238.11700,646480019.13062,13.52000,285096.00000,6.53000,0.00000,0.00000,0.00000
-656157.94522,-876034.55788,238.94200,646480019.17718,13.74000,1144190.00000,7.84000,0.00000,0.00000,0.00000
-655010.97757,-876893.52827,241.46200,646480019.22374,14.30000,232530.00000,13.29000,0.00000,0.00000,0.00000
-656190.19086,-875059.63335,240.54400,646480019.27031,14.81000,237565.00000,14.07000,0.00000,0.00000,0.00000
-656176.14816,-874607.09324,239.84800,646480019.31687,14.19000,1261357.00000,10.16000,0.00000,0.00000,0.00000
-654924.33547,-875587.44912,237.44100,646480019.36343,14.00000,436580.00000,7.85000,0.00000,0.00000,0.00000
-655052.03566,-874970.83053,237.59900,646480019.40999,13.38000,1639104.00000,4.89000,0.00000,0.00000,0.00000
-655313.34150,-874199.57772,239.58700,646480019.45656,12.17000,2611058.00000,3.60000,0.00000,0.00000,0.00000
-656371.37936,-872506.02482,255.75100,646480019.50312,10.83000,1958156.00000,3.70000,0.00000,0.00000,0.00000
-656332.91517,-872081.77361,258.16900,646480019.54968,9.76000,293247.00000,3.48000,0.00000,0.00000,0.00000
-654223.08902,-874055.31450,226.53700,646480019.59624,9.50000,318001.00000,1.68000,0.00000,0.00000,0.00000
-651199.17889,-877086.53354,198.65100,646480019.64281,10.77000,639012.00000,5.00000,0.00000,0.00000,0.00000
-650948.59501,-876907.78365,198.46900,646480019.68937,12.06000,309480.00000,5.21000,0.00000,0.00000,0.00000
-652605.07894,-874521.84194,206.31400,646480019.73593,12.82000,5815444.00000,4.81000,0.00000,0.00000,0.00000
-652500.56538,-874174.06768,195.77000,646480019.78250,13.26000,1818811.00000,4.88000,0.00000,0.00000,0.00000
-651619.28463,-874725.31263,199.88600,646480019.82906,13.93000,664154.00000,5.59000,0.00000,0.00000,0.00000
-652406.50841,-873345.47009,197.40700,646480019.87562,14.23000,501852.00000,8.14000,0.00000,0.00000,0.00000
-651995.99353,-873351.84847,205.03600,646480019.92219,13.75000,2256506.00000,4.19000,0.00000,0.00000,0.00000
-651456.67154,-873507.32663,212.52300,646480019.96875,13.55000,5237971.00000,3.20000,0.00000,0.00000,0.00000
-651131.41451,-873415.04440,217.67100,646480020.01531,13.57000,817992.00000,5.07000,0.00000,0.00000,0.00000
-651419.14728,-872613.34463,217.52000,646480020.06187,13.57000,719450.00000,7.29000,0.00000,0.00000,0.00000
-650276.39980,-873467.12829,220.88100,646480020.10844,13.49000,1871813.00000,7.02000,0.00000,0.00000,0.00000
-649550.29049,-873838.70372,225.45500,646480020.15500,12.98000,1086899.00000,5.43000,0.00000,0.00000,0.00000
-648915.16795,-874104.95339,231.10800,646480020.20156,12.68000,1585144.00000,4.44000,0.00000,0.00000,0.00000
-650380.09999,-871941.03791,239.73500,646480020.24813,12.20000,2655217.00000,3.77000,0.00000,0.00000,0.00000
-650181.76895,-871701.89082,244.37000,646480020.29469,12.16000,516074.00000,4.32000,0.00000,0.00000,0.00000
-650067.72120,-871365.20603,249.30800,646480020.34125,12.14000,253110.00000,4.67000,0.00000,0.00000,0.00000
-650064.77674,-870899.95111,252.35500,646480020.38781,11.99000,303795.00000,7.84000,0.00000,0.00000,0.00000
-650425.78326,-870013.53515,253.80800,646480020.43438,11.31000,324116.00000,6.19000,0.00000,0.00000,0.00000
-649892.24200,-870162.31188,250.79600,646480020.48094,10.65000,579118.00000,3.70000,0.00000,0.00000,0.00000
-648925.28465,-870812.58983,246.20500,646480020.52750,10.37000,2304276.00000,3.56000,0.00000,0.00000,0.00000
-649061.71609,-870186.08387,242.88200,646480020.57407,10.45000,1769502.00000,4.99000,0.00000,0.00000,0.00000
-650334.08821,-868245.13668,248.77100,646480020.62063,10.37000,827135.00000,5.13000,0.00000,0.00000,0.00000
-650247.83941,-867876.31212,245.62200,646480020.66719,10.50000,531209.00000,5.49000,0.00000,0.00000,0.00000
-648662.15969,-869242.53583,237.25400,646480020.71376,10.37000,674042.00000,5.45000,0.00000,0.00000,0.00000
-648052.94121,-869478.84666,233.46600,646480020.76032,10.44000,366080.00000,5.97000,0.00000,0.00000,0.00000
-647924.07787,-869159.34599,231.16200,646480020.80688,10.96000,497018.00000,7.00000,0.00000,0.00000,0.00000
-647738.22769,-868905.78955,230.03400,646480020.85344,11.34000,955601.00000,4.09000,0.00000,0.00000,0.00000
-649747.69598,-866112.09287,245.33900,646480020.90001,11.43000,3338372.00000,4.39000,0.00000,0.00000,0.00000
-648842.07376,-866691.40811,239.91700,646480020.94657,11.54000,705287.00000,8.65000,0.00000,0.00000,0.00000
-648072.43278,-867113.32986,237.87200,646480020.99313,11.52000,488136.00000,8.27000,0.00000,0.00000,0.00000
-647862.16782,-866888.03897,238.22900,646480021.03970,11.90000,321975.00000,7.46000,0.00000,0.00000,0.00000
-647460.81730,-866883.83787,237.64200,646480021.08626,12.00000,524789.00000,6.42000,0.00000,0.00000,0.00000
-647864.05631,-865948.74158,240.77200,646480021.13283,12.09000,1227002.00000,5.21000,0.00000,0.00000,0.00000
-647759.15561,-865601.54508,242.44700,646480021.17939,12.41000,515170.00000,5.60000,0.00000,0.00000,0.00000
-647046.03408,-865958.04885,238.15700,646480021.22596,12.45000,528275.00000,5.01000,0.00000,0.00000,0.00000
-646432.04095,-866199.83911,234.13800,646480021.27252,12.91000,479115.00000,5.40000,0.00000,0.00000,0.00000
-646068.52803,-866151.84699,231.86100,646480021.31908,12.99000,278761.00000,6.69000,0.00000,0.00000,0.00000
-645781.16233,-866015.73949,229.86700,646480021.36565,12.93000,367078.00000,6.44000,0.00000,0.00000,0.00000
-645684.90585,-865658.56451,228.66500,646480021.41221,12.96000,117452.00000,10.04000,0.00000,0.00000,0.00000
-645845.36375,-865004.41430,229.97700,646480021.45878,12.88000,125787.00000,9.24000,0.00000,0.00000,0.00000
-646028.32430,-864324.21409,232.43000,646480021.50534,12.77000,780369.00000,6.60000,0.00000,0.00000,0.00000
-645792.22535,-864128.83751,232.67000,646480021.55191,12.65000,1958436.00000,4.05000,0.00000,0.00000,0.00000
-644720.35354,-864900.27971,225.30800,646480021.59847,12.52000,1266027.00000,3.69000,0.00000,0.00000,0.00000
-644762.04967,-864383.53845,227.16300,646480021.64504,12.36000,871056.00000,3.34000,0.00000,0.00000,0.00000
-644516.84469,-864198.67775,229.81300,646480021.69160,12.45000,2767923.00000,3.22000,0.00000,0.00000,0.00000
-644205.54448,-864090.26864,231.65900,646480021.73817,12.25000,680024.00000,3.70000,0.00000,0.00000,0.00000
-643885.63110,-863991.82971,230.16500,646480021.78473,12.31000,726688.00000,5.06000,0.00000,0.00000,0.00000
-643786.52954,-863637.98662,229.98400,646480021.83130,12.16000,172567.00000,6.34000,0.00000,0.00000,0.00000
-643766.93160,-863192.17169,230.43800,646480021.87786,12.11000,287637.00000,6.98000,0.00000,0.00000,0.00000
-643534.67630,-862992.34348,230.39900,646480021.92443,12.03000,474103.00000,5.82000,0.00000,0.00000,0.00000
-650976.63142,-890144.49839,202.39900,646652671.49536,11.18000,392284.00000,4.73000,0.00000,0.00000,0.00000
-650043.50576,-890731.22617,202.68500,646652671.54197,11.18000,1421022.00000,4.69000,0.00000,0.00000,0.00000
-650790.96544,-889430.45346,208.22500,646652671.58858,10.81000,574173.00000,4.49000,0.00000,0.00000,0.00000
-649691.59193,-890203.86578,202.75900,646652671.63519,10.63000,284685.00000,5.62000,0.00000,0.00000,0.00000
-649104.63596,-890401.78998,200.89500,646652671.68180,10.39000,534009.00000,4.88000,0.00000,0.00000,0.00000
-649064.22485,-889985.88134,201.93800,646652671.72841,10.12000,1782854.00000,2.11000,0.00000,0.00000,0.00000
-649774.62515,-888726.82103,224.15300,646652671.77502,10.05000,1007870.00000,2.42000,0.00000,0.00000,0.00000
-649362.71468,-888728.16280,223.27700,646652671.82163,9.97000,291309.00000,2.45000,0.00000,0.00000,0.00000
-648890.34567,-888797.37880,220.71700,646652671.86824,9.87000,360485.00000,2.58000,0.00000,0.00000,0.00000
-648413.10619,-888872.07528,217.28300,646652671.91486,9.64000,654973.00000,3.03000,0.00000,0.00000,0.00000
-647868.57956,-889022.31627,212.78300,646652671.96147,9.57000,548364.00000,3.73000,0.00000,0.00000,0.00000
-647162.16050,-889354.31920,208.14800,646652672.00808,9.81000,506554.00000,4.37000,0.00000,0.00000,0.00000
-646197.30326,-889976.48653,206.69400,646652672.05469,10.01000,1148562.00000,4.82000,0.00000,0.00000,0.00000
-646846.88366,-888785.88454,195.02100,646652672.10130,10.06000,1342393.00000,4.60000,0.00000,0.00000,0.00000
-646317.45179,-888919.13982,191.73200,646652672.14791,10.30000,451665.00000,4.88000,0.00000,0.00000,0.00000
-646258.07274,-888524.60201,187.94300,646652672.19452,10.95000,276098.00000,6.68000,0.00000,0.00000,0.00000
-645616.97081,-888783.22617,186.21300,646652672.24113,11.95000,240349.00000,8.63000,0.00000,0.00000,0.00000
-644921.73572,-889102.60294,187.06700,646652672.28774,12.47000,282767.00000,11.03000,0.00000,0.00000,0.00000
-645072.04803,-888472.64250,186.71200,646652672.33435,12.70000,271998.00000,9.89000,0.00000,0.00000,0.00000
-645446.18802,-887591.40954,188.15700,646652672.38096,11.86000,689572.00000,6.63000,0.00000,0.00000,0.00000
-645165.44244,-887445.42974,191.40000,646652672.42757,11.12000,6388889.00000,3.20000,0.00000,0.00000,0.00000
-641378.96772,-891235.11656,195.18200,646652672.47418,10.81000,3774555.00000,2.33000,0.00000,0.00000,0.00000
-642446.63029,-889575.41053,190.01200,646652672.52079,10.38000,7733890.00000,1.71000,0.00000,0.00000,0.00000
-640721.80869,-891050.42055,186.41500,646652672.56740,10.02000,2246614.00000,1.48000,0.00000,0.00000,0.00000
-643846.47223,-887081.56796,229.43900,646652672.61402,9.63000,403005.00000,2.24000,0.00000,0.00000,0.00000
-643520.88320,-886985.93228,231.08400,646652672.66063,9.64000,1514148.00000,2.86000,0.00000,0.00000,0.00000
-643209.93142,-886873.88711,230.27700,646652672.70724,9.76000,329488.00000,4.36000,0.00000,0.00000,0.00000
-643268.58814,-886346.90015,228.68900,646652672.75385,10.04000,224184.00000,6.51000,0.00000,0.00000,0.00000
-643832.89989,-885252.27133,230.50300,646652672.80046,10.13000,203813.00000,5.91000,0.00000,0.00000,0.00000
-643845.23248,-884777.29927,233.37800,646652672.84707,10.08000,281457.00000,4.05000,0.00000,0.00000,0.00000
-643561.60030,-884634.60202,233.61500,646652672.89368,9.85000,853863.00000,3.48000,0.00000,0.00000,0.00000
-642969.30743,-884838.38525,231.99500,646652672.94029,9.74000,1860484.00000,2.84000,0.00000,0.00000,0.00000
-642871.44481,-884487.13825,241.89200,646652672.98690,9.61000,6310809.00000,1.86000,0.00000,0.00000,0.00000
-642523.45442,-884416.68808,244.59000,646652673.03351,9.43000,1595341.00000,2.24000,0.00000,0.00000,0.00000
-642229.58562,-884285.46965,246.73900,646652673.08012,9.37000,643841.00000,2.28000,0.00000,0.00000,0.00000
-642011.79434,-884068.87111,246.26800,646652673.12673,9.38000,311975.00000,3.17000,0.00000,0.00000,0.00000
-642243.57783,-883347.61573,248.04300,646652673.17334,9.34000,247888.00000,4.87000,0.00000,0.00000,0.00000
-642116.97304,-883028.66007,248.70800,646652673.21995,9.04000,1008338.00000,2.91000,0.00000,0.00000,0.00000
-641629.05047,-883115.27041,244.03500,646652673.26656,8.52000,3470199.00000,2.16000,0.00000,0.00000,0.00000
-641065.54259,-883286.70770,235.66400,646652673.31317,8.36000,1076917.00000,2.66000,0.00000,0.00000,0.00000
-641033.07611,-882862.11630,229.86200,646652673.35978,8.25000,2679733.00000,3.47000,0.00000,0.00000,0.00000
-641158.09971,-882260.72909,230.35000,646652673.40639,8.26000,516332.00000,2.90000,0.00000,0.00000,0.00000
-641223.63689,-881726.11313,229.12800,646652673.45300,8.23000,1215926.00000,2.72000,0.00000,0.00000,0.00000
-640838.60005,-881697.22936,227.21600,646652673.49961,8.09000,3396650.00000,2.19000,0.00000,0.00000,0.00000
-640325.80867,-881811.74748,224.31700,646652673.54622,7.95000,447140.00000,2.97000,0.00000,0.00000,0.00000
-639945.16205,-881777.93249,222.44400,646652673.59283,7.87000,169646.00000,3.75000,0.00000,0.00000,0.00000
-639958.53973,-881301.89092,222.27800,646652673.63944,7.96000,253585.00000,4.27000,0.00000,0.00000,0.00000
-639468.65938,-881390.67065,222.20600,646652673.68605,7.81000,315821.00000,3.34000,0.00000,0.00000,0.00000
-638576.45013,-881930.95551,216.90900,646652673.73267,7.80000,1733005.00000,3.18000,0.00000,0.00000,0.00000
-638523.51235,-881529.34096,218.04700,646652673.77928,7.91000,965557.00000,4.85000,0.00000,0.00000,0.00000
-638430.10657,-881173.15960,218.73400,646652673.82589,8.21000,2102227.00000,4.10000,0.00000,0.00000,0.00000
-637692.47224,-881539.92101,218.88700,646652673.87250,8.35000,2218987.00000,4.83000,0.00000,0.00000,0.00000
-637565.90271,-881220.94421,219.05100,646652673.91911,8.72000,492872.00000,4.91000,0.00000,0.00000,0.00000
-637696.34853,-880613.56234,217.37400,646652673.96573,9.39000,437024.00000,6.06000,0.00000,0.00000,0.00000
-637145.49997,-880770.70751,213.25300,646652674.01234,9.84000,736796.00000,8.83000,0.00000,0.00000,0.00000
-637296.92762,-880139.80007,213.57700,646652674.05895,9.87000,459564.00000,7.38000,0.00000,0.00000,0.00000
-636122.79407,-880996.32739,209.14700,646652674.10556,9.75000,907494.00000,7.92000,0.00000,0.00000,0.00000
-635300.74991,-881457.71154,207.98600,646652674.15218,10.25000,370681.00000,11.03000,0.00000,0.00000,0.00000
-635495.60371,-880778.10180,204.76100,646652674.19879,9.66000,421515.00000,6.77000,0.00000,0.00000,0.00000
-634208.74457,-881760.99114,205.14100,646652674.24540,9.35000,3238587.00000,4.21000,0.00000,0.00000,0.00000
-636479.34089,-878752.35068,213.75100,646652674.29202,9.04000,971891.00000,3.38000,0.00000,0.00000,0.00000
-636331.33897,-878457.44814,209.93400,646652674.33863,9.25000,5347083.00000,3.77000,0.00000,0.00000,0.00000
-635986.78591,-878383.08288,211.21100,646652674.38524,9.46000,1282094.00000,5.02000,0.00000,0.00000,0.00000
-635993.39012,-877914.71755,211.27600,646652674.43186,9.41000,540623.00000,5.12000,0.00000,0.00000,0.00000
-635715.67071,-877765.38843,210.12300,646652674.47847,9.63000,1377607.00000,6.27000,0.00000,0.00000,0.00000
-635288.71686,-877783.50344,206.98100,646652674.52509,9.59000,485719.00000,5.11000,0.00000,0.00000,0.00000
-635052.44142,-877587.64372,207.36500,646652674.57170,9.31000,222901.00000,5.98000,0.00000,0.00000,0.00000
-635067.35537,-877109.98392,207.47600,646652674.61831,9.39000,209336.00000,7.76000,0.00000,0.00000,0.00000
-635018.37875,-876704.01141,208.89400,646652674.66493,9.43000,101158.00000,8.15000,0.00000,0.00000,0.00000
-635015.24989,-876246.60766,210.51700,646652674.71154,9.28000,274715.00000,9.10000,0.00000,0.00000,0.00000
