-668892.22155,-869670.20761,274.41100,592504932.10817,13.41000,1292156.00000,6.40000,0.00000,0.00000,0.00000
-669720.21504,-868210.83223,280.81400,592504932.15497,13.22000,1490829.00000,4.09000,0.00000,0.00000,0.00000
-669280.61664,-868254.72658,278.54400,592504932.20177,13.11000,821946.00000,4.88000,0.00000,0.00000,0.00000
-668728.19379,-868432.41125,274.80000,592504932.24857,13.17000,2788503.00000,4.25000,0.00000,0.00000,0.00000
-668223.64224,-868553.31522,271.74300,592504932.29537,13.29000,1898265.00000,5.13000,0.00000,0.00000,0.00000
-667520.44067,-868909.74502,269.20800,592504932.34217,13.73000,1446502.00000,6.33000,0.00000,0.00000,0.00000
-667193.17774,-868820.37507,266.79300,592504932.38898,13.33000,299828.00000,5.84000,0.00000,0.00000,0.00000
-666655.89587,-868980.04485,264.64900,592504932.43578,13.22000,278511.00000,6.58000,0.00000,0.00000,0.00000
-666026.63652,-869248.75817,264.32500,592504932.48258,13.13000,470814.00000,4.51000,0.00000,0.00000,0.00000
-665189.22739,-869764.22910,265.62000,592504932.52938,13.33000,1612596.00000,3.62000,0.00000,0.00000,0.00000
-664666.14780,-869907.00789,264.62500,592504932.57618,13.38000,2155875.00000,4.02000,0.00000,0.00000,0.00000
-665770.68433,-868120.02042,243.09700,592504932.62299,13.62000,745259.00000,4.47000,0.00000,0.00000,0.00000
-665360.45940,-868129.02496,240.78600,592504932.66979,14.32000,328758.00000,6.61000,0.00000,0.00000,0.00000
-664955.91454,-868131.26485,239.80600,592504932.71659,15.40000,213571.00000,8.45000,0.00000,0.00000,0.00000
-664506.33728,-868186.91929,239.58900,592504932.76339,15.93000,275201.00000,13.59000,0.00000,0.00000,0.00000
-663946.75028,-868372.96011,240.91600,592504932.81019,16.25000,289316.00000,12.19000,0.00000,0.00000,0.00000
-663729.97751,-868152.60215,240.68700,592504932.85699,16.61000,150900.00000,14.45000,0.00000,0.00000,0.00000
-663741.26263,-867661.85597,239.31300,592504932.90380,15.29000,250017.00000,8.85000,0.00000,0.00000,0.00000
-663644.92446,-867298.71426,239.00800,592504932.95060,14.83000,219904.00000,12.01000,0.00000,0.00000,0.00000
-663494.06892,-867000.22366,238.86700,592504932.99740,14.19000,277976.00000,12.67000,0.00000,0.00000,0.00000
-663290.57436,-866764.10956,239.31300,592504933.04420,13.23000,375228.00000,5.12000,0.00000,0.00000,0.00000
-662551.76728,-867162.60561,240.37600,592504933.09101,12.52000,4084695.00000,2.67000,0.00000,0.00000,0.00000
-663729.95953,-865288.57147,247.72800,592504933.13781,12.06000,510683.00000,2.88000,0.00000,0.00000,0.00000
-662917.69070,-865774.18404,249.22000,592504933.18461,11.73000,766633.00000,3.44000,0.00000,0.00000,0.00000
-662410.74715,-865897.78628,251.36300,592504933.23141,11.57000,2311035.00000,3.03000,0.00000,0.00000,0.00000
-661967.35058,-865946.07377,253.65600,592504933.27822,11.37000,382692.00000,3.07000,0.00000,0.00000,0.00000
-661583.21760,-865924.09929,255.03200,592504933.32502,11.19000,129619.00000,3.97000,0.00000,0.00000,0.00000
-661408.18800,-865654.26004,255.16900,592504933.37182,10.46000,339524.00000,4.42000,0.00000,0.00000,0.00000
-661127.42296,-865509.75881,254.57500,592504933.41862,9.65000,467657.00000,2.18000,0.00000,0.00000,0.00000
-662042.95172,-863947.26984,203.06200,592504933.46543,9.10000,1813477.00000,2.73000,0.00000,0.00000,0.00000
-661362.45492,-864276.59905,207.56800,592504933.51223,8.98000,1656166.00000,4.15000,0.00000,0.00000,0.00000
-660845.56247,-864412.01651,210.11000,592504933.55903,9.94000,713447.00000,6.75000,0.00000,0.00000,0.00000
-660547.73125,-864287.74890,209.00000,592504933.60584,11.50000,204530.00000,7.84000,0.00000,0.00000,0.00000
-660163.58990,-864265.76294,208.78700,592504933.65264,12.51000,461343.00000,6.21000,0.00000,0.00000,0.00000
-660054.03070,-863918.36269,208.43200,592504933.69945,13.19000,364291.00000,5.56000,0.00000,0.00000,0.00000
-659944.94189,-863570.39434,209.12300,592504933.74625,13.53000,621805.00000,5.46000,0.00000,0.00000,0.00000
-660366.48868,-862593.50380,209.34900,592504933.79305,13.59000,1339285.00000,6.57000,0.00000,0.00000,0.00000
-660195.76832,-862318.61645,211.91600,592504933.83986,13.36000,674176.00000,6.40000,0.00000,0.00000,0.00000
-656901.26095,-865745.75372,212.74400,592504933.88666,13.09000,331766.00000,4.22000,0.00000,0.00000,0.00000
-656269.55070,-866017.09013,216.47400,592504933.93347,12.63000,297468.00000,2.75000,0.00000,0.00000,0.00000
-660423.31699,-860617.21223,237.85300,592504933.98027,12.19000,772210.00000,2.63000,0.00000,0.00000,0.00000
-659912.12502,-860745.83469,242.98400,592504934.02708,12.05000,1315575.00000,2.70000,0.00000,0.00000,0.00000
-659668.37415,-860557.49036,249.41000,592504934.07388,12.28000,886885.00000,2.24000,0.00000,0.00000,0.00000
-659658.85817,-860091.54005,261.48200,592504934.12069,12.58000,2752850.00000,2.93000,0.00000,0.00000,0.00000
-659039.58188,-860348.26731,254.60700,592504934.16750,13.00000,2073220.00000,2.42000,0.00000,0.00000,0.00000
-655165.14023,-864462.28147,240.05300,592504934.21430,13.43000,329964.00000,4.58000,0.00000,0.00000,0.00000
-658168.95192,-860425.60364,256.45100,592504934.26111,13.50000,234089.00000,4.26000,0.00000,0.00000,0.00000
-658153.30100,-859966.95716,257.32100,592504934.30791,13.33000,709586.00000,3.03000,0.00000,0.00000,0.00000
-653944.89323,-864476.44634,243.77600,592504934.35472,13.24000,2192458.00000,2.39000,0.00000,0.00000,0.00000
-657710.88042,-859536.84815,244.72300,592504934.40153,13.28000,1068399.00000,2.69000,0.00000,0.00000,0.00000
-657589.50326,-859203.51686,244.96200,592504934.44833,13.12000,1250635.00000,4.57000,0.00000,0.00000,0.00000
-656969.71967,-859460.75746,245.61400,592504934.49514,13.21000,1053092.00000,6.87000,0.00000,0.00000,0.00000
-656836.00636,-859142.02461,246.42500,592504934.54194,13.46000,391133.00000,6.29000,0.00000,0.00000,0.00000
-656965.48343,-858511.42638,245.27600,592504934.58875,13.85000,1834688.00000,5.06000,0.00000,0.00000,0.00000
-656746.89828,-858293.28148,242.94700,592504934.63556,14.14000,3235622.00000,5.14000,0.00000,0.00000,0.00000
-656288.82110,-858358.89051,248.40500,592504934.68237,14.27000,1382755.00000,5.63000,0.00000,0.00000,0.00000
-656008.11368,-858214.34836,248.72000,592504934.72917,13.97000,598928.00000,5.68000,0.00000,0.00000,0.00000
-655778.15541,-858009.69348,249.28800,592504934.77598,13.90000,225445.00000,5.48000,0.00000,0.00000,0.00000
-655405.92779,-857973.59322,249.14600,592504934.82279,13.86000,380341.00000,4.50000,0.00000,0.00000,0.00000
-655029.42651,-857942.54208,248.57000,592504934.86959,13.79000,1646163.00000,5.32000,0.00000,0.00000,0.00000
-654680.90455,-857878.33421,247.53600,592504934.91640,13.95000,2179872.00000,4.61000,0.00000,0.00000,0.00000
-654287.33060,-857867.50069,245.87500,592504934.96321,14.34000,525944.00000,5.64000,0.00000,0.00000,0.00000
-653961.10323,-857776.88614,243.92600,592504935.01002,14.77000,267923.00000,7.32000,0.00000,0.00000,0.00000
-653811.77535,-857476.69788,242.89300,592504935.05682,15.10000,227241.00000,9.95000,0.00000,0.00000,0.00000
-653690.89689,-857142.78257,242.52800,592504935.10363,15.00000,689729.00000,7.30000,0.00000,0.00000,0.00000
-653350.44998,-857069.01720,242.51500,592504935.15044,15.17000,925147.00000,6.44000,0.00000,0.00000,0.00000
-652853.95986,-857180.08781,240.55400,592504935.19724,15.18000,3701023.00000,6.01000,0.00000,0.00000,0.00000
-652424.34773,-857211.93269,242.28300,592504935.24405,15.01000,1474829.00000,6.66000,0.00000,0.00000,0.00000
-652101.44428,-857117.35547,243.22500,592504935.29086,14.85000,506158.00000,7.52000,0.00000,0.00000,0.00000
-651856.32976,-856930.65154,243.20500,592504935.33767,14.88000,392043.00000,7.80000,0.00000,0.00000,0.00000
-651805.19214,-856514.15510,242.48000,592504935.38447,15.01000,324587.00000,7.87000,0.00000,0.00000,0.00000
-651607.02148,-856271.80689,242.94500,592504935.43128,15.02000,309057.00000,8.79000,0.00000,0.00000,0.00000
-651404.12109,-856035.09446,243.23500,592504935.47809,14.74000,587257.00000,8.26000,0.00000,0.00000,0.00000
-651324.07013,-855652.87756,242.92500,592504935.52490,14.24000,82883.00000,8.63000,0.00000,0.00000,0.00000
-651334.60343,-855163.35174,243.36900,592504935.57170,13.97000,143414.00000,8.39000,0.00000,0.00000,0.00000
-651242.70420,-854795.19099,244.36300,592504935.61851,13.89000,154515.00000,7.81000,0.00000,0.00000,0.00000
-650961.08087,-854651.72868,245.72300,592504935.66532,14.18000,212695.00000,6.08000,0.00000,0.00000,0.00000
-650675.19919,-854513.33135,246.68200,592504935.71213,13.71000,198633.00000,5.49000,0.00000,0.00000,0.00000
-660437.85191,-881614.89418,259.73500,592677584.85284,11.20000,289777.00000,6.53000,0.00000,0.00000,0.00000
-660313.08402,-881288.92508,258.62200,592677584.89969,11.38000,185530.00000,5.79000,0.00000,0.00000,0.00000
-660171.41248,-880982.38599,257.38900,592677584.94654,11.87000,159436.00000,7.93000,0.00000,0.00000,0.00000
-659925.43484,-880795.80816,256.20000,592677584.99338,11.89000,328644.00000,5.57000,0.00000,0.00000,0.00000
-659633.10252,-880662.54751,254.69600,592677585.04023,12.04000,153417.00000,6.43000,0.00000,0.00000,0.00000
-659583.18925,-880250.48594,254.22800,592677585.08708,12.18000,91516.00000,8.08000,0.00000,0.00000,0.00000
-659916.22454,-879398.04520,257.29100,592677585.13393,12.02000,149412.00000,6.25000,0.00000,0.00000,0.00000
-659792.42972,-879070.97090,258.57000,592677585.18077,11.91000,1306246.00000,3.65000,0.00000,0.00000,0.00000
-659394.34456,-879059.32565,257.52900,592677585.22762,11.94000,5003700.00000,3.01000,0.00000,0.00000,0.00000
-658957.14996,-879092.66248,255.75000,592677585.27447,11.93000,1722290.00000,3.29000,0.00000,0.00000,0.00000
-658468.76845,-879184.86300,253.57600,592677585.32132,12.06000,2194965.00000,3.75000,0.00000,0.00000,0.00000
-657927.73796,-879337.57470,250.61100,592677585.36817,12.23000,656944.00000,4.07000,0.00000,0.00000,0.00000
-657266.93740,-879628.00887,248.47800,592677585.41501,12.13000,227983.00000,4.73000,0.00000,0.00000,0.00000
-656588.25368,-879938.96998,247.88900,592677585.46186,12.14000,408576.00000,4.91000,0.00000,0.00000,0.00000
-656000.36243,-880145.52851,248.30900,592677585.50871,12.06000,1265062.00000,4.32000,0.00000,0.00000,0.00000
-655639.45238,-880091.07988,248.32300,592677585.55556,11.99000,939348.00000,4.37000,0.00000,0.00000,0.00000
-655613.23501,-879651.80670,245.32600,592677585.60241,11.79000,3662748.00000,4.70000,0.00000,0.00000,0.00000
-655286.13427,-879558.47820,246.08500,592677585.64926,11.84000,765366.00000,5.58000,0.00000,0.00000,0.00000
-655256.54839,-879123.10264,245.53800,592677585.69611,12.07000,265931.00000,7.28000,0.00000,0.00000,0.00000
-655744.69431,-878092.45925,246.42000,592677585.74296,11.78000,221038.00000,6.20000,0.00000,0.00000,0.00000
-655745.06087,-877622.66508,246.04000,592677585.78980,11.61000,667973.00000,4.42000,0.00000,0.00000,0.00000
-655378.38083,-877574.88334,244.40500,592677585.83665,11.64000,1280928.00000,3.84000,0.00000,0.00000,0.00000
-654954.21707,-877593.17352,248.53100,592677585.88350,11.76000,4543012.00000,2.22000,0.00000,0.00000,0.00000
-654421.87144,-877735.82479,247.68600,592677585.93035,11.94000,2531904.00000,2.36000,0.00000,0.00000,0.00000
-655104.22271,-876481.98524,236.46800,592677585.97720,12.01000,2697370.00000,2.47000,0.00000,0.00000,0.00000
-654889.20248,-876259.84763,236.95500,592677586.02405,11.92000,535878.00000,3.41000,0.00000,0.00000,0.00000
-654950.43613,-875720.08635,237.06900,592677586.07090,12.20000,1670853.00000,6.12000,0.00000,0.00000,0.00000
-653963.12659,-876385.79128,235.95900,592677586.11775,12.44000,695644.00000,7.82000,0.00000,0.00000,0.00000
-653492.12853,-876457.92946,235.23300,592677586.16460,12.20000,107782.00000,8.94000,0.00000,0.00000,0.00000
-653456.77911,-876029.22125,234.65500,592677586.21145,11.81000,300938.00000,9.64000,0.00000,0.00000,0.00000
-654640.96529,-874198.54351,240.51000,592677586.25830,11.62000,126994.00000,5.80000,0.00000,0.00000,0.00000
-655182.78598,-873106.33357,243.06000,592677586.30515,11.49000,160363.00000,2.76000,0.00000,0.00000,0.00000
-651522.07645,-876845.21736,199.69700,592677586.35200,12.22000,73016.00000,3.62000,0.00000,0.00000,0.00000
-650966.99651,-877013.93081,198.38200,592677586.39885,13.11000,1168382.00000,8.28000,0.00000,0.00000,0.00000
-650910.91357,-876609.08916,199.60200,592677586.44570,13.51000,1744573.00000,5.69000,0.00000,0.00000,0.00000
-651913.64842,-874987.18968,207.70500,592677586.49255,13.76000,1092994.00000,5.75000,0.00000,0.00000,0.00000
-651575.95970,-874906.05739,207.54600,592677586.53940,14.65000,291893.00000,9.48000,0.00000,0.00000,0.00000
-651099.63611,-874984.26578,208.69500,592677586.58625,15.57000,294764.00000,11.35000,0.00000,0.00000,0.00000
-650452.79691,-875258.44594,210.71200,592677586.63310,15.26000,371929.00000,9.81000,0.00000,0.00000,0.00000
-649608.38335,-875759.68677,214.37900,592677586.67995,14.72000,1252973.00000,8.42000,0.00000,0.00000,0.00000
-649538.79246,-875370.39436,217.38500,592677586.72680,14.47000,608841.00000,7.20000,0.00000,0.00000,0.00000
-649095.80098,-875410.25667,222.14200,592677586.77365,14.35000,616178.00000,6.13000,0.00000,0.00000,0.00000
-648662.95179,-875438.43552,228.11600,592677586.82050,14.56000,606157.00000,6.28000,0.00000,0.00000,0.00000
-648065.87230,-875655.37717,232.35300,592677586.86735,14.46000,334782.00000,6.44000,0.00000,0.00000,0.00000
-648220.90479,-875007.93379,234.39800,592677586.91420,13.90000,674685.00000,6.41000,0.00000,0.00000,0.00000
-647499.69384,-875367.50785,245.41700,592677586.96105,12.98000,401848.00000,4.22000,0.00000,0.00000,0.00000
-647348.48271,-875072.02985,250.19400,592677587.00790,12.59000,360477.00000,5.01000,0.00000,0.00000,0.00000
-647846.48769,-874030.48459,251.05800,592677587.05475,12.77000,149888.00000,10.11000,0.00000,0.00000,0.00000
-648570.06303,-872729.72149,252.50000,592677587.10160,13.19000,263911.00000,10.66000,0.00000,0.00000,0.00000
-648455.57024,-872392.09403,253.63600,592677587.14845,12.54000,964625.00000,5.94000,0.00000,0.00000,0.00000
-647892.32746,-872570.14240,249.20000,592677587.19530,11.83000,1742856.00000,4.15000,0.00000,0.00000,0.00000
-647402.99012,-872663.26371,245.94100,592677587.24215,11.11000,1084696.00000,4.79000,0.00000,0.00000,0.00000
-647502.01884,-872080.27877,241.57200,592677587.28900,10.71000,293217.00000,7.66000,0.00000,0.00000,0.00000
-647437.29397,-871685.46904,241.03200,592677587.33585,10.52000,308134.00000,11.10000,0.00000,0.00000,0.00000
-646933.95227,-871794.68468,240.71400,592677587.38270,10.44000,484040.00000,10.36000,0.00000,0.00000,0.00000
-646653.29749,-871647.99213,239.63900,592677587.42955,10.32000,268723.00000,7.71000,0.00000,0.00000,0.00000
-646354.77196,-871521.83662,238.01900,592677587.47640,10.62000,2979544.00000,5.05000,0.00000,0.00000,0.00000
-648468.67221,-868623.55282,232.71200,592677587.52325,11.26000,899149.00000,6.18000,0.00000,0.00000,0.00000
-645560.61994,-871495.98209,232.78600,592677587.57011,11.80000,1258707.00000,6.94000,0.00000,0.00000,0.00000
-645322.96557,-871299.88332,231.25000,592677587.61696,12.26000,310023.00000,6.76000,0.00000,0.00000,0.00000
-645335.55335,-870816.26137,229.28000,592677587.66381,12.98000,129979.00000,11.02000,0.00000,0.00000,0.00000
-645989.19568,-869596.06587,230.32100,592677587.71066,13.02000,743448.00000,10.56000,0.00000,0.00000,0.00000
-645954.93004,-869166.29555,230.98400,592677587.75751,12.87000,1686940.00000,7.80000,0.00000,0.00000,0.00000
-645813.41717,-868859.75144,234.92400,592677587.80436,13.08000,1591738.00000,5.42000,0.00000,0.00000,0.00000
-645285.92123,-868996.67638,234.46000,592677587.85121,13.02000,929255.00000,5.20000,0.00000,0.00000,0.00000
-644699.98348,-869200.76421,233.72000,592677587.89806,13.20000,765206.00000,5.96000,0.00000,0.00000,0.00000
-644281.18687,-869212.79611,232.80900,592677587.94492,12.91000,1281505.00000,5.52000,0.00000,0.00000,0.00000
-643912.14463,-869167.65148,229.50400,592677587.99177,12.93000,1588682.00000,5.08000,0.00000,0.00000,0.00000
-643803.97812,-868822.79219,227.64100,592677588.03862,13.18000,223840.00000,7.97000,0.00000,0.00000,0.00000
-643881.33464,-868264.80754,226.33100,592677588.08547,13.26000,72488.00000,8.94000,0.00000,0.00000,0.00000
-643892.02090,-867783.41670,225.80100,592677588.13233,13.20000,189276.00000,6.42000,0.00000,0.00000,0.00000
-643605.60635,-867643.36942,225.16800,592677588.17918,13.32000,519168.00000,5.14000,0.00000,0.00000,0.00000
-643192.13616,-867649.28634,223.68300,592677588.22603,13.46000,600593.00000,5.95000,0.00000,0.00000,0.00000
-642860.30438,-867561.39534,222.82400,592677588.27288,13.63000,301863.00000,6.49000,0.00000,0.00000,0.00000
-642643.94048,-867340.85726,222.41100,592677588.31974,13.66000,290981.00000,8.92000,0.00000,0.00000,0.00000
-642537.73383,-866993.78590,221.35800,592677588.36659,13.95000,156426.00000,10.78000,0.00000,0.00000,0.00000
-642952.33250,-866048.43279,222.61200,592677588.41344,14.11000,160353.00000,9.68000,0.00000,0.00000,0.00000
-643190.11266,-865306.22210,224.52400,592677588.46029,14.33000,277512.00000,8.77000,0.00000,0.00000,0.00000
-642824.47791,-865257.17282,222.69200,592677588.50715,14.28000,1284641.00000,5.54000,0.00000,0.00000,0.00000
-642141.43333,-865572.74230,218.52600,592677588.55400,14.00000,1190850.00000,4.67000,0.00000,0.00000,0.00000
-641346.77680,-866016.50814,214.30900,592677588.60085,13.69000,3180145.00000,3.48000,0.00000,0.00000,0.00000
-640731.34928,-866254.36574,212.67100,592677588.64771,13.62000,3872952.00000,3.09000,0.00000,0.00000,0.00000
-641422.82436,-864991.07144,226.22900,592677588.69456,13.72000,831516.00000,3.19000,0.00000,0.00000,0.00000
-648999.21335,-892034.49748,195.74100,592850238.05206,11.82000,1629395.00000,6.22000,0.00000,0.00000,0.00000
-648634.66291,-890593.78484,201.98100,592850238.23963,11.93000,4932009.00000,5.13000,0.00000,0.00000,0.00000
-648136.17804,-890687.92946,198.89200,592850238.28653,11.85000,4155832.00000,3.97000,0.00000,0.00000,0.00000
-647066.32742,-891419.26314,192.11900,592850238.33342,11.61000,1262113.00000,5.81000,0.00000,0.00000,0.00000
-646360.81249,-891744.25339,189.84000,592850238.38031,11.44000,676068.00000,4.95000,0.00000,0.00000,0.00000
-645930.16154,-891762.70088,190.41200,592850238.42720,11.08000,730193.00000,3.33000,0.00000,0.00000,0.00000
-647093.61093,-890003.44059,210.93700,592850238.47410,10.68000,461491.00000,4.10000,0.00000,0.00000,0.00000
-646047.85798,-890707.85243,207.21900,592850238.52099,10.30000,598385.00000,4.49000,0.00000,0.00000,0.00000
-645153.52645,-891243.35783,208.22900,592850238.56788,10.03000,309152.00000,4.31000,0.00000,0.00000,0.00000
-644570.94098,-891431.21040,210.29200,592850238.61478,9.87000,572384.00000,3.57000,0.00000,0.00000,0.00000
-644152.59047,-891435.91553,212.35000,592850238.66167,9.73000,293647.00000,3.68000,0.00000,0.00000,0.00000
-643729.31957,-891446.09605,211.98500,592850238.70856,9.86000,849775.00000,2.60000,0.00000,0.00000,0.00000
-645282.36795,-889252.61584,183.38400,592850238.75546,10.22000,750238.00000,2.37000,0.00000,0.00000,0.00000
-644134.76575,-890070.49720,185.48300,592850238.80235,10.53000,691207.00000,2.96000,0.00000,0.00000,0.00000
-643348.08735,-890485.87333,187.27900,592850238.84924,10.57000,980155.00000,3.74000,0.00000,0.00000,0.00000
-642669.60332,-890780.62531,189.15500,592850238.89613,11.05000,688028.00000,5.87000,0.00000,0.00000,0.00000
-642480.41274,-890529.81089,189.80100,592850238.94303,12.09000,158747.00000,11.83000,0.00000,0.00000,0.00000
-643200.00370,-889265.78282,190.24600,592850238.98992,11.82000,551793.00000,7.25000,0.00000,0.00000,0.00000
-641946.64427,-890201.44507,187.24200,592850239.03681,11.27000,635391.00000,5.09000,0.00000,0.00000,0.00000
-641229.29320,-890539.47921,185.34600,592850239.08370,11.22000,594885.00000,4.95000,0.00000,0.00000,0.00000
-640539.95663,-890846.24065,184.09900,592850239.13060,11.26000,459370.00000,4.60000,0.00000,0.00000,0.00000
-639778.81629,-891233.04647,183.77900,592850239.17749,11.23000,841591.00000,4.68000,0.00000,0.00000,0.00000
-639400.78257,-891192.74872,183.31400,592850239.22438,11.33000,350515.00000,5.88000,0.00000,0.00000,0.00000
-638944.54528,-891239.61420,182.71100,592850239.27127,11.22000,296508.00000,4.06000,0.00000,0.00000,0.00000
-642147.21924,-887207.62339,227.87200,592850239.31816,10.99000,391402.00000,2.59000,0.00000,0.00000,0.00000
-641981.18001,-886931.06822,227.56400,592850239.36506,11.03000,402553.00000,3.59000,0.00000,0.00000,0.00000
-641842.18805,-886624.36768,228.52200,592850239.41195,10.95000,167718.00000,3.74000,0.00000,0.00000,0.00000
-641807.92870,-886200.89074,230.04600,592850239.45884,10.87000,287479.00000,3.97000,0.00000,0.00000,0.00000
-642116.41489,-885395.32995,234.40400,592850239.50573,10.84000,294148.00000,4.22000,0.00000,0.00000,0.00000
-642088.05704,-884965.31259,240.44200,592850239.55262,10.68000,2331184.00000,1.79000,0.00000,0.00000,0.00000
-641734.66271,-884897.62753,243.84800,592850239.59952,10.61000,463387.00000,2.15000,0.00000,0.00000,0.00000
-641527.32697,-884667.13043,245.03600,592850239.64641,10.70000,309689.00000,2.39000,0.00000,0.00000,0.00000
-641301.81010,-884456.91491,243.80300,592850239.69330,10.70000,349502.00000,3.30000,0.00000,0.00000,0.00000
-641252.81294,-884049.89594,245.39800,592850239.74020,10.65000,679617.00000,2.12000,0.00000,0.00000,0.00000
-640900.43307,-883981.09063,242.29400,592850239.78709,10.62000,1187085.00000,1.66000,0.00000,0.00000,0.00000
-635865.06372,-889131.95615,173.70300,592850239.83398,10.65000,1643684.00000,2.15000,0.00000,0.00000,0.00000
-635720.19042,-888831.78133,172.81200,592850239.88087,10.87000,407445.00000,2.51000,0.00000,0.00000,0.00000
-635470.55180,-888648.35718,172.99500,592850239.92777,10.99000,931913.00000,1.87000,0.00000,0.00000,0.00000
-635082.69398,-888618.97029,173.11400,592850239.97466,10.96000,2693045.00000,2.06000,0.00000,0.00000,0.00000
-634715.50638,-888566.55488,174.25300,592850240.02155,10.73000,992834.00000,2.78000,0.00000,0.00000,0.00000
-637773.07653,-884697.32413,206.03600,592850240.06845,10.41000,875940.00000,2.25000,0.00000,0.00000,0.00000
-637820.02987,-884183.41724,206.75600,592850240.11534,10.32000,1123943.00000,2.55000,0.00000,0.00000,0.00000
-637989.92538,-883532.47022,209.03700,592850240.16223,10.33000,2962877.00000,1.99000,0.00000,0.00000,0.00000
-637753.09182,-883334.84174,216.92800,592850240.20913,10.18000,5275620.00000,2.58000,0.00000,0.00000,0.00000
-637931.34485,-882674.58838,218.67400,592850240.25602,10.16000,2917233.00000,4.36000,0.00000,0.00000,0.00000
-637348.80844,-882862.27218,215.87200,592850240.30291,10.30000,2114902.00000,3.83000,0.00000,0.00000,0.00000
-635767.87034,-884162.57482,211.40500,592850240.34981,10.13000,1263430.00000,7.73000,0.00000,0.00000,0.00000
-635298.91426,-884223.61138,212.71300,592850240.39670,10.22000,533834.00000,8.15000,0.00000,0.00000,0.00000
-634839.30779,-884274.23739,214.66100,592850240.44360,10.20000,1118177.00000,8.17000,0.00000,0.00000,0.00000
-634848.41042,-883802.52680,217.11000,592850240.49049,9.74000,4791917.00000,5.76000,0.00000,0.00000,0.00000
-634853.08873,-883335.75452,219.99100,592850240.53738,9.46000,1506747.00000,6.92000,0.00000,0.00000,0.00000
-634222.81939,-883576.54164,220.84500,592850240.58428,8.84000,1411725.00000,6.33000,0.00000,0.00000,0.00000
-635503.80203,-881687.55086,208.82300,592850240.63117,8.53000,1301761.00000,3.89000,0.00000,0.00000,0.00000
-636030.81204,-880638.72660,206.29400,592850240.67807,8.68000,1168014.00000,5.08000,0.00000,0.00000,0.00000
-635579.58227,-880680.03602,205.72500,592850240.72496,8.77000,886841.00000,5.98000,0.00000,0.00000,0.00000
-633719.72267,-882290.97474,204.21700,592850240.77186,8.70000,2407821.00000,4.38000,0.00000,0.00000,0.00000
-634688.92674,-880749.46477,199.20200,592850240.81875,9.44000,677210.00000,7.27000,0.00000,0.00000,0.00000
-634364.10643,-880649.91490,197.87100,592850240.86565,9.84000,762178.00000,8.85000,0.00000,0.00000,0.00000
-634484.88686,-880053.81821,198.88600,592850240.91254,9.74000,1937659.00000,7.16000,0.00000,0.00000,0.00000
-634852.07475,-879183.17547,205.69700,592850240.95944,10.67000,338733.00000,6.59000,0.00000,0.00000,0.00000
-634394.46282,-879231.58820,203.84000,592850241.00633,11.27000,142173.00000,7.63000,0.00000,0.00000,0.00000
-633910.28164,-879309.58006,202.75200,592850241.05323,11.96000,71466.00000,10.23000,0.00000,0.00000,0.00000
-633617.43319,-879174.39175,202.11600,592850241.10013,11.21000,122262.00000,9.22000,0.00000,0.00000,0.00000
-633438.19954,-878912.60187,202.10700,592850241.14702,11.09000,220707.00000,6.77000,0.00000,0.00000,0.00000
-660569.97453,-846038.14794,255.06500,593070847.02480,13.31000,1383622.00000,3.34000,0.00000,0.00000,1.00000
-660592.70111,-846369.18431,256.25000,593070847.07183,13.31000,3426640.00000,3.80000,0.00000,0.00000,1.00000
-661611.87860,-846228.83701,266.89400,593070847.11886,13.30000,802829.00000,4.98000,0.00000,0.00000,1.00000
-661113.69988,-846806.29893,263.19100,593070847.16589,13.53000,107792.00000,8.09000,0.00000,0.00000,1.00000
-660237.31570,-847562.64203,259.82900,593070847.21292,13.47000,75757.00000,10.05000,0.00000,0.00000,1.00000
-659613.03254,-848199.69804,258.42800,593070847.25995,13.27000,109140.00000,6.88000,0.00000,0.00000,1.00000
-659416.28622,-848634.51517,258.47700,593070847.30698,13.23000,316341.00000,5.53000,0.00000,0.00000,1.00000
-659480.34669,-848945.98286,258.92000,593070847.35401,13.12000,264819.00000,5.70000,0.00000,0.00000,1.00000
-659643.78798,-849210.44642,258.62100,593070847.40104,13.06000,235386.00000,4.76000,0.00000,0.00000,1.00000
-659821.90391,-849467.97374,258.15100,593070847.44807,13.16000,389024.00000,5.12000,0.00000,0.00000,1.00000
-660028.69685,-849711.92950,256.68000,593070847.49509,13.37000,289262.00000,5.29000,0.00000,0.00000,1.00000
-660372.89816,-849890.90120,256.54500,593070847.54212,13.54000,242308.00000,6.73000,0.00000,0.00000,1.00000
-660780.48197,-850039.92587,257.98300,593070847.58915,13.74000,353898.00000,6.16000,0.00000,0.00000,1.00000
-661116.68121,-850222.69276,258.59400,593070847.63618,13.80000,191589.00000,5.44000,0.00000,0.00000,1.00000
-661506.25424,-850380.23536,258.90300,593070847.68321,13.74000,257104.00000,6.59000,0.00000,0.00000,1.00000
-661675.70087,-850641.88438,258.69700,593070847.73024,14.51000,205754.00000,6.96000,0.00000,0.00000,1.00000
-661640.35777,-851000.37788,257.00500,593070847.77727,15.00000,339329.00000,9.76000,0.00000,0.00000,1.00000
-661384.21252,-851463.29022,256.42300,593070847.82430,15.13000,287494.00000,9.14000,0.00000,0.00000,1.00000
-661644.36842,-851682.03287,255.54100,593070847.87133,15.01000,860612.00000,10.52000,0.00000,0.00000,1.00000
-661773.10740,-851962.92672,256.89200,593070847.91835,14.54000,412941.00000,9.20000,0.00000,0.00000,1.00000
-662109.31572,-852145.72888,256.76400,593070847.96538,14.66000,140743.00000,9.41000,0.00000,0.00000,1.00000
-662309.43530,-852392.87660,256.83300,593070848.01241,14.97000,150139.00000,8.94000,0.00000,0.00000,1.00000
-662554.90867,-852618.57391,258.44400,593070848.05944,14.64000,161957.00000,11.40000,0.00000,0.00000,1.00000
-663389.44213,-852565.76554,260.70200,593070848.10647,14.60000,90198.00000,13.51000,0.00000,0.00000,1.00000
-664343.37591,-852456.48694,265.22500,593070848.15350,14.28000,203158.00000,9.23000,0.00000,0.00000,1.00000
-664389.40428,-852776.53018,266.26400,593070848.20053,13.92000,224677.00000,6.14000,0.00000,0.00000,1.00000
-664251.96952,-853183.30133,265.05200,593070848.24756,13.92000,369561.00000,4.80000,0.00000,0.00000,1.00000
-664095.19834,-853599.22637,262.50400,593070848.29459,13.73000,376926.00000,5.10000,0.00000,0.00000,1.00000
-664087.85007,-853944.49237,261.10200,593070848.34161,13.64000,1052208.00000,5.50000,0.00000,0.00000,1.00000
-664007.77239,-854324.12715,259.65500,593070848.38864,13.54000,463730.00000,6.14000,0.00000,0.00000,1.00000
-663770.25504,-854778.21451,258.49200,593070848.43567,12.99000,391908.00000,6.27000,0.00000,0.00000,1.00000
-663453.99403,-855269.49282,257.44700,593070848.48270,12.38000,264483.00000,5.00000,0.00000,0.00000,1.00000
-663425.27558,-855624.85020,256.57200,593070848.52973,12.36000,314568.00000,4.02000,0.00000,0.00000,1.00000
-663307.14503,-856022.45900,256.43900,593070848.57676,12.31000,337161.00000,4.49000,0.00000,0.00000,1.00000
-663227.04762,-856402.09677,254.74400,593070848.62379,11.79000,526336.00000,4.66000,0.00000,0.00000,1.00000
-662741.29281,-856973.46299,253.34200,593070848.67081,11.52000,435782.00000,5.86000,0.00000,0.00000,1.00000
-662216.84367,-857563.11753,255.06100,593070848.71784,11.30000,2247821.00000,5.06000,0.00000,0.00000,1.00000
-661684.37020,-858156.53132,258.11500,593070848.76487,11.15000,531435.00000,4.20000,0.00000,0.00000,1.00000
-665175.68695,-856848.02316,236.59800,593070848.81189,10.97000,1095976.00000,3.74000,0.00000,0.00000,1.00000
-666419.94785,-856601.63830,241.50900,593070848.85892,10.13000,1935397.00000,2.55000,0.00000,0.00000,1.00000
-663690.37157,-858233.62236,218.89600,593070848.90595,9.82000,882400.00000,2.05000,0.00000,0.00000,1.00000
-663201.87810,-858806.25584,212.53100,593070848.95297,9.37000,3173595.00000,1.85000,0.00000,0.00000,1.00000
-666404.29216,-857634.36444,274.49100,593070849.00000,9.70000,298804.00000,2.63000,0.00000,0.00000,1.00000
-659481.20856,-861248.01768,240.94000,593070849.04702,10.56000,1598480.00000,3.20000,0.00000,0.00000,1.00000
-659992.15075,-861348.26222,232.94400,593070849.09405,10.61000,525927.00000,4.49000,0.00000,0.00000,1.00000
-666643.66063,-858546.55473,266.82500,593070849.14108,10.16000,726430.00000,3.04000,0.00000,0.00000,1.00000
-666708.99460,-858857.46107,263.75100,593070849.18810,10.15000,289923.00000,3.02000,0.00000,0.00000,1.00000
-669139.24188,-858050.57479,319.09000,593070849.23513,10.78000,60003.00000,3.67000,0.00000,0.00000,1.00000
-668923.68163,-858494.25183,319.43200,593070849.28215,10.22000,42631.00000,3.56000,0.00000,0.00000,1.00000
-668914.28226,-858840.49066,320.12500,593070849.32918,8.71000,134697.00000,4.90000,0.00000,0.00000,1.00000
-668589.31841,-859335.86742,316.70600,593070849.37620,7.58000,238611.00000,4.67000,0.00000,0.00000,1.00000
-668246.30042,-859839.75400,318.32200,593070849.42323,7.26000,2584790.00000,1.85000,0.00000,0.00000,1.00000
-668036.71777,-860280.58018,320.92700,593070849.47025,7.50000,1822131.00000,1.23000,0.00000,0.00000,1.00000
-669396.45695,-859979.76380,311.72400,593070849.51728,7.56000,4492588.00000,1.67000,0.00000,0.00000,1.00000
-667706.29224,-861120.27605,323.05100,593070849.56430,7.71000,263011.00000,1.83000,0.00000,0.00000,1.00000
-669730.61633,-860505.41423,306.11200,593070849.61133,8.04000,1339642.00000,2.11000,0.00000,0.00000,1.00000
-669886.01437,-860773.77409,304.68400,593070849.65835,8.94000,421939.00000,2.75000,0.00000,0.00000,1.00000
-669600.34632,-861250.56155,306.07800,593070849.70538,9.46000,4725445.00000,1.86000,0.00000,0.00000,1.00000
-668231.76867,-862239.04712,302.91400,593070849.75240,10.07000,3240625.00000,2.03000,0.00000,0.00000,1.00000
-668327.75402,-862535.44825,300.15000,593070849.79943,10.81000,761041.00000,2.89000,0.00000,0.00000,1.00000
-668623.92692,-862737.28878,297.83400,593070849.84645,11.72000,344500.00000,4.55000,0.00000,0.00000,1.00000
-669363.13345,-862729.76963,297.92300,593070849.89348,12.23000,246071.00000,5.40000,0.00000,0.00000,1.00000
-669531.85410,-862991.83548,297.65500,593070849.94050,12.26000,294745.00000,5.07000,0.00000,0.00000,1.00000
-669606.47860,-863298.34332,297.21600,593070849.98753,11.86000,260997.00000,5.04000,0.00000,0.00000,1.00000
-669618.38572,-863634.50286,296.90400,593070850.03455,11.85000,407851.00000,3.97000,0.00000,0.00000,1.00000
-669725.04150,-863925.89838,297.34000,593070850.08158,12.44000,286167.00000,3.64000,0.00000,0.00000,1.00000
-664371.77362,-866796.58551,235.73200,593070850.12860,12.76000,284762.00000,4.30000,0.00000,0.00000,1.00000
-664780.02617,-866945.46818,235.46800,593070850.17563,12.98000,297782.00000,4.27000,0.00000,0.00000,1.00000
-670082.37001,-864782.41061,293.87600,593070850.22265,13.02000,415245.00000,2.38000,0.00000,0.00000,1.00000
-670418.59976,-864965.35160,287.85100,593070850.26968,13.33000,347317.00000,2.99000,0.00000,0.00000,1.00000
-670593.33507,-865224.59352,283.29200,593070850.31671,13.27000,697895.00000,3.54000,0.00000,0.00000,1.00000
-670677.98334,-865526.39671,278.78000,593070850.36373,13.45000,433125.00000,4.76000,0.00000,0.00000,1.00000
-670356.87838,-866019.85963,273.71200,593070850.41076,13.35000,295596.00000,5.32000,0.00000,0.00000,1.00000
-669824.89042,-866612.94901,269.70800,593070850.45778,13.17000,352710.00000,5.97000,0.00000,0.00000,1.00000
-669485.73590,-867114.92649,269.56900,593070850.50481,13.13000,807015.00000,5.30000,0.00000,0.00000,1.00000
-669484.92096,-867457.09055,272.41200,593070850.55184,13.18000,1468130.00000,3.70000,0.00000,0.00000,1.00000
-669655.59783,-867718.24351,278.33300,593070850.59886,13.40000,5132105.00000,3.03000,0.00000,0.00000,1.00000
-669820.93764,-867981.91219,281.30900,593070850.64589,14.03000,702132.00000,4.92000,0.00000,0.00000,1.00000
-670028.99805,-868225.41775,282.21500,593070850.69291,14.32000,456173.00000,5.37000,0.00000,0.00000,1.00000
-646824.36994,-858857.83813,235.38200,593243500.90814,13.82000,143708.00000,8.91000,0.00000,0.00000,1.00000
-646874.94190,-859174.33167,236.64900,593243500.95519,13.66000,167461.00000,7.48000,0.00000,0.00000,1.00000
-647165.41766,-859381.82286,238.26300,593243501.00224,13.60000,307038.00000,6.23000,0.00000,0.00000,1.00000
-647441.77922,-859595.72757,239.47900,593243501.04929,13.25000,213190.00000,5.08000,0.00000,0.00000,1.00000
-647833.05812,-859757.43435,241.60800,593243501.09634,13.05000,535527.00000,5.23000,0.00000,0.00000,1.00000
-648210.22514,-859925.54738,241.70800,593243501.14339,13.15000,297999.00000,5.52000,0.00000,0.00000,1.00000
-648356.89097,-860198.38909,241.19300,593243501.19044,13.17000,306104.00000,5.71000,0.00000,0.00000,1.00000
-648113.11729,-860648.63514,240.82200,593243501.23749,13.32000,138649.00000,6.76000,0.00000,0.00000,1.00000
-648189.89091,-860953.23995,241.84900,593243501.28453,13.56000,235486.00000,5.80000,0.00000,0.00000,1.00000
-648364.10428,-861213.57237,241.81700,593243501.33158,13.28000,182894.00000,5.22000,0.00000,0.00000,1.00000
-648641.14367,-861427.19983,241.33200,593243501.37863,13.48000,242108.00000,6.47000,0.00000,0.00000,1.00000
-648824.76394,-861683.26235,240.34500,593243501.42568,13.40000,130676.00000,6.00000,0.00000,0.00000,1.00000
-649043.33133,-861923.45035,239.00300,593243501.47273,13.68000,494933.00000,5.65000,0.00000,0.00000,1.00000
-648849.93510,-862350.79167,236.46100,593243501.51978,13.71000,132137.00000,7.86000,0.00000,0.00000,1.00000
-649053.04058,-862598.01486,240.18100,593243501.56683,12.94000,415427.00000,5.86000,0.00000,0.00000,1.00000
-649523.60541,-862723.71756,244.16100,593243501.61388,12.44000,317393.00000,5.00000,0.00000,0.00000,1.00000
-649640.01802,-863010.32828,245.10900,593243501.66092,12.31000,267809.00000,5.48000,0.00000,0.00000,1.00000
-649649.56333,-863345.47184,247.01500,593243501.70797,12.33000,482627.00000,4.50000,0.00000,0.00000,1.00000
-649583.83611,-863714.81282,249.16200,593243501.75502,12.07000,797358.00000,3.86000,0.00000,0.00000,1.00000
-649475.08982,-864103.68432,251.11500,593243501.80207,11.65000,1804949.00000,2.75000,0.00000,0.00000,1.00000
-649477.22578,-864442.18170,254.94700,593243501.84912,11.51000,2232620.00000,2.39000,0.00000,0.00000,1.00000
-649520.36917,-864762.07014,255.14800,593243501.89616,11.58000,1256045.00000,2.60000,0.00000,0.00000,1.00000
-649549.39142,-865088.36004,256.00100,593243501.94321,11.84000,1696771.00000,1.87000,0.00000,0.00000,1.00000
-649638.23013,-865387.49174,254.87700,593243501.99026,12.11000,7602368.00000,1.67000,0.00000,0.00000,1.00000
-649926.00388,-865596.26749,251.54700,593243502.03731,12.18000,6385014.00000,2.30000,0.00000,0.00000,1.00000
-650454.38218,-865695.75983,251.24500,593243502.08436,11.75000,863246.00000,2.84000,0.00000,0.00000,1.00000
-651203.21654,-865695.15992,255.13500,593243502.13140,10.99000,1387745.00000,2.35000,0.00000,0.00000,1.00000
-651592.45974,-865857.85417,260.88700,593243502.17845,10.91000,593432.00000,2.84000,0.00000,0.00000,1.00000
-651731.03458,-866134.41556,261.04700,593243502.22550,11.04000,325966.00000,3.12000,0.00000,0.00000,1.00000
-651872.97682,-866409.45487,259.40000,593243502.27255,10.72000,192301.00000,4.93000,0.00000,0.00000,1.00000
-651828.05468,-866769.33536,257.57000,593243502.31960,9.75000,217172.00000,4.83000,0.00000,0.00000,1.00000
-651719.95305,-867157.91407,257.06800,593243502.36664,9.94000,518847.00000,3.69000,0.00000,0.00000,1.00000
-651824.89737,-867449.74298,261.07400,593243502.41369,10.15000,1174242.00000,2.53000,0.00000,0.00000,1.00000
-651689.23390,-867850.84919,263.62400,593243502.46074,9.86000,557494.00000,2.52000,0.00000,0.00000,1.00000
-651574.39861,-868242.47999,263.79800,593243502.50779,9.86000,348241.00000,3.06000,0.00000,0.00000,1.00000
-651277.40870,-868716.81465,263.89200,593243502.55484,9.86000,289038.00000,2.41000,0.00000,0.00000,1.00000
-651146.42641,-869115.75353,262.76600,593243502.60188,10.19000,616671.00000,1.75000,0.00000,0.00000,1.00000
-650865.55518,-869582.75470,257.42000,593243502.64893,10.93000,3228774.00000,1.36000,0.00000,0.00000,1.00000
-650721.11264,-869987.79209,252.95800,593243502.69598,10.94000,1567707.00000,1.77000,0.00000,0.00000,1.00000
-650393.16508,-870476.14902,250.73400,593243502.74302,10.76000,188549.00000,3.30000,0.00000,0.00000,1.00000
-649684.76071,-871137.22007,252.56000,593243502.79007,11.44000,570986.00000,2.31000,0.00000,0.00000,1.00000
-649321.16602,-871641.72286,253.69200,593243502.83712,11.94000,3678873.00000,2.40000,0.00000,0.00000,1.00000
-649256.68647,-872010.45047,252.94700,593243502.88417,12.08000,1272235.00000,1.79000,0.00000,0.00000,1.00000
-653987.04402,-870202.37218,211.94600,593243502.93121,12.24000,2106151.00000,1.89000,0.00000,0.00000,1.00000
-653937.37535,-870564.42008,209.92900,593243502.97826,12.33000,3397731.00000,1.94000,0.00000,0.00000,1.00000
-654808.68612,-870508.34363,206.81500,593243503.02531,12.57000,3338235.00000,3.78000,0.00000,0.00000,1.00000
-654937.14956,-870789.52511,207.76900,593243503.07236,12.95000,822551.00000,5.49000,0.00000,0.00000,1.00000
-654767.81724,-871205.90670,204.82400,593243503.11941,12.82000,1108371.00000,4.00000,0.00000,0.00000,1.00000
-654618.65042,-871613.13350,201.36200,593243503.16645,12.71000,1837295.00000,2.74000,0.00000,0.00000,1.00000
-649103.51407,-874456.04786,226.45300,593243503.21350,12.84000,506597.00000,4.74000,0.00000,0.00000,1.00000
-649791.92582,-874483.05476,223.45700,593243503.26055,13.21000,224606.00000,12.68000,0.00000,0.00000,1.00000
-649338.16654,-875028.43262,226.74000,593243503.30760,12.61000,140268.00000,5.03000,0.00000,0.00000,1.00000
-651087.39009,-874573.97152,213.33500,593243503.35465,12.87000,490425.00000,4.09000,0.00000,0.00000,1.00000
-650813.77807,-875037.60357,210.60500,593243503.40169,13.56000,1482453.00000,5.57000,0.00000,0.00000,1.00000
-651924.41091,-874873.00358,207.35400,593243503.44874,13.44000,364931.00000,4.15000,0.00000,0.00000,1.00000
-650028.54424,-876072.87077,209.95900,593243503.49579,13.29000,861238.00000,5.36000,0.00000,0.00000,1.00000
-655950.65164,-873724.51577,247.47100,593243503.54284,12.96000,1182982.00000,3.27000,0.00000,0.00000,1.00000
-655832.38504,-874117.69385,245.01200,593243503.58988,12.84000,770452.00000,3.83000,0.00000,0.00000,1.00000
-655482.85292,-874615.83653,242.11400,593243503.63693,12.91000,204986.00000,5.51000,0.00000,0.00000,1.00000
-655203.89774,-875081.93791,239.86100,593243503.68398,12.87000,239672.00000,6.56000,0.00000,0.00000,1.00000
-654887.95776,-875564.82219,238.02100,593243503.73103,12.74000,124854.00000,7.65000,0.00000,0.00000,1.00000
-654552.51202,-876056.54850,237.73600,593243503.77807,12.96000,185447.00000,6.03000,0.00000,0.00000,1.00000
-654227.14045,-876543.68639,238.21400,593243503.82512,12.97000,188097.00000,6.42000,0.00000,0.00000,1.00000
-653761.25248,-877094.58555,240.76500,593243503.87217,12.82000,532695.00000,6.02000,0.00000,0.00000,1.00000
-653521.91509,-877542.64896,244.06000,593243503.91922,12.66000,298286.00000,6.22000,0.00000,0.00000,1.00000
-654208.33111,-877570.62899,246.00400,593243503.96626,12.45000,176955.00000,7.23000,0.00000,0.00000,1.00000
-654923.66345,-877585.50426,247.82800,593243504.01331,11.98000,276951.00000,5.67000,0.00000,0.00000,1.00000
-655470.92403,-877676.64969,248.36500,593243504.06036,11.72000,407351.00000,4.50000,0.00000,0.00000,1.00000
-655950.28920,-877798.60982,244.72000,593243504.10740,12.39000,143880.00000,5.57000,0.00000,0.00000,1.00000
-655525.38373,-878330.89361,245.21700,593243504.15445,12.57000,506175.00000,5.84000,0.00000,0.00000,1.00000
-655578.49755,-878646.28127,245.66900,593243504.20150,12.44000,244563.00000,5.53000,0.00000,0.00000,1.00000
-655599.32891,-878976.30277,245.38400,593243504.24855,12.35000,361886.00000,5.84000,0.00000,0.00000,1.00000
-655341.14969,-879432.93414,247.12700,593243504.29559,12.17000,1107807.00000,3.98000,0.00000,0.00000,1.00000
-655937.49416,-879501.83275,245.14900,593243504.34264,12.27000,1179558.00000,5.56000,0.00000,0.00000,1.00000
-656265.57725,-879692.45231,245.63100,593243504.38969,12.60000,416180.00000,6.65000,0.00000,0.00000,1.00000
-656002.00717,-880151.52470,247.42700,593243504.43673,12.69000,294330.00000,9.27000,0.00000,0.00000,1.00000
-656795.35415,-880131.05869,248.16200,593243504.48378,12.86000,275072.00000,11.57000,0.00000,0.00000,1.00000
-657937.66032,-879952.28439,250.07900,593243504.53083,12.09000,155684.00000,8.25000,0.00000,0.00000,1.00000
-658556.21109,-880011.13772,251.15200,593243504.57787,12.17000,297076.00000,6.32000,0.00000,0.00000,1.00000
-658683.27781,-880292.99185,250.88300,593243504.62492,12.24000,372964.00000,5.93000,0.00000,0.00000,1.00000
-658929.34709,-880520.85322,251.38000,593243504.67197,12.45000,515885.00000,6.07000,0.00000,0.00000,1.00000
-659118.93672,-880774.34098,252.26300,593243504.71901,12.78000,1351107.00000,5.29000,0.00000,0.00000,1.00000
-659293.07743,-881034.83838,248.32300,593243504.76606,12.80000,3068384.00000,4.70000,0.00000,0.00000,1.00000
-659336.73578,-881354.53237,253.53300,593243504.81310,12.94000,921648.00000,5.12000,0.00000,0.00000,1.00000
-659637.92938,-881557.39163,255.62800,593243504.86015,12.93000,1890198.00000,5.37000,0.00000,0.00000,1.00000
-659875.92771,-881788.93584,257.23400,593243504.90720,12.49000,2451840.00000,4.29000,0.00000,0.00000,1.00000
-660107.18891,-882023.52463,259.45200,593243504.95424,12.08000,2571205.00000,4.14000,0.00000,0.00000,1.00000
-638128.00189,-868547.61991,211.93700,593416154.72003,10.95000,3356391.00000,1.31000,0.00000,0.00000,1.00000
-637771.73724,-869040.30050,213.09400,593416154.76710,11.35000,3228609.00000,1.43000,0.00000,0.00000,1.00000
-635635.22996,-874356.43901,217.61400,593416155.37891,10.52000,1868528.00000,4.89000,0.00000,0.00000,1.00000
-636610.22634,-874268.70632,219.79300,593416155.42598,10.20000,1451069.00000,4.57000,0.00000,0.00000,1.00000
-636736.46683,-874550.94119,220.50300,593416155.47304,10.54000,1693759.00000,3.85000,0.00000,0.00000,1.00000
-636843.09283,-874841.73907,216.80600,593416155.52010,10.97000,3979798.00000,4.10000,0.00000,0.00000,1.00000
-637170.36040,-875036.36662,218.92100,593416155.56717,11.36000,3143172.00000,4.39000,0.00000,0.00000,1.00000
-637617.43789,-875178.77530,217.96500,593416155.61423,11.78000,325860.00000,5.62000,0.00000,0.00000,1.00000
-637953.52759,-875369.58578,215.94000,593416155.66130,12.04000,266824.00000,8.76000,0.00000,0.00000,1.00000
-638082.47775,-875650.65846,215.63900,593416155.70836,11.70000,293639.00000,6.91000,0.00000,0.00000,1.00000
-638356.27454,-875868.60277,216.82500,593416155.75542,11.28000,183297.00000,7.35000,0.00000,0.00000,1.00000
-638579.97889,-876108.38515,219.31800,593416155.80248,11.21000,222384.00000,6.04000,0.00000,0.00000,1.00000
-638697.41940,-876394.48366,219.77100,593416155.84955,11.00000,141864.00000,7.62000,0.00000,0.00000,1.00000
-638603.67654,-876772.62797,218.01700,593416155.89661,11.30000,55782.00000,9.84000,0.00000,0.00000,1.00000
-638367.10384,-877213.01675,216.65400,593416155.94367,10.82000,90601.00000,9.96000,0.00000,0.00000,1.00000
-637972.79590,-877722.12298,215.66700,593416155.99074,10.29000,201431.00000,10.25000,0.00000,0.00000,1.00000
-637944.68216,-878071.63416,216.55100,593416156.03780,9.73000,117617.00000,9.62000,0.00000,0.00000,1.00000
-638116.25635,-878334.14087,217.97100,593416156.08486,10.14000,92904.00000,11.88000,0.00000,0.00000,1.00000
-638820.56687,-878364.51085,219.20800,593416156.13192,10.34000,120864.00000,9.97000,0.00000,0.00000,1.00000
-639587.14332,-878367.73514,221.92300,593416156.17899,9.58000,272088.00000,8.19000,0.00000,0.00000,1.00000
-640067.39475,-878495.75232,224.54500,593416156.22605,8.33000,485081.00000,4.27000,0.00000,0.00000,1.00000
-639793.55431,-878952.37188,226.63000,593416156.27311,7.69000,366593.00000,3.26000,0.00000,0.00000,1.00000
-639789.80988,-879291.28578,226.34000,593416156.32018,10.07000,196222.00000,5.81000,0.00000,0.00000,1.00000
-639723.11383,-879657.62761,223.49900,593416156.36724,11.19000,159316.00000,5.36000,0.00000,0.00000,1.00000
-640016.53980,-879867.05692,222.17500,593416156.41430,10.48000,193740.00000,7.33000,0.00000,0.00000,1.00000
-641080.29986,-879740.82531,227.85700,593416156.46136,8.47000,585189.00000,4.30000,0.00000,0.00000,1.00000
-642446.63773,-879482.75895,238.16500,593416156.50842,8.12000,264682.00000,7.99000,0.00000,0.00000,1.00000
-642945.84836,-879602.54229,241.81400,593416156.55549,9.31000,156779.00000,9.45000,0.00000,0.00000,1.00000
-644004.19034,-879478.69654,251.42900,593416156.60255,9.99000,637931.00000,8.02000,0.00000,0.00000,1.00000
-641704.98656,-880817.80602,229.56100,593416156.64961,10.57000,492682.00000,8.03000,0.00000,0.00000,1.00000
-643474.13793,-880384.29096,243.24400,593416156.69667,10.08000,908742.00000,4.98000,0.00000,0.00000,1.00000
-642551.08331,-881123.77679,238.56100,593416156.74373,8.94000,347574.00000,4.40000,0.00000,0.00000,1.00000
-642178.37571,-881623.45114,237.00400,593416156.79080,8.24000,582038.00000,5.60000,0.00000,0.00000,1.00000
-642846.12859,-881669.82009,243.66300,593416156.83786,7.88000,179327.00000,5.37000,0.00000,0.00000,1.00000
-642698.82545,-882071.29861,247.61800,593416156.88492,8.33000,5380975.00000,2.31000,0.00000,0.00000,1.00000
-642401.92132,-882537.93820,248.40700,593416156.93198,9.38000,7920582.00000,1.97000,0.00000,0.00000,1.00000
-642054.90993,-883026.38203,248.61700,593416156.97904,10.16000,614358.00000,2.30000,0.00000,0.00000,1.00000
-641814.19750,-883468.53779,247.95500,593416157.02610,10.27000,406853.00000,2.65000,0.00000,0.00000,1.00000
-641649.96192,-883877.34427,246.76200,593416157.07316,10.19000,252491.00000,3.43000,0.00000,0.00000,1.00000
-641631.96161,-884222.46550,245.28300,593416157.12022,10.02000,158137.00000,3.52000,0.00000,0.00000,1.00000
-641714.82577,-884523.65497,245.57400,593416157.16728,10.06000,202717.00000,3.50000,0.00000,0.00000,1.00000
-641707.63816,-884864.04797,244.21200,593416157.21435,10.11000,445865.00000,2.92000,0.00000,0.00000,1.00000
-641617.86517,-885240.42339,240.32000,593416157.26141,10.27000,700034.00000,2.55000,0.00000,0.00000,1.00000
-641549.75805,-885607.36018,233.71400,593416157.30847,10.47000,905031.00000,2.75000,0.00000,0.00000,1.00000
-641554.08024,-885942.75702,231.01700,593416157.35553,10.70000,231601.00000,3.50000,0.00000,0.00000,1.00000
-641672.12559,-886228.60502,229.80600,593416157.40259,10.73000,234880.00000,4.60000,0.00000,0.00000,1.00000
-641696.07015,-886555.44622,228.75000,593416157.44965,10.99000,289108.00000,4.25000,0.00000,0.00000,1.00000
-641902.13229,-886802.97575,228.03800,593416157.49671,11.18000,289311.00000,4.67000,0.00000,0.00000,1.00000
-642240.21407,-886993.00929,228.00700,593416157.54377,11.09000,265804.00000,6.60000,0.00000,0.00000,1.00000
-642595.22738,-887175.68480,229.51300,593416157.59083,10.90000,235551.00000,5.05000,0.00000,0.00000,1.00000
-642735.60878,-887451.82087,230.48600,593416157.63789,10.58000,387293.00000,3.62000,0.00000,0.00000,1.00000
-642865.16856,-887732.68418,228.86300,593416157.68496,10.34000,396545.00000,3.48000,0.00000,0.00000,1.00000
-642652.14260,-888162.72693,220.29600,593416157.73202,10.31000,1331723.00000,1.86000,0.00000,0.00000,1.00000
-642625.97386,-888511.39852,212.53500,593416157.77908,10.59000,2708955.00000,1.56000,0.00000,0.00000,1.00000
-647590.23113,-886686.87673,194.91600,593416157.82614,11.11000,3093249.00000,1.94000,0.00000,0.00000,1.00000
-642757.12372,-889128.85752,196.11400,593416157.87320,11.81000,2261989.00000,1.99000,0.00000,0.00000,1.00000
-642789.84372,-889451.88577,191.67200,593416157.92027,12.40000,2824322.00000,3.09000,0.00000,0.00000,1.00000
-647255.07996,-887844.81909,194.53800,593416157.96733,12.70000,533907.00000,3.28000,0.00000,0.00000,1.00000
-642495.03409,-890254.79629,189.07000,593416158.01439,12.75000,3249869.00000,3.89000,0.00000,0.00000,1.00000
-642229.79665,-890707.54352,189.84600,593416158.06145,12.89000,2288983.00000,5.24000,0.00000,0.00000,1.00000
-644217.41529,-890179.45266,186.64800,593416158.10851,12.57000,4959657.00000,3.56000,0.00000,0.00000,1.00000
-644551.44460,-890371.32778,193.61000,593416158.15558,11.75000,480916.00000,3.09000,0.00000,0.00000,1.00000
-645989.20098,-890082.63034,202.93600,593416158.20264,11.20000,1881434.00000,3.27000,0.00000,0.00000,1.00000
-643524.59208,-891492.95565,211.73700,593416158.24970,11.04000,1746066.00000,2.99000,0.00000,0.00000,1.00000
-643669.02514,-891767.37452,211.87700,593416158.29677,10.82000,1265413.00000,3.00000,0.00000,0.00000,1.00000
-645205.02512,-891435.97233,198.85800,593416158.34383,10.15000,2406964.00000,2.43000,0.00000,0.00000,1.00000
-646552.14726,-891186.80485,193.32400,593416158.39089,10.20000,1343358.00000,2.93000,0.00000,0.00000,1.00000
-645458.72374,-892000.13496,187.19400,593416158.43796,10.80000,842417.00000,3.29000,0.00000,0.00000,1.00000
-645108.13538,-892490.04963,185.46100,593416158.48502,11.31000,1820490.00000,4.37000,0.00000,0.00000,1.00000
-644836.77077,-892945.48230,187.01500,593416158.53208,11.42000,500570.00000,5.98000,0.00000,0.00000,1.00000
-645013.70416,-893205.75610,185.20000,593416158.57914,11.28000,995397.00000,6.45000,0.00000,0.00000,1.00000
-645152.03120,-893482.83670,184.97500,593416158.62621,11.02000,634509.00000,4.44000,0.00000,0.00000,1.00000
