-640177.03778,-865980.98003,221.56300,510125739.42637,10.88000,182132.00000,9.14000,0.00000,0.00000,1.00000
-640436.96580,-866202.94259,219.39900,510125739.47330,10.43000,258222.00000,7.22000,0.00000,0.00000,1.00000
-641269.81504,-866170.21585,216.18700,510125739.52023,11.02000,604900.00000,10.91000,0.00000,0.00000,1.00000
-642067.65615,-866153.06122,218.45200,510125739.56716,10.85000,389526.00000,9.53000,0.00000,0.00000,1.00000
-642043.50235,-866501.36012,219.27800,510125739.61410,9.90000,537118.00000,7.94000,0.00000,0.00000,1.00000
-641965.47698,-866873.59210,220.13800,510125739.66103,9.64000,298526.00000,7.24000,0.00000,0.00000,1.00000
-641881.39830,-867248.52399,220.54300,510125739.70796,9.56000,232827.00000,6.24000,0.00000,0.00000,1.00000
-641666.69459,-867681.49215,219.63700,510125739.75489,9.36000,189790.00000,8.83000,0.00000,0.00000,1.00000
-641351.67843,-868159.06660,220.68600,510125739.80182,9.41000,284701.00000,8.14000,0.00000,0.00000,1.00000
-641411.65601,-868469.94696,221.90000,510125739.84876,9.78000,135802.00000,7.53000,0.00000,0.00000,1.00000
-641774.59818,-868646.16759,220.89400,510125739.89569,10.50000,295812.00000,9.01000,0.00000,0.00000,1.00000
-642478.20768,-868670.96108,221.36900,510125739.94262,10.52000,313551.00000,7.94000,0.00000,0.00000,1.00000
-642296.48451,-869089.27320,216.76900,510125739.98955,10.24000,2006020.00000,8.76000,0.00000,0.00000,1.00000
-641945.08057,-869582.99659,216.10300,510125740.03648,8.65000,814435.00000,5.25000,0.00000,0.00000,1.00000
-643654.54557,-869160.74502,229.82200,510125740.08342,8.29000,1998008.00000,5.10000,0.00000,0.00000,1.00000
-643589.28575,-869527.30042,230.83000,510125740.13035,8.14000,3942560.00000,4.08000,0.00000,0.00000,1.00000
-643632.41961,-869845.67819,232.28200,510125740.17728,8.14000,303407.00000,4.90000,0.00000,0.00000,1.00000
-643546.29271,-870221.51924,231.36600,510125740.22421,7.55000,375770.00000,5.48000,0.00000,0.00000,1.00000
-643180.74688,-870721.53306,230.12000,510125740.27114,7.54000,361307.00000,5.21000,0.00000,0.00000,1.00000
-643133.64875,-871080.00437,230.50600,510125740.31808,7.98000,188119.00000,8.17000,0.00000,0.00000,1.00000
-643228.62071,-871375.34695,230.06700,510125740.36501,7.86000,354249.00000,7.68000,0.00000,0.00000,1.00000
-643357.92166,-871655.42210,229.77800,510125740.41194,7.66000,196363.00000,6.20000,0.00000,0.00000,1.00000
-643331.69560,-872004.62276,228.70200,510125740.45887,7.95000,239233.00000,5.87000,0.00000,0.00000,1.00000
-642978.22137,-872499.21934,229.21200,510125740.50580,8.06000,283618.00000,6.25000,0.00000,0.00000,1.00000
-643203.12416,-872736.81811,232.67500,510125740.55273,8.16000,199639.00000,5.44000,0.00000,0.00000,1.00000
-643510.16872,-872937.90717,232.42300,510125740.59966,8.65000,261253.00000,7.01000,0.00000,0.00000,1.00000
-644526.22323,-872823.95943,233.65900,510125740.64659,8.21000,153430.00000,7.68000,0.00000,0.00000,1.00000
-645920.68128,-872541.86543,240.13600,510125740.69353,7.02000,440840.00000,4.20000,0.00000,0.00000,1.00000
-646404.13737,-872664.58863,244.32800,510125740.74046,7.25000,4039228.00000,4.82000,0.00000,0.00000,1.00000
-646385.98908,-873010.22530,244.04700,510125740.78739,7.20000,769630.00000,5.43000,0.00000,0.00000,1.00000
-645892.46345,-873567.08983,241.74300,510125740.83432,6.94000,158758.00000,5.35000,0.00000,0.00000,1.00000
-645698.55075,-873990.80388,243.34400,510125740.88125,6.65000,699283.00000,4.29000,0.00000,0.00000,1.00000
-645586.09521,-874378.31122,247.04900,510125740.92818,6.44000,560294.00000,3.59000,0.00000,0.00000,1.00000
-645668.23881,-874679.34971,248.56500,510125740.97511,6.21000,369908.00000,4.80000,0.00000,0.00000,1.00000
-645676.99467,-875013.01345,250.59500,510125741.02204,6.24000,257150.00000,5.36000,0.00000,0.00000,1.00000
-645819.06737,-875287.44130,253.15500,510125741.06897,6.09000,296313.00000,4.90000,0.00000,0.00000,1.00000
-645861.47185,-875606.13729,256.33900,510125741.11590,5.69000,293509.00000,4.00000,0.00000,0.00000,1.00000
-645714.66598,-876008.89154,259.59900,510125741.16283,5.12000,611380.00000,2.64000,0.00000,0.00000,1.00000
-645747.64839,-876331.77755,260.32600,510125741.20976,4.98000,1881650.00000,1.73000,0.00000,0.00000,1.00000
-645882.99313,-876609.19748,255.39900,510125741.25669,5.76000,1191155.00000,2.62000,0.00000,0.00000,1.00000
-645882.98539,-876946.74624,252.08300,510125741.30362,6.11000,804197.00000,2.95000,0.00000,0.00000,1.00000
-645575.23395,-877420.98736,250.03600,510125741.35055,5.66000,172788.00000,3.74000,0.00000,0.00000,1.00000
-645223.02463,-877914.96719,252.60100,510125741.39748,5.38000,262733.00000,2.89000,0.00000,0.00000,1.00000
-645092.35369,-878310.52947,254.44500,510125741.44441,5.61000,293099.00000,3.11000,0.00000,0.00000,1.00000
-644936.09393,-878717.46574,256.80400,510125741.49134,5.72000,312824.00000,2.08000,0.00000,0.00000,1.00000
-644907.76759,-879067.55921,258.21400,510125741.53827,5.85000,397327.00000,2.55000,0.00000,0.00000,1.00000
-644891.56689,-879412.28507,257.82500,510125741.58520,5.93000,735924.00000,2.07000,0.00000,0.00000,1.00000
-651702.85857,-876724.30934,210.44200,510125741.63213,6.13000,821111.00000,1.85000,0.00000,0.00000,1.00000
-651348.59171,-877219.28206,209.00900,510125741.67906,6.29000,1105826.00000,1.82000,0.00000,0.00000,1.00000
-651300.74386,-877578.13427,210.42700,510125741.72599,6.46000,597278.00000,2.37000,0.00000,0.00000,1.00000
-650372.03993,-878328.24659,198.53500,510125741.77292,6.46000,1378506.00000,1.97000,0.00000,0.00000,1.00000
-646610.56528,-880336.46365,214.82600,510125741.81985,6.45000,4865276.00000,1.48000,0.00000,0.00000,1.00000
-645078.36744,-881354.42827,220.06100,510125741.86678,6.53000,1800219.00000,1.75000,0.00000,0.00000,1.00000
-645466.20798,-881519.72317,212.92800,510125741.91371,6.94000,1455741.00000,1.78000,0.00000,0.00000,1.00000
-645319.98032,-881922.16471,213.65800,510125741.96064,7.31000,1780606.00000,2.50000,0.00000,0.00000,1.00000
-645539.45529,-882162.21842,214.32600,510125742.00757,7.19000,3054964.00000,2.15000,0.00000,0.00000,1.00000
-642802.41291,-883715.01434,245.06300,510125742.05450,7.74000,1497387.00000,2.34000,0.00000,0.00000,1.00000
-651347.58920,-880258.01762,210.70700,510125742.10143,8.58000,456752.00000,4.31000,0.00000,0.00000,1.00000
-650498.95058,-880972.50073,202.38700,510125742.14836,8.89000,334289.00000,7.09000,0.00000,0.00000,1.00000
-649960.07379,-881549.37935,200.95000,510125742.19529,8.63000,604105.00000,4.11000,0.00000,0.00000,1.00000
-649939.79873,-881895.95037,202.13200,510125742.24222,8.42000,2758781.00000,3.32000,0.00000,0.00000,1.00000
-651343.37262,-881610.23245,203.98700,510125742.28916,8.88000,1898447.00000,4.37000,0.00000,0.00000,1.00000
-645214.80874,-884668.99325,203.02400,510125742.33609,9.32000,2869593.00000,4.71000,0.00000,0.00000,1.00000
-648034.82157,-883754.49057,196.60500,510125742.38302,9.93000,1840426.00000,6.58000,0.00000,0.00000,1.00000
-648625.42611,-883829.80196,195.31300,510125742.42995,10.40000,949002.00000,9.13000,0.00000,0.00000,1.00000
-649191.12068,-883916.19294,197.33200,510125742.47688,10.87000,47309.00000,12.65000,0.00000,0.00000,1.00000
-650431.03781,-883703.24032,202.69800,510125742.52381,10.32000,935816.00000,8.59000,0.00000,0.00000,1.00000
-650594.62889,-883968.18234,203.88200,510125742.57075,9.54000,2550943.00000,5.36000,0.00000,0.00000,1.00000
-651825.74717,-883759.13038,218.52800,510125742.61768,8.99000,667065.00000,6.36000,0.00000,0.00000,1.00000
-651344.75850,-884310.28101,216.73300,510125742.66461,8.68000,535537.00000,6.55000,0.00000,0.00000,1.00000
-651100.84656,-884756.14683,215.48900,510125742.71154,8.44000,556428.00000,4.39000,0.00000,0.00000,1.00000
-650765.99929,-885242.39336,215.20200,510125742.75847,8.15000,1407517.00000,3.94000,0.00000,0.00000,1.00000
-650643.98518,-885634.12707,215.57900,510125742.80541,7.73000,1960901.00000,3.87000,0.00000,0.00000,1.00000
-650622.33469,-885981.31014,215.70600,510125742.85234,7.67000,702593.00000,4.45000,0.00000,0.00000,1.00000
-650645.80635,-886308.46012,216.12100,510125742.89927,7.62000,667357.00000,4.45000,0.00000,0.00000,1.00000
-650678.02714,-886631.72250,217.93500,510125742.94620,7.71000,449392.00000,5.64000,0.00000,0.00000,1.00000
-650693.40971,-886962.46162,219.93000,510125742.99313,7.82000,423918.00000,5.19000,0.00000,0.00000,1.00000
-650509.40123,-887381.69861,222.20200,510125743.04007,8.04000,294881.00000,5.35000,0.00000,0.00000,1.00000
-650383.32608,-887775.22802,223.56500,510125743.08700,8.29000,753603.00000,4.79000,0.00000,0.00000,1.00000
-650311.80032,-888144.52599,225.11900,510125743.13393,8.38000,1077489.00000,4.17000,0.00000,0.00000,1.00000
-650302.24780,-888486.32971,225.38800,510125743.18086,8.34000,2384909.00000,3.46000,0.00000,0.00000,1.00000
-650717.74714,-888639.48398,219.86400,510125743.22779,7.68000,1398472.00000,2.87000,0.00000,0.00000,1.00000
-650856.38808,-888915.50417,214.72300,510125743.27473,7.22000,577066.00000,3.47000,0.00000,0.00000,1.00000
-651511.02971,-888962.51782,209.70100,510125743.32166,7.26000,622122.00000,4.92000,0.00000,0.00000,1.00000
-651870.62548,-889140.48537,206.72900,510125743.36859,7.87000,205586.00000,7.07000,0.00000,0.00000,1.00000
-652307.02072,-889284.37897,205.55300,510125743.41552,8.90000,116690.00000,11.14000,0.00000,0.00000,1.00000
-652595.20078,-889494.04541,207.30200,510125743.46245,9.35000,96502.00000,11.72000,0.00000,0.00000,1.00000
-652030.54677,-890082.21887,207.52900,510125743.50939,9.68000,119087.00000,11.55000,0.00000,0.00000,1.00000
-651855.25517,-890497.58206,208.11800,510125743.55632,9.71000,687241.00000,9.64000,0.00000,0.00000,1.00000
-633480.55500,-884321.10377,221.54700,510298394.62872,6.03000,1665694.00000,3.57000,0.00000,0.00000,1.00000
-633417.74838,-884683.45425,222.28400,510298394.67570,6.21000,557172.00000,2.42000,0.00000,0.00000,1.00000
-633358.33199,-885044.35191,221.44200,510298394.72267,6.13000,263250.00000,2.38000,0.00000,0.00000,1.00000
-633897.91099,-885150.02938,215.19100,510298394.76964,5.44000,3283878.00000,2.47000,0.00000,0.00000,1.00000
-633436.89352,-885682.04288,217.51600,510298394.81662,5.25000,1405935.00000,2.43000,0.00000,0.00000,1.00000
-633397.13275,-886034.56729,218.97900,510298394.86359,5.37000,1766243.00000,1.84000,0.00000,0.00000,1.00000
-633507.95860,-886322.91901,219.13400,510298394.91057,6.06000,702257.00000,1.72000,0.00000,0.00000,1.00000
-633487.19758,-886667.34276,215.98500,510298394.95754,6.84000,662354.00000,1.88000,0.00000,0.00000,1.00000
-634829.34117,-886431.11028,199.50900,510298395.00451,7.14000,4130174.00000,2.14000,0.00000,0.00000,1.00000
-637322.05211,-885704.66403,202.37400,510298395.05149,7.21000,2968258.00000,2.64000,0.00000,0.00000,1.00000
-635109.39840,-886982.99267,191.32300,510298395.09846,7.66000,4578294.00000,3.50000,0.00000,0.00000,1.00000
-635627.96421,-887097.65340,188.85600,510298395.14544,7.60000,2733497.00000,3.23000,0.00000,0.00000,1.00000
-635957.27530,-887292.95428,184.09400,510298395.19241,7.91000,437974.00000,5.01000,0.00000,0.00000,1.00000
-637095.23999,-887143.75245,188.33600,510298395.23938,8.86000,2799760.00000,5.68000,0.00000,0.00000,1.00000
-636404.88721,-887773.47065,179.70100,510298395.28636,9.79000,2760992.00000,7.46000,0.00000,0.00000,1.00000
-636653.43609,-888003.19485,181.03600,510298395.33333,9.90000,2714672.00000,5.49000,0.00000,0.00000,1.00000
-636882.31688,-888241.29408,181.02200,510298395.38030,9.79000,2930081.00000,4.91000,0.00000,0.00000,1.00000
-635085.36104,-889342.35557,172.99800,510298395.42728,9.79000,2546431.00000,4.87000,0.00000,0.00000,1.00000
-635741.64066,-889398.39247,175.80200,510298395.47425,9.79000,2872124.00000,4.83000,0.00000,0.00000,1.00000
-635916.90970,-889659.33400,176.00000,510298395.52123,9.59000,774539.00000,5.78000,0.00000,0.00000,1.00000
-636454.47374,-889765.95041,177.20400,510298395.56820,9.27000,1417652.00000,7.69000,0.00000,0.00000,1.00000
-635870.55159,-890350.25783,172.25100,510298395.61517,9.47000,605727.00000,10.52000,0.00000,0.00000,1.00000
-635912.16409,-890668.13196,170.43400,510298395.66215,10.42000,245823.00000,13.79000,0.00000,0.00000,1.00000
-636390.70712,-890799.91056,170.82300,510298395.70912,10.69000,279085.00000,12.77000,0.00000,0.00000,1.00000
-635840.68316,-891369.76896,166.38100,510298395.75610,10.35000,264870.00000,13.75000,0.00000,0.00000,1.00000
-639438.15910,-893193.81724,177.11000,510298396.22585,7.89000,420089.00000,5.24000,0.00000,0.00000,1.00000
-676687.06017,-853915.15333,291.67000,511542362.90069,9.83000,1834300.00000,5.74000,0.00000,0.00000,0.00000
-676355.29754,-853832.78853,292.49600,511542362.94777,10.31000,2500297.00000,5.24000,0.00000,0.00000,0.00000
-676269.69055,-853447.93386,290.37600,511542362.99485,10.11000,3716463.00000,3.17000,0.00000,0.00000,0.00000
-675554.92722,-853346.22519,297.48300,511542363.08902,10.25000,527130.00000,3.56000,0.00000,0.00000,0.00000
-675331.34219,-853130.95132,297.42100,511542363.13609,10.27000,287143.00000,6.46000,0.00000,0.00000,0.00000
-675076.98578,-852953.47421,298.70900,511542363.18318,9.65000,544141.00000,4.08000,0.00000,0.00000,0.00000
-675758.79276,-851625.63687,305.48800,511542363.23026,8.93000,3234555.00000,2.18000,0.00000,0.00000,0.00000
-675261.09602,-851747.21099,309.60700,511542363.27733,8.99000,819739.00000,3.12000,0.00000,0.00000,0.00000
-674856.65471,-851754.21740,313.26900,511542363.32442,8.99000,764811.00000,4.10000,0.00000,0.00000,0.00000
-674461.97820,-851749.16935,314.33500,511542363.37150,8.37000,852228.00000,3.94000,0.00000,0.00000,0.00000
-674933.52026,-850679.77913,310.91900,511542363.41857,7.12000,339512.00000,2.95000,0.00000,0.00000,0.00000
-665136.77836,-861245.03203,450.78800,511542363.55982,5.14000,934826.00000,2.34000,0.00000,0.00000,0.00000
-671548.00820,-850919.71191,249.12100,511542363.79522,8.92000,1554448.00000,5.43000,0.00000,0.00000,0.00000
-672857.58816,-848820.86019,247.23200,511542363.84231,9.14000,3093281.00000,3.43000,0.00000,0.00000,0.00000
-671762.34862,-849186.56200,238.74900,511542363.93647,9.50000,6527108.00000,2.88000,0.00000,0.00000,0.00000
-670470.37618,-849793.89192,258.39600,511542364.03063,9.96000,1822489.00000,4.88000,0.00000,0.00000,0.00000
-670314.91149,-849494.95442,258.72100,511542364.07772,10.20000,948308.00000,4.57000,0.00000,0.00000,0.00000
-670024.68557,-849361.54710,261.09100,511542364.12480,10.43000,788078.00000,4.17000,0.00000,0.00000,0.00000
-669674.31864,-849302.03646,263.47600,511542364.17188,10.40000,1182802.00000,3.95000,0.00000,0.00000,0.00000
-669107.57368,-849508.28378,266.70000,511542364.21896,10.62000,1149662.00000,4.56000,0.00000,0.00000,0.00000
-668958.17538,-849201.90915,264.83700,511542364.26605,10.87000,1097736.00000,5.00000,0.00000,0.00000,0.00000
-668605.00787,-849145.82066,266.68300,511542364.31313,10.81000,177101.00000,7.42000,0.00000,0.00000,0.00000
-668393.12704,-848916.17433,267.38300,511542364.36022,10.86000,255970.00000,7.71000,0.00000,0.00000,0.00000
-668226.02126,-848631.53748,269.25100,511542364.40730,10.43000,433780.00000,4.30000,0.00000,0.00000,0.00000
-667926.02147,-848510.14282,272.12900,511542364.45438,10.24000,1485405.00000,2.68000,0.00000,0.00000,0.00000
-668280.71970,-847584.59107,271.70400,511542364.50147,10.27000,852355.00000,3.13000,0.00000,0.00000,0.00000
-668034.80750,-847396.76896,271.04300,511542364.54855,10.44000,1471477.00000,2.92000,0.00000,0.00000,0.00000
-667762.77411,-847241.01171,269.54400,511542364.59564,10.43000,1620653.00000,3.59000,0.00000,0.00000,0.00000
-668746.05820,-845543.43275,265.89400,511542364.64272,10.36000,894939.00000,3.07000,0.00000,0.00000,0.00000
-670801.97030,-867653.40560,281.85700,511715014.80222,8.49000,2941581.00000,4.69000,0.00000,0.00000,0.00000
-671187.52687,-866712.52569,281.89400,511715014.84931,8.51000,6696306.00000,4.65000,0.00000,0.00000,0.00000
-670457.10777,-867101.73543,272.48700,511715014.89640,8.56000,2422083.00000,4.37000,0.00000,0.00000,0.00000
-670096.14832,-867050.58872,275.42400,511715014.94349,8.72000,451294.00000,4.85000,0.00000,0.00000,0.00000
-670139.33371,-866517.80008,271.48700,511715014.99059,8.80000,1442579.00000,4.78000,0.00000,0.00000,0.00000
-670523.02836,-865579.21074,272.31900,511715015.03768,8.69000,1610209.00000,3.30000,0.00000,0.00000,0.00000
-671315.06815,-864153.94136,296.20300,511715015.08477,8.13000,6108893.00000,1.85000,0.00000,0.00000,0.00000
-667091.64495,-868705.79188,261.15200,511715015.13186,7.74000,2972835.00000,2.34000,0.00000,0.00000,0.00000
-666617.14828,-868789.89957,259.00800,511715015.17895,7.65000,713514.00000,3.10000,0.00000,0.00000,0.00000
-670166.25915,-864079.20391,298.29500,511715015.22605,7.59000,890357.00000,2.99000,0.00000,0.00000,0.00000
-669961.56650,-863841.86420,297.53400,511715015.27314,7.63000,544533.00000,4.98000,0.00000,0.00000,0.00000
-670041.81310,-863264.97820,298.95100,511715015.32023,7.87000,92804.00000,5.56000,0.00000,0.00000,0.00000
-670189.00572,-862608.28998,301.63600,511715015.36732,7.97000,155824.00000,5.38000,0.00000,0.00000,0.00000
-670205.61521,-862107.24688,304.48600,511715015.41441,8.06000,213664.00000,3.31000,0.00000,0.00000,0.00000
-665098.15786,-867712.05314,237.55500,511715015.46151,7.90000,681003.00000,2.86000,0.00000,0.00000,0.00000
-669683.23748,-861767.29448,306.74500,511715015.50860,7.53000,4182565.00000,2.36000,0.00000,0.00000,0.00000
-669226.40298,-861830.46182,306.64300,511715015.55569,7.31000,4127733.00000,2.56000,0.00000,0.00000,0.00000
-664718.73332,-866720.32598,234.15200,511715015.60278,7.01000,509950.00000,2.93000,0.00000,0.00000,0.00000
-664353.50318,-866674.22407,235.07900,511715015.64987,6.71000,398226.00000,3.15000,0.00000,0.00000,0.00000
-667844.96242,-862032.95305,312.62100,511715015.69697,6.48000,749488.00000,1.65000,0.00000,0.00000,0.00000
-667723.86793,-861696.03742,319.60900,511715015.74406,6.24000,869837.00000,1.43000,0.00000,0.00000,0.00000
-667824.07807,-861095.41881,322.49100,511715015.79115,5.93000,260937.00000,2.32000,0.00000,0.00000,0.00000
-668604.85815,-859683.87940,314.53600,511715015.83824,5.74000,659012.00000,2.65000,0.00000,0.00000,0.00000
-663669.80659,-865082.62982,244.62200,511715015.88533,5.81000,340214.00000,3.70000,0.00000,0.00000,0.00000
-663069.45760,-865316.61688,246.58800,511715015.93243,5.62000,454877.00000,3.69000,0.00000,0.00000,0.00000
-662372.21285,-865666.03242,250.68600,511715015.97952,5.62000,782641.00000,4.37000,0.00000,0.00000,0.00000
-662027.89454,-865594.99323,252.13300,511715016.02661,5.41000,457523.00000,4.31000,0.00000,0.00000,0.00000
-661739.63030,-865457.18886,252.64500,511715016.07370,5.05000,459418.00000,4.34000,0.00000,0.00000,0.00000
-661445.66773,-865326.16944,253.13500,511715016.12079,4.81000,465809.00000,2.58000,0.00000,0.00000,0.00000
-667004.44100,-858222.67283,268.59000,511715016.16789,4.69000,270594.00000,3.44000,0.00000,0.00000,0.00000
-661883.19795,-863842.63785,206.44800,511715016.21498,4.72000,2204778.00000,2.94000,0.00000,0.00000,0.00000
-662209.17388,-862973.17110,202.16800,511715016.26207,4.76000,2201361.00000,3.24000,0.00000,0.00000,0.00000
-662640.61024,-861978.08650,196.71700,511715016.30916,4.85000,1373841.00000,3.91000,0.00000,0.00000,0.00000
-662441.67332,-861733.90304,199.12700,511715016.35626,5.20000,430243.00000,4.51000,0.00000,0.00000,0.00000
-662816.58806,-860806.16686,198.68500,511715016.40335,5.84000,656348.00000,6.05000,0.00000,0.00000,0.00000
-662720.26117,-860439.76706,200.88500,511715016.45044,6.66000,838020.00000,8.14000,0.00000,0.00000,0.00000
-662456.73203,-860272.55775,205.53300,511715016.49753,7.18000,5001177.00000,4.69000,0.00000,0.00000,0.00000
-662405.54519,-859852.41418,214.13800,511715016.54463,7.49000,1404586.00000,4.17000,0.00000,0.00000,0.00000
-662480.22907,-859282.32410,221.25300,511715016.59172,7.79000,1183868.00000,4.06000,0.00000,0.00000,0.00000
-662321.21141,-858990.64060,226.61000,511715016.63881,7.85000,766356.00000,4.34000,0.00000,0.00000,0.00000
-660809.31853,-860310.37526,231.12800,511715016.68591,7.65000,986529.00000,3.50000,0.00000,0.00000,0.00000
-662225.45985,-858142.48735,249.89500,511715016.73300,7.71000,2310857.00000,2.22000,0.00000,0.00000,0.00000
-660998.62199,-859122.67572,260.56100,511715016.78010,8.32000,2666546.00000,3.14000,0.00000,0.00000,0.00000
-660762.17619,-858923.19524,260.99900,511715016.82719,9.05000,2681361.00000,3.67000,0.00000,0.00000,0.00000
-660673.94387,-858547.21236,249.84100,511715016.87429,9.42000,1902467.00000,4.69000,0.00000,0.00000,0.00000
-659772.46364,-859139.79977,250.33400,511715016.92138,9.71000,3424645.00000,5.93000,0.00000,0.00000,0.00000
-659319.39784,-859198.28841,250.92700,511715016.96848,9.75000,855698.00000,8.48000,0.00000,0.00000,0.00000
-659217.38748,-858838.68813,249.75800,511715017.01557,9.60000,482662.00000,7.86000,0.00000,0.00000,0.00000
-659179.03815,-858403.27975,248.30200,511715017.06267,9.79000,295004.00000,9.32000,0.00000,0.00000,0.00000
-658847.58579,-858316.92841,248.09300,511715017.10977,9.94000,347520.00000,8.53000,0.00000,0.00000,0.00000
-659148.42189,-857477.58607,246.08800,511715017.15686,10.13000,267457.00000,10.64000,0.00000,0.00000,0.00000
-659761.35799,-856266.56376,247.34800,511715017.20396,9.90000,79563.00000,9.59000,0.00000,0.00000,0.00000
-659812.79233,-855724.23973,248.70200,511715017.25106,10.23000,402688.00000,10.03000,0.00000,0.00000,0.00000
-659445.25998,-855680.90076,249.00000,511715017.29815,10.45000,828348.00000,8.15000,0.00000,0.00000,0.00000
-658794.60000,-855974.71552,246.44200,511715017.34525,10.57000,816770.00000,8.41000,0.00000,0.00000,0.00000
-658205.69659,-856194.98691,246.00900,511715017.39235,10.64000,356302.00000,7.97000,0.00000,0.00000,0.00000
-657700.87400,-856315.12111,247.46600,511715017.43944,11.17000,281723.00000,7.10000,0.00000,0.00000,0.00000
-657144.26110,-856496.90022,247.81200,511715017.48654,11.17000,353544.00000,7.02000,0.00000,0.00000,0.00000
-656688.83476,-856558.17948,246.47500,511715017.53364,11.31000,214864.00000,9.93000,0.00000,0.00000,0.00000
-657300.40693,-855348.91605,244.75600,511715017.58074,11.59000,179360.00000,11.45000,0.00000,0.00000,0.00000
-658158.04805,-853846.63867,247.75900,511715017.62783,11.06000,316726.00000,6.62000,0.00000,0.00000,0.00000
-658060.82977,-853481.40443,249.30600,511715017.67493,11.01000,1254100.00000,4.82000,0.00000,0.00000,0.00000
-657099.50272,-854145.14114,243.58900,511715017.72203,10.99000,4034623.00000,4.66000,0.00000,0.00000,0.00000
-656679.72552,-854163.99258,242.26400,511715017.76912,10.82000,2415393.00000,4.21000,0.00000,0.00000,0.00000
-656030.96438,-854455.49391,240.24300,511715017.81622,10.58000,1753206.00000,3.63000,0.00000,0.00000,0.00000
-656950.87367,-852879.17362,249.83300,511715017.86332,10.60000,6241490.00000,3.93000,0.00000,0.00000,0.00000
-654188.46513,-855687.25325,238.56200,511715017.91041,10.61000,1702789.00000,3.86000,0.00000,0.00000,0.00000
-653452.24450,-856082.78363,239.84100,511715017.95751,10.69000,1829224.00000,3.66000,0.00000,0.00000,0.00000
-655909.16855,-852676.64800,247.73700,511715018.00461,10.68000,3371563.00000,3.24000,0.00000,0.00000,0.00000
-655510.30636,-852670.58907,245.88500,511715018.05170,10.64000,1197669.00000,4.45000,0.00000,0.00000,0.00000
-655345.18424,-852386.23989,245.70400,511715018.09880,10.60000,915999.00000,5.52000,0.00000,0.00000,0.00000
-655177.69092,-852104.72127,245.31000,511715018.14590,10.36000,1077351.00000,5.53000,0.00000,0.00000,0.00000
-654918.51285,-851932.37140,244.95900,511715018.19300,10.37000,2225886.00000,4.40000,0.00000,0.00000,0.00000
-654556.71690,-851882.19204,244.13800,511715018.24009,10.42000,1299469.00000,4.83000,0.00000,0.00000,0.00000
-654116.04919,-851925.89080,243.50300,511715018.28719,10.60000,423939.00000,4.87000,0.00000,0.00000,0.00000
-653683.93706,-851959.41190,243.68600,511715018.33429,10.62000,562362.00000,4.80000,0.00000,0.00000,0.00000
-661556.32855,-879782.87702,258.78300,511887667.13813,9.20000,1225376.00000,5.15000,0.00000,0.00000,0.00000
-661433.51679,-879451.89547,260.43400,511887667.18523,9.07000,145888.00000,7.36000,0.00000,0.00000,0.00000
-661890.86955,-878450.35098,263.07000,511887667.23233,8.84000,250594.00000,6.00000,0.00000,0.00000,0.00000
-661705.69567,-878191.46496,264.78200,511887667.27942,8.69000,507747.00000,3.54000,0.00000,0.00000,0.00000
-661347.93495,-878132.07700,264.79300,511887667.32652,8.69000,1085690.00000,5.18000,0.00000,0.00000,0.00000
-660957.29675,-878110.67100,263.71200,511887667.37362,8.60000,816200.00000,5.52000,0.00000,0.00000,0.00000
-660580.68414,-878073.06502,262.43100,511887667.42071,8.62000,1460648.00000,4.10000,0.00000,0.00000,0.00000
-660192.95379,-878048.30566,260.53900,511887667.46781,8.64000,347396.00000,3.88000,0.00000,0.00000,0.00000
-659903.84006,-877909.53801,258.16500,511887667.51491,8.67000,296997.00000,4.18000,0.00000,0.00000,0.00000
-659587.18258,-877802.63094,255.61100,511887667.56201,8.78000,297254.00000,4.10000,0.00000,0.00000,0.00000
-659275.83097,-877689.56332,253.46600,511887667.60910,8.87000,335911.00000,4.56000,0.00000,0.00000,0.00000
-658973.19056,-877566.44146,251.02700,511887667.65620,9.15000,358848.00000,4.75000,0.00000,0.00000,0.00000
-658862.02117,-877222.05471,249.46900,511887667.70330,9.48000,798793.00000,6.07000,0.00000,0.00000,0.00000
-658748.91943,-876879.89983,248.98700,511887667.75040,9.61000,990315.00000,5.13000,0.00000,0.00000,0.00000
-657015.06440,-878410.66658,242.93400,511887667.79750,9.43000,1738595.00000,5.41000,0.00000,0.00000,0.00000
-656504.49172,-878527.77114,243.49700,511887667.84459,9.13000,3388052.00000,4.71000,0.00000,0.00000,0.00000
-657481.27643,-876926.21386,245.19500,511887667.89169,8.92000,1404657.00000,4.71000,0.00000,0.00000,0.00000
-657073.71340,-876924.31536,244.12200,511887667.93879,9.22000,3883141.00000,4.00000,0.00000,0.00000,0.00000
-657860.95862,-875541.79550,235.90700,511887667.98589,9.05000,1106491.00000,5.07000,0.00000,0.00000,0.00000
-656475.70082,-876669.65563,237.10900,511887668.03299,8.89000,1625549.00000,4.93000,0.00000,0.00000,0.00000
-656716.56922,-875918.51407,238.10800,511887668.08009,8.68000,267534.00000,6.28000,0.00000,0.00000,0.00000
-656573.50430,-875610.98973,238.84700,511887668.12719,8.87000,669275.00000,8.73000,0.00000,0.00000,0.00000
-655380.18783,-876516.97531,240.77500,511887668.17428,9.94000,166767.00000,12.40000,0.00000,0.00000,0.00000
-656567.35811,-874672.46997,241.43300,511887668.22138,10.12000,444768.00000,10.88000,0.00000,0.00000,0.00000
-656187.37107,-874638.71187,239.39700,511887668.26848,9.64000,1669944.00000,8.80000,0.00000,0.00000,0.00000
-655280.81055,-875213.37671,237.06600,511887668.31558,9.25000,477440.00000,7.22000,0.00000,0.00000,0.00000
-654628.09181,-875494.70020,236.81000,511887668.36268,8.74000,842150.00000,5.12000,0.00000,0.00000,0.00000
-655311.92793,-874231.83988,239.10100,511887668.40978,7.77000,2434838.00000,3.29000,0.00000,0.00000,0.00000
-654806.22456,-874343.32484,236.70200,511887668.45688,6.95000,1574178.00000,3.32000,0.00000,0.00000,0.00000
-656353.61140,-872082.73193,257.88000,511887668.50398,6.55000,295562.00000,2.56000,0.00000,0.00000,0.00000
-654135.71723,-874172.42116,224.32200,511887668.55108,6.35000,2728241.00000,2.19000,0.00000,0.00000,0.00000
-653711.24292,-874190.04885,216.27400,511887668.59818,6.58000,2288651.00000,2.35000,0.00000,0.00000,0.00000
-652979.18614,-874562.97827,207.24100,511887668.64528,7.19000,4854313.00000,2.99000,0.00000,0.00000,0.00000
-652789.73137,-874309.08060,204.02400,511887668.69238,7.94000,3666571.00000,6.36000,0.00000,0.00000,0.00000
-652422.78606,-874260.21110,197.30300,511887668.73948,8.32000,2398634.00000,4.91000,0.00000,0.00000,0.00000
-653075.30075,-873033.66816,197.87600,511887668.78658,8.97000,644321.00000,5.30000,0.00000,0.00000,0.00000
-652555.55546,-873161.33522,199.20300,511887668.83368,9.44000,1446883.00000,5.52000,0.00000,0.00000,0.00000
-652192.50731,-873107.98914,204.64500,511887668.88078,9.41000,1642161.00000,4.08000,0.00000,0.00000,0.00000
-651258.31316,-873714.36389,216.26300,511887668.92788,9.51000,1720111.00000,4.31000,0.00000,0.00000,0.00000
-651297.13806,-873196.78194,215.41300,511887668.97498,9.83000,139947.00000,11.29000,0.00000,0.00000,0.00000
-651023.56001,-873040.08170,216.27500,511887669.02208,10.09000,302199.00000,12.71000,0.00000,0.00000,0.00000
-650000.84869,-873748.63671,221.06600,511887669.06918,9.50000,753545.00000,8.95000,0.00000,0.00000,0.00000
-649646.51192,-873685.20132,223.99100,511887669.11628,8.88000,1202337.00000,5.77000,0.00000,0.00000,0.00000
-650521.55215,-872201.81592,233.72700,511887669.16338,8.35000,1865853.00000,4.21000,0.00000,0.00000,0.00000
-650097.58266,-872218.81669,238.30000,511887669.21048,8.08000,3497783.00000,3.85000,0.00000,0.00000,0.00000
-649831.26936,-872053.70768,243.76400,511887669.25758,8.06000,1424700.00000,3.84000,0.00000,0.00000,0.00000
-649844.96367,-871565.19027,249.38900,511887669.30468,8.66000,564336.00000,3.93000,0.00000,0.00000,0.00000
-649997.46692,-870916.40218,251.60000,511887669.35178,9.46000,404570.00000,6.74000,0.00000,0.00000,0.00000
-650143.66714,-870274.86845,252.08800,511887669.39888,9.47000,526313.00000,6.46000,0.00000,0.00000,0.00000
-649980.86308,-869990.25391,250.88400,511887669.44597,8.46000,1073129.00000,3.36000,0.00000,0.00000,0.00000
-649183.56554,-870438.43769,245.45700,511887669.49308,8.11000,443545.00000,3.94000,0.00000,0.00000,0.00000
-648936.61211,-870251.00028,242.11400,511887669.54017,8.26000,1565920.00000,5.21000,0.00000,0.00000,0.00000
-650528.80716,-867939.46739,249.15400,511887669.58727,8.15000,1515819.00000,4.29000,0.00000,0.00000,0.00000
-648864.91224,-869388.53241,239.97700,511887669.63437,7.95000,500393.00000,4.97000,0.00000,0.00000,0.00000
-648544.94007,-869285.42877,236.89200,511887669.68147,7.58000,473409.00000,5.02000,0.00000,0.00000,0.00000
-648146.61987,-869272.80360,233.64600,511887669.72857,7.49000,300559.00000,5.24000,0.00000,0.00000,0.00000
-647953.35834,-869023.36558,231.15500,511887669.77567,7.40000,467016.00000,5.03000,0.00000,0.00000,0.00000
-649690.70551,-866544.35763,243.63500,511887669.82277,7.30000,5741343.00000,3.35000,0.00000,0.00000,0.00000
-649241.63373,-866590.38909,241.35800,511887669.86987,7.17000,2050566.00000,4.51000,0.00000,0.00000,0.00000
-648292.98081,-867213.34412,237.85300,511887669.91697,7.41000,563568.00000,6.66000,0.00000,0.00000,0.00000
-647748.14502,-867369.94713,237.41000,511887669.96407,8.00000,203361.00000,7.22000,0.00000,0.00000,0.00000
-647581.98691,-867089.24583,237.81600,511887670.01117,8.52000,272744.00000,7.01000,0.00000,0.00000,0.00000
-647313.78850,-866926.37962,237.37800,511887670.05827,8.94000,1193282.00000,6.59000,0.00000,0.00000,0.00000
-647649.63521,-866065.96508,239.61200,511887670.10537,8.89000,2351306.00000,4.49000,0.00000,0.00000,0.00000
-647684.18747,-865553.50220,242.28800,511887670.15248,8.97000,1288989.00000,4.40000,0.00000,0.00000,0.00000
-647022.31687,-865845.21995,238.09200,511887670.19958,8.90000,351767.00000,4.38000,0.00000,0.00000,0.00000
-646396.23188,-866095.60656,234.45500,511887670.24668,8.86000,278165.00000,4.92000,0.00000,0.00000,0.00000
-646223.80717,-865822.15891,231.90200,511887670.29378,9.01000,284857.00000,7.85000,0.00000,0.00000,0.00000
-646062.01744,-865536.41778,230.60900,511887670.34088,9.17000,135574.00000,8.01000,0.00000,0.00000,0.00000
-646095.14555,-865025.62853,230.73800,511887670.38798,9.16000,300190.00000,9.46000,0.00000,0.00000,0.00000
-646353.64937,-864254.59928,233.12500,511887670.43508,9.16000,481607.00000,6.63000,0.00000,0.00000,0.00000
-646070.95978,-864108.48646,234.01600,511887670.48218,9.24000,1399812.00000,4.39000,0.00000,0.00000,0.00000
-645017.32756,-864852.50103,226.81100,511887670.52928,9.72000,2891183.00000,3.70000,0.00000,0.00000,0.00000
-644982.27331,-864420.45410,226.85400,511887670.57639,9.99000,2006891.00000,3.53000,0.00000,0.00000,0.00000
-644876.11550,-864070.50644,233.74500,511887670.62349,10.20000,6168716.00000,3.64000,0.00000,0.00000,0.00000
-644504.92288,-864026.56913,232.80100,511887670.67059,9.93000,1633395.00000,4.52000,0.00000,0.00000,0.00000
-644059.72068,-864068.04814,231.19900,511887670.71769,9.75000,372580.00000,4.27000,0.00000,0.00000,0.00000
-643786.71015,-863910.73982,230.39500,511887670.76479,9.50000,572962.00000,6.03000,0.00000,0.00000,0.00000
-643807.29159,-863414.48269,230.46000,511887670.81189,9.66000,102943.00000,8.50000,0.00000,0.00000,0.00000
-643721.46658,-863041.07229,231.25200,511887670.85899,9.70000,607319.00000,7.58000,0.00000,0.00000,0.00000
-643432.98710,-862901.63259,231.55600,511887670.90610,10.07000,1399882.00000,6.36000,0.00000,0.00000,0.00000
-649861.93866,-890852.51053,204.58500,512060320.60035,10.64000,858318.00000,4.44000,0.00000,0.00000,0.00000
-650186.95890,-890023.41331,205.60900,512060320.64745,10.29000,487859.00000,4.96000,0.00000,0.00000,0.00000
-649402.59613,-890437.72965,202.24800,512060320.69454,10.05000,282159.00000,4.93000,0.00000,0.00000,0.00000
-648931.12709,-890501.35174,200.24900,512060320.74164,9.74000,1360343.00000,3.97000,0.00000,0.00000,0.00000
-650143.62994,-888677.61469,225.07400,512060320.78874,9.64000,283406.00000,2.68000,0.00000,0.00000,0.00000
-649741.04679,-888664.04114,224.83400,512060320.83584,9.72000,201603.00000,3.04000,0.00000,0.00000,0.00000
-649299.12210,-888694.58358,223.22500,512060320.88293,9.76000,226256.00000,3.09000,0.00000,0.00000,0.00000
-648760.26712,-888833.71750,219.81200,512060320.93003,9.58000,238981.00000,3.91000,0.00000,0.00000,0.00000
-648325.22517,-888856.52135,216.84300,512060320.97713,9.18000,323087.00000,3.33000,0.00000,0.00000,0.00000
-647769.15228,-889014.94932,212.11300,512060321.02423,9.03000,353530.00000,4.14000,0.00000,0.00000,0.00000
-646966.58269,-889449.59297,207.47500,512060321.07133,9.23000,252630.00000,6.06000,0.00000,0.00000,0.00000
-645675.42745,-890431.69874,207.55200,512060321.11842,9.58000,1352181.00000,7.38000,0.00000,0.00000,0.00000
-644889.54644,-890847.54727,209.60400,512060321.16552,9.58000,1401876.00000,5.66000,0.00000,0.00000,0.00000
-646479.12767,-888601.60570,190.66500,512060321.21262,9.86000,299707.00000,5.23000,0.00000,0.00000,0.00000
-646061.29987,-888605.09590,187.41300,512060321.25972,10.37000,286480.00000,6.83000,0.00000,0.00000,0.00000
-645357.10443,-888929.44851,186.73700,512060321.30681,11.32000,653548.00000,10.90000,0.00000,0.00000,0.00000
-645010.11845,-888853.52734,187.33300,512060321.35391,12.47000,418374.00000,12.49000,0.00000,0.00000,0.00000
-645443.99679,-887902.66733,187.86400,512060321.40101,12.40000,545466.00000,8.92000,0.00000,0.00000,0.00000
-645429.13303,-887454.60494,189.43900,512060321.44810,10.88000,809912.00000,6.03000,0.00000,0.00000,0.00000
-645177.12755,-887272.29669,191.56400,512060321.49520,9.53000,1946265.00000,3.44000,0.00000,0.00000,0.00000
-644869.52066,-887152.26824,188.18500,512060321.54230,8.87000,7301722.00000,1.91000,0.00000,0.00000,0.00000
-646168.85767,-885231.68570,194.20100,512060321.58939,8.30000,4627438.00000,1.41000,0.00000,0.00000,0.00000
-644092.92605,-887093.03956,227.28500,512060321.63649,7.86000,584373.00000,2.31000,0.00000,0.00000,0.00000
-643758.26446,-887003.31604,231.02400,512060321.68359,7.93000,1166252.00000,3.35000,0.00000,0.00000,0.00000
-643454.60391,-886878.86448,231.17900,512060321.73069,8.14000,237107.00000,4.98000,0.00000,0.00000,0.00000
-643244.43099,-886649.67693,229.76000,512060321.77778,8.69000,200244.00000,8.25000,0.00000,0.00000,0.00000
-643585.80944,-885802.55010,229.46100,512060321.82488,9.32000,144548.00000,12.95000,0.00000,0.00000,0.00000
-643917.35103,-884966.46981,232.01100,512060321.87198,8.58000,293622.00000,6.73000,0.00000,0.00000,0.00000
-643325.87996,-885164.49385,230.54000,512060321.91907,8.28000,3297132.00000,4.50000,0.00000,0.00000,0.00000
-643209.69418,-884830.02801,232.76700,512060321.96617,8.11000,2245283.00000,3.60000,0.00000,0.00000,0.00000
-642752.05389,-884878.11035,232.49700,512060322.01327,7.73000,1636115.00000,3.10000,0.00000,0.00000,0.00000
-642737.72398,-884429.56815,242.71500,512060322.06036,7.35000,3856370.00000,3.01000,0.00000,0.00000,0.00000
-642404.07308,-884338.73848,245.69600,512060322.10746,7.40000,299759.00000,3.35000,0.00000,0.00000,0.00000
-642127.00759,-884184.51373,247.00400,512060322.15455,7.49000,346471.00000,3.28000,0.00000,0.00000,0.00000
-642019.21100,-883840.69373,247.24600,512060322.20165,7.13000,248552.00000,4.62000,0.00000,0.00000,0.00000
-642100.82896,-883284.66262,249.25000,512060322.24875,6.69000,360926.00000,4.01000,0.00000,0.00000,0.00000
-641856.75110,-883093.52091,247.61200,512060322.29584,6.45000,530025.00000,3.06000,0.00000,0.00000,0.00000
-641280.55132,-883274.39148,240.85500,512060322.34294,6.33000,2032566.00000,2.47000,0.00000,0.00000,0.00000
-640910.01980,-883224.88420,234.05200,512060322.39004,6.32000,1087847.00000,3.37000,0.00000,0.00000,0.00000
-640919.34378,-882749.87704,229.47500,512060322.43713,6.53000,1036537.00000,3.45000,0.00000,0.00000,0.00000
-641124.49297,-882055.49807,228.92200,512060322.48423,6.66000,1033647.00000,3.06000,0.00000,0.00000,0.00000
-640547.30637,-882237.47933,227.48300,512060322.53133,6.60000,1429031.00000,2.38000,0.00000,0.00000,0.00000
-640392.78893,-881946.01390,225.71500,512060322.57842,6.62000,2170775.00000,2.75000,0.00000,0.00000,0.00000
-640156.58394,-881746.02559,223.78100,512060322.62552,6.66000,328662.00000,4.44000,0.00000,0.00000,0.00000
-640081.28878,-881365.81835,222.89400,512060322.67262,6.95000,81462.00000,5.92000,0.00000,0.00000,0.00000
-639683.21522,-881347.17716,222.76400,512060322.71971,7.14000,423652.00000,4.93000,0.00000,0.00000,0.00000
-639050.40882,-881591.39592,222.49600,512060322.76681,7.31000,1002520.00000,3.80000,0.00000,0.00000,0.00000
-638858.00897,-881342.35343,218.57800,512060322.81391,7.51000,1840274.00000,5.06000,0.00000,0.00000,0.00000
-638184.85458,-881631.75806,219.30400,512060322.86101,7.67000,3142290.00000,3.66000,0.00000,0.00000,0.00000
-637551.54956,-881876.50161,220.98100,512060322.90811,8.24000,1381590.00000,3.93000,0.00000,0.00000,0.00000
-637597.31616,-881360.71511,219.76200,512060322.95521,8.37000,741133.00000,5.41000,0.00000,0.00000,0.00000
-637821.22556,-880645.43612,219.52600,512060323.00230,8.50000,1022205.00000,6.10000,0.00000,0.00000,0.00000
-637427.08260,-880622.33938,215.64400,512060323.04940,8.74000,786543.00000,6.10000,0.00000,0.00000,0.00000
-637295.22056,-880305.50612,213.40800,512060323.09650,9.01000,736977.00000,7.60000,0.00000,0.00000,0.00000
-636162.93050,-881109.03754,209.98400,512060323.14360,9.30000,1666222.00000,9.65000,0.00000,0.00000,0.00000
-635596.53107,-881278.79817,208.74400,512060323.19070,9.40000,284294.00000,11.19000,0.00000,0.00000,0.00000
-635097.05621,-881373.59998,207.73500,512060323.23780,9.20000,338174.00000,7.61000,0.00000,0.00000,0.00000
-634427.29754,-881659.06590,206.28300,512060323.28489,8.97000,948132.00000,3.62000,0.00000,0.00000,0.00000
-636624.63468,-878734.03869,215.65400,512060323.33199,9.07000,1108046.00000,4.16000,0.00000,0.00000,0.00000
-636417.49608,-878501.51473,214.22300,512060323.37909,9.35000,687483.00000,6.20000,0.00000,0.00000,0.00000
-636152.30197,-878334.02963,212.70900,512060323.42619,9.43000,481294.00000,5.55000,0.00000,0.00000,0.00000
-635943.69532,-878103.16124,211.36200,512060323.47329,9.49000,287283.00000,7.21000,0.00000,0.00000,0.00000
-635852.70843,-877740.60150,211.36900,512060323.52039,9.80000,667760.00000,6.54000,0.00000,0.00000,0.00000
-635583.08784,-877578.06855,210.22400,512060323.56749,9.82000,1531828.00000,7.10000,0.00000,0.00000,0.00000
-635248.50676,-877488.26391,208.25000,512060323.61459,9.49000,439378.00000,8.19000,0.00000,0.00000,0.00000
-635301.70974,-876964.24073,208.85500,512060323.66169,9.31000,189127.00000,9.76000,0.00000,0.00000,0.00000
-635271.75612,-876533.36307,210.12300,512060323.70879,9.41000,89198.00000,10.23000,0.00000,0.00000,0.00000
-635133.53299,-876223.70230,210.92400,512060323.75589,8.95000,166937.00000,13.48000,0.00000,0.00000,0.00000
-649096.77388,-855804.21491,245.00900,512453584.40731,10.64000,338883.00000,5.43000,0.00000,0.00000,1.00000
-649085.68718,-856148.78655,244.10400,512453584.45430,10.83000,183397.00000,5.63000,0.00000,0.00000,1.00000
-649151.72624,-856458.09767,243.36000,512453584.50129,10.95000,258139.00000,6.81000,0.00000,0.00000,1.00000
-649310.97202,-856724.77818,243.34100,512453584.54829,11.01000,341581.00000,6.00000,0.00000,0.00000,1.00000
-649454.79592,-856998.51903,243.92300,512453584.59528,10.98000,129616.00000,5.82000,0.00000,0.00000,1.00000
-649639.53224,-857253.55789,243.58100,512453584.64227,11.00000,281634.00000,6.09000,0.00000,0.00000,1.00000
-649698.85156,-857565.93965,243.38700,512453584.68926,11.05000,224962.00000,7.13000,0.00000,0.00000,1.00000
-649782.31273,-857867.28968,243.74700,512453584.73625,10.90000,251963.00000,6.02000,0.00000,0.00000,1.00000
-649775.90391,-858209.73017,244.14600,512453584.78324,11.18000,238597.00000,6.46000,0.00000,0.00000,1.00000
-649686.32085,-858590.18132,244.26100,512453584.83024,11.28000,177104.00000,8.30000,0.00000,0.00000,1.00000
-649623.57259,-858958.38352,244.79400,512453584.87723,11.20000,151868.00000,8.22000,0.00000,0.00000,1.00000
-649614.47252,-859302.05114,244.99000,512453584.92422,11.04000,94745.00000,9.02000,0.00000,0.00000,1.00000
-649721.38910,-859592.66282,244.07200,512453584.97121,11.12000,127014.00000,6.21000,0.00000,0.00000,1.00000
-649618.38856,-859979.25736,243.55900,512453585.01820,11.35000,224231.00000,7.99000,0.00000,0.00000,1.00000
-649748.10457,-860259.45281,244.52300,512453585.06520,11.57000,263222.00000,6.45000,0.00000,0.00000,1.00000
-650006.58613,-860480.77449,244.89600,512453585.11219,11.44000,123077.00000,7.00000,0.00000,0.00000,1.00000
-650283.18651,-860693.83415,244.93000,512453585.15918,11.39000,210579.00000,6.61000,0.00000,0.00000,1.00000
-650491.37625,-860938.16783,244.29400,512453585.20617,11.30000,243831.00000,5.97000,0.00000,0.00000,1.00000
-650638.51855,-861210.38433,243.21300,512453585.25316,11.18000,287743.00000,5.22000,0.00000,0.00000,1.00000
-650584.45570,-861574.59125,240.17300,512453585.30016,11.24000,381356.00000,8.73000,0.00000,0.00000,1.00000
-650223.87868,-862078.92486,242.08600,512453585.34715,10.30000,332841.00000,4.97000,0.00000,0.00000,1.00000
-650603.75361,-862244.77227,246.67900,512453585.39414,9.67000,470764.00000,5.24000,0.00000,0.00000,1.00000
-650781.06674,-862503.19981,248.11900,512453585.44113,9.69000,158691.00000,7.38000,0.00000,0.00000,1.00000
-650599.55436,-862925.66030,249.01600,512453585.48812,9.82000,272624.00000,5.75000,0.00000,0.00000,1.00000
-650263.09582,-863418.92882,249.62500,512453585.53511,10.16000,229036.00000,6.10000,0.00000,0.00000,1.00000
-649891.08294,-863928.44031,251.18600,512453585.58210,10.10000,701668.00000,3.52000,0.00000,0.00000,1.00000
-651128.14997,-863702.52423,244.38200,512453585.62909,10.03000,812591.00000,2.43000,0.00000,0.00000,1.00000
-651204.86020,-864006.96280,242.96700,512453585.67608,10.04000,1887171.00000,2.46000,0.00000,0.00000,1.00000
-651440.52882,-864238.74222,240.42500,512453585.72307,10.37000,716131.00000,2.44000,0.00000,0.00000,1.00000
-651562.84598,-864522.34211,239.72100,512453585.77006,10.34000,1359259.00000,2.21000,0.00000,0.00000,1.00000
-655827.82112,-862912.50390,240.08400,512453585.81705,10.00000,1236672.00000,3.05000,0.00000,0.00000,1.00000
-655577.20662,-863366.59750,238.94700,512453585.86404,9.45000,477625.00000,3.05000,0.00000,0.00000,1.00000
-655773.98963,-863616.18501,239.68300,512453585.91103,8.74000,1214385.00000,2.68000,0.00000,0.00000,1.00000
-651952.78048,-865702.09402,261.58300,512453585.95802,8.41000,872922.00000,2.11000,0.00000,0.00000,1.00000
-652230.01925,-865914.87316,261.83900,512453586.00501,8.24000,195509.00000,3.39000,0.00000,0.00000,1.00000
-652558.91805,-866104.07053,261.22700,512453586.05200,7.92000,314641.00000,4.51000,0.00000,0.00000,1.00000
-652624.87657,-866413.42721,258.78900,512453586.09899,7.21000,209699.00000,3.42000,0.00000,0.00000,1.00000
-652164.27263,-866963.38977,258.04000,512453586.14598,7.21000,305269.00000,3.44000,0.00000,0.00000,1.00000
-651949.16320,-867401.16402,261.00800,512453586.19297,7.07000,292267.00000,2.69000,0.00000,0.00000,1.00000
-651843.38455,-867788.97726,263.48300,512453586.23996,6.72000,266260.00000,2.26000,0.00000,0.00000,1.00000
-651727.54069,-868181.38471,263.29900,512453586.28695,7.18000,245310.00000,2.57000,0.00000,0.00000,1.00000
-651587.53479,-868584.81743,262.49300,512453586.33394,7.20000,288055.00000,2.74000,0.00000,0.00000,1.00000
-651293.92148,-869058.44755,261.74600,512453586.38093,7.54000,854782.00000,1.38000,0.00000,0.00000,1.00000
-653852.59932,-868228.89019,221.04700,512453586.42792,8.41000,5728536.00000,1.62000,0.00000,0.00000,1.00000
-650813.27789,-869956.95568,251.29000,512453586.47491,8.60000,1748978.00000,1.71000,0.00000,0.00000,1.00000
-653534.33343,-869053.29218,217.99500,512453586.52190,8.63000,4973656.00000,1.79000,0.00000,0.00000,1.00000
-650033.42515,-870992.12820,250.26500,512453586.56889,9.32000,820686.00000,2.06000,0.00000,0.00000,1.00000
-653813.10766,-869604.90831,213.43300,512453586.61588,9.54000,5367179.00000,2.11000,0.00000,0.00000,1.00000
-653585.86571,-870048.22364,213.42300,512453586.66287,9.73000,4636471.00000,2.28000,0.00000,0.00000,1.00000
-653955.01925,-870219.05956,210.84600,512453586.70986,9.74000,2200958.00000,2.61000,0.00000,0.00000,1.00000
-654138.34120,-870474.80261,209.42800,512453586.75685,10.05000,470237.00000,4.34000,0.00000,0.00000,1.00000
-656186.73304,-869878.51534,211.94400,512453586.80384,10.26000,1853715.00000,6.03000,0.00000,0.00000,1.00000
-654833.05273,-870836.43516,213.09600,512453586.85083,9.88000,1096452.00000,6.54000,0.00000,0.00000,1.00000
-661281.62810,-868229.78902,256.67600,512453586.89782,9.63000,2943833.00000,4.30000,0.00000,0.00000,1.00000
-650104.17400,-873675.36291,222.02200,512453586.94481,9.76000,1315041.00000,5.83000,0.00000,0.00000,1.00000
-651166.34984,-873529.69556,215.78400,512453586.99180,9.59000,825678.00000,4.07000,0.00000,0.00000,1.00000
-659987.51984,-869839.74703,237.62400,512453587.03879,8.94000,3587633.00000,2.93000,0.00000,0.00000,1.00000
-656472.11153,-871785.22272,259.33500,512453587.08578,8.29000,253617.00000,2.29000,0.00000,0.00000,1.00000
-656413.24897,-872151.61752,257.38800,512453587.13277,8.16000,485162.00000,2.37000,0.00000,0.00000,1.00000
-656272.53440,-872555.39443,255.55000,512453587.17976,8.44000,1357825.00000,2.11000,0.00000,0.00000,1.00000
-656219.70730,-872919.03535,253.00000,512453587.22675,8.59000,1870108.00000,2.32000,0.00000,0.00000,1.00000
-656223.22046,-873256.92643,250.25200,512453587.27374,9.03000,2961502.00000,2.66000,0.00000,0.00000,1.00000
-656223.37637,-873596.35018,248.20800,512453587.32073,9.49000,2712375.00000,3.69000,0.00000,0.00000,1.00000
-656246.34150,-873925.36204,245.63800,512453587.36772,10.14000,379783.00000,5.41000,0.00000,0.00000,1.00000
-656382.01098,-874202.88940,244.27100,512453587.41471,10.66000,265389.00000,7.95000,0.00000,0.00000,1.00000
-656614.96372,-874435.99228,243.13400,512453587.46170,10.60000,308878.00000,6.90000,0.00000,0.00000,1.00000
-656792.90410,-874694.22513,240.73500,512453587.50869,10.67000,149107.00000,7.37000,0.00000,0.00000,1.00000
-656377.06181,-875223.62504,238.95200,512453587.55568,10.54000,209347.00000,7.22000,0.00000,0.00000,1.00000
-656115.52473,-875682.54357,238.72600,512453587.60267,10.56000,293502.00000,7.68000,0.00000,0.00000,1.00000
-656051.24282,-876051.38727,239.90800,512453587.64965,10.58000,240704.00000,6.07000,0.00000,0.00000,1.00000
-656168.11106,-876337.50452,242.79800,512453587.69664,10.09000,315617.00000,4.56000,0.00000,0.00000,1.00000
-656309.80452,-876612.29117,245.80500,512453587.74363,9.69000,522526.00000,5.03000,0.00000,0.00000,1.00000
-656558.17824,-876838.36804,248.41200,512453587.79062,9.50000,288069.00000,6.17000,0.00000,0.00000,1.00000
-656758.90407,-877086.18777,249.52300,512453587.83761,9.38000,182999.00000,6.12000,0.00000,0.00000,1.00000
-657450.09918,-877110.05697,248.26500,512453587.88460,9.62000,345967.00000,5.74000,0.00000,0.00000,1.00000
-658052.74328,-877174.37662,246.14400,512453587.93159,10.86000,478639.00000,17.31000,0.00000,0.00000,1.00000
-657976.36583,-877548.74120,247.29500,512453587.97857,10.78000,163421.00000,10.85000,0.00000,0.00000,1.00000
-659113.09870,-877369.21340,251.36800,512453588.02556,10.43000,126390.00000,7.20000,0.00000,0.00000,1.00000
-659623.14148,-877475.81944,254.37900,512453588.07255,10.80000,1120283.00000,6.29000,0.00000,0.00000,1.00000
-659727.92270,-877767.47834,255.85400,512453588.11954,10.23000,1680520.00000,5.61000,0.00000,0.00000,1.00000
-658315.64244,-878751.80784,247.49000,512453588.16653,10.31000,1337408.00000,5.34000,0.00000,0.00000,1.00000
-659987.14293,-878328.15201,259.77700,512453588.21351,10.47000,1876390.00000,5.45000,0.00000,0.00000,1.00000
-660021.47303,-878651.98882,260.63700,512453588.26050,10.27000,1172173.00000,4.99000,0.00000,0.00000,1.00000
-660182.61010,-878917.91877,260.81300,512453588.30749,9.94000,1492920.00000,5.05000,0.00000,0.00000,1.00000
-660198.15953,-879250.33347,258.51800,512453588.35448,9.96000,727954.00000,4.80000,0.00000,0.00000,1.00000
-660243.89282,-879568.96343,257.06600,512453588.40147,10.08000,449707.00000,5.75000,0.00000,0.00000,1.00000
-660384.89248,-879844.08684,257.40600,512453588.44845,10.18000,341786.00000,7.61000,0.00000,0.00000,1.00000
-660735.92084,-880023.33570,259.12900,512453588.49544,9.99000,138347.00000,5.80000,0.00000,0.00000,1.00000
-661276.83996,-880115.90322,262.75500,512453588.54243,10.04000,241369.00000,5.70000,0.00000,0.00000,1.00000
-637265.60394,-871248.10986,222.53700,512626239.24499,11.48000,1376190.00000,4.77000,0.00000,0.00000,1.00000
-636375.79608,-872986.28438,214.74700,512626239.43281,9.93000,646522.00000,4.98000,0.00000,0.00000,1.00000
-635907.11961,-873528.80552,213.76600,512626239.47977,10.78000,547162.00000,8.64000,0.00000,0.00000,1.00000
-636429.97924,-873636.39255,214.56300,512626239.52672,10.54000,448280.00000,7.53000,0.00000,0.00000,1.00000
-637409.79916,-873543.54499,211.99200,512626239.57368,9.57000,1048187.00000,6.24000,0.00000,0.00000,1.00000
-637340.71339,-873910.80722,221.03200,512626239.62064,8.98000,7947213.00000,3.71000,0.00000,0.00000,1.00000
-637536.88330,-874161.70461,219.89500,512626239.66759,8.99000,1855727.00000,4.53000,0.00000,0.00000,1.00000
-638028.01572,-874283.22017,220.88100,512626239.71454,9.11000,194419.00000,6.32000,0.00000,0.00000,1.00000
-639094.91517,-874152.19924,223.00300,512626239.76150,9.26000,295754.00000,9.67000,0.00000,0.00000,1.00000
-639631.28933,-874253.90215,224.38100,512626239.80845,9.25000,175575.00000,5.69000,0.00000,0.00000,1.00000
-639933.44208,-874458.33407,223.67200,512626239.85541,10.00000,360059.00000,7.68000,0.00000,0.00000,1.00000
-639892.69969,-874813.17865,222.51400,512626239.90236,9.76000,1107266.00000,6.34000,0.00000,0.00000,1.00000
-639907.30393,-875143.74563,222.83800,512626239.94932,9.06000,1415210.00000,5.03000,0.00000,0.00000,1.00000
-639969.15165,-875453.59630,224.78900,512626239.99628,8.89000,1031699.00000,4.06000,0.00000,0.00000,1.00000
-640248.34149,-875668.10704,227.27900,512626240.04323,8.79000,1321009.00000,3.95000,0.00000,0.00000,1.00000
-640493.78851,-875897.42650,227.30800,512626240.09018,8.63000,2586918.00000,3.46000,0.00000,0.00000,1.00000
-640691.31476,-876147.76771,226.66900,512626240.13714,8.78000,9427758.00000,3.41000,0.00000,0.00000,1.00000
-640780.16828,-876445.76374,221.88600,512626240.18409,8.59000,541148.00000,3.76000,0.00000,0.00000,1.00000
-640939.20469,-876712.98291,222.97600,512626240.23105,7.95000,2761308.00000,4.39000,0.00000,0.00000,1.00000
-640803.25413,-877109.56635,222.80500,512626240.27800,7.88000,1496906.00000,4.96000,0.00000,0.00000,1.00000
-640890.05639,-877408.46601,226.19900,512626240.32495,8.04000,567110.00000,4.72000,0.00000,0.00000,1.00000
-641318.43668,-877557.58953,227.59600,512626240.37191,7.39000,555150.00000,6.82000,0.00000,0.00000,1.00000
-642921.34696,-877191.61236,237.99700,512626240.41886,6.14000,541549.00000,4.91000,0.00000,0.00000,1.00000
-642737.45746,-877609.23195,239.50500,512626240.46581,5.43000,340239.00000,4.83000,0.00000,0.00000,1.00000
-641933.23862,-878298.88348,230.59900,512626240.51277,7.27000,2779071.00000,4.34000,0.00000,0.00000,1.00000
-641681.83701,-878746.08548,230.46500,512626240.55972,8.58000,729764.00000,6.09000,0.00000,0.00000,1.00000
-642914.18763,-878542.66304,235.54800,512626240.60667,7.74000,360752.00000,3.77000,0.00000,0.00000,1.00000
-643898.78608,-878447.88763,243.49700,512626240.65363,6.19000,6705534.00000,2.32000,0.00000,0.00000,1.00000
-643842.46854,-878809.58375,246.92400,512626240.70058,6.24000,3405943.00000,2.48000,0.00000,0.00000,1.00000
-643985.94410,-879083.64455,252.19500,512626240.74753,6.54000,785487.00000,2.92000,0.00000,0.00000,1.00000
-644446.71809,-879218.58949,255.48300,512626240.79448,6.64000,381928.00000,4.33000,0.00000,0.00000,1.00000
-644573.33818,-879500.05342,257.00900,512626240.84144,6.88000,1211840.00000,2.76000,0.00000,0.00000,1.00000
-644553.48367,-879845.75321,256.33200,512626240.88839,6.78000,2697916.00000,2.51000,0.00000,0.00000,1.00000
-643824.17288,-880502.50813,242.92000,512626240.93534,6.17000,1465174.00000,2.77000,0.00000,0.00000,1.00000
-643674.68050,-880905.02943,243.29700,512626240.98230,5.96000,1759747.00000,3.35000,0.00000,0.00000,1.00000
-643476.56004,-881328.85825,248.10400,512626241.02925,5.90000,1796855.00000,3.45000,0.00000,0.00000,1.00000
-642922.00560,-881908.93883,248.62200,512626241.07620,6.20000,1429409.00000,2.73000,0.00000,0.00000,1.00000
-642655.03170,-882362.93190,249.33000,512626241.12315,6.91000,340048.00000,2.75000,0.00000,0.00000,1.00000
-642401.55257,-882810.99733,249.81700,512626241.17010,7.40000,525620.00000,2.98000,0.00000,0.00000,1.00000
-642233.80930,-883221.48629,249.49900,512626241.21706,7.79000,1193152.00000,2.13000,0.00000,0.00000,1.00000
-642036.35024,-883644.97764,247.68700,512626241.26401,7.90000,658220.00000,2.24000,0.00000,0.00000,1.00000
-642052.89466,-883974.67038,246.88000,512626241.31096,7.69000,556693.00000,3.46000,0.00000,0.00000,1.00000
-642103.86874,-884289.27036,247.49400,512626241.35791,7.75000,1232027.00000,2.91000,0.00000,0.00000,1.00000
-642096.78470,-884629.32844,245.21700,512626241.40487,7.91000,773152.00000,2.52000,0.00000,0.00000,1.00000
-642284.12347,-884884.15723,239.23600,512626241.45182,7.88000,1336248.00000,2.96000,0.00000,0.00000,1.00000
-642715.87085,-885031.87804,235.55000,512626241.49877,7.88000,273842.00000,5.11000,0.00000,0.00000,1.00000
-643123.97993,-885189.94641,233.29100,512626241.54572,8.27000,277333.00000,7.63000,0.00000,0.00000,1.00000
-643056.12104,-885556.64193,231.02600,512626241.59267,8.22000,157746.00000,6.70000,0.00000,0.00000,1.00000
-642876.85006,-885972.14959,229.28600,512626241.63963,8.59000,59225.00000,7.98000,0.00000,0.00000,1.00000
-643090.52662,-886215.46212,229.10100,512626241.68658,9.03000,216554.00000,6.55000,0.00000,0.00000,1.00000
-643161.06172,-886521.49848,229.30500,512626241.73353,9.22000,523482.00000,6.32000,0.00000,0.00000,1.00000
-643212.01269,-886836.11207,230.53400,512626241.78048,9.16000,156151.00000,4.06000,0.00000,0.00000,1.00000
-643316.97559,-887127.06025,231.53500,512626241.82743,8.75000,242667.00000,4.97000,0.00000,0.00000,1.00000
-643316.61169,-887464.17034,230.31000,512626241.87438,8.30000,479868.00000,2.07000,0.00000,0.00000,1.00000
-648547.91146,-885508.53065,194.18800,512626241.92134,8.52000,1191764.00000,3.02000,0.00000,0.00000,1.00000
-648223.44897,-885987.73080,192.15900,512626241.96829,9.29000,832247.00000,5.22000,0.00000,0.00000,1.00000
-647212.93789,-886767.59096,188.54000,512626242.01524,10.05000,823849.00000,5.35000,0.00000,0.00000,1.00000
-646364.46909,-887476.39283,186.64000,512626242.06219,10.87000,834327.00000,6.14000,0.00000,0.00000,1.00000
-646082.52592,-887936.92881,186.44400,512626242.10914,11.43000,760233.00000,9.27000,0.00000,0.00000,1.00000
-644025.32528,-889175.29602,186.43500,512626242.15610,11.91000,1660095.00000,9.12000,0.00000,0.00000,1.00000
-647886.68113,-887820.30616,199.99100,512626242.20305,12.25000,390657.00000,8.18000,0.00000,0.00000,1.00000
-645083.35752,-889385.64742,187.42500,512626242.25000,12.20000,601392.00000,12.47000,0.00000,0.00000,1.00000
-645541.46281,-889521.89178,191.82500,512626242.29696,11.47000,1864474.00000,5.62000,0.00000,0.00000,1.00000
-647941.56167,-888807.24917,211.75000,512626242.34391,11.22000,390063.00000,6.57000,0.00000,0.00000,1.00000
-646488.04587,-889781.10123,208.53900,512626242.39086,12.09000,251141.00000,8.57000,0.00000,0.00000,1.00000
-644644.20656,-890925.88462,207.25900,512626242.43782,12.60000,708712.00000,10.68000,0.00000,0.00000,1.00000
-645125.93955,-891051.79241,207.56500,512626242.48477,11.25000,1795918.00000,7.35000,0.00000,0.00000,1.00000
-644985.75613,-891450.15980,206.27400,512626242.53172,9.25000,889678.00000,4.37000,0.00000,0.00000,1.00000
-646456.78129,-891142.68472,198.82100,512626242.57867,8.81000,575074.00000,4.98000,0.00000,0.00000,1.00000
-646467.20260,-891475.10764,193.33700,512626242.62563,10.31000,237724.00000,9.27000,0.00000,0.00000,1.00000
-647464.20767,-891375.31169,194.28000,512626242.67258,11.18000,420761.00000,10.93000,0.00000,0.00000,1.00000
-647902.07109,-891520.46319,194.47100,512626242.71953,11.47000,978316.00000,7.24000,0.00000,0.00000,1.00000
-648029.97470,-891801.41114,194.31300,512626242.76649,11.33000,2017815.00000,6.26000,0.00000,0.00000,1.00000
-648318.60496,-892011.96056,194.60100,512626242.81344,10.62000,2319639.00000,5.82000,0.00000,0.00000,1.00000
-648000.13671,-892488.45402,190.24400,512626242.86039,10.01000,529717.00000,7.20000,0.00000,0.00000,1.00000
