-677183.29182,-855561.46150,290.62400,518871208.59367,11.56000,151517.00000,5.53000,0.00000,0.00000,0.00000
-676786.77241,-855562.75295,291.25700,518871208.64033,11.44000,390830.00000,5.32000,0.00000,0.00000,0.00000
-676341.24120,-855624.41430,293.40300,518871208.68700,11.36000,673989.00000,4.33000,0.00000,0.00000,0.00000
-675750.95811,-855864.36948,294.55200,518871208.73366,11.40000,1802190.00000,3.16000,0.00000,0.00000,0.00000
-677037.30498,-853792.91926,290.27300,518871208.78032,11.67000,573867.00000,7.17000,0.00000,0.00000,0.00000
-676730.98393,-853683.13975,291.36300,518871208.82699,11.73000,260706.00000,5.52000,0.00000,0.00000,0.00000
-676310.43983,-853714.04465,292.71800,518871208.87365,11.79000,575968.00000,5.37000,0.00000,0.00000,0.00000
-676157.18732,-853415.73970,291.37700,518871208.92031,11.97000,2884532.00000,4.99000,0.00000,0.00000,0.00000
-675678.38738,-853518.39453,295.68200,518871208.96698,11.98000,1265058.00000,4.96000,0.00000,0.00000,0.00000
-675490.45651,-853262.79200,296.54800,518871209.01364,11.92000,158200.00000,6.40000,0.00000,0.00000,0.00000
-675422.30070,-852859.67892,296.61300,518871209.06030,11.36000,266791.00000,5.55000,0.00000,0.00000,0.00000
-675121.55063,-852743.05548,299.50300,518871209.10697,10.16000,900564.00000,2.92000,0.00000,0.00000,0.00000
-675711.00638,-851530.04066,305.71000,518871209.15363,9.30000,974523.00000,2.98000,0.00000,0.00000,0.00000
-675109.67677,-851783.60951,309.62200,518871209.20030,9.24000,667485.00000,4.17000,0.00000,0.00000,0.00000
-674817.71243,-851656.14498,313.10100,518871209.24696,8.95000,405644.00000,4.02000,0.00000,0.00000,0.00000
-674509.55995,-851548.62707,313.22100,518871209.29362,7.94000,588326.00000,3.58000,0.00000,0.00000,0.00000
-673994.69502,-851695.67593,314.12600,518871209.34029,6.79000,682772.00000,2.47000,0.00000,0.00000,0.00000
-670224.47299,-855364.17779,311.32600,518871209.43362,5.32000,293940.00000,1.94000,0.00000,0.00000,0.00000
-670743.72350,-854237.83733,297.49600,518871209.48028,5.10000,449605.00000,1.68000,0.00000,0.00000,0.00000
-671821.88259,-851936.31487,244.01500,518871209.57361,6.84000,1348367.00000,2.15000,0.00000,0.00000,0.00000
-671850.37218,-850927.29823,247.42100,518871209.66694,9.94000,890255.00000,4.59000,0.00000,0.00000,0.00000
-671721.22115,-850599.34360,248.75300,518871209.71360,10.62000,344161.00000,5.05000,0.00000,0.00000,0.00000
-671363.59391,-850552.72636,252.62100,518871209.76027,10.43000,1859148.00000,3.35000,0.00000,0.00000,0.00000
-671875.02652,-849436.05698,240.87000,518871209.80693,10.41000,1810592.00000,3.70000,0.00000,0.00000,0.00000
-670383.12128,-849812.14144,258.88700,518871209.94693,11.12000,1283357.00000,4.63000,0.00000,0.00000,0.00000
-670544.91613,-849126.00066,257.10800,518871209.99359,11.29000,1870704.00000,3.87000,0.00000,0.00000,0.00000
-670081.83256,-849209.20606,260.50100,518871210.04026,11.28000,1288628.00000,4.64000,0.00000,0.00000,0.00000
-669665.92820,-849234.32656,262.80200,518871210.08692,11.39000,1570892.00000,4.04000,0.00000,0.00000,0.00000
-669297.66654,-849200.79253,264.32600,518871210.13359,11.74000,1086832.00000,4.84000,0.00000,0.00000,0.00000
-669088.04246,-848971.92970,263.53000,518871210.18026,12.02000,399580.00000,7.40000,0.00000,0.00000,0.00000
-668804.88074,-848833.60506,264.24100,518871210.22692,12.03000,219545.00000,10.30000,0.00000,0.00000,0.00000
-668557.34494,-848651.42509,266.13100,518871210.27359,11.73000,270501.00000,5.27000,0.00000,0.00000,0.00000
-668064.99610,-847796.81021,273.14500,518871210.41359,11.41000,1703735.00000,2.45000,0.00000,0.00000,0.00000
-667564.44808,-847926.10459,275.07300,518871210.46026,11.51000,1932555.00000,3.12000,0.00000,0.00000,0.00000
-673368.77183,-864693.87940,288.21800,519043861.05418,10.28000,3404659.00000,4.29000,0.00000,0.00000,0.00000
-670922.87052,-867136.98070,273.31100,519043861.10090,10.22000,2486149.00000,3.85000,0.00000,0.00000,0.00000
-670627.35321,-867011.21419,273.63700,519043861.14762,10.22000,4665719.00000,3.63000,0.00000,0.00000,0.00000
-670631.18234,-866527.89792,274.44300,519043861.19433,10.25000,728884.00000,4.86000,0.00000,0.00000,0.00000
-670064.61680,-866725.90822,270.99300,519043861.24105,10.56000,1609243.00000,4.95000,0.00000,0.00000,0.00000
-669789.84233,-866575.36238,269.57400,519043861.28777,10.21000,1389218.00000,3.26000,0.00000,0.00000,0.00000
-671470.88492,-864088.69679,296.36200,519043861.33448,9.87000,4136235.00000,2.28000,0.00000,0.00000,0.00000
-671081.58605,-864074.99536,298.00500,519043861.38120,9.64000,3332150.00000,2.64000,0.00000,0.00000,0.00000
-670662.12343,-864097.32366,298.38600,519043861.42792,9.54000,3100184.00000,2.98000,0.00000,0.00000,0.00000
-670347.78466,-863994.09218,298.81900,519043861.47463,9.46000,949156.00000,3.81000,0.00000,0.00000,0.00000
-670161.18789,-863738.26887,298.44700,519043861.52135,9.67000,791458.00000,4.96000,0.00000,0.00000,0.00000
-670293.72333,-863101.28284,299.95600,519043861.56807,9.85000,96088.00000,7.07000,0.00000,0.00000,0.00000
-670440.40674,-862447.41652,302.45100,519043861.61478,9.97000,101736.00000,5.25000,0.00000,0.00000,0.00000
-670448.50029,-861959.08509,305.30400,519043861.66150,10.14000,396497.00000,4.01000,0.00000,0.00000,0.00000
-670191.21133,-861787.72993,306.23400,519043861.70822,10.27000,1669342.00000,3.42000,0.00000,0.00000,0.00000
-669866.06064,-861697.46288,306.84600,519043861.75493,10.24000,6373340.00000,3.06000,0.00000,0.00000,0.00000
-665075.31829,-866940.13477,234.00700,519043861.80165,10.24000,2505776.00000,3.20000,0.00000,0.00000,0.00000
-668964.49478,-861816.96887,307.50000,519043861.84836,9.82000,2770302.00000,3.08000,0.00000,0.00000,0.00000
-668894.84424,-861421.51827,302.84400,519043861.89508,9.44000,938549.00000,2.59000,0.00000,0.00000,0.00000
-668044.53707,-861958.40938,311.63400,519043861.94180,9.11000,696393.00000,2.30000,0.00000,0.00000,0.00000
-667774.05183,-861802.80343,318.03500,519043861.98851,8.72000,922693.00000,1.78000,0.00000,0.00000,0.00000
-667857.59745,-861224.41441,321.03700,519043862.03523,8.13000,814076.00000,2.73000,0.00000,0.00000,0.00000
-668577.56949,-859886.00842,314.10300,519043862.08194,7.72000,511167.00000,2.57000,0.00000,0.00000,0.00000
-663704.30281,-865226.72651,245.64900,519043862.12866,7.43000,378434.00000,3.69000,0.00000,0.00000,0.00000
-663222.56699,-865323.29081,245.98500,519043862.17538,7.54000,272892.00000,5.28000,0.00000,0.00000,0.00000
-662602.20611,-865585.34786,249.51000,519043862.22209,7.25000,276967.00000,3.94000,0.00000,0.00000,0.00000
-662186.48273,-865603.06754,251.35400,519043862.26881,7.26000,235782.00000,5.10000,0.00000,0.00000,0.00000
-661849.97992,-865526.21661,252.40400,519043862.31553,7.02000,216286.00000,6.54000,0.00000,0.00000,0.00000
-661588.91679,-865359.27976,252.80200,519043862.36225,6.24000,211488.00000,3.85000,0.00000,0.00000,0.00000
-667187.08119,-858196.48286,269.27500,519043862.40896,6.00000,631994.00000,2.82000,0.00000,0.00000,0.00000
-666860.99913,-858107.29613,268.62700,519043862.45568,6.30000,199618.00000,4.13000,0.00000,0.00000,0.00000
-661572.31251,-863943.34388,207.25800,519043862.50240,6.54000,1644954.00000,3.68000,0.00000,0.00000,0.00000
-661513.55399,-863534.91708,203.25700,519043862.54911,7.19000,2404275.00000,3.43000,0.00000,0.00000,0.00000
-662655.38879,-861693.14532,198.52000,519043862.59583,8.63000,774642.00000,4.87000,0.00000,0.00000,0.00000
-662708.40101,-861151.29115,197.68500,519043862.64255,9.53000,817825.00000,8.49000,0.00000,0.00000,0.00000
-662942.49511,-860393.26655,198.86600,519043862.68927,9.59000,1014939.00000,7.37000,0.00000,0.00000,0.00000
-662795.58496,-860090.12384,203.04500,519043862.73598,9.83000,831235.00000,9.34000,0.00000,0.00000,0.00000
-662626.98163,-859812.87112,209.93500,519043862.78270,10.12000,1032092.00000,4.75000,0.00000,0.00000,0.00000
-662277.31304,-859751.78594,218.01700,519043862.82942,10.26000,323063.00000,4.32000,0.00000,0.00000,0.00000
-661626.33031,-860050.40516,223.71700,519043862.87614,10.16000,319785.00000,4.92000,0.00000,0.00000,0.00000
-660863.58637,-860482.41563,228.74800,519043862.92286,9.65000,553840.00000,7.46000,0.00000,0.00000,0.00000
-660123.93950,-860886.80766,235.49500,519043862.96958,9.25000,748495.00000,2.73000,0.00000,0.00000,0.00000
-662536.03904,-857528.81325,250.53200,519043863.01630,10.45000,3121102.00000,3.03000,0.00000,0.00000,0.00000
-661076.42991,-858792.74159,261.24300,519043863.06302,11.49000,4212319.00000,5.28000,0.00000,0.00000,0.00000
-661139.81726,-858238.56191,251.56500,519043863.10974,12.29000,550829.00000,7.89000,0.00000,0.00000,0.00000
-660329.00050,-858727.94459,251.46700,519043863.15646,13.29000,562111.00000,8.81000,0.00000,0.00000,0.00000
-660132.10444,-858484.45098,250.92000,519043863.20318,13.61000,176471.00000,11.53000,0.00000,0.00000,0.00000
-660298.30541,-857807.56785,249.36500,519043863.24990,13.29000,275304.00000,10.50000,0.00000,0.00000,0.00000
-659951.00023,-857743.63407,249.08800,519043863.29662,13.32000,314333.00000,8.39000,0.00000,0.00000,0.00000
-659970.08238,-857242.36399,246.95200,519043863.34335,14.08000,43088.00000,11.16000,0.00000,0.00000,0.00000
-660314.05170,-856353.28101,247.09200,519043863.39007,14.26000,117506.00000,13.97000,0.00000,0.00000,0.00000
-660708.00345,-855404.55056,249.56600,519043863.43679,13.89000,277509.00000,11.88000,0.00000,0.00000,0.00000
-660343.26970,-855361.44469,248.23800,519043863.48351,13.57000,2041053.00000,8.07000,0.00000,0.00000,0.00000
-659918.64809,-855389.81643,246.81700,519043863.53023,13.65000,1995299.00000,8.53000,0.00000,0.00000,0.00000
-659486.48730,-855427.19947,249.10100,519043863.57695,13.68000,783174.00000,8.44000,0.00000,0.00000,0.00000
-658975.10122,-855559.12137,248.33600,519043863.62368,13.70000,263594.00000,8.05000,0.00000,0.00000,0.00000
-658610.36579,-855515.99916,247.66800,519043863.67040,13.53000,301640.00000,7.29000,0.00000,0.00000,0.00000
-658202.71428,-855524.08522,246.57300,519043863.71712,14.25000,249248.00000,8.26000,0.00000,0.00000,0.00000
-658211.92324,-855034.64433,245.74400,519043863.76384,14.95000,35662.00000,12.28000,0.00000,0.00000,0.00000
-658813.41198,-853838.33241,248.56600,519043863.81057,14.56000,468575.00000,8.94000,0.00000,0.00000,0.00000
-658872.61415,-853289.25207,250.23600,519043863.85729,14.32000,938787.00000,5.75000,0.00000,0.00000,0.00000
-658517.79393,-853234.31098,251.13500,519043863.90401,14.18000,1782617.00000,5.00000,0.00000,0.00000,0.00000
-658125.72792,-853223.82733,250.99200,519043863.95073,14.19000,4951986.00000,4.95000,0.00000,0.00000,0.00000
-657911.91469,-853000.61266,251.26200,519043863.99745,14.25000,2191891.00000,4.45000,0.00000,0.00000,0.00000
-657573.61474,-852925.97117,250.57500,519043864.04418,14.18000,1742023.00000,4.04000,0.00000,0.00000,0.00000
-657301.32614,-852772.53019,250.65500,519043864.09090,14.11000,2655631.00000,4.77000,0.00000,0.00000,0.00000
-657025.26247,-852623.58480,250.56500,519043864.13762,14.10000,2510741.00000,3.78000,0.00000,0.00000,0.00000
-656705.81927,-852526.41153,249.72200,519043864.18434,14.24000,1080259.00000,3.72000,0.00000,0.00000,0.00000
-656325.54473,-852501.83151,248.96900,519043864.23107,14.25000,1872083.00000,3.32000,0.00000,0.00000,0.00000
-656004.22282,-852406.90870,247.38400,519043864.27779,14.15000,706882.00000,5.48000,0.00000,0.00000,0.00000
-655951.70316,-851991.21939,247.22300,519043864.32451,14.20000,317621.00000,8.06000,0.00000,0.00000,0.00000
-655836.93219,-851649.80346,247.26300,519043864.37124,14.15000,181777.00000,6.31000,0.00000,0.00000,0.00000
-655555.69595,-851507.04255,246.84300,519043864.41796,13.99000,266346.00000,5.74000,0.00000,0.00000,0.00000
-655212.67935,-851437.98867,246.03000,519043864.46468,14.09000,394348.00000,5.76000,0.00000,0.00000,0.00000
-654801.76563,-851449.97533,245.37500,519043864.51140,14.00000,1092260.00000,5.22000,0.00000,0.00000,0.00000
-654357.35647,-851501.89986,244.23700,519043864.55813,13.98000,496171.00000,6.07000,0.00000,0.00000,0.00000
-661837.08153,-879295.13812,260.38700,519216513.81962,11.01000,1045280.00000,9.71000,0.00000,0.00000,0.00000
-662334.74588,-878247.87199,263.65300,519216513.86639,11.06000,467768.00000,8.53000,0.00000,0.00000,0.00000
-662160.48124,-877978.98490,265.15900,519216513.91315,10.88000,1660591.00000,5.20000,0.00000,0.00000,0.00000
-661784.99579,-877943.24150,265.68800,519216513.95992,10.56000,2114446.00000,3.82000,0.00000,0.00000,0.00000
-661405.65999,-877911.92904,264.95800,519216514.00669,10.60000,2685939.00000,4.60000,0.00000,0.00000,0.00000
-660964.84394,-877951.82175,263.55900,519216514.05346,10.46000,871412.00000,5.22000,0.00000,0.00000,0.00000
-660622.49146,-877877.65934,262.35100,519216514.10023,10.38000,261300.00000,4.38000,0.00000,0.00000,0.00000
-660271.97434,-877812.94931,259.74200,519216514.14700,10.59000,309623.00000,5.30000,0.00000,0.00000,0.00000
-660086.68247,-877556.85274,258.32000,519216514.19377,10.87000,436327.00000,4.53000,0.00000,0.00000,0.00000
-659838.47478,-877373.63701,255.59600,519216514.24053,11.22000,350758.00000,5.29000,0.00000,0.00000,0.00000
-659575.86122,-877207.10760,252.46600,519216514.28730,11.58000,455967.00000,9.60000,0.00000,0.00000,0.00000
-659455.89857,-876875.34819,251.71900,519216514.33407,11.37000,415143.00000,5.97000,0.00000,0.00000,0.00000
-659361.87906,-876513.54374,250.57100,519216514.38084,11.55000,595880.00000,5.88000,0.00000,0.00000,0.00000
-658824.04259,-876665.79346,247.45000,519216514.42761,11.94000,1909260.00000,7.74000,0.00000,0.00000,0.00000
-658368.80876,-876722.33917,246.14000,519216514.47438,12.10000,3356063.00000,6.28000,0.00000,0.00000,0.00000
-658016.85321,-876659.27665,245.34800,519216514.52115,12.37000,3799665.00000,4.98000,0.00000,0.00000,0.00000
-656416.42932,-878042.06576,239.59500,519216514.56792,12.36000,934360.00000,5.79000,0.00000,0.00000,0.00000
-657604.52603,-876195.46712,236.39200,519216514.61469,12.12000,847928.00000,5.14000,0.00000,0.00000,0.00000
-657101.25037,-876307.62267,238.79000,519216514.66146,12.27000,339167.00000,6.94000,0.00000,0.00000,0.00000
-657904.56314,-874906.64727,240.25600,519216514.70823,12.23000,288432.00000,7.00000,0.00000,0.00000,0.00000
-656391.57641,-876188.13637,240.90200,519216514.75501,12.43000,735416.00000,7.85000,0.00000,0.00000,0.00000
-656140.98687,-876007.68205,241.54400,519216514.80178,13.26000,462692.00000,12.06000,0.00000,0.00000,0.00000
-657528.42585,-873930.28044,242.65700,519216514.84855,13.51000,489371.00000,12.00000,0.00000,0.00000,0.00000
-657206.74563,-873832.16813,245.13800,519216514.89532,12.66000,3220794.00000,8.48000,0.00000,0.00000,0.00000
-656991.71305,-873610.55921,246.38400,519216514.94209,12.40000,4589992.00000,6.81000,0.00000,0.00000,0.00000
-656733.92394,-873438.45178,247.59800,519216514.98886,12.02000,2984825.00000,5.96000,0.00000,0.00000,0.00000
-656546.27230,-873185.13311,250.17000,519216515.03563,11.30000,2408733.00000,4.21000,0.00000,0.00000,0.00000
-656460.93977,-872813.33379,253.03300,519216515.08240,10.20000,6710052.00000,2.94000,0.00000,0.00000,0.00000
-656435.64967,-872372.00549,256.23900,519216515.12917,9.17000,461620.00000,2.99000,0.00000,0.00000,0.00000
-656426.70330,-871911.77123,258.49800,519216515.17594,8.11000,108517.00000,3.00000,0.00000,0.00000,0.00000
-654340.65107,-873856.70230,225.88500,519216515.22272,7.56000,1239779.00000,1.83000,0.00000,0.00000,0.00000
-653697.57303,-874130.69065,213.11000,519216515.26949,7.86000,5669772.00000,2.20000,0.00000,0.00000,0.00000
-652863.25880,-874626.05658,206.19300,519216515.31626,8.88000,1923939.00000,4.46000,0.00000,0.00000,0.00000
-652933.12212,-874074.56594,197.82000,519216515.36303,10.43000,1506172.00000,8.15000,0.00000,0.00000,0.00000
-653646.30403,-872778.24005,197.13600,519216515.40980,11.04000,1742450.00000,7.03000,0.00000,0.00000,0.00000
-652587.64432,-873533.35885,203.01100,519216515.45657,11.75000,1706091.00000,5.84000,0.00000,0.00000,0.00000
-653406.05130,-872115.25467,201.91500,519216515.50335,12.07000,778265.00000,8.56000,0.00000,0.00000,0.00000
-652388.23505,-872823.07172,206.77500,519216515.55012,12.04000,962008.00000,4.82000,0.00000,0.00000,0.00000
-651504.93330,-873375.10670,214.42300,519216515.59689,12.19000,668910.00000,7.48000,0.00000,0.00000,0.00000
-652155.20193,-872151.72714,212.75900,519216515.64366,12.82000,296418.00000,9.64000,0.00000,0.00000,0.00000
-651587.56058,-872338.33818,213.69600,519216515.69043,12.87000,630740.00000,8.48000,0.00000,0.00000,0.00000
-649883.63141,-873840.31261,220.76600,519216515.73721,13.00000,1443872.00000,7.80000,0.00000,0.00000,0.00000
-658207.60398,-863732.31326,291.56700,519216515.78398,12.79000,557167.00000,6.66000,0.00000,0.00000,0.00000
-647822.45020,-875285.09663,242.04800,519216515.83075,12.26000,1158761.00000,4.38000,0.00000,0.00000,0.00000
-650480.63977,-871737.57701,237.74000,519216515.87752,11.83000,292083.00000,5.48000,0.00000,0.00000,0.00000
-650288.23433,-871489.77931,243.56500,519216515.92430,11.40000,383232.00000,4.59000,0.00000,0.00000,0.00000
-650336.04727,-870963.90623,248.35900,519216515.97107,11.79000,590056.00000,5.58000,0.00000,0.00000,0.00000
-650596.69031,-870191.68446,251.02700,519216516.01784,12.54000,174055.00000,8.55000,0.00000,0.00000,0.00000
-650051.65323,-870352.09713,251.37100,519216516.06461,12.12000,416919.00000,5.20000,0.00000,0.00000,0.00000
-649779.49601,-870196.62366,248.43800,519216516.11138,10.74000,1263141.00000,3.02000,0.00000,0.00000,0.00000
-649884.01077,-869605.14916,243.99900,519216516.15816,10.15000,2144353.00000,4.13000,0.00000,0.00000,0.00000
-650811.98358,-868060.49900,250.94200,519216516.20493,9.83000,4072401.00000,4.03000,0.00000,0.00000,0.00000
-651297.45763,-867028.03320,255.57800,519216516.25170,9.44000,2693483.00000,4.55000,0.00000,0.00000,0.00000
-651513.90733,-866307.02319,259.58400,519216516.29847,9.33000,2720954.00000,4.96000,0.00000,0.00000,0.00000
-651300.87512,-866083.17668,259.96600,519216516.34524,8.97000,516683.00000,3.59000,0.00000,0.00000,0.00000
-648408.47846,-868960.70318,232.89500,519216516.39201,9.00000,426165.00000,3.74000,0.00000,0.00000,0.00000
-648030.15271,-868928.11999,230.66800,519216516.43879,9.61000,674679.00000,3.66000,0.00000,0.00000,0.00000
-650270.75455,-865864.26373,251.17300,519216516.48556,10.24000,1683230.00000,3.15000,0.00000,0.00000,0.00000
-649415.87823,-866383.32315,241.75300,519216516.53233,10.63000,2042144.00000,3.95000,0.00000,0.00000,0.00000
-648713.76214,-866725.55558,238.91900,519216516.57910,11.22000,315026.00000,7.63000,0.00000,0.00000,0.00000
-648215.82488,-866831.44590,238.16100,519216516.62588,11.64000,207398.00000,7.32000,0.00000,0.00000,0.00000
-647876.43799,-866753.81833,238.25600,519216516.67265,11.93000,670027.00000,7.87000,0.00000,0.00000,0.00000
-647607.20036,-866594.99896,237.93100,519216516.71942,11.81000,1060608.00000,5.37000,0.00000,0.00000,0.00000
-647636.32567,-866090.85409,239.50700,519216516.76620,11.66000,800906.00000,3.07000,0.00000,0.00000,0.00000
-648003.70867,-865195.26752,244.09700,519216516.81297,11.64000,943220.00000,3.91000,0.00000,0.00000,0.00000
-647360.20526,-865469.61252,238.89400,519216516.85974,11.75000,649917.00000,5.82000,0.00000,0.00000,0.00000
-646973.74968,-865446.46770,235.36800,519216516.90652,12.04000,210975.00000,8.61000,0.00000,0.00000,0.00000
-646731.91629,-865255.95107,233.31300,519216516.95329,12.37000,137800.00000,9.09000,0.00000,0.00000,0.00000
-646722.14847,-864796.85456,232.70700,519216517.00006,12.67000,235334.00000,11.20000,0.00000,0.00000,0.00000
-646861.81452,-864164.84035,234.17200,519216517.04684,12.67000,640407.00000,6.77000,0.00000,0.00000,0.00000
-646675.23674,-863910.38306,235.00700,519216517.09361,12.55000,4244383.00000,4.59000,0.00000,0.00000,0.00000
-645359.98794,-864962.01180,225.83600,519216517.14038,12.77000,1287806.00000,4.22000,0.00000,0.00000,0.00000
-645639.98534,-864167.64995,228.01500,519216517.18716,12.81000,1611470.00000,4.56000,0.00000,0.00000,0.00000
-645413.51964,-863959.33715,234.91000,519216517.23393,12.95000,5022778.00000,3.94000,0.00000,0.00000,0.00000
-645051.57288,-863907.80464,231.10600,519216517.28071,12.98000,2877758.00000,4.51000,0.00000,0.00000,0.00000
-644593.04382,-863968.03904,231.16400,519216517.32748,13.04000,856860.00000,5.77000,0.00000,0.00000,0.00000
-644390.61528,-863731.90649,231.40600,519216517.37426,13.08000,196790.00000,9.08000,0.00000,0.00000,0.00000
-644423.16827,-863223.90189,231.80400,519216517.42103,13.14000,141338.00000,10.46000,0.00000,0.00000,0.00000
-644427.36904,-862748.69904,232.83100,519216517.46780,12.83000,751388.00000,6.90000,0.00000,0.00000,0.00000
-644109.15447,-862646.57069,232.68700,519216517.51458,12.85000,1110509.00000,5.15000,0.00000,0.00000,0.00000
-643719.81688,-862626.71466,232.26500,519216517.56135,13.17000,2205213.00000,5.67000,0.00000,0.00000,0.00000
-649973.30927,-890433.62695,203.72200,519389166.90970,11.74000,956485.00000,6.33000,0.00000,0.00000,0.00000
-649542.76933,-890454.21081,201.92800,519389166.95653,11.48000,840561.00000,7.39000,0.00000,0.00000,0.00000
-649086.78553,-890503.35668,200.65800,519389167.00335,11.14000,591692.00000,5.25000,0.00000,0.00000,0.00000
-648687.05289,-890489.30435,199.13800,519389167.05017,10.90000,706106.00000,2.44000,0.00000,0.00000,0.00000
-649948.41951,-888609.18177,225.43000,519389167.09699,10.93000,413716.00000,2.83000,0.00000,0.00000,0.00000
-649538.92678,-888606.12301,223.68900,519389167.14381,10.91000,278179.00000,3.63000,0.00000,0.00000,0.00000
-649094.70795,-888642.06955,221.70300,519389167.19063,10.69000,339938.00000,3.13000,0.00000,0.00000,0.00000
-648598.63910,-888736.25612,217.83600,519389167.23745,10.45000,189234.00000,3.92000,0.00000,0.00000,0.00000
-648112.35055,-888819.44700,214.27300,519389167.28427,10.24000,761166.00000,3.68000,0.00000,0.00000,0.00000
-647556.10967,-888981.21066,209.30600,519389167.33109,10.60000,440805.00000,4.97000,0.00000,0.00000,0.00000
-646631.02203,-889557.25989,205.27600,519389167.37791,11.00000,818214.00000,7.11000,0.00000,0.00000,0.00000
-646119.26328,-889669.00087,199.49000,519389167.42474,10.90000,2188677.00000,5.98000,0.00000,0.00000,0.00000
-647158.70147,-888038.40127,193.81900,519389167.47156,11.09000,1650182.00000,5.10000,0.00000,0.00000,0.00000
-646839.70503,-887933.66431,190.11500,519389167.51838,12.14000,300469.00000,7.73000,0.00000,0.00000,0.00000
-646501.15122,-887850.91274,185.06800,519389167.56520,13.56000,1530941.00000,13.52000,0.00000,0.00000,0.00000
-645992.82826,-887958.80328,163.69600,519389167.61202,14.32000,0.00000,12.29000,0.00000,0.00000,0.00000
-646050.99737,-887430.43505,187.55000,519389167.65884,14.13000,325967.00000,11.42000,0.00000,0.00000,0.00000
-646038.73074,-886981.19759,189.64600,519389167.70566,12.87000,511646.00000,8.80000,0.00000,0.00000,0.00000
-645704.57113,-886893.48370,193.30400,519389167.75248,11.27000,3026103.00000,3.86000,0.00000,0.00000,0.00000
-645435.97451,-886732.15467,195.60400,519389167.79930,10.35000,4927612.00000,2.52000,0.00000,0.00000,0.00000
-646752.34742,-884790.65691,193.14700,519389167.84612,9.77000,2712714.00000,2.01000,0.00000,0.00000,0.00000
-645645.77413,-885570.51817,198.29800,519389167.89295,9.17000,4007439.00000,1.68000,0.00000,0.00000,0.00000
-643971.73696,-886987.60695,229.52000,519389167.93977,8.92000,368784.00000,3.70000,0.00000,0.00000,0.00000
-643664.98511,-886869.09919,231.22800,519389167.98659,9.55000,489208.00000,6.54000,0.00000,0.00000,0.00000
-643386.60907,-886718.73045,230.03700,519389168.03341,10.38000,503335.00000,7.53000,0.00000,0.00000,0.00000
-643685.48312,-885920.11960,229.04000,519389168.08023,11.21000,138387.00000,14.29000,0.00000,0.00000,0.00000
-644155.56630,-884929.23950,231.41900,519389168.12705,10.86000,198288.00000,6.95000,0.00000,0.00000,0.00000
-643504.44985,-885197.48490,229.86900,519389168.17387,10.15000,1293650.00000,4.17000,0.00000,0.00000,0.00000
-643595.41784,-884632.36083,233.55400,519389168.22069,9.94000,2196953.00000,3.56000,0.00000,0.00000,0.00000
-642870.92135,-884982.99409,231.77000,519389168.26751,9.49000,847832.00000,3.10000,0.00000,0.00000,0.00000
-642984.89347,-884392.07028,241.70000,519389168.31433,8.95000,4659124.00000,2.60000,0.00000,0.00000,0.00000
-642595.98299,-884365.84558,244.13200,519389168.36116,8.43000,370515.00000,3.33000,0.00000,0.00000,0.00000
-642322.03781,-884210.53799,246.96100,519389168.40798,8.42000,426981.00000,3.23000,0.00000,0.00000,0.00000
-642158.64264,-883931.06736,246.95100,519389168.45480,8.67000,201415.00000,5.56000,0.00000,0.00000,0.00000
-642286.32585,-883324.77561,248.88000,519389168.50162,8.56000,287688.00000,5.01000,0.00000,0.00000,0.00000
-642165.01530,-882998.08083,249.39600,519389168.54844,7.98000,786966.00000,4.05000,0.00000,0.00000,0.00000
-641775.15119,-882972.94720,243.27500,519389168.59526,7.45000,2258158.00000,3.22000,0.00000,0.00000,0.00000
-641313.35948,-883028.54067,237.04100,519389168.64208,7.06000,614683.00000,3.36000,0.00000,0.00000,0.00000
-641529.12981,-882323.38499,234.54100,519389168.68890,6.98000,579385.00000,3.57000,0.00000,0.00000,0.00000
-642058.48193,-881266.12664,233.28700,519389168.73572,7.00000,1454998.00000,2.47000,0.00000,0.00000,0.00000
-638074.17590,-885276.58328,213.52000,519389168.78254,7.05000,3887520.00000,1.80000,0.00000,0.00000,0.00000
-641548.80290,-880912.66787,233.28500,519389168.82937,7.06000,588964.00000,1.82000,0.00000,0.00000,0.00000
-641141.82079,-880906.73445,228.02600,519389168.87619,6.96000,1212514.00000,2.36000,0.00000,0.00000,0.00000
-641103.70837,-880486.66671,227.29500,519389168.92301,6.87000,1382918.00000,2.53000,0.00000,0.00000,0.00000
-640579.80041,-880612.01438,224.80100,519389168.96983,6.93000,427283.00000,3.55000,0.00000,0.00000,0.00000
-639779.96381,-881047.14679,221.53400,519389169.01665,7.01000,1607844.00000,3.34000,0.00000,0.00000,0.00000
-639186.07982,-881251.02205,220.34100,519389169.06347,7.09000,1745570.00000,4.15000,0.00000,0.00000,0.00000
-638689.55093,-881345.58920,221.63200,519389169.11030,7.12000,249579.00000,4.91000,0.00000,0.00000,0.00000
-638943.04652,-880598.16907,222.97700,519389169.15712,7.64000,535163.00000,4.32000,0.00000,0.00000,0.00000
-638973.92709,-880100.65048,223.18800,519389169.20394,8.02000,224702.00000,4.76000,0.00000,0.00000,0.00000
-638201.46870,-880504.96987,217.85700,519389169.25076,8.27000,1801592.00000,5.27000,0.00000,0.00000,0.00000
-638126.19349,-880126.63485,217.12500,519389169.29759,8.62000,626134.00000,5.18000,0.00000,0.00000,0.00000
-637929.59148,-879884.51554,216.15000,519389169.34441,8.80000,584123.00000,5.16000,0.00000,0.00000,0.00000
-638037.79132,-879300.22084,216.31100,519389169.39123,9.00000,1552221.00000,5.36000,0.00000,0.00000,0.00000
-636362.11908,-880718.37034,207.93700,519389169.43806,9.29000,703974.00000,6.69000,0.00000,0.00000,0.00000
-635159.02285,-881605.93586,208.62100,519389169.48488,9.18000,811842.00000,5.87000,0.00000,0.00000,0.00000
-634612.05810,-881757.00514,207.92800,519389169.53170,8.84000,415888.00000,4.93000,0.00000,0.00000,0.00000
-636926.02687,-878696.93442,213.67100,519389169.57853,8.77000,2576878.00000,4.11000,0.00000,0.00000,0.00000
-636600.26089,-878599.78825,214.70900,519389169.62535,9.19000,799807.00000,4.84000,0.00000,0.00000,0.00000
-636485.37732,-878265.93952,213.01400,519389169.67218,9.40000,229850.00000,6.83000,0.00000,0.00000,0.00000
-636284.37908,-878028.74420,212.19800,519389169.71900,9.56000,129984.00000,9.71000,0.00000,0.00000,0.00000
-636164.60989,-877700.39088,211.71000,519389169.76582,9.89000,234374.00000,8.09000,0.00000,0.00000,0.00000
-635959.21837,-877468.14205,211.75200,519389169.81265,10.15000,1135555.00000,7.79000,0.00000,0.00000,0.00000
-635648.14652,-877354.51772,209.58000,519389169.85947,9.94000,463288.00000,8.24000,0.00000,0.00000,0.00000
-635848.38382,-876667.01321,210.21600,519389169.90630,9.63000,239098.00000,11.49000,0.00000,0.00000,0.00000
-636172.40251,-875840.57440,213.62800,519389169.95312,9.47000,150884.00000,9.16000,0.00000,0.00000,0.00000
-636203.83284,-875342.54494,215.83900,519389169.99994,9.53000,271477.00000,8.71000,0.00000,0.00000,0.00000
-635718.58818,-875424.41947,213.74900,519389170.04677,9.39000,489358.00000,8.21000,0.00000,0.00000,0.00000
-649632.77599,-855374.34094,247.12600,519782429.17794,12.72000,673527.00000,4.63000,0.00000,0.00000,1.00000
-649791.14063,-855641.59190,245.83700,519782429.22497,12.90000,344615.00000,4.80000,0.00000,0.00000,1.00000
-649871.04409,-855944.85485,245.41100,519782429.27200,13.13000,512173.00000,5.25000,0.00000,0.00000,1.00000
-650048.17807,-856203.48581,245.02900,519782429.31902,13.31000,462664.00000,5.56000,0.00000,0.00000,1.00000
-650101.24534,-856519.05147,244.85800,519782429.36605,13.67000,514353.00000,5.52000,0.00000,0.00000,1.00000
-650243.50626,-856793.69512,245.58700,519782429.41308,13.65000,579680.00000,5.01000,0.00000,0.00000,1.00000
-650448.13848,-857039.72790,245.19900,519782429.46011,13.65000,1722163.00000,4.39000,0.00000,0.00000,1.00000
-650484.44090,-857362.99888,245.07200,519782429.50714,13.85000,568000.00000,5.37000,0.00000,0.00000,1.00000
-650636.07926,-857633.33635,245.85400,519782429.55416,13.90000,477376.00000,6.65000,0.00000,0.00000,1.00000
-650778.34321,-857907.99610,246.50400,519782429.60119,13.95000,437828.00000,5.72000,0.00000,0.00000,1.00000
-650777.07059,-858248.49279,246.60500,519782429.64822,13.81000,526149.00000,6.43000,0.00000,0.00000,1.00000
-650760.37969,-858596.08200,246.66000,519782429.69525,13.76000,332374.00000,6.21000,0.00000,0.00000,1.00000
-650881.83109,-858880.26899,246.45100,519782429.74228,13.74000,693975.00000,5.15000,0.00000,0.00000,1.00000
-651083.77505,-859127.55241,244.80100,519782429.78930,14.21000,572480.00000,6.79000,0.00000,0.00000,1.00000
-651241.44054,-859395.12866,245.08700,519782429.83633,14.24000,168151.00000,7.42000,0.00000,0.00000,1.00000
-651441.36816,-859643.33958,246.34500,519782429.88336,14.14000,163907.00000,7.66000,0.00000,0.00000,1.00000
-651676.83420,-859875.23361,246.92100,519782429.93039,14.00000,240611.00000,7.11000,0.00000,0.00000,1.00000
-651864.68734,-860128.98694,246.77800,519782429.97742,13.94000,147460.00000,8.06000,0.00000,0.00000,1.00000
-652157.83149,-860334.42435,245.89600,519782430.02444,13.42000,261436.00000,7.12000,0.00000,0.00000,1.00000
-652332.27367,-860594.33738,244.78500,519782430.07147,13.24000,213032.00000,6.60000,0.00000,0.00000,1.00000
-652456.41212,-860877.32845,241.94900,519782430.11850,13.28000,199215.00000,10.61000,0.00000,0.00000,1.00000
-651917.87129,-861464.28816,243.97300,519782430.16553,11.79000,545094.00000,5.37000,0.00000,0.00000,1.00000
-652333.08702,-861613.75216,248.68700,519782430.21256,10.92000,492760.00000,5.74000,0.00000,0.00000,1.00000
-652517.57160,-861869.04731,250.29300,519782430.25958,11.09000,439817.00000,6.18000,0.00000,0.00000,1.00000
-652618.89655,-862162.50822,250.16200,519782430.30661,11.70000,251030.00000,9.37000,0.00000,0.00000,1.00000
-652563.92547,-862527.63498,247.99100,519782430.35364,12.14000,410036.00000,7.30000,0.00000,0.00000,1.00000
-651009.86767,-863580.34276,248.68600,519782430.40067,12.40000,1669428.00000,9.00000,0.00000,0.00000,1.00000
-655503.86386,-861858.98782,242.40900,519782430.44770,12.74000,415880.00000,7.15000,0.00000,0.00000,1.00000
-655754.10271,-862084.17012,242.70600,519782430.49472,13.10000,549872.00000,6.87000,0.00000,0.00000,1.00000
-655737.38545,-862431.79381,240.65800,519782430.54175,13.84000,374439.00000,10.65000,0.00000,0.00000,1.00000
-655353.08236,-862948.02249,238.87800,519782430.58878,13.68000,539484.00000,10.02000,0.00000,0.00000,1.00000
-655172.68509,-863370.71989,238.00400,519782430.63581,13.10000,522670.00000,9.81000,0.00000,0.00000,1.00000
-655718.05081,-863460.52802,237.92400,519782430.68283,11.82000,1040998.00000,10.31000,0.00000,0.00000,1.00000
-655503.43370,-863898.90860,236.04000,519782430.72986,10.83000,759896.00000,4.66000,0.00000,0.00000,1.00000
-652627.15864,-865557.90376,261.96700,519782430.77689,10.15000,275167.00000,3.01000,0.00000,0.00000,1.00000
-652841.13867,-865799.69113,262.90700,519782430.82392,9.44000,278094.00000,3.32000,0.00000,0.00000,1.00000
-653092.66941,-866024.25191,260.98600,519782430.87094,8.93000,438765.00000,2.68000,0.00000,0.00000,1.00000
-652995.40041,-866408.76916,257.20400,519782430.91797,8.85000,372182.00000,2.75000,0.00000,0.00000,1.00000
-652354.79626,-867042.42058,259.21300,519782430.96500,8.89000,164015.00000,4.14000,0.00000,0.00000,1.00000
-652128.05816,-867486.27888,262.84100,519782431.01202,8.47000,177741.00000,3.95000,0.00000,0.00000,1.00000
-652074.37085,-867850.78640,262.90900,519782431.05905,9.01000,247227.00000,2.99000,0.00000,0.00000,1.00000
-656915.66733,-865970.81711,211.47100,519782431.10608,9.65000,3263146.00000,2.13000,0.00000,0.00000,1.00000
-657628.11414,-865984.05355,209.84700,519782431.15311,9.75000,1385906.00000,2.42000,0.00000,0.00000,1.00000
-654776.30776,-867631.67812,217.20000,519782431.20013,10.64000,3982473.00000,2.52000,0.00000,0.00000,1.00000
-654473.72491,-868110.32434,217.09700,519782431.24716,11.65000,758591.00000,3.81000,0.00000,0.00000,1.00000
-655052.65429,-868184.81972,214.02600,519782431.29419,11.04000,2186406.00000,4.26000,0.00000,0.00000,1.00000
-657702.58145,-867309.73868,205.55200,519782431.34122,11.26000,1791103.00000,3.18000,0.00000,0.00000,1.00000
-657290.64938,-867838.57560,205.08700,519782431.38824,12.33000,768927.00000,4.27000,0.00000,0.00000,1.00000
-653308.94581,-870003.97757,216.82800,519782431.43527,12.52000,2759495.00000,5.50000,0.00000,0.00000,1.00000
-652549.44835,-870692.03172,220.20700,519782431.48230,12.44000,2603167.00000,6.72000,0.00000,0.00000,1.00000
-652817.06732,-870909.25435,217.87500,519782431.52933,12.23000,892841.00000,5.98000,0.00000,0.00000,1.00000
-655012.17684,-870242.90905,209.74900,519782431.57635,12.21000,257410.00000,6.17000,0.00000,0.00000,1.00000
-659105.84850,-868706.09567,236.25600,519782431.62338,11.16000,1810123.00000,3.30000,0.00000,0.00000,1.00000
-658470.52100,-869337.33829,231.08000,519782431.67041,10.84000,225005.00000,7.57000,0.00000,0.00000,1.00000
-658282.64399,-869763.42902,230.61200,519782431.71744,10.64000,802176.00000,6.48000,0.00000,0.00000,1.00000
-658793.15986,-869869.34256,232.63000,519782431.76447,10.46000,845580.00000,4.45000,0.00000,0.00000,1.00000
-659251.35098,-869999.25666,234.41400,519782431.81149,10.33000,927771.00000,4.26000,0.00000,0.00000,1.00000
-659357.97862,-870290.32771,236.86900,519782431.85852,10.00000,1522453.00000,3.44000,0.00000,0.00000,1.00000
-658965.45286,-870810.22607,239.95600,519782431.90555,9.72000,956205.00000,2.94000,0.00000,0.00000,1.00000
-659041.22262,-871115.44373,240.87900,519782431.95257,10.27000,1080444.00000,4.31000,0.00000,0.00000,1.00000
-659365.89083,-871306.56370,242.70600,519782431.99960,11.03000,1004537.00000,5.57000,0.00000,0.00000,1.00000
-659229.64397,-871708.97303,244.78000,519782432.04663,11.41000,2480939.00000,4.35000,0.00000,0.00000,1.00000
-656916.95557,-873108.94541,248.46500,519782432.09365,12.01000,483313.00000,6.30000,0.00000,0.00000,1.00000
-658039.33146,-872934.45278,247.92600,519782432.14068,12.53000,82443.00000,11.19000,0.00000,0.00000,1.00000
-659112.06542,-872782.71333,250.07200,519782432.18771,12.88000,124754.00000,11.31000,0.00000,0.00000,1.00000
-659529.99121,-872931.10491,250.35500,519782432.23474,12.27000,133647.00000,9.85000,0.00000,0.00000,1.00000
-659583.61422,-873246.48244,249.06200,519782432.28176,11.55000,180159.00000,6.70000,0.00000,0.00000,1.00000
-659851.92885,-873463.45540,247.53600,519782432.32879,11.57000,382451.00000,5.00000,0.00000,0.00000,1.00000
-660037.73411,-873718.25663,243.48200,519782432.37582,12.14000,368313.00000,7.45000,0.00000,0.00000,1.00000
-659125.16836,-874476.41603,239.25500,519782432.42284,12.74000,127538.00000,13.65000,0.00000,0.00000,1.00000
-657891.19587,-875381.83821,239.38800,519782432.46987,13.01000,108401.00000,8.35000,0.00000,0.00000,1.00000
-657868.96372,-875731.94560,242.17900,519782432.51690,12.34000,364491.00000,5.72000,0.00000,0.00000,1.00000
-658173.48744,-875932.31505,245.81600,519782432.56392,11.90000,469137.00000,6.09000,0.00000,0.00000,1.00000
-658595.43167,-876078.88874,248.17300,519782432.61095,11.47000,82669.00000,6.72000,0.00000,0.00000,1.00000
-659401.16754,-876049.59881,250.79600,519782432.65797,11.11000,204345.00000,6.75000,0.00000,0.00000,1.00000
-660012.32693,-876109.47785,252.73200,519782432.70500,11.07000,908339.00000,5.68000,0.00000,0.00000,1.00000
-660666.43168,-876149.68619,255.69100,519782432.75203,11.66000,1938705.00000,4.28000,0.00000,0.00000,1.00000
-660993.10340,-876339.93934,257.45800,519782432.79905,11.81000,271410.00000,6.18000,0.00000,0.00000,1.00000
-660949.39751,-876699.91718,259.34700,519782432.84608,11.58000,284110.00000,5.39000,0.00000,0.00000,1.00000
-661086.84600,-876976.87208,261.23500,519782432.89310,11.66000,848931.00000,5.60000,0.00000,0.00000,1.00000
-660960.59748,-877374.65199,261.52600,519782432.94013,11.46000,624070.00000,5.94000,0.00000,0.00000,1.00000
-661033.63372,-877681.13318,263.23900,519782432.98716,11.35000,2448363.00000,4.85000,0.00000,0.00000,1.00000
-661152.29798,-877966.70916,264.20400,519782433.03418,11.29000,898614.00000,4.46000,0.00000,0.00000,1.00000
-661151.51373,-878306.99252,264.27900,519782433.08121,10.80000,990284.00000,4.27000,0.00000,0.00000,1.00000
-661210.45614,-878619.92954,262.67300,519782433.12823,10.54000,940049.00000,4.63000,0.00000,0.00000,1.00000
-661336.49097,-878902.11868,260.84700,519782433.17526,10.69000,1048593.00000,3.95000,0.00000,0.00000,1.00000
-661275.98575,-879269.77595,259.90600,519782433.22228,10.96000,597626.00000,5.45000,0.00000,0.00000,1.00000
-661532.86336,-879492.02644,261.24600,519782433.26931,11.08000,556341.00000,5.29000,0.00000,0.00000,1.00000
-638712.59259,-867581.86255,211.72500,519955083.14703,11.90000,1163827.00000,2.96000,0.00000,0.00000,1.00000
-638672.93100,-868612.62983,210.63700,519955083.28820,13.82000,63215.00000,12.10000,0.00000,0.00000,1.00000
-638281.36839,-869122.86672,212.43700,519955083.33525,13.06000,191850.00000,7.27000,0.00000,0.00000,1.00000
-638540.67988,-869684.18729,220.09600,519955083.42936,13.36000,776936.00000,7.70000,0.00000,0.00000,1.00000
-638247.06971,-870151.26623,221.90300,519955083.47642,12.93000,1055300.00000,6.31000,0.00000,0.00000,1.00000
-638076.40770,-870564.18016,222.56900,519955083.52347,12.90000,379152.00000,6.68000,0.00000,0.00000,1.00000
-637839.53240,-871006.25232,223.91300,519955083.57053,12.73000,1343615.00000,4.79000,0.00000,0.00000,1.00000
-640253.81864,-870280.79567,213.58600,519955083.61758,12.49000,2577023.00000,4.15000,0.00000,0.00000,1.00000
-639472.38481,-870962.71681,214.06400,519955083.66464,12.67000,1635614.00000,6.83000,0.00000,0.00000,1.00000
-639419.95354,-871323.58360,213.92200,519955083.71169,13.12000,1362563.00000,14.24000,0.00000,0.00000,1.00000
-641036.35006,-870949.54123,218.51500,519955083.75875,12.53000,210927.00000,11.37000,0.00000,0.00000,1.00000
-641745.36009,-870975.08889,222.49800,519955083.80580,11.94000,1239220.00000,7.11000,0.00000,0.00000,1.00000
-641558.47051,-871395.18129,223.76100,519955083.85286,11.57000,1366157.00000,6.55000,0.00000,0.00000,1.00000
-641656.70135,-871689.70982,225.49300,519955083.89991,11.50000,1110824.00000,7.00000,0.00000,0.00000,1.00000
-641575.88708,-872063.08009,224.45700,519955083.94696,11.46000,196623.00000,8.94000,0.00000,0.00000,1.00000
-640743.73336,-872767.27859,222.55200,519955083.99402,11.27000,188414.00000,10.77000,0.00000,0.00000,1.00000
-640681.82064,-873132.31682,224.69400,519955084.04107,10.75000,460196.00000,6.29000,0.00000,0.00000,1.00000
-640982.73910,-873337.60342,228.17500,519955084.08813,10.15000,423532.00000,5.56000,0.00000,0.00000,1.00000
-641366.08928,-873506.59061,229.92600,519955084.13518,9.88000,236652.00000,5.53000,0.00000,0.00000,1.00000
-641652.82535,-873718.12314,229.03300,519955084.18224,10.37000,419009.00000,5.25000,0.00000,0.00000,1.00000
-641652.39830,-874056.08685,226.69700,519955084.22929,10.21000,569345.00000,6.81000,0.00000,0.00000,1.00000
-641072.22166,-874649.28995,224.89800,519955084.27634,9.04000,381480.00000,5.63000,0.00000,0.00000,1.00000
-641567.07120,-874769.20462,221.45800,519955084.32340,8.83000,2353312.00000,3.73000,0.00000,0.00000,1.00000
-641318.63072,-875216.34620,229.76400,519955084.37045,8.54000,6224993.00000,3.30000,0.00000,0.00000,1.00000
-641662.10911,-875402.89780,230.52900,519955084.41751,8.05000,812102.00000,2.86000,0.00000,0.00000,1.00000
-642807.65383,-875236.36849,232.73000,519955084.46456,7.95000,264493.00000,5.01000,0.00000,0.00000,1.00000
-644247.11822,-874940.43870,240.09200,519955084.51161,7.63000,1475862.00000,4.31000,0.00000,0.00000,1.00000
-644250.73542,-875276.63376,238.57500,519955084.55867,7.21000,2654883.00000,2.93000,0.00000,0.00000,1.00000
-644702.35227,-875415.62143,239.92100,519955084.60572,7.78000,1017700.00000,4.16000,0.00000,0.00000,1.00000
-645197.86712,-875535.27932,244.93900,519955084.65278,7.68000,653151.00000,2.91000,0.00000,0.00000,1.00000
-644974.42725,-875971.43996,245.55700,519955084.69983,6.90000,5370725.00000,2.70000,0.00000,0.00000,1.00000
-644505.71419,-876515.57957,243.09000,519955084.74688,5.93000,2519867.00000,2.95000,0.00000,0.00000,1.00000
-645084.31848,-876598.66195,251.96900,519955084.79394,5.65000,820119.00000,2.32000,0.00000,0.00000,1.00000
-645394.70570,-876799.83359,252.51900,519955084.84099,7.28000,750891.00000,3.22000,0.00000,0.00000,1.00000
-645514.53777,-877084.87156,250.91700,519955084.88804,8.16000,342798.00000,4.07000,0.00000,0.00000,1.00000
-644972.15096,-877661.41040,247.08900,519955084.93510,7.35000,308519.00000,5.70000,0.00000,0.00000,1.00000
-644296.61253,-878296.54617,249.84000,519955084.98215,6.25000,438462.00000,3.01000,0.00000,0.00000,1.00000
-644321.13732,-878623.52840,251.51800,519955085.02920,6.28000,551148.00000,5.87000,0.00000,0.00000,1.00000
-644724.07153,-878783.96373,255.52600,519955085.07625,6.28000,660400.00000,3.34000,0.00000,0.00000,1.00000
-644731.02461,-879118.68928,258.19400,519955085.12331,6.43000,605565.00000,2.50000,0.00000,0.00000,1.00000
-644731.90371,-879456.08973,258.07000,519955085.17036,6.76000,737574.00000,2.27000,0.00000,0.00000,1.00000
-644640.19332,-879834.22122,256.48500,519955085.21741,6.80000,724381.00000,2.22000,0.00000,0.00000,1.00000
-644512.00220,-880228.42505,254.03200,519955085.26447,6.65000,739740.00000,2.81000,0.00000,0.00000,1.00000
-644393.93269,-880618.16014,251.80900,519955085.31152,6.53000,770289.00000,2.56000,0.00000,0.00000,1.00000
-643889.98796,-881177.68714,249.46600,519955085.35857,6.79000,400202.00000,3.00000,0.00000,0.00000,1.00000
-643235.33580,-881803.53236,249.20900,519955085.40563,7.17000,303846.00000,3.35000,0.00000,0.00000,1.00000
-642946.94229,-882268.18874,249.63500,519955085.45268,7.69000,358898.00000,2.74000,0.00000,0.00000,1.00000
-642656.51046,-882733.72746,249.84300,519955085.49973,8.28000,245218.00000,2.45000,0.00000,0.00000,1.00000
-642388.37397,-883189.45711,249.10600,519955085.54679,8.79000,695999.00000,1.75000,0.00000,0.00000,1.00000
-642261.46546,-883583.03516,247.24200,519955085.59384,8.69000,288957.00000,2.69000,0.00000,0.00000,1.00000
-642325.80564,-883892.46460,246.38900,519955085.64089,8.60000,372745.00000,3.47000,0.00000,0.00000,1.00000
-642417.85911,-884189.71041,246.60400,519955085.68794,8.83000,202526.00000,2.04000,0.00000,0.00000,1.00000
-642484.90319,-884497.97003,243.83600,519955085.73500,8.90000,270186.00000,3.05000,0.00000,0.00000,1.00000
-643104.76960,-884563.01375,239.57200,519955085.78205,8.89000,149277.00000,3.06000,0.00000,0.00000,1.00000
-643717.21481,-884631.33640,236.12700,519955085.82910,8.76000,129765.00000,3.23000,0.00000,0.00000,1.00000
-644019.45005,-884836.12441,233.99600,519955085.87616,9.08000,216217.00000,3.34000,0.00000,0.00000,1.00000
-643974.97358,-885193.44570,230.86900,519955085.92321,9.46000,317604.00000,2.93000,0.00000,0.00000,1.00000
-643858.18366,-885582.58603,229.03300,519955085.97026,9.83000,258562.00000,4.46000,0.00000,0.00000,1.00000
-643706.90687,-885986.87064,228.85400,519955086.01732,10.16000,268245.00000,3.82000,0.00000,0.00000,1.00000
-643638.76797,-886354.59990,229.26300,519955086.06437,10.58000,293591.00000,3.84000,0.00000,0.00000,1.00000
-647040.66166,-885195.87801,195.12300,519955086.11142,10.65000,1771157.00000,3.01000,0.00000,0.00000,1.00000
-648881.98898,-884723.61762,197.80100,519955086.15847,10.75000,2793532.00000,3.80000,0.00000,0.00000,1.00000
-648829.40599,-885084.54723,197.18600,519955086.20553,11.49000,1013066.00000,10.91000,0.00000,0.00000,1.00000
-648966.75336,-885361.93582,199.13200,519955086.25258,11.53000,1158354.00000,8.15000,0.00000,0.00000,1.00000
-649065.58590,-885656.27214,197.66300,519955086.29963,11.85000,941001.00000,9.59000,0.00000,0.00000,1.00000
-647291.40347,-886774.51515,189.51000,519955086.34669,12.32000,718683.00000,9.77000,0.00000,0.00000,1.00000
-646416.85548,-887496.98302,188.22300,519955086.39374,12.62000,913628.00000,9.05000,0.00000,0.00000,1.00000
-646388.57249,-887847.19704,187.20500,519955086.44080,12.22000,645670.00000,8.13000,0.00000,0.00000,1.00000
-646074.36033,-888323.17407,185.52000,519955086.48785,11.91000,796112.00000,7.49000,0.00000,0.00000,1.00000
-645983.87627,-888700.73528,185.74900,519955086.53490,11.43000,351840.00000,5.03000,0.00000,0.00000,1.00000
-649340.71011,-887562.10549,215.23500,519955086.58196,10.78000,586497.00000,3.09000,0.00000,0.00000,1.00000
-649189.41305,-887966.46377,217.05900,519955086.62901,10.51000,238439.00000,4.28000,0.00000,0.00000,1.00000
-649157.75274,-888318.19772,219.81900,519955086.67607,10.62000,486930.00000,4.62000,0.00000,0.00000,1.00000
-649218.68777,-888629.19328,222.07600,519955086.72312,11.23000,458430.00000,5.15000,0.00000,0.00000,1.00000
-649235.69981,-888959.52102,222.68700,519955086.77017,11.72000,4349565.00000,5.68000,0.00000,0.00000,1.00000
-647125.47037,-890225.33579,206.65400,519955086.81723,11.15000,1073095.00000,5.90000,0.00000,0.00000,1.00000
-648697.87656,-889871.64321,208.95300,519955086.86428,9.91000,575133.00000,3.53000,0.00000,0.00000,1.00000
-649058.95457,-890050.65310,205.77500,519955086.91134,9.92000,1510730.00000,3.78000,0.00000,0.00000,1.00000
-648919.80106,-890449.64039,201.35500,519955086.95839,11.06000,1774981.00000,4.57000,0.00000,0.00000,1.00000
-648828.63777,-890827.53092,200.19300,519955087.00545,11.89000,1313280.00000,5.12000,0.00000,0.00000,1.00000
-648840.21238,-891160.23823,201.24400,519955087.05250,11.81000,962447.00000,6.11000,0.00000,0.00000,1.00000
-649159.36414,-891357.69594,203.44500,519955087.09956,11.58000,163653.00000,6.01000,0.00000,0.00000,1.00000
-649525.16947,-891534.64884,203.31000,519955087.14661,11.11000,184408.00000,6.68000,0.00000,0.00000,1.00000
-650283.07063,-891539.20262,203.00100,519955087.19367,9.90000,1410303.00000,3.08000,0.00000,0.00000,1.00000
-646274.70541,-883923.65782,401.39800,520127739.23473,11.08000,994516.00000,3.64000,0.00000,0.00000,1.00000
-634932.95950,-890054.00076,169.95500,520127739.42304,9.68000,5389830.00000,1.88000,0.00000,0.00000,1.00000
-641053.68034,-888814.24817,232.93300,520127739.61135,9.46000,791560.00000,4.97000,0.00000,0.00000,1.00000
