-660982.06589,-880644.28783,261.24000,568190524.34581,11.65000,115754.00000,6.46000,0.00000,0.00000,0.00000
-660749.71139,-880441.72319,259.95600,568190524.39269,11.89000,238390.00000,5.12000,0.00000,0.00000,0.00000
-660444.49264,-880323.15384,257.99200,568190524.43958,12.21000,299618.00000,5.33000,0.00000,0.00000,0.00000
-660147.47157,-880195.11960,256.58600,568190524.48646,12.39000,199193.00000,5.86000,0.00000,0.00000,0.00000
-660389.03147,-879446.33525,258.10500,568190524.53335,12.37000,123148.00000,6.08000,0.00000,0.00000,0.00000
-660506.56879,-878840.51540,260.74800,568190524.58023,12.29000,492742.00000,4.07000,0.00000,0.00000,0.00000
-660139.10324,-878793.70288,259.98300,568190524.62712,12.38000,996733.00000,3.27000,0.00000,0.00000,0.00000
-659737.37479,-878786.37362,259.79000,568190524.67400,12.50000,1819351.00000,2.77000,0.00000,0.00000,0.00000
-659244.90938,-878883.59297,256.74400,568190524.72089,12.73000,1249607.00000,3.40000,0.00000,0.00000,0.00000
-658817.60769,-878905.73350,254.32700,568190524.76777,12.70000,838643.00000,4.72000,0.00000,0.00000,0.00000
-658370.02194,-878951.21367,252.04800,568190524.81466,12.73000,264434.00000,5.00000,0.00000,0.00000,0.00000
-657898.30391,-879024.50077,249.65400,568190524.86154,12.89000,473425.00000,6.16000,0.00000,0.00000,0.00000
-657347.44169,-879189.01063,248.10100,568190524.90843,13.13000,407964.00000,10.77000,0.00000,0.00000,0.00000
-656700.52140,-879464.17757,247.07800,568190524.95531,13.25000,207009.00000,10.67000,0.00000,0.00000,0.00000
-656071.44450,-879718.74876,247.63900,568190525.00220,13.33000,336710.00000,9.29000,0.00000,0.00000,0.00000
-655838.62968,-879516.70770,247.09100,568190525.04909,13.11000,469405.00000,7.71000,0.00000,0.00000,0.00000
-655780.05467,-879113.89161,246.21400,568190525.09597,13.26000,158128.00000,11.29000,0.00000,0.00000,0.00000
-656244.19933,-878108.77161,246.30900,568190525.14286,12.71000,151248.00000,9.80000,0.00000,0.00000,0.00000
-656459.76591,-877390.06296,247.07900,568190525.18974,12.44000,243483.00000,7.74000,0.00000,0.00000,0.00000
-655956.68024,-877499.46547,245.50800,568190525.23663,11.89000,1123635.00000,6.07000,0.00000,0.00000,0.00000
-655553.99220,-877493.19718,243.55200,568190525.28351,11.60000,1497570.00000,4.15000,0.00000,0.00000,0.00000
-657401.92801,-874893.59430,237.65200,568190525.33040,11.60000,1027511.00000,2.71000,0.00000,0.00000,0.00000
-656422.96669,-875551.38587,234.99700,568190525.37729,11.67000,2759473.00000,3.16000,0.00000,0.00000,0.00000
-655453.15450,-876198.59041,236.79500,568190525.42417,11.64000,728554.00000,3.56000,0.00000,0.00000,0.00000
-654722.25243,-876570.47433,237.72600,568190525.47106,11.82000,577229.00000,4.53000,0.00000,0.00000,0.00000
-654376.51126,-876498.55411,237.48500,568190525.51795,12.05000,441273.00000,7.89000,0.00000,0.00000,0.00000
-654183.79220,-876250.35912,237.30700,568190525.56483,12.76000,186902.00000,12.32000,0.00000,0.00000,0.00000
-654723.76472,-875157.99082,239.23700,568190525.61172,12.86000,296685.00000,17.68000,0.00000,0.00000,0.00000
-654943.72334,-874434.32544,240.83700,568190525.65861,11.54000,479219.00000,12.37000,0.00000,0.00000,0.00000
-654820.99926,-874105.49146,239.28300,568190525.70549,10.28000,1061828.00000,6.19000,0.00000,0.00000,0.00000
-654168.79642,-874386.69314,232.16000,568190525.75238,9.87000,490795.00000,3.18000,0.00000,0.00000,0.00000
-651422.07447,-877080.78411,199.68300,568190525.79927,10.53000,189530.00000,3.02000,0.00000,0.00000,0.00000
-651225.97801,-876836.46177,196.00800,568190525.84615,11.73000,535367.00000,8.92000,0.00000,0.00000,0.00000
-651152.98557,-876450.31714,196.67400,568190525.89304,12.60000,765854.00000,5.91000,0.00000,0.00000,0.00000
-652236.13991,-874732.35105,207.62000,568190525.93993,13.16000,681952.00000,6.01000,0.00000,0.00000,0.00000
-651842.14673,-874716.02681,205.56800,568190525.98681,13.36000,2760373.00000,6.74000,0.00000,0.00000,0.00000
-651236.71818,-874943.26105,205.99200,568190526.03370,13.47000,1569650.00000,7.81000,0.00000,0.00000,0.00000
-650866.85801,-874899.11214,207.96000,568190526.08059,13.50000,1510127.00000,6.76000,0.00000,0.00000,0.00000
-650172.11565,-875229.18634,210.75700,568190526.12748,13.43000,948565.00000,5.47000,0.00000,0.00000,0.00000
-650195.20680,-874732.40118,213.61700,568190526.17436,13.39000,1319845.00000,5.15000,0.00000,0.00000,0.00000
-649765.49379,-874757.19084,216.86500,568190526.22125,13.23000,2465917.00000,5.36000,0.00000,0.00000,0.00000
-649548.67460,-874536.75644,222.15800,568190526.26814,13.30000,1641981.00000,5.56000,0.00000,0.00000,0.00000
-648920.07753,-874790.59501,229.60600,568190526.31502,13.31000,541402.00000,6.14000,0.00000,0.00000,0.00000
-648897.33034,-874346.65635,233.13500,568190526.36191,12.91000,479904.00000,6.31000,0.00000,0.00000,0.00000
-648724.93119,-874075.06996,238.37600,568190526.40880,12.40000,480149.00000,6.04000,0.00000,0.00000,0.00000
-648508.11981,-873854.62843,243.88200,568190526.45568,12.25000,342166.00000,7.27000,0.00000,0.00000,0.00000
-648652.88062,-873217.78049,246.92600,568190526.50257,12.23000,403919.00000,7.15000,0.00000,0.00000,0.00000
-648948.24776,-872407.47383,251.48100,568190526.54946,12.35000,704627.00000,7.45000,0.00000,0.00000,0.00000
-648632.00000,-872301.58277,250.53900,568190526.59634,12.48000,1824484.00000,6.31000,0.00000,0.00000,0.00000
-648912.40365,-871508.52206,249.62700,568190526.64323,11.82000,2211012.00000,5.79000,0.00000,0.00000,0.00000
-648769.95374,-871202.49603,246.99800,568190526.69011,11.04000,3644930.00000,5.12000,0.00000,0.00000,0.00000
-648668.05444,-870849.76431,244.63900,568190526.73700,10.55000,1348892.00000,6.15000,0.00000,0.00000,0.00000
-647834.82163,-871339.30741,243.26000,568190526.78389,10.50000,669144.00000,9.47000,0.00000,0.00000,0.00000
-647570.72014,-871173.36234,241.49600,568190526.83077,10.48000,282613.00000,9.83000,0.00000,0.00000,0.00000
-647141.52753,-871197.55774,239.80000,568190526.87766,10.61000,1346460.00000,8.30000,0.00000,0.00000,0.00000
-647544.58743,-870263.30207,231.00700,568190526.92455,10.88000,1716307.00000,5.99000,0.00000,0.00000,0.00000
-646433.75845,-871072.48688,229.82400,568190526.97143,11.79000,3799059.00000,7.06000,0.00000,0.00000,0.00000
-646332.34482,-870719.17793,228.79900,568190527.01832,12.81000,2392333.00000,9.71000,0.00000,0.00000,0.00000
-646100.12477,-870516.54919,229.88300,568190527.06521,13.33000,107484.00000,11.67000,0.00000,0.00000,0.00000
-646933.82667,-869086.43840,230.99300,568190527.11209,13.50000,438945.00000,14.84000,0.00000,0.00000,0.00000
-646656.22876,-868936.05908,229.91900,568190527.15898,13.11000,1340237.00000,9.51000,0.00000,0.00000,0.00000
-646721.38979,-868390.99194,231.07800,568190527.20587,12.61000,942870.00000,6.95000,0.00000,0.00000,0.00000
-646549.04032,-868119.43374,232.14300,568190527.25275,12.62000,997460.00000,6.87000,0.00000,0.00000,0.00000
-645758.74845,-868559.41707,234.82100,568190527.29964,12.78000,1066628.00000,6.14000,0.00000,0.00000,0.00000
-645258.60999,-868665.30359,233.65400,568190527.34653,13.05000,363738.00000,7.18000,0.00000,0.00000,0.00000
-644845.36373,-868671.12035,232.57800,568190527.39341,13.01000,602932.00000,8.90000,0.00000,0.00000,0.00000
-644626.19085,-868453.46565,230.85400,568190527.44030,12.72000,137147.00000,10.20000,0.00000,0.00000,0.00000
-644559.09211,-868060.70858,228.92700,568190527.48719,12.89000,283159.00000,11.49000,0.00000,0.00000,0.00000
-644591.44974,-867553.44448,227.74500,568190527.53408,13.12000,357385.00000,10.12000,0.00000,0.00000,0.00000
-644344.76140,-867367.46760,226.65900,568190527.58097,13.22000,332114.00000,6.61000,0.00000,0.00000,0.00000
-644041.11559,-867247.09549,225.38500,568190527.62785,13.54000,167819.00000,7.16000,0.00000,0.00000,0.00000
-643785.74492,-867071.12679,224.78700,568190527.67474,13.79000,290299.00000,8.62000,0.00000,0.00000,0.00000
-643646.24464,-866761.75328,224.19100,568190527.72163,14.02000,277941.00000,9.62000,0.00000,0.00000,0.00000
-643735.11239,-866189.47476,224.22400,568190527.76852,14.50000,51719.00000,13.68000,0.00000,0.00000,0.00000
-644240.13238,-865138.05575,227.66900,568190527.81541,13.90000,162131.00000,9.05000,0.00000,0.00000,0.00000
-644071.19471,-864862.60170,227.28700,568190527.86229,13.84000,684998.00000,7.56000,0.00000,0.00000,0.00000
-643159.25005,-865442.56271,222.51000,568190527.90918,13.58000,2479270.00000,6.16000,0.00000,0.00000,0.00000
-643523.30790,-864553.48643,229.62800,568190527.95607,13.33000,6582053.00000,4.97000,0.00000,0.00000,0.00000
-643091.73333,-864580.38800,228.87600,568190528.00296,13.07000,8753128.00000,3.30000,0.00000,0.00000,0.00000
-642547.19752,-864737.35058,225.93800,568190528.04985,12.90000,2330706.00000,3.29000,0.00000,0.00000,0.00000
-642115.14327,-864764.80834,226.75500,568190528.09674,12.86000,780247.00000,4.16000,0.00000,0.00000,0.00000
-641753.57936,-864711.10567,226.28900,568190528.14362,12.91000,382328.00000,5.70000,0.00000,0.00000,0.00000
-649009.38464,-891549.75909,191.06100,568363177.94779,11.95000,1270450.00000,5.08000,0.00000,0.00000,0.00000
-648721.57370,-890485.52838,201.54300,568363178.08832,11.49000,376516.00000,3.91000,0.00000,0.00000,0.00000
-648070.01626,-890751.81463,197.56000,568363178.13516,11.42000,1255086.00000,3.23000,0.00000,0.00000,0.00000
-646623.47252,-891906.57385,189.34200,568363178.18201,11.19000,2451095.00000,3.18000,0.00000,0.00000,0.00000
-646423.85052,-891667.71732,189.26900,568363178.22885,11.04000,852685.00000,2.98000,0.00000,0.00000,0.00000
-648071.73256,-889364.04396,216.55000,568363178.27569,10.98000,536162.00000,2.27000,0.00000,0.00000,0.00000
-647453.06750,-889593.55601,212.85200,568363178.32254,10.58000,189638.00000,3.65000,0.00000,0.00000,0.00000
-646503.15636,-890193.23389,208.60900,568363178.36938,10.20000,228779.00000,5.09000,0.00000,0.00000,0.00000
-645391.28484,-890973.86777,208.40600,568363178.41622,9.87000,197715.00000,4.61000,0.00000,0.00000,0.00000
-644686.22158,-891299.85535,210.56100,568363178.46307,9.51000,123627.00000,4.54000,0.00000,0.00000,0.00000
-644243.19848,-891332.98140,211.85200,568363178.50991,9.44000,286487.00000,4.20000,0.00000,0.00000,0.00000
-646351.07002,-888515.54039,186.39200,568363178.55675,9.75000,552613.00000,3.21000,0.00000,0.00000,0.00000
-645630.31336,-888859.10858,184.10700,568363178.60359,10.18000,1167894.00000,3.93000,0.00000,0.00000,0.00000
-644264.19954,-889923.79833,186.22800,568363178.65043,10.63000,560870.00000,4.53000,0.00000,0.00000,0.00000
-643653.83803,-890143.93359,187.16500,568363178.69728,10.93000,459671.00000,6.96000,0.00000,0.00000,0.00000
-642909.00360,-890514.30971,189.65900,568363178.74412,11.90000,276307.00000,10.16000,0.00000,0.00000,0.00000
-643841.61137,-889010.35760,189.40500,568363178.79096,12.17000,165760.00000,10.46000,0.00000,0.00000,0.00000
-642596.68273,-889939.50256,187.92000,568363178.83780,11.06000,2116438.00000,4.41000,0.00000,0.00000,0.00000
-641830.24791,-890333.98944,186.81900,568363178.88464,10.75000,1455128.00000,3.34000,0.00000,0.00000,0.00000
-640816.41742,-891004.81958,185.65800,568363178.93149,10.59000,1834791.00000,2.56000,0.00000,0.00000,0.00000
-640340.01375,-891075.20258,184.73700,568363178.97833,10.65000,591350.00000,3.69000,0.00000,0.00000,0.00000
-639870.48139,-891137.91368,183.50700,568363179.02517,10.54000,492529.00000,3.06000,0.00000,0.00000,0.00000
-639454.44432,-891140.84044,182.31700,568363179.07201,10.49000,405831.00000,3.22000,0.00000,0.00000,0.00000
-642624.66031,-887137.15940,229.85600,568363179.11885,10.52000,441471.00000,3.07000,0.00000,0.00000,0.00000
-642345.10939,-886987.67809,228.23100,568363179.16569,10.52000,197153.00000,4.58000,0.00000,0.00000,0.00000
-642280.51048,-886598.05072,228.15400,568363179.21253,10.44000,256291.00000,5.92000,0.00000,0.00000,0.00000
-642327.30461,-886083.96166,229.68800,568363179.25937,10.54000,265367.00000,8.45000,0.00000,0.00000,0.00000
-642562.54150,-885359.34022,233.34900,568363179.30622,10.34000,136384.00000,6.70000,0.00000,0.00000,0.00000
-642547.50621,-884914.35450,236.27100,568363179.35306,10.14000,607399.00000,3.62000,0.00000,0.00000,0.00000
-642264.03439,-884769.28863,242.21500,568363179.39990,10.00000,2776152.00000,1.57000,0.00000,0.00000,0.00000
-641952.10759,-884656.00715,245.21600,568363179.44674,9.89000,577928.00000,2.19000,0.00000,0.00000,0.00000
-641720.17545,-884453.34895,246.29700,568363179.49358,9.84000,515652.00000,2.20000,0.00000,0.00000,0.00000
-641554.50093,-884176.67825,245.78800,568363179.54042,9.92000,243785.00000,3.22000,0.00000,0.00000,0.00000
-641415.82155,-883869.85697,246.13800,568363179.58726,9.74000,355022.00000,4.01000,0.00000,0.00000,0.00000
-641063.67471,-883801.50307,242.90000,568363179.63410,9.44000,329624.00000,2.51000,0.00000,0.00000,0.00000
-640628.09725,-883826.33266,237.40800,568363179.68094,9.40000,559481.00000,2.04000,0.00000,0.00000,0.00000
-639983.96224,-884084.16453,228.31800,568363179.72778,9.39000,2918713.00000,2.21000,0.00000,0.00000,0.00000
-639955.72411,-883653.98479,226.51300,568363179.77463,9.51000,447947.00000,2.61000,0.00000,0.00000,0.00000
-639834.23575,-883327.95624,224.54500,568363179.82147,9.57000,2937970.00000,2.15000,0.00000,0.00000,0.00000
-638480.40424,-884378.48557,210.95700,568363179.86831,9.54000,1965670.00000,2.04000,0.00000,0.00000,0.00000
-637464.67335,-885051.28991,205.41000,568363179.91515,9.44000,2001642.00000,2.93000,0.00000,0.00000,0.00000
-637613.63649,-884423.19723,206.50200,568363179.96199,9.34000,3179380.00000,2.22000,0.00000,0.00000,0.00000
-638355.46448,-883132.88286,218.27400,568363180.00883,9.21000,5957430.00000,2.15000,0.00000,0.00000,0.00000
-638306.62354,-882725.72479,218.53900,568363180.05567,9.10000,195458.00000,4.69000,0.00000,0.00000,0.00000
-638293.61192,-882278.55508,219.86100,568363180.10252,9.15000,352204.00000,3.41000,0.00000,0.00000,0.00000
-637587.11224,-882605.95049,216.68000,568363180.14936,9.25000,7518980.00000,2.57000,0.00000,0.00000,0.00000
-635796.39365,-884144.26152,209.90500,568363180.19620,9.73000,1421532.00000,6.36000,0.00000,0.00000,0.00000
-635918.85630,-883545.76932,209.64800,568363180.24304,10.20000,588731.00000,9.21000,0.00000,0.00000,0.00000
-635698.24942,-883330.45741,211.65400,568363180.28989,10.16000,290131.00000,7.66000,0.00000,0.00000,0.00000
-635185.10842,-883441.84327,213.12300,568363180.33673,10.42000,290732.00000,11.72000,0.00000,0.00000,0.00000
-634908.53579,-883289.00088,213.44300,568363180.38357,10.01000,854955.00000,9.28000,0.00000,0.00000,0.00000
-635212.63357,-882487.72893,212.01900,568363180.43041,9.34000,1405808.00000,6.60000,0.00000,0.00000,0.00000
-635413.65566,-881801.57053,209.62500,568363180.47725,9.35000,2709702.00000,5.70000,0.00000,0.00000,0.00000
-635056.12255,-881739.19356,207.83000,568363180.52410,9.58000,1306281.00000,6.57000,0.00000,0.00000,0.00000
-634411.92661,-881996.90605,208.03300,568363180.57094,9.71000,830213.00000,7.66000,0.00000,0.00000,0.00000
-634493.19156,-881444.48801,208.39000,568363180.61778,9.92000,1452003.00000,5.88000,0.00000,0.00000,0.00000
-634797.79760,-880642.68097,199.62300,568363180.66463,10.25000,985553.00000,5.54000,0.00000,0.00000,0.00000
-634988.04914,-879968.59613,199.22400,568363180.71147,10.57000,929589.00000,5.72000,0.00000,0.00000,0.00000
-635614.13099,-878807.80467,209.64400,568363180.75831,10.68000,3332391.00000,5.88000,0.00000,0.00000,0.00000
-635145.19556,-878869.84455,207.37000,568363180.80515,11.09000,334129.00000,6.46000,0.00000,0.00000,0.00000
-634880.44811,-878703.87166,206.78700,568363180.85200,11.36000,442763.00000,9.07000,0.00000,0.00000,0.00000
-634629.93330,-878522.00033,206.26400,568363180.89884,11.00000,186573.00000,10.55000,0.00000,0.00000,0.00000
-634291.07371,-878438.78823,205.25600,568363180.94568,10.79000,170315.00000,8.70000,0.00000,0.00000,0.00000
-633899.19606,-878414.75580,203.85900,568363180.99253,10.91000,150023.00000,11.77000,0.00000,0.00000,0.00000
-633837.17275,-878022.41918,204.67200,568363181.03937,10.90000,83922.00000,10.82000,0.00000,0.00000,0.00000
-648443.83758,-856391.33250,241.68700,568756440.85302,12.81000,206301.00000,6.47000,0.00000,0.00000,1.00000
-648498.29828,-856703.33400,241.26000,568756440.89960,12.60000,138021.00000,5.48000,0.00000,0.00000,1.00000
-648719.38354,-856939.37133,241.05400,568756440.94618,12.89000,134252.00000,7.27000,0.00000,0.00000,1.00000
-648906.48442,-857190.92514,241.68000,568756440.99276,12.91000,209946.00000,5.85000,0.00000,0.00000,1.00000
-649138.23749,-857422.11379,241.62700,568756441.03934,13.00000,129625.00000,6.30000,0.00000,0.00000,1.00000
-649200.69058,-857730.47572,241.17400,568756441.08592,13.01000,248902.00000,7.32000,0.00000,0.00000,1.00000
-649131.82591,-858098.69076,240.74400,568756441.13250,12.89000,108365.00000,9.73000,0.00000,0.00000,1.00000
-648942.29819,-858521.87453,240.99900,568756441.17909,12.86000,120714.00000,7.18000,0.00000,0.00000,1.00000
-648838.75730,-858905.87713,241.68100,568756441.22567,12.71000,109924.00000,8.41000,0.00000,0.00000,1.00000
-648859.86233,-859233.07128,242.55000,568756441.27225,12.56000,116876.00000,9.42000,0.00000,0.00000,1.00000
-648903.63425,-859549.94554,243.61600,568756441.31883,12.07000,180388.00000,5.40000,0.00000,0.00000,1.00000
-649168.70467,-859765.96446,243.00500,568756441.36541,12.20000,263444.00000,5.72000,0.00000,0.00000,1.00000
-649002.49178,-860178.51790,242.22200,568756441.41199,12.64000,92975.00000,6.80000,0.00000,0.00000,1.00000
-649046.25346,-860495.38969,242.98700,568756441.45857,12.88000,326654.00000,6.95000,0.00000,0.00000,1.00000
-649289.32488,-860721.44452,243.84900,568756441.50515,12.95000,76452.00000,7.04000,0.00000,0.00000,1.00000
-649553.72194,-860937.76880,243.61900,568756441.55173,12.90000,403603.00000,7.63000,0.00000,0.00000,1.00000
-649820.12900,-861153.20126,243.04500,568756441.59831,12.92000,240537.00000,9.45000,0.00000,0.00000,1.00000
-649956.54226,-861427.85507,241.75300,568756441.64489,12.85000,358615.00000,7.72000,0.00000,0.00000,1.00000
-650012.96087,-861738.95842,239.12100,568756441.69147,12.88000,298517.00000,8.13000,0.00000,0.00000,1.00000
-649781.39159,-862181.28357,239.93000,568756441.73805,12.30000,389214.00000,4.60000,0.00000,0.00000,1.00000
-650094.44658,-862375.45514,244.43400,568756441.78463,11.54000,296350.00000,4.76000,0.00000,0.00000,1.00000
-650235.51631,-862647.99620,246.47000,568756441.83121,11.44000,146409.00000,6.60000,0.00000,0.00000,1.00000
-650127.26013,-863034.11970,247.26300,568756441.87779,11.30000,211492.00000,5.23000,0.00000,0.00000,1.00000
-649890.33791,-863478.85777,249.14600,568756441.92437,11.37000,534219.00000,5.16000,0.00000,0.00000,1.00000
-649702.74233,-863901.11753,250.73200,568756441.97095,11.09000,1332694.00000,4.02000,0.00000,0.00000,1.00000
-649610.47145,-864279.94170,253.82200,568756442.01753,10.79000,3227135.00000,2.54000,0.00000,0.00000,1.00000
-649662.86607,-864592.87466,255.67100,568756442.06411,11.07000,2840676.00000,2.00000,0.00000,0.00000,1.00000
-649701.91864,-864911.87825,255.77800,568756442.11069,11.44000,1609326.00000,2.77000,0.00000,0.00000,1.00000
-649747.63620,-865227.84651,255.63200,568756442.15727,11.67000,3739303.00000,1.66000,0.00000,0.00000,1.00000
-652052.04939,-864514.95020,234.64100,568756442.20385,11.66000,2866269.00000,1.71000,0.00000,0.00000,1.00000
-650396.40326,-865605.93625,251.28600,568756442.25043,11.62000,2911263.00000,2.14000,0.00000,0.00000,1.00000
-651211.44746,-865571.47594,253.85900,568756442.29701,11.15000,1433663.00000,1.74000,0.00000,0.00000,1.00000
-651736.49443,-865669.12661,260.45000,568756442.34359,10.66000,627212.00000,1.70000,0.00000,0.00000,1.00000
-651959.53692,-865904.33034,262.14100,568756442.39017,10.58000,192397.00000,3.17000,0.00000,0.00000,1.00000
-652256.58725,-866105.83405,261.41800,568756442.43675,10.35000,293478.00000,3.84000,0.00000,0.00000,1.00000
-652420.30952,-866368.07580,259.20600,568756442.48333,9.61000,146556.00000,4.33000,0.00000,0.00000,1.00000
-652115.34504,-866843.78094,257.61200,568756442.52991,9.50000,242372.00000,3.98000,0.00000,0.00000,1.00000
-651883.71123,-867286.09175,259.33800,568756442.57649,9.68000,548105.00000,2.56000,0.00000,0.00000,1.00000
-651855.40466,-867635.77822,262.75700,568756442.62306,9.39000,797601.00000,2.46000,0.00000,0.00000,1.00000
-651748.43272,-868021.30225,263.57100,568756442.66964,9.31000,296870.00000,2.95000,0.00000,0.00000,1.00000
-651492.77732,-868474.52172,263.59300,568756442.71622,9.53000,198473.00000,2.42000,0.00000,0.00000,1.00000
-651331.79054,-868884.62994,263.14500,568756442.76280,9.52000,274971.00000,1.80000,0.00000,0.00000,1.00000
-655980.09431,-867104.51469,215.06900,568756442.80938,10.22000,4359802.00000,1.35000,0.00000,0.00000,1.00000
-655919.11544,-867469.12334,214.54600,568756442.85596,10.96000,5173571.00000,1.70000,0.00000,0.00000,1.00000
-650767.41476,-870151.97857,249.99500,568756442.90254,10.60000,620348.00000,1.71000,0.00000,0.00000,1.00000
-650281.68568,-870709.91683,249.79700,568756442.94912,11.18000,561100.00000,2.39000,0.00000,0.00000,1.00000
-656591.69012,-868173.33515,208.02900,568756442.99570,11.95000,2094588.00000,2.45000,0.00000,0.00000,1.00000
-657182.80858,-868240.97669,212.77700,568756443.04228,12.20000,1904701.00000,3.10000,0.00000,0.00000,1.00000
-656909.10678,-868702.47103,212.32800,568756443.08885,12.38000,3401849.00000,2.02000,0.00000,0.00000,1.00000
-655927.93639,-869486.12817,208.74100,568756443.13543,12.60000,2132275.00000,2.71000,0.00000,0.00000,1.00000
-654970.75657,-870258.82349,206.37800,568756443.18201,12.87000,897797.00000,5.26000,0.00000,0.00000,1.00000
-655668.55665,-870277.89903,209.75400,568756443.22859,13.43000,316840.00000,9.42000,0.00000,0.00000,1.00000
-656353.04720,-870303.06753,211.72200,568756443.27517,12.92000,3273918.00000,4.23000,0.00000,0.00000,1.00000
-654424.29676,-871518.08551,201.82600,568756443.32175,12.86000,1805974.00000,3.46000,0.00000,0.00000,1.00000
-649627.51562,-874038.61241,223.75700,568756443.36833,13.16000,723919.00000,6.79000,0.00000,0.00000,1.00000
-651324.20375,-873603.03293,215.53500,568756443.41491,12.94000,386368.00000,7.33000,0.00000,0.00000,1.00000
-651023.37440,-874413.51040,217.40900,568756443.50806,11.90000,1417882.00000,2.73000,0.00000,0.00000,1.00000
-651108.99946,-874711.29554,215.00700,568756443.55464,12.10000,1505064.00000,3.26000,0.00000,0.00000,1.00000
-651508.71407,-874866.12061,212.22700,568756443.60122,12.17000,1759638.00000,2.96000,0.00000,0.00000,1.00000
-651696.37664,-875117.47567,210.37700,568756443.64780,11.90000,1050531.00000,3.26000,0.00000,0.00000,1.00000
-656147.79503,-873427.94277,249.57900,568756443.69438,12.01000,2232068.00000,2.48000,0.00000,0.00000,1.00000
-656143.43965,-873766.73336,247.03000,568756443.74096,12.27000,1685531.00000,3.41000,0.00000,0.00000,1.00000
-656093.08288,-874126.48329,244.81000,568756443.78753,12.61000,604385.00000,4.65000,0.00000,0.00000,1.00000
-656025.36599,-874494.10612,242.87500,568756443.83411,12.92000,324344.00000,5.57000,0.00000,0.00000,1.00000
-656047.67352,-874820.76213,240.88700,568756443.88069,12.84000,276346.00000,6.39000,0.00000,0.00000,1.00000
-655770.57128,-875283.71031,238.82300,568756443.92727,12.81000,284502.00000,7.23000,0.00000,0.00000,1.00000
-655494.11663,-875746.34087,238.29900,568756443.97385,12.92000,226050.00000,7.48000,0.00000,0.00000,1.00000
-655373.04002,-876138.25607,238.61600,568756444.02042,13.05000,160740.00000,9.71000,0.00000,0.00000,1.00000
-655325.98016,-876496.48201,240.40800,568756444.06700,12.77000,139712.00000,6.43000,0.00000,0.00000,1.00000
-655612.33476,-876702.93923,243.25200,568756444.11358,12.56000,139682.00000,6.55000,0.00000,0.00000,1.00000
-655812.66902,-876948.55631,246.61400,568756444.16016,12.37000,564291.00000,4.94000,0.00000,0.00000,1.00000
-656115.03294,-877147.74387,249.02400,568756444.20673,12.29000,278243.00000,5.78000,0.00000,0.00000,1.00000
-656334.03397,-877384.86672,248.92100,568756444.25331,12.49000,394984.00000,5.40000,0.00000,0.00000,1.00000
-657202.57024,-877326.38233,245.81000,568756444.29989,13.45000,194456.00000,8.21000,0.00000,0.00000,1.00000
-656527.30563,-877970.50921,245.44300,568756444.34646,13.87000,269003.00000,7.53000,0.00000,0.00000,1.00000
-656854.33839,-878158.47533,246.18700,568756444.39304,14.07000,159394.00000,9.34000,0.00000,0.00000,1.00000
-657710.21733,-878105.78448,246.85400,568756444.43962,14.41000,147218.00000,17.84000,0.00000,0.00000,1.00000
-658019.24011,-878301.94496,248.47000,568756444.48620,14.13000,296061.00000,17.05000,0.00000,0.00000,1.00000
-658999.82927,-878192.52254,253.59500,568756444.53277,13.63000,238297.00000,9.42000,0.00000,0.00000,1.00000
-659271.52247,-878405.70786,255.56200,568756444.57935,13.69000,323600.00000,9.22000,0.00000,0.00000,1.00000
-659320.46657,-878720.25311,257.05600,568756444.62593,13.17000,375349.00000,6.50000,0.00000,0.00000,1.00000
-659460.10941,-878993.52804,258.39800,568756444.67250,12.99000,673146.00000,6.21000,0.00000,0.00000,1.00000
-659595.75320,-879268.61083,257.45300,568756444.71908,12.86000,361973.00000,5.91000,0.00000,0.00000,1.00000
-659584.67840,-879610.46056,255.32500,568756444.76566,12.74000,303836.00000,5.77000,0.00000,0.00000,1.00000
-659588.27201,-879945.64224,254.25300,568756444.81223,12.66000,293280.00000,7.15000,0.00000,0.00000,1.00000
-659735.24741,-880215.58506,254.83200,568756444.85881,12.64000,483169.00000,7.05000,0.00000,0.00000,1.00000
-660036.27808,-880415.43043,256.28700,568756444.90538,12.65000,404058.00000,6.90000,0.00000,0.00000,1.00000
-660340.63328,-880613.75335,258.18500,568756444.95196,12.53000,391077.00000,6.35000,0.00000,0.00000,1.00000
-660591.64256,-880836.36140,259.09000,568756444.99854,12.68000,122980.00000,8.98000,0.00000,0.00000,1.00000
-660403.14856,-881258.94582,258.60400,568756445.04511,12.82000,211811.00000,8.20000,0.00000,0.00000,1.00000
-660478.74371,-881561.36210,260.38000,568756445.09169,12.83000,700766.00000,5.33000,0.00000,0.00000,1.00000
-638397.60777,-868175.20348,210.39400,568929095.07908,11.17000,3484335.00000,1.55000,0.00000,0.00000,1.00000
-638132.03361,-868625.61770,208.40200,568929095.12561,11.73000,2565072.00000,2.15000,0.00000,0.00000,1.00000
-638192.37254,-868933.46815,208.91300,568929095.17215,11.77000,2883671.00000,2.44000,0.00000,0.00000,1.00000
-636578.49706,-872313.11228,217.67900,568929095.54439,11.26000,1619746.00000,4.06000,0.00000,0.00000,1.00000
-636218.96954,-872804.53203,215.95300,568929095.59092,11.55000,642283.00000,4.20000,0.00000,0.00000,1.00000
-636044.53363,-873215.00756,212.80400,568929095.63745,11.86000,1603161.00000,4.46000,0.00000,0.00000,1.00000
-635894.24027,-873614.93117,212.51600,568929095.68398,12.21000,2240507.00000,5.93000,0.00000,0.00000,1.00000
-638813.67327,-872672.67553,211.88800,568929095.73052,12.13000,661776.00000,4.58000,0.00000,0.00000,1.00000
-639127.49901,-872869.69191,214.15700,568929095.77705,11.68000,448296.00000,4.13000,0.00000,0.00000,1.00000
-637181.75615,-874054.65209,221.16900,568929095.82358,11.00000,4898186.00000,3.19000,0.00000,0.00000,1.00000
-638219.26490,-873935.28466,216.51900,568929095.87011,10.82000,4825845.00000,3.27000,0.00000,0.00000,1.00000
-637608.85479,-874536.36779,220.83600,568929095.91664,10.91000,275420.00000,4.70000,0.00000,0.00000,1.00000
-638178.87396,-874621.37496,221.22400,568929095.96317,10.99000,205296.00000,5.73000,0.00000,0.00000,1.00000
-638833.41369,-874669.45613,221.69400,568929096.00970,11.46000,204420.00000,6.26000,0.00000,0.00000,1.00000
-639168.70479,-874857.10813,220.55000,568929096.05623,11.67000,223398.00000,7.23000,0.00000,0.00000,1.00000
-639374.54737,-875101.35727,220.49500,568929096.10276,11.15000,221293.00000,5.67000,0.00000,0.00000,1.00000
-639530.08007,-875367.60450,221.46400,568929096.14929,10.48000,872496.00000,5.02000,0.00000,0.00000,1.00000
-639670.84612,-875640.28890,223.46000,568929096.19582,10.21000,848036.00000,4.86000,0.00000,0.00000,1.00000
-639945.76761,-875854.35229,225.58900,568929096.24235,10.01000,381400.00000,5.67000,0.00000,0.00000,1.00000
-640181.78329,-876085.41076,225.35500,568929096.28888,9.86000,479629.00000,4.75000,0.00000,0.00000,1.00000
-640280.97328,-876376.28327,224.21600,568929096.33541,9.89000,749946.00000,4.61000,0.00000,0.00000,1.00000
-639890.53996,-876881.19781,218.85700,568929096.38194,9.47000,2969639.00000,5.19000,0.00000,0.00000,1.00000
-639809.95506,-877250.64464,219.63400,568929096.42847,8.54000,1382122.00000,4.23000,0.00000,0.00000,1.00000
-640157.97487,-877432.76323,224.09600,568929096.47500,8.80000,744809.00000,4.86000,0.00000,0.00000,1.00000
-640244.40658,-877729.20488,222.70100,568929096.52153,9.07000,2077452.00000,4.12000,0.00000,0.00000,1.00000
-640155.77098,-878102.16670,220.08000,568929096.56806,8.52000,1981306.00000,4.65000,0.00000,0.00000,1.00000
-641473.69551,-877860.35885,227.63200,568929096.61459,7.15000,2496654.00000,3.56000,0.00000,0.00000,1.00000
-640924.90956,-878434.46396,230.88200,568929096.66112,6.42000,514335.00000,3.08000,0.00000,0.00000,1.00000
-640720.89148,-878857.84791,229.31400,568929096.70765,8.94000,2938064.00000,4.42000,0.00000,0.00000,1.00000
-640740.24579,-879183.62342,227.07000,568929096.75418,10.41000,2128377.00000,5.92000,0.00000,0.00000,1.00000
-641815.37680,-879047.97151,230.46600,568929096.80071,9.29000,1512360.00000,4.26000,0.00000,0.00000,1.00000
-642868.37605,-878921.99668,235.02700,568929096.84723,7.34000,1943037.00000,2.64000,0.00000,0.00000,1.00000
-643854.93863,-878825.06043,245.86700,568929096.89376,6.71000,4704470.00000,2.60000,0.00000,0.00000,1.00000
-640929.61607,-880437.75176,224.79800,568929096.94029,7.21000,1509621.00000,3.29000,0.00000,0.00000,1.00000
-644371.18602,-879267.96352,256.16000,568929096.98682,7.60000,1707886.00000,3.87000,0.00000,0.00000,1.00000
-641527.71674,-880844.83368,226.50300,568929097.03335,8.28000,940235.00000,2.62000,0.00000,0.00000,1.00000
-644444.08369,-879904.60012,256.09400,568929097.07988,8.11000,4309653.00000,2.66000,0.00000,0.00000,1.00000
-643716.22456,-880556.93055,243.83500,568929097.12641,7.47000,2700059.00000,3.44000,0.00000,0.00000,1.00000
-643899.20621,-880811.21147,249.54800,568929097.17293,6.94000,623612.00000,3.85000,0.00000,0.00000,1.00000
-643328.24509,-881394.95711,247.23100,568929097.21946,6.80000,483348.00000,3.30000,0.00000,0.00000,1.00000
-642903.49707,-881914.79211,248.24500,568929097.26599,7.22000,1065868.00000,2.40000,0.00000,0.00000,1.00000
-642559.23799,-882399.43994,248.70000,568929097.31252,8.16000,1150195.00000,2.40000,0.00000,0.00000,1.00000
-642294.80719,-882849.20757,249.18400,568929097.35905,8.90000,539245.00000,2.63000,0.00000,0.00000,1.00000
-642151.78147,-883245.91552,249.07100,568929097.40557,9.27000,349484.00000,2.50000,0.00000,0.00000,1.00000
-641885.32591,-883696.54500,247.32600,568929097.45210,9.19000,266938.00000,2.99000,0.00000,0.00000,1.00000
-641838.88714,-884051.03811,245.92800,568929097.49863,9.20000,221354.00000,3.88000,0.00000,0.00000,1.00000
-641907.15090,-884355.41981,246.58700,568929097.54516,9.13000,449028.00000,3.04000,0.00000,0.00000,1.00000
-641933.16216,-884678.27448,244.70500,568929097.59168,9.20000,1647879.00000,2.61000,0.00000,0.00000,1.00000
-641918.23676,-885018.98694,241.88200,568929097.63821,9.23000,879842.00000,2.46000,0.00000,0.00000,1.00000
-641908.01199,-885357.66127,235.53500,568929097.68474,9.37000,446374.00000,3.56000,0.00000,0.00000,1.00000
-642244.60967,-885544.82212,231.81500,568929097.73126,9.70000,171625.00000,6.06000,0.00000,0.00000,1.00000
-642361.83988,-885827.82431,230.66300,568929097.77779,9.66000,135570.00000,6.61000,0.00000,0.00000,1.00000
-642177.18194,-886242.70062,229.07700,568929097.82432,9.85000,218158.00000,5.65000,0.00000,0.00000,1.00000
-642344.72132,-886503.72064,228.26500,568929097.87084,10.08000,140259.00000,6.07000,0.00000,0.00000,1.00000
-642663.86896,-886698.51164,228.37700,568929097.91737,10.10000,252157.00000,5.66000,0.00000,0.00000,1.00000
-642889.10776,-886934.34502,229.62500,568929097.96390,9.95000,219401.00000,4.99000,0.00000,0.00000,1.00000
-643006.32587,-887217.35334,230.89600,568929098.01042,9.83000,247755.00000,3.79000,0.00000,0.00000,1.00000
-643088.66037,-887515.60465,229.46000,568929098.05695,9.88000,411349.00000,3.27000,0.00000,0.00000,1.00000
-643079.08242,-887853.99906,225.70100,568929098.10348,10.05000,386205.00000,1.96000,0.00000,0.00000,1.00000
-648485.41278,-885826.74917,193.17900,568929098.15001,10.47000,1233426.00000,3.17000,0.00000,0.00000,1.00000
-648167.86938,-886299.73993,193.16100,568929098.19653,10.76000,1541751.00000,3.29000,0.00000,0.00000,1.00000
-647516.85517,-886918.36792,191.00000,568929098.24306,11.34000,1747602.00000,3.81000,0.00000,0.00000,1.00000
-646731.66064,-887595.59349,187.30300,568929098.28959,12.03000,741643.00000,5.81000,0.00000,0.00000,1.00000
-646791.18510,-887903.85431,188.20000,568929098.33612,12.65000,1683059.00000,8.71000,0.00000,0.00000,1.00000
-645942.21273,-888608.88641,187.17700,568929098.38265,12.96000,1244464.00000,6.19000,0.00000,0.00000,1.00000
-643350.72512,-890074.84694,188.01200,568929098.42918,12.80000,638890.00000,7.32000,0.00000,0.00000,1.00000
-646476.54567,-889044.01942,197.20600,568929098.47570,12.41000,132852.00000,7.63000,0.00000,0.00000,1.00000
-646106.62221,-889539.80624,200.66000,568929098.52223,11.68000,268222.00000,6.30000,0.00000,0.00000,1.00000
-645734.01805,-890036.75425,202.71100,568929098.56876,11.56000,707372.00000,9.53000,0.00000,0.00000,1.00000
-645642.55073,-890410.93035,205.10800,568929098.61529,11.55000,920191.00000,7.84000,0.00000,0.00000,1.00000
-645946.95357,-890612.23241,206.20400,568929098.66181,11.32000,490950.00000,7.05000,0.00000,0.00000,1.00000
-645754.17742,-891030.65029,203.38200,568929098.70834,10.41000,515515.00000,3.67000,0.00000,0.00000,1.00000
-645927.75713,-891289.09641,197.94600,568929098.75487,9.90000,2693629.00000,3.24000,0.00000,0.00000,1.00000
-646048.33367,-891570.69032,191.87500,568929098.80140,10.55000,710303.00000,5.62000,0.00000,0.00000,1.00000
-645752.20219,-892034.23391,188.92700,568929098.84793,11.63000,792025.00000,9.87000,0.00000,0.00000,1.00000
-646622.93687,-891988.27701,191.44500,568929098.89446,11.93000,287827.00000,10.18000,0.00000,0.00000,1.00000
-647798.31395,-891809.31965,196.50600,568929098.94099,11.52000,161522.00000,8.47000,0.00000,0.00000,1.00000
-647802.12729,-892141.91677,195.47400,568929098.98752,11.30000,112050.00000,8.66000,0.00000,0.00000,1.00000
-646768.53957,-892927.44037,188.86100,568929099.03405,11.01000,151574.00000,7.73000,0.00000,0.00000,1.00000
-669634.84779,-854606.48809,311.28200,570345721.89581,5.93000,270468.00000,3.81000,0.00000,0.00000,0.00000
-669473.25407,-854323.08567,308.99300,570345721.94210,6.69000,171756.00000,3.47000,0.00000,0.00000,0.00000
-670629.70724,-852440.32908,253.78100,570345721.98840,7.49000,1953980.00000,3.50000,0.00000,0.00000,0.00000
-670424.07982,-852210.39506,252.85800,570345722.03470,7.86000,383810.00000,3.75000,0.00000,0.00000,0.00000
-670662.74246,-851441.33444,255.58100,570345722.08099,7.60000,799581.00000,3.71000,0.00000,0.00000,0.00000
-670435.78526,-851237.28819,255.02700,570345722.12729,7.90000,1737964.00000,3.25000,0.00000,0.00000,0.00000
-669521.96683,-851866.67396,256.02000,570345722.17358,8.70000,6459270.00000,3.02000,0.00000,0.00000,0.00000
-665067.21847,-856791.99821,240.90500,570345722.21988,9.42000,1108998.00000,3.56000,0.00000,0.00000,0.00000
-668573.19355,-852058.99578,254.56300,570345722.26618,9.91000,999363.00000,4.20000,0.00000,0.00000,0.00000
-668148.66322,-852094.65479,254.85900,570345722.31247,10.38000,1914013.00000,4.46000,0.00000,0.00000,0.00000
-667679.13757,-852184.88659,256.04100,570345722.35877,11.09000,1502182.00000,4.86000,0.00000,0.00000,0.00000
-667522.68101,-851895.28167,259.98100,570345722.40507,11.34000,471457.00000,4.91000,0.00000,0.00000,0.00000
-667498.40055,-851445.29952,263.07200,570345722.45136,11.79000,413024.00000,6.37000,0.00000,0.00000,0.00000
-667472.73291,-850997.02463,268.26700,570345722.49766,11.80000,467467.00000,4.15000,0.00000,0.00000,0.00000
-667152.56099,-850906.05676,271.20800,570345722.54396,11.84000,522694.00000,4.04000,0.00000,0.00000,0.00000
-666799.45982,-850855.03481,275.58700,570345722.59026,11.75000,660616.00000,3.44000,0.00000,0.00000,0.00000
-666628.16145,-850583.43077,277.84500,570345722.63656,11.82000,1615271.00000,3.84000,0.00000,0.00000,0.00000
-666520.41043,-850234.74744,279.00400,570345722.68285,11.61000,771874.00000,4.39000,0.00000,0.00000,0.00000
-666361.64364,-849947.96226,279.67000,570345722.72915,11.52000,1248960.00000,4.42000,0.00000,0.00000,0.00000
-666161.60509,-849711.25067,279.35000,570345722.77545,11.36000,943389.00000,3.37000,0.00000,0.00000,0.00000
-665962.49299,-849473.41097,278.20700,570345722.82175,11.37000,369879.00000,3.31000,0.00000,0.00000,0.00000
-665700.76636,-849311.52006,276.97100,570345722.86805,11.39000,1141547.00000,2.76000,0.00000,0.00000,0.00000
-665363.90616,-849240.77216,274.09200,570345722.91435,11.60000,9635691.00000,2.53000,0.00000,0.00000,0.00000
-665021.02049,-849177.34136,271.51300,570345722.96065,11.97000,4083408.00000,3.19000,0.00000,0.00000,0.00000
-664646.13059,-849152.72828,268.54300,570345723.00695,12.12000,1821119.00000,2.92000,0.00000,0.00000,0.00000
-664228.57101,-849179.88117,266.10500,570345723.05325,12.33000,4747920.00000,3.08000,0.00000,0.00000,0.00000
-664183.00410,-848755.79728,255.42000,570345723.09955,12.37000,1138665.00000,4.47000,0.00000,0.00000,0.00000
-663849.86192,-848680.54933,256.22800,570345723.14584,12.62000,686817.00000,6.10000,0.00000,0.00000,0.00000
-663190.62886,-849000.80083,257.23100,570345723.19214,12.65000,747305.00000,8.25000,0.00000,0.00000,0.00000
-663494.34360,-848153.07941,258.03900,570345723.23844,13.12000,259811.00000,12.29000,0.00000,0.00000,0.00000
-664387.12990,-846590.86345,261.99500,570345723.28474,13.11000,284895.00000,11.07000,0.00000,0.00000,0.00000
-664064.19939,-846503.23617,262.45300,570345723.33104,12.97000,662955.00000,6.72000,0.00000,0.00000,0.00000
-663843.77726,-846291.27442,263.92200,570345723.37734,12.78000,1757301.00000,4.31000,0.00000,0.00000,0.00000
-663426.69216,-846317.84674,263.64900,570345723.42364,12.52000,782418.00000,4.56000,0.00000,0.00000,0.00000
-663498.93818,-845750.90343,272.40400,570345723.46994,12.26000,6447223.00000,3.41000,0.00000,0.00000,0.00000
-663205.24792,-845627.83319,272.98900,570345723.51624,12.19000,5698846.00000,3.51000,0.00000,0.00000,0.00000
-662843.83734,-845586.88719,272.38500,570345723.56254,12.47000,5590331.00000,3.84000,0.00000,0.00000,0.00000
-662512.11991,-845509.94666,272.27700,570345723.60884,12.42000,841272.00000,3.78000,0.00000,0.00000,0.00000
-660955.20789,-845960.27001,257.33700,570345723.74774,12.24000,589018.00000,3.51000,0.00000,0.00000,0.00000
-659563.96278,-847168.12968,254.81700,570345723.79404,12.21000,1108508.00000,4.04000,0.00000,0.00000,0.00000
-667256.29755,-872371.80918,270.61600,570518373.37743,12.59000,614224.00000,6.03000,0.00000,0.00000,0.00000
-667161.79486,-872012.22951,267.83500,570518373.42370,12.96000,583603.00000,4.90000,0.00000,0.00000,0.00000
-667400.97631,-871259.87073,267.06100,570518373.46997,13.01000,1786888.00000,4.03000,0.00000,0.00000,0.00000
-665950.98722,-872495.85094,261.22400,570518373.51623,12.74000,565972.00000,4.29000,0.00000,0.00000,0.00000
-666877.83874,-870934.07613,271.31700,570518373.56250,12.58000,511095.00000,5.21000,0.00000,0.00000,0.00000
-666651.20596,-870730.06321,270.93200,570518373.60877,12.51000,229962.00000,5.30000,0.00000,0.00000,0.00000
-666405.68347,-870548.25600,271.11700,570518373.65503,12.39000,149894.00000,4.99000,0.00000,0.00000,0.00000
-666050.68022,-870495.35030,270.98300,570518373.70130,12.27000,326547.00000,4.17000,0.00000,0.00000,0.00000
-662175.87348,-874584.99343,255.55100,570518373.74756,12.18000,1063292.00000,2.66000,0.00000,0.00000,0.00000
-665178.29534,-870580.59803,270.48400,570518373.79383,11.93000,1619714.00000,2.92000,0.00000,0.00000,0.00000
-664712.83874,-870657.65287,270.33400,570518373.84010,11.58000,683082.00000,2.50000,0.00000,0.00000,0.00000
-664313.93340,-870656.37845,269.90700,570518373.88636,11.41000,880420.00000,2.52000,0.00000,0.00000,0.00000
-663871.60262,-870706.20282,268.97100,570518373.93263,11.29000,308156.00000,2.49000,0.00000,0.00000,0.00000
-663498.18141,-870674.92213,267.82600,570518373.97890,11.19000,225322.00000,2.56000,0.00000,0.00000,0.00000
-663081.81412,-870694.18937,266.74300,570518374.02517,11.37000,278416.00000,2.29000,0.00000,0.00000,0.00000
-662730.57395,-870636.79106,264.07300,570518374.07143,11.56000,384535.00000,2.60000,0.00000,0.00000,0.00000
-662419.92630,-870531.61732,261.65500,570518374.11770,11.69000,1829775.00000,2.29000,0.00000,0.00000,0.00000
-661695.28537,-870913.62137,245.70200,570518374.16397,11.82000,2446982.00000,2.26000,0.00000,0.00000,0.00000
-661327.05895,-870876.19967,249.25400,570518374.21023,12.17000,2689944.00000,2.93000,0.00000,0.00000,0.00000
-661311.91833,-870423.29098,249.58200,570518374.25650,12.60000,1785033.00000,3.37000,0.00000,0.00000,0.00000
-661385.98634,-869865.40392,247.15400,570518374.30277,12.93000,708690.00000,4.58000,0.00000,0.00000,0.00000
-661569.09294,-869179.20123,243.53000,570518374.34904,13.43000,869857.00000,7.03000,0.00000,0.00000,0.00000
-661898.07112,-868321.37063,242.09700,570518374.39531,13.75000,452749.00000,7.33000,0.00000,0.00000,0.00000
-661862.16491,-867892.91363,241.15400,570518374.44157,13.55000,176318.00000,8.17000,0.00000,0.00000,0.00000
-662503.62908,-866667.38936,243.61100,570518374.48784,13.47000,1574483.00000,6.59000,0.00000,0.00000,0.00000
-659161.02160,-870129.86052,237.06600,570518374.53411,13.62000,1009490.00000,5.74000,0.00000,0.00000,0.00000
-658412.76581,-870539.52908,240.82300,570518374.58038,13.43000,1477053.00000,4.94000,0.00000,0.00000,0.00000
-658216.35891,-870299.91079,237.69600,570518374.62664,12.93000,1096857.00000,4.30000,0.00000,0.00000,0.00000
-657916.10393,-870182.47249,237.35800,570518374.67291,12.24000,734345.00000,3.26000,0.00000,0.00000,0.00000
-661182.30545,-865868.81668,255.12000,570518374.71918,11.37000,625192.00000,3.05000,0.00000,0.00000,0.00000
-657323.12530,-869938.72438,231.97200,570518374.76545,10.15000,1370076.00000,2.60000,0.00000,0.00000,0.00000
-657152.19371,-869669.12780,223.27400,570518374.81172,8.88000,984848.00000,2.36000,0.00000,0.00000,0.00000
-656986.93149,-869392.88829,211.91900,570518374.85799,8.85000,3577226.00000,2.88000,0.00000,0.00000,0.00000
-656519.52201,-869472.07681,207.36800,570518374.90426,10.56000,1144990.00000,6.31000,0.00000,0.00000,0.00000
-656567.69464,-868944.73678,203.74500,570518374.95053,11.95000,612275.00000,8.02000,0.00000,0.00000,0.00000
-659120.89719,-865470.34877,208.59400,570518374.99680,12.18000,5244542.00000,5.15000,0.00000,0.00000,0.00000
-658457.63608,-865780.04056,208.68400,570518375.04307,12.66000,1502218.00000,7.31000,0.00000,0.00000,0.00000
-658183.84898,-865631.51221,208.81500,570518375.08933,13.14000,444176.00000,11.40000,0.00000,0.00000,0.00000
-657869.93980,-865530.19489,208.64300,570518375.13560,13.40000,472592.00000,13.83000,0.00000,0.00000,0.00000
-657860.05528,-865071.18942,210.81800,570518375.18187,13.20000,310004.00000,8.69000,0.00000,0.00000,0.00000
-657471.08767,-865058.18008,212.71400,570518375.22814,12.64000,590107.00000,6.61000,0.00000,0.00000,0.00000
-656525.49160,-865699.92388,216.42400,570518375.27441,12.16000,2929857.00000,4.76000,0.00000,0.00000,0.00000
-657865.82375,-863652.58472,225.51500,570518375.32068,11.71000,1385236.00000,4.95000,0.00000,0.00000,0.00000
-656877.30923,-864344.87158,226.93400,570518375.36695,11.41000,2167394.00000,5.77000,0.00000,0.00000,0.00000
-656264.09831,-864595.62209,230.94900,570518375.41322,11.53000,1089935.00000,5.80000,0.00000,0.00000,0.00000
-655725.96044,-864758.06287,235.92500,570518375.45949,11.61000,426026.00000,6.48000,0.00000,0.00000,0.00000
-654906.43793,-865251.46129,240.17400,570518375.50576,12.09000,861704.00000,6.80000,0.00000,0.00000,0.00000
-654919.24722,-864765.81918,242.87600,570518375.55203,12.34000,467045.00000,4.47000,0.00000,0.00000,0.00000
-655547.67181,-863556.05948,240.30100,570518375.59829,12.37000,2732762.00000,4.64000,0.00000,0.00000,0.00000
-655378.25255,-863284.79212,238.85100,570518375.64456,12.21000,1570962.00000,5.10000,0.00000,0.00000,0.00000
-654924.14476,-863348.36216,237.01800,570518375.69083,12.30000,360426.00000,6.79000,0.00000,0.00000,0.00000
-654510.18044,-863364.74078,237.29100,570518375.73710,12.23000,397072.00000,7.46000,0.00000,0.00000,0.00000
-653965.89938,-863534.36611,237.70900,570518375.78337,12.12000,809764.00000,8.49000,0.00000,0.00000,0.00000
-653427.28354,-863697.31465,238.42500,570518375.82964,12.04000,847374.00000,8.11000,0.00000,0.00000,0.00000
-652613.87414,-864183.41730,240.64700,570518375.87591,11.65000,854734.00000,7.34000,0.00000,0.00000,0.00000
-651734.83269,-864746.68882,244.63200,570518375.92218,11.57000,987106.00000,6.17000,0.00000,0.00000,0.00000
-651468.62681,-864589.21939,243.95300,570518375.96845,12.15000,1195810.00000,7.74000,0.00000,0.00000,0.00000
-651142.94545,-864501.70581,246.18900,570518376.01472,12.29000,887500.00000,6.47000,0.00000,0.00000,0.00000
-653297.41538,-861497.45665,241.48000,570518376.06099,12.22000,620064.00000,5.56000,0.00000,0.00000,0.00000
-653052.01197,-861315.58169,242.92100,570518376.10725,12.45000,1334926.00000,6.88000,0.00000,0.00000,0.00000
-652385.94178,-861628.42158,245.27200,570518376.15352,12.32000,1693763.00000,6.44000,0.00000,0.00000,0.00000
-652497.94271,-861026.23069,245.37100,570518376.19979,12.31000,229935.00000,7.44000,0.00000,0.00000,0.00000
-652966.87072,-860004.28420,246.16400,570518376.24606,12.46000,324556.00000,5.66000,0.00000,0.00000,0.00000
-652747.43921,-859791.86686,246.67700,570518376.29233,12.90000,1977721.00000,5.46000,0.00000,0.00000,0.00000
-652362.30222,-859774.34135,246.66300,570518376.33860,13.12000,5278142.00000,6.21000,0.00000,0.00000,0.00000
-652016.81508,-859710.16396,246.90300,570518376.38487,12.98000,4165701.00000,4.45000,0.00000,0.00000,0.00000
-651597.68150,-859732.60173,246.22100,570518376.43114,12.79000,782408.00000,3.73000,0.00000,0.00000,0.00000
-651199.79455,-859730.04859,245.30200,570518376.47741,12.80000,612430.00000,5.67000,0.00000,0.00000,0.00000
-651030.89027,-859458.21285,244.44000,570518376.52367,12.63000,111979.00000,9.20000,0.00000,0.00000,0.00000
-651106.56617,-858898.79590,244.64300,570518376.56994,12.04000,206093.00000,7.24000,0.00000,0.00000,0.00000
-650885.26731,-858688.59777,245.89800,570518376.61621,11.59000,355726.00000,3.90000,0.00000,0.00000,0.00000
-650598.33347,-858555.56069,246.48900,570518376.66248,11.44000,1075996.00000,4.23000,0.00000,0.00000,0.00000
-650335.49710,-858394.22098,245.56400,570518376.70875,11.63000,477251.00000,6.27000,0.00000,0.00000,0.00000
-650229.87481,-858047.99492,244.99700,570518376.75502,11.80000,460367.00000,4.56000,0.00000,0.00000,0.00000
-650105.85128,-857723.43086,244.41200,570518376.80129,12.18000,268587.00000,5.44000,0.00000,0.00000,0.00000
-650121.11837,-857235.09563,244.51200,570518376.84756,12.26000,734286.00000,4.44000,0.00000,0.00000,0.00000
-649982.45429,-856927.73432,244.34500,570518376.89383,12.21000,1011663.00000,3.59000,0.00000,0.00000,0.00000
-649785.72694,-856688.66828,244.44900,570518376.94010,12.24000,3525612.00000,4.24000,0.00000,0.00000,0.00000
-649606.47856,-856429.06673,244.25300,570518376.98637,12.16000,2012556.00000,5.49000,0.00000,0.00000,0.00000
-649474.90921,-856113.38222,244.31400,570518377.03263,12.22000,1781889.00000,4.25000,0.00000,0.00000,0.00000
-649501.04922,-855612.29379,245.80700,570518377.07890,12.12000,2278065.00000,4.57000,0.00000,0.00000,0.00000
-649532.84867,-855104.54648,248.98200,570518377.12517,11.77000,8232109.00000,2.70000,0.00000,0.00000,0.00000
-656039.27313,-887275.35654,218.72400,570691026.06868,10.52000,516937.00000,4.13000,0.00000,0.00000,0.00000
-658233.98634,-884307.38245,238.53000,570691026.11492,10.86000,261113.00000,5.33000,0.00000,0.00000,0.00000
-657976.93459,-884138.41193,238.08900,570691026.16116,11.15000,760335.00000,5.12000,0.00000,0.00000,0.00000
-657745.33865,-883940.39191,237.16600,570691026.20740,11.43000,504507.00000,7.00000,0.00000,0.00000,0.00000
-657510.37522,-883746.19717,236.66200,570691026.25364,11.75000,1473371.00000,8.16000,0.00000,0.00000,0.00000
-657005.56975,-883860.07279,234.60600,570691026.29988,12.12000,1403871.00000,10.14000,0.00000,0.00000,0.00000
-657161.95320,-883219.14585,235.53900,570691026.34613,12.52000,1696598.00000,7.04000,0.00000,0.00000,0.00000
-657734.60873,-882102.98211,243.64400,570691026.39237,12.72000,2885669.00000,6.65000,0.00000,0.00000,0.00000
-657045.43157,-882427.33223,240.39900,570691026.43861,12.83000,8138927.00000,5.19000,0.00000,0.00000,0.00000
-656500.77439,-882586.68709,238.82600,570691026.48485,12.76000,4592502.00000,3.96000,0.00000,0.00000,0.00000
-656061.75273,-882625.45216,240.11700,570691026.53109,12.67000,1215093.00000,3.59000,0.00000,0.00000,0.00000
-655709.64145,-882564.99506,240.15100,570691026.57734,12.51000,1479567.00000,3.46000,0.00000,0.00000,0.00000
-655354.17362,-882508.36719,236.96900,570691026.62358,12.44000,1015027.00000,4.38000,0.00000,0.00000,0.00000
-655401.09415,-881992.42322,238.31100,570691026.66982,12.60000,144558.00000,9.55000,0.00000,0.00000,0.00000
-655957.00216,-880895.51381,244.49600,570691026.71606,12.40000,399605.00000,4.34000,0.00000,0.00000,0.00000
-654796.77626,-881757.48258,232.86400,570691026.76230,12.18000,1466165.00000,2.79000,0.00000,0.00000,0.00000
-654713.10164,-881390.62263,231.16200,570691026.80854,12.17000,3326058.00000,2.27000,0.00000,0.00000,0.00000
-653673.83087,-882114.45442,222.68400,570691026.85479,12.01000,862743.00000,2.86000,0.00000,0.00000,0.00000
-652872.71896,-882566.42894,218.27300,570691026.90103,11.79000,1085414.00000,3.66000,0.00000,0.00000,0.00000
-652292.49108,-882766.27287,214.47000,570691026.94727,11.57000,1014606.00000,4.24000,0.00000,0.00000,0.00000
-652295.27113,-882300.75355,211.92300,570691026.99351,11.35000,1094658.00000,3.04000,0.00000,0.00000,0.00000
-651935.94985,-882248.47750,207.37900,570691027.03976,11.44000,1446911.00000,3.73000,0.00000,0.00000,0.00000
-651824.43902,-881913.39672,204.72000,570691027.08600,11.71000,2585234.00000,2.80000,0.00000,0.00000,0.00000
-651841.16767,-881431.98606,204.25100,570691027.13224,12.02000,1834614.00000,2.61000,0.00000,0.00000,0.00000
-651467.92163,-881395.59078,202.75300,570691027.17849,12.14000,1717457.00000,3.32000,0.00000,0.00000,0.00000
-650591.37042,-881933.56813,199.82400,570691027.22473,12.02000,3644696.00000,2.64000,0.00000,0.00000,0.00000
-650023.13665,-882119.68242,198.06000,570691027.27097,11.89000,3016029.00000,3.24000,0.00000,0.00000,0.00000
-650326.11873,-881311.62004,201.08300,570691027.31721,12.05000,3201306.00000,2.74000,0.00000,0.00000,0.00000
-649749.23863,-881507.58213,198.98000,570691027.36346,12.28000,799549.00000,4.35000,0.00000,0.00000,0.00000
-649262.65085,-881600.50245,198.84000,570691027.40970,12.77000,231614.00000,12.85000,0.00000,0.00000,0.00000
-648426.89815,-882091.82203,203.07500,570691027.45594,12.45000,231053.00000,8.68000,0.00000,0.00000,0.00000
-647862.03162,-882274.04104,207.24200,570691027.50219,12.14000,1130452.00000,5.92000,0.00000,0.00000,0.00000
-647340.85973,-882406.37739,210.64600,570691027.54843,12.15000,3114896.00000,5.29000,0.00000,0.00000,0.00000
-646785.58250,-882577.60904,213.86500,570691027.59467,12.88000,774421.00000,7.51000,0.00000,0.00000,0.00000
-647227.40918,-881611.24108,207.69000,570691027.64092,13.82000,315887.00000,8.57000,0.00000,0.00000,0.00000
-647243.21625,-881130.93172,205.93500,570691027.68716,14.59000,475483.00000,11.22000,0.00000,0.00000,0.00000
-647923.27583,-879892.75991,204.08300,570691027.73340,14.34000,365338.00000,9.10000,0.00000,0.00000,0.00000
-648530.31080,-878737.88706,200.83000,570691027.77964,13.88000,3770421.00000,5.84000,0.00000,0.00000,0.00000
-647475.10747,-879479.57591,214.42100,570691027.82589,13.35000,782106.00000,6.04000,0.00000,0.00000,0.00000
-647171.54070,-879363.67209,219.35500,570691027.87213,12.92000,301401.00000,4.41000,0.00000,0.00000,0.00000
-646709.47591,-879428.57091,225.35100,570691027.91837,12.55000,558265.00000,3.89000,0.00000,0.00000,0.00000
-646532.70827,-879168.00936,228.03400,570691027.96461,12.27000,483490.00000,3.94000,0.00000,0.00000,0.00000
-645831.00791,-879506.31668,238.76700,570691028.01086,11.80000,1864655.00000,2.84000,0.00000,0.00000,0.00000
-645868.93544,-879000.83315,240.13200,570691028.05710,11.44000,4993288.00000,2.42000,0.00000,0.00000,0.00000
-646912.56451,-877348.03328,233.83000,570691028.10334,10.95000,1979213.00000,2.44000,0.00000,0.00000,0.00000
-645254.64937,-878777.17835,256.66400,570691028.14958,10.55000,2435682.00000,2.98000,0.00000,0.00000,0.00000
-645259.91600,-878308.97817,255.07100,570691028.19582,10.13000,602779.00000,4.72000,0.00000,0.00000,0.00000
-646071.56493,-876920.88064,250.89400,570691028.24207,9.90000,240757.00000,5.60000,0.00000,0.00000,0.00000
-645805.96496,-876761.70198,247.21600,570691028.28831,9.57000,766438.00000,3.45000,0.00000,0.00000,0.00000
-646730.95776,-875244.30111,245.55600,570691028.33455,9.26000,673814.00000,2.60000,0.00000,0.00000,0.00000
-646340.00700,-875228.12935,253.13000,570691028.38079,9.01000,3705250.00000,2.74000,0.00000,0.00000,0.00000
-645700.29606,-875495.74843,252.79700,570691028.42703,8.93000,3284675.00000,3.53000,0.00000,0.00000,0.00000
-645498.58526,-875263.69951,251.00200,570691028.47328,8.45000,1663110.00000,4.58000,0.00000,0.00000,0.00000
-646241.57981,-873953.97835,242.22400,570691028.51952,7.74000,1126029.00000,4.43000,0.00000,0.00000,0.00000
-645935.18058,-873841.37144,241.59100,570691028.56576,7.31000,825548.00000,5.20000,0.00000,0.00000,0.00000
-645575.95299,-873789.03222,240.58700,570691028.61200,7.23000,1432965.00000,4.77000,0.00000,0.00000,0.00000
-645077.44135,-873895.55737,238.61500,570691028.65825,7.53000,1527856.00000,4.69000,0.00000,0.00000,0.00000
-644882.94318,-873655.28090,236.80100,570691028.70449,7.92000,349440.00000,4.67000,0.00000,0.00000,0.00000
-644701.90202,-873399.67221,234.52600,570691028.75073,8.95000,203264.00000,6.01000,0.00000,0.00000,0.00000
-644724.50552,-872911.77158,233.38600,570691028.79697,9.90000,137464.00000,8.46000,0.00000,0.00000,0.00000
-644507.44574,-872697.25641,233.33000,570691028.84322,10.14000,508432.00000,6.36000,0.00000,0.00000,0.00000
-643681.84584,-873176.83165,228.26600,570691028.88946,10.07000,3257905.00000,5.65000,0.00000,0.00000,0.00000
-643082.93551,-873397.82205,225.74100,570691028.93570,10.23000,2019369.00000,6.07000,0.00000,0.00000,0.00000
-643250.61002,-872744.48326,226.75000,570691028.98194,10.77000,771592.00000,4.69000,0.00000,0.00000,0.00000
-642711.74859,-872896.99693,227.72000,570691029.02819,11.11000,3823491.00000,4.34000,0.00000,0.00000,0.00000
-642249.72895,-872961.84110,227.94000,570691029.07443,11.19000,1247822.00000,5.15000,0.00000,0.00000,0.00000
-642041.80786,-872736.89985,227.56700,570691029.12067,11.63000,346303.00000,7.53000,0.00000,0.00000,0.00000
-642262.80926,-872022.76177,227.55100,570691029.16692,12.21000,505118.00000,7.46000,0.00000,0.00000,0.00000
-642392.55636,-871412.72086,227.20900,570691029.21316,12.50000,150143.00000,8.32000,0.00000,0.00000,0.00000
-642274.45290,-871085.33345,226.58400,570691029.25941,12.26000,855670.00000,9.38000,0.00000,0.00000,0.00000
-641838.38285,-871120.58454,224.33600,570691029.30565,11.99000,409835.00000,5.81000,0.00000,0.00000,0.00000
-641491.17001,-871054.48908,221.62400,570691029.35189,11.95000,427026.00000,6.37000,0.00000,0.00000,0.00000
-641395.18553,-870701.91386,219.34600,570691029.39814,12.02000,453760.00000,6.65000,0.00000,0.00000,0.00000
-640796.28004,-870922.85169,212.98100,570691029.44438,12.35000,4660017.00000,7.95000,0.00000,0.00000,0.00000
-640922.20826,-870317.19558,216.23900,570691029.49063,12.54000,486092.00000,7.91000,0.00000,0.00000,0.00000
-640683.08074,-870127.85203,215.98500,570691029.53687,13.11000,277136.00000,10.90000,0.00000,0.00000,0.00000
-640532.33421,-869837.71361,216.77300,570691029.58312,13.10000,604913.00000,13.38000,0.00000,0.00000,0.00000
-640137.09529,-869826.39120,218.01400,570691029.62936,12.57000,153608.00000,11.64000,0.00000,0.00000,0.00000
-639412.81464,-870190.26048,219.02900,570691029.67561,12.42000,201088.00000,12.33000,0.00000,0.00000,0.00000
-638716.87004,-870521.80252,221.29700,570691029.72185,12.47000,155912.00000,11.96000,0.00000,0.00000,0.00000
-638316.35081,-870516.48077,222.34800,570691029.76809,12.17000,188246.00000,9.27000,0.00000,0.00000,0.00000
-638092.60078,-870309.58527,221.66000,570691029.81434,11.95000,496215.00000,7.05000,0.00000,0.00000,0.00000
-637803.03904,-870177.72751,220.36300,570691029.86058,12.17000,4519475.00000,4.57000,0.00000,0.00000,0.00000
-637909.79029,-869594.01045,210.50100,570691029.90683,13.02000,2527224.00000,5.05000,0.00000,0.00000,0.00000
-637795.08989,-869262.78036,209.06500,570691029.95307,13.76000,1786789.00000,9.02000,0.00000,0.00000,0.00000
