-644800.50399,-893171.76989,186.68100,610008427.10586,12.94000,478653.00000,8.36000,0.00000,0.00000,0.00000
-646035.16823,-891342.75375,196.92800,610008427.15244,12.01000,2182900.00000,5.50000,0.00000,0.00000,0.00000
-642384.28587,-891731.26848,205.83100,610008427.52512,11.47000,34482.00000,2.18000,0.00000,0.00000,0.00000
-641935.77779,-891771.07566,200.91900,610008427.57171,11.20000,90237.00000,2.29000,0.00000,0.00000,0.00000
-641509.83254,-891785.84199,194.55400,610008427.61829,11.20000,280542.00000,2.62000,0.00000,0.00000,0.00000
-641245.24873,-891621.46928,192.91000,610008427.66488,11.02000,2960563.00000,4.86000,0.00000,0.00000,0.00000
-641607.51403,-890761.25656,186.86300,610008427.71146,10.81000,2383561.00000,6.57000,0.00000,0.00000,0.00000
-640846.56752,-891147.89974,185.76100,610008427.75805,10.87000,2751339.00000,7.95000,0.00000,0.00000,0.00000
-640142.98668,-891470.80583,188.45800,610008427.80463,10.95000,863496.00000,7.05000,0.00000,0.00000,0.00000
-639453.13937,-891778.46274,188.84500,610008427.85122,11.07000,990771.00000,6.11000,0.00000,0.00000,0.00000
-638948.70494,-891880.31308,189.51000,610008427.89780,11.16000,1290685.00000,5.05000,0.00000,0.00000,0.00000
-638434.94395,-891992.49642,189.17500,610008427.94439,11.37000,1277680.00000,5.21000,0.00000,0.00000,0.00000
-638027.13040,-891987.07718,188.45600,610008427.99097,11.32000,1240830.00000,3.77000,0.00000,0.00000,0.00000
-637756.16432,-891829.75024,185.59700,610008428.03756,11.24000,1451724.00000,3.32000,0.00000,0.00000,0.00000
-637337.06777,-891836.85617,182.82100,610008428.08414,11.31000,1332297.00000,2.88000,0.00000,0.00000,0.00000
-636669.24152,-892119.96941,178.70200,610008428.13073,11.33000,1788255.00000,2.77000,0.00000,0.00000,0.00000
-641114.51281,-886728.16730,227.52900,610008428.17731,11.37000,1530002.00000,2.30000,0.00000,0.00000,0.00000
-641091.77020,-886295.41605,228.87000,610008428.22390,11.62000,331846.00000,2.26000,0.00000,0.00000,0.00000
-636389.38891,-888766.48310,174.85500,610008428.50341,11.85000,378810.00000,3.36000,0.00000,0.00000,0.00000
-635947.75298,-888798.60339,173.34700,610008428.54999,12.16000,390011.00000,5.97000,0.00000,0.00000,0.00000
-635574.29974,-888755.04531,172.99600,610008428.59658,12.81000,513258.00000,6.52000,0.00000,0.00000,0.00000
-635278.36139,-888625.47711,173.29200,610008428.64316,13.18000,310455.00000,7.84000,0.00000,0.00000,0.00000
-634821.01806,-888674.98232,174.77000,610008428.68975,13.19000,278499.00000,9.50000,0.00000,0.00000,0.00000
-634452.48163,-888625.97121,176.56300,610008428.73633,12.70000,291609.00000,10.45000,0.00000,0.00000,0.00000
-634147.22321,-888506.72161,179.10500,610008428.78292,11.29000,570946.00000,4.31000,0.00000,0.00000,0.00000
-637047.69716,-884830.24109,206.99000,610008428.82950,10.58000,1342876.00000,4.20000,0.00000,0.00000,0.00000
-636321.60281,-885178.07561,205.54500,610008428.87609,10.64000,3039338.00000,4.96000,0.00000,0.00000,0.00000
-635629.81942,-885487.77358,206.06200,610008428.92268,10.36000,336725.00000,5.81000,0.00000,0.00000,0.00000
-634799.70891,-885950.96307,208.69800,610008428.96926,10.17000,314067.00000,6.32000,0.00000,0.00000,0.00000
-634110.37146,-886257.90190,213.08300,610008429.01585,9.73000,1215941.00000,5.86000,0.00000,0.00000,0.00000
-634829.88863,-885001.63415,210.29600,610008429.06243,9.47000,888373.00000,5.01000,0.00000,0.00000,0.00000
-634731.17579,-884653.25649,213.32200,610008429.10902,9.48000,1680042.00000,6.42000,0.00000,0.00000,0.00000
-634240.03270,-884740.30717,215.46600,610008429.15561,9.08000,3162249.00000,5.37000,0.00000,0.00000,0.00000
-633644.88735,-884942.72270,220.94600,610008429.20219,8.02000,394484.00000,6.22000,0.00000,0.00000,0.00000
-633491.74310,-884654.76916,222.36700,610008429.24878,7.17000,544988.00000,4.53000,0.00000,0.00000,0.00000
-633484.28208,-884205.15088,221.18300,610008429.29536,6.86000,339778.00000,5.12000,0.00000,0.00000,0.00000
-633448.86883,-883786.56525,221.61800,610008429.34195,6.97000,4098799.00000,2.06000,0.00000,0.00000,0.00000
-633339.87722,-883449.61019,216.96900,610008429.38854,7.37000,1129088.00000,2.29000,0.00000,0.00000,0.00000
-635470.80383,-880627.45447,201.76800,610008429.43512,8.09000,236469.00000,4.22000,0.00000,0.00000,0.00000
-635169.53485,-880503.88604,200.95400,610008429.48171,9.28000,324582.00000,6.70000,0.00000,0.00000,0.00000
-634392.43124,-880908.25259,196.94500,610008429.52830,9.93000,304411.00000,5.05000,0.00000,0.00000,0.00000
-633697.22748,-881221.69917,194.32000,610008429.57488,10.31000,1083809.00000,5.27000,0.00000,0.00000,0.00000
-657451.67832,-847685.14863,246.47000,610229035.47899,16.22000,241918.00000,12.28000,0.00000,0.00000,1.00000
-657641.16742,-847935.99995,248.07800,610229035.52578,15.72000,631612.00000,7.74000,0.00000,0.00000,1.00000
-657786.07738,-848207.79932,251.23000,610229035.57257,15.05000,338842.00000,4.50000,0.00000,0.00000,1.00000
-658169.76336,-848367.28337,252.57100,610229035.61936,14.79000,3956299.00000,4.54000,0.00000,0.00000,1.00000
-658133.76268,-848724.19357,257.08100,610229035.66615,14.76000,332019.00000,5.00000,0.00000,0.00000,1.00000
-658345.19491,-848964.72348,257.26300,610229035.71294,14.51000,453881.00000,5.91000,0.00000,0.00000,1.00000
-658461.49999,-849249.98029,258.02700,610229035.75973,14.67000,653837.00000,5.42000,0.00000,0.00000,1.00000
-658539.24006,-849553.39825,257.74300,610229035.80653,14.57000,301945.00000,5.94000,0.00000,0.00000,1.00000
-658608.32424,-849860.87694,257.31800,610229035.85332,14.40000,273592.00000,5.51000,0.00000,0.00000,1.00000
-658719.31099,-850148.64747,256.06400,610229035.90011,14.39000,297567.00000,4.81000,0.00000,0.00000,1.00000
-658832.96422,-850435.17508,254.69500,610229035.94690,14.44000,267362.00000,6.41000,0.00000,0.00000,1.00000
-658979.86576,-850706.06000,254.56400,610229035.99369,14.42000,297965.00000,6.86000,0.00000,0.00000,1.00000
-659247.15739,-850920.32460,254.42500,610229036.04048,14.86000,247627.00000,7.33000,0.00000,0.00000,1.00000
-659290.29456,-851240.01525,254.14500,610229036.08727,15.15000,117176.00000,7.89000,0.00000,0.00000,1.00000
-659306.15553,-851572.53251,253.46600,610229036.13406,15.20000,109640.00000,6.90000,0.00000,0.00000,1.00000
-659339.97225,-851896.60496,253.25700,610229036.18085,14.90000,208962.00000,7.64000,0.00000,0.00000,1.00000
-659462.92301,-852178.76638,253.78800,610229036.22765,14.97000,282885.00000,6.16000,0.00000,0.00000,1.00000
-659806.70011,-852357.06540,254.32800,610229036.27444,14.73000,396334.00000,5.33000,0.00000,0.00000,1.00000
-660088.61950,-852564.46348,254.82900,610229036.32123,14.64000,315525.00000,5.45000,0.00000,0.00000,1.00000
-660438.39089,-852739.95719,254.25300,610229036.36802,14.70000,530798.00000,5.66000,0.00000,0.00000,1.00000
-660624.52219,-852992.39821,253.43800,610229036.41481,14.89000,274245.00000,8.31000,0.00000,0.00000,1.00000
-660752.12199,-853272.38248,254.63900,610229036.46160,14.78000,607343.00000,5.55000,0.00000,0.00000,1.00000
-660910.98436,-853537.66457,254.96100,610229036.50839,14.83000,461400.00000,5.99000,0.00000,0.00000,1.00000
-661104.43241,-853786.67236,254.24200,610229036.55518,14.78000,398445.00000,6.38000,0.00000,0.00000,1.00000
-661129.58495,-854114.82092,253.11700,610229036.60197,14.89000,310539.00000,7.06000,0.00000,0.00000,1.00000
-660935.21767,-854546.20244,252.49800,610229036.64876,15.01000,274745.00000,8.86000,0.00000,0.00000,1.00000
-660904.48868,-854900.63647,252.39200,610229036.69555,15.26000,201061.00000,8.18000,0.00000,0.00000,1.00000
-660840.48849,-855270.69903,250.36600,610229036.74234,15.50000,139455.00000,9.07000,0.00000,0.00000,1.00000
-661180.94153,-855450.59151,249.06200,610229036.78913,15.64000,137817.00000,15.03000,0.00000,0.00000,1.00000
-662173.99173,-855323.67083,251.45100,610229036.83592,15.22000,117367.00000,10.89000,0.00000,0.00000,1.00000
-662361.44276,-855575.51991,253.30600,610229036.88271,14.65000,211141.00000,10.04000,0.00000,0.00000,1.00000
-662336.01951,-855927.46302,253.87100,610229036.92950,14.28000,122760.00000,9.18000,0.00000,0.00000,1.00000
-662263.36657,-856301.60729,252.72900,610229036.97629,14.44000,69703.00000,12.13000,0.00000,0.00000,1.00000
-662444.16562,-856556.59556,253.52800,610229037.02308,13.75000,158799.00000,8.40000,0.00000,0.00000,1.00000
-662242.44517,-856991.41482,251.89000,610229037.06988,12.83000,121880.00000,9.29000,0.00000,0.00000,1.00000
-661889.03252,-857497.53242,252.34300,610229037.11667,11.60000,308074.00000,7.74000,0.00000,0.00000,1.00000
-661757.14642,-857899.50585,252.51700,610229037.16346,10.65000,1263217.00000,5.86000,0.00000,0.00000,1.00000
-664885.85830,-856768.62983,235.24200,610229037.21025,10.66000,322348.00000,4.88000,0.00000,0.00000,1.00000
-660885.96664,-858988.95038,261.39600,610229037.25704,10.46000,1042329.00000,3.20000,0.00000,0.00000,1.00000
-665674.62695,-857077.80881,231.56600,610229037.30382,10.28000,1031446.00000,2.74000,0.00000,0.00000,1.00000
-664328.57279,-858050.60528,220.06500,610229037.35061,10.16000,1117113.00000,2.37000,0.00000,0.00000,1.00000
-666340.01394,-857445.01066,274.86700,610229037.39740,9.85000,6153050.00000,2.04000,0.00000,0.00000,1.00000
-663480.53912,-859129.20796,243.42700,610229037.44419,10.29000,2787441.00000,2.34000,0.00000,0.00000,1.00000
-658916.27787,-861614.39403,243.19800,610229037.49098,10.83000,2887013.00000,2.27000,0.00000,0.00000,1.00000
-666546.50345,-858367.95914,266.07600,610229037.53777,10.76000,2061145.00000,3.78000,0.00000,0.00000,1.00000
-666362.71785,-858794.35618,264.83500,610229037.58456,10.71000,547847.00000,3.64000,0.00000,0.00000,1.00000
-666330.63024,-859149.43541,261.47200,610229037.63134,11.27000,376125.00000,7.53000,0.00000,0.00000,1.00000
-659005.72305,-862932.00244,222.82300,610229037.67813,11.53000,7310144.00000,3.70000,0.00000,0.00000,1.00000
-668669.80683,-858729.87650,317.56000,610229037.72492,11.46000,9348.00000,3.06000,0.00000,0.00000,1.00000
-668509.97702,-859145.01325,316.12400,610229037.77171,10.50000,15643.00000,4.77000,0.00000,0.00000,1.00000
-668278.96078,-859593.63183,315.51200,610229037.81850,8.38000,27852.00000,2.18000,0.00000,0.00000,1.00000
-662127.36776,-862824.77173,207.09200,610229037.86528,8.82000,5990560.00000,2.65000,0.00000,0.00000,1.00000
-662000.05146,-863224.55406,206.36500,610229037.91207,8.78000,934586.00000,3.34000,0.00000,0.00000,1.00000
-667664.96506,-860902.24040,323.96700,610229037.95886,8.82000,15371.00000,1.46000,0.00000,0.00000,1.00000
-667588.94974,-861277.97087,322.45400,610229038.00565,8.60000,19350.00000,2.48000,0.00000,0.00000,1.00000
-667423.12602,-861695.91128,319.41400,610229038.05244,7.29000,789533.00000,2.84000,0.00000,0.00000,1.00000
-667272.58353,-862106.65399,317.65900,610229038.09922,7.14000,2002968.00000,2.09000,0.00000,0.00000,1.00000
-667297.02564,-862435.16121,314.38600,610229038.14601,8.12000,2575674.00000,1.49000,0.00000,0.00000,1.00000
-661519.60950,-865489.85042,253.98900,610229038.19280,9.43000,650152.00000,2.78000,0.00000,0.00000,1.00000
-661802.81405,-865696.72164,253.89200,610229038.23959,10.34000,897753.00000,3.09000,0.00000,0.00000,1.00000
-662380.11987,-865765.42423,251.74200,610229038.28637,11.17000,184286.00000,4.05000,0.00000,0.00000,1.00000
-663024.63455,-865802.55012,249.32200,610229038.33316,11.49000,221017.00000,5.80000,0.00000,0.00000,1.00000
-668202.34386,-863709.68009,287.84000,610229038.37995,10.93000,379574.00000,5.57000,0.00000,0.00000,1.00000
-663710.81734,-866160.05230,242.90400,610229038.42674,11.03000,619834.00000,3.22000,0.00000,0.00000,1.00000
-663838.30905,-866440.08711,239.41400,610229038.47353,11.70000,329439.00000,5.04000,0.00000,0.00000,1.00000
-663921.22717,-866741.08157,237.88700,610229038.52031,12.36000,473482.00000,6.64000,0.00000,0.00000,1.00000
-663718.67541,-867176.18506,238.16200,610229038.56710,12.64000,450209.00000,6.70000,0.00000,0.00000,1.00000
-663947.97843,-867408.39745,238.14900,610229038.61389,13.17000,221391.00000,9.06000,0.00000,0.00000,1.00000
-664337.65370,-867565.27374,237.91300,610229038.66068,13.27000,92826.00000,10.01000,0.00000,0.00000,1.00000
-664712.70228,-867729.04366,238.03100,610229038.70747,13.17000,469677.00000,10.24000,0.00000,0.00000,1.00000
-664815.56952,-868020.65582,238.78800,610229038.75425,13.47000,208603.00000,9.78000,0.00000,0.00000,1.00000
-664906.47315,-868317.91832,240.65500,610229038.80104,13.64000,369429.00000,10.78000,0.00000,0.00000,1.00000
-664892.22753,-868664.56233,244.04200,610229038.84783,13.14000,577605.00000,6.84000,0.00000,0.00000,1.00000
-665510.84067,-868713.94052,249.63900,610229038.89462,12.35000,1489116.00000,4.85000,0.00000,0.00000,1.00000
-668558.32630,-867622.34983,263.25700,610229038.94141,11.99000,1092461.00000,5.38000,0.00000,0.00000,1.00000
-667718.27159,-868356.96193,262.95500,610229038.98820,11.84000,1372657.00000,5.76000,0.00000,0.00000,1.00000
-667777.89314,-868668.93664,266.61900,610229039.03499,11.80000,1190383.00000,6.30000,0.00000,0.00000,1.00000
-669058.60462,-868407.32736,277.39200,610229039.08178,12.01000,766774.00000,6.40000,0.00000,0.00000,1.00000
-668770.86812,-868882.47454,276.86900,610229039.12857,12.38000,144419.00000,7.81000,0.00000,0.00000,1.00000
-668289.47899,-869448.57475,275.19000,610229039.17535,12.23000,95997.00000,9.08000,0.00000,0.00000,1.00000
-668133.49228,-869861.82509,274.25600,610229039.22214,12.21000,119066.00000,9.32000,0.00000,0.00000,1.00000
-668081.97290,-870225.99167,273.96600,610229039.26893,12.01000,251651.00000,6.16000,0.00000,0.00000,1.00000
-668173.52254,-870522.96087,275.14100,610229039.31572,11.72000,549032.00000,4.67000,0.00000,0.00000,1.00000
-668641.73450,-870643.03406,278.44300,610229039.36251,11.33000,1947595.00000,3.27000,0.00000,0.00000,1.00000
-645821.87635,-860207.01347,236.11400,610401689.51448,15.10000,108809.00000,10.04000,0.00000,0.00000,1.00000
-646361.59656,-860301.05222,237.38200,610401689.56132,14.68000,282681.00000,8.53000,0.00000,0.00000,1.00000
-646752.49192,-860462.31498,237.79100,610401689.60816,15.12000,618438.00000,6.93000,0.00000,0.00000,1.00000
-646731.79914,-860809.55559,235.87200,610401689.65500,15.43000,182987.00000,9.38000,0.00000,0.00000,1.00000
-646162.72527,-861404.53180,235.56500,610401689.70183,14.90000,137795.00000,7.89000,0.00000,0.00000,1.00000
-646357.87146,-861654.25005,237.72500,610401689.74867,14.28000,140033.00000,8.12000,0.00000,0.00000,1.00000
-646634.80480,-861867.01861,238.16200,610401689.79551,13.96000,251155.00000,5.58000,0.00000,0.00000,1.00000
-646861.45097,-862102.49030,237.42700,610401689.84235,14.31000,221874.00000,6.50000,0.00000,0.00000,1.00000
-646925.20890,-862411.57565,235.88500,610401689.88918,14.68000,141540.00000,7.90000,0.00000,0.00000,1.00000
-646491.52873,-862945.36895,233.50300,610401689.93602,14.95000,182467.00000,9.61000,0.00000,0.00000,1.00000
-646079.94870,-863469.15027,234.16700,610401689.98286,14.63000,297539.00000,6.15000,0.00000,0.00000,1.00000
-646690.73353,-863531.12463,236.00600,610401690.02970,14.07000,242606.00000,8.55000,0.00000,0.00000,1.00000
-647459.07027,-863521.94085,237.41900,610401690.07654,14.27000,98083.00000,11.68000,0.00000,0.00000,1.00000
-648342.72560,-863460.67340,239.67100,610401690.12337,14.30000,255033.00000,10.07000,0.00000,0.00000,1.00000
-648775.85506,-863602.90303,242.23500,610401690.17021,13.92000,463240.00000,5.29000,0.00000,0.00000,1.00000
-648191.30970,-864204.82773,236.94300,610401690.21705,13.57000,3016524.00000,3.96000,0.00000,0.00000,1.00000
-647404.94460,-864897.89009,233.14100,610401690.26389,13.04000,684222.00000,3.77000,0.00000,0.00000,1.00000
-647107.96872,-865369.87851,232.88300,610401690.31072,12.53000,3230500.00000,2.75000,0.00000,0.00000,1.00000
-649296.25535,-864719.40074,254.14100,610401690.35756,12.29000,9807772.00000,2.26000,0.00000,0.00000,1.00000
-648780.74999,-865290.11407,246.95400,610401690.40440,11.99000,6040355.00000,2.24000,0.00000,0.00000,1.00000
-648382.55049,-865807.83890,243.51600,610401690.45123,12.03000,1383247.00000,2.56000,0.00000,0.00000,1.00000
-648785.52015,-865963.72516,243.14100,610401690.49807,11.83000,2941546.00000,3.21000,0.00000,0.00000,1.00000
-648925.68260,-866238.31299,240.55800,610401690.54491,11.68000,1569131.00000,4.04000,0.00000,0.00000,1.00000
-648637.41355,-866706.37851,237.65000,610401690.59174,11.93000,1192734.00000,9.28000,0.00000,0.00000,1.00000
-648963.94321,-866896.78256,239.00600,610401690.63858,11.85000,490568.00000,9.26000,0.00000,0.00000,1.00000
-648600.56639,-867398.75876,237.11100,610401690.68542,12.14000,932922.00000,9.64000,0.00000,0.00000,1.00000
-648860.05598,-867619.45573,237.33000,610401690.73225,11.59000,734374.00000,6.13000,0.00000,0.00000,1.00000
-651117.50897,-866937.89501,255.45700,610401690.77909,10.07000,3601359.00000,3.61000,0.00000,0.00000,1.00000
-648966.01140,-868247.35709,233.20300,610401690.82593,10.05000,1677996.00000,3.19000,0.00000,0.00000,1.00000
-648823.87017,-868649.41326,232.09300,610401690.87277,10.84000,818021.00000,3.79000,0.00000,0.00000,1.00000
-648945.23269,-868932.49382,233.46900,610401690.91960,10.78000,2357190.00000,2.94000,0.00000,0.00000,1.00000
-647240.78088,-870039.92519,230.70900,610401690.96644,10.10000,4517011.00000,2.21000,0.00000,0.00000,1.00000
-651071.30276,-868648.23733,262.48900,610401691.01328,9.68000,3639996.00000,1.90000,0.00000,0.00000,1.00000
-650955.98325,-869038.19769,262.94900,610401691.06011,9.30000,1038533.00000,1.96000,0.00000,0.00000,1.00000
-649429.29405,-870065.41162,244.97200,610401691.10695,9.69000,1923426.00000,2.30000,0.00000,0.00000,1.00000
-649806.78233,-870232.85235,245.55400,610401691.15379,10.27000,733469.00000,2.59000,0.00000,0.00000,1.00000
-650223.15404,-870382.74514,251.08600,610401691.20062,9.84000,2284814.00000,3.30000,0.00000,0.00000,1.00000
-649176.45536,-871193.16107,252.08500,610401691.24746,9.58000,599163.00000,2.75000,0.00000,0.00000,1.00000
-648977.28615,-871620.94041,254.43600,610401691.29430,10.04000,1479439.00000,2.56000,0.00000,0.00000,1.00000
-648935.01741,-871977.88538,254.74100,610401691.34114,10.29000,1599547.00000,2.39000,0.00000,0.00000,1.00000
-648777.40939,-872386.89705,253.58200,610401691.38797,10.53000,2221625.00000,2.31000,0.00000,0.00000,1.00000
-648611.74218,-872799.53237,251.64900,610401691.43481,10.71000,1674876.00000,2.32000,0.00000,0.00000,1.00000
-648208.02231,-873319.61337,251.38200,610401691.48165,11.17000,3056681.00000,2.12000,0.00000,0.00000,1.00000
-647763.38834,-873858.14718,251.71300,610401691.52848,11.36000,2156757.00000,2.65000,0.00000,0.00000,1.00000
-647562.83460,-874286.52124,251.59400,610401691.57532,11.88000,1071996.00000,2.08000,0.00000,0.00000,1.00000
-647069.89325,-874846.83004,252.47000,610401691.62216,12.33000,692372.00000,2.18000,0.00000,0.00000,1.00000
-651596.24807,-873141.67051,212.86100,610401691.66900,12.53000,1162090.00000,2.13000,0.00000,0.00000,1.00000
-649862.01756,-874262.33051,221.34200,610401691.71583,12.56000,2326371.00000,3.13000,0.00000,0.00000,1.00000
-650403.80945,-874355.65956,219.40700,610401691.76267,12.62000,1793530.00000,4.24000,0.00000,0.00000,1.00000
-651038.81824,-874406.91070,214.45900,610401691.80951,12.33000,1776388.00000,3.76000,0.00000,0.00000,1.00000
-651044.79365,-874742.08438,210.56300,610401691.85634,13.46000,423027.00000,9.03000,0.00000,0.00000,1.00000
-650777.15028,-875200.75230,209.87100,610401691.90318,14.14000,276459.00000,6.58000,0.00000,0.00000,1.00000
-650832.74887,-875513.53620,207.97700,610401691.95002,15.03000,369515.00000,7.88000,0.00000,0.00000,1.00000
-650945.34310,-875800.58957,207.99700,610401691.99686,15.29000,321612.00000,9.00000,0.00000,0.00000,1.00000
-650139.14784,-876502.27922,209.07400,610401692.04369,14.39000,1888562.00000,4.70000,0.00000,0.00000,1.00000
-654388.19879,-874922.50855,237.45100,610401692.09053,13.68000,266881.00000,5.94000,0.00000,0.00000,1.00000
-654080.33037,-875399.36982,237.05000,610401692.13737,13.80000,138128.00000,5.94000,0.00000,0.00000,1.00000
-648526.57642,-878243.47882,211.01300,610401692.18420,14.17000,280372.00000,5.02000,0.00000,0.00000,1.00000
-653797.87239,-876202.63654,236.26700,610401692.23104,13.74000,256399.00000,4.46000,0.00000,0.00000,1.00000
-653505.40235,-876672.51198,236.33900,610401692.27788,13.25000,221489.00000,5.79000,0.00000,0.00000,1.00000
-653134.45966,-877177.79729,238.21900,610401692.32471,12.82000,461367.00000,3.92000,0.00000,0.00000,1.00000
-653039.14438,-877558.68620,241.64700,610401692.37155,12.47000,1075779.00000,3.56000,0.00000,0.00000,1.00000
-653345.55026,-877758.30550,243.67700,610401692.41839,12.20000,733884.00000,3.43000,0.00000,0.00000,1.00000
-654265.61138,-877681.02888,244.79800,610401692.46522,12.23000,3634717.00000,3.77000,0.00000,0.00000,1.00000
-653622.36465,-878309.16908,245.61200,610401692.51206,12.14000,264252.00000,5.89000,0.00000,0.00000,1.00000
-654981.72297,-878033.67335,244.16400,610401692.55890,12.58000,463023.00000,5.80000,0.00000,0.00000,1.00000
-654791.17542,-878457.55441,242.80100,610401692.60574,13.26000,434847.00000,5.13000,0.00000,0.00000,1.00000
-654890.34501,-878750.69916,244.39200,610401692.65257,13.10000,388906.00000,5.11000,0.00000,0.00000,1.00000
-655005.61094,-879036.57792,244.37500,610401692.69941,13.19000,415548.00000,4.71000,0.00000,0.00000,1.00000
-654902.23402,-879421.11884,245.33000,610401692.74625,13.11000,1757363.00000,3.04000,0.00000,0.00000,1.00000
-654929.63075,-879746.64791,247.90400,610401692.79308,12.91000,2860520.00000,3.18000,0.00000,0.00000,1.00000
-655042.20590,-880033.74661,248.96600,610401692.83992,12.83000,2836054.00000,3.45000,0.00000,0.00000,1.00000
-655145.39210,-880325.08409,249.51500,610401692.88676,12.92000,1694506.00000,3.67000,0.00000,0.00000,1.00000
-655253.94550,-880614.00267,248.63000,610401692.93359,12.91000,2479867.00000,3.84000,0.00000,0.00000,1.00000
-656369.24384,-880448.71795,243.52000,610401692.98043,12.95000,3255659.00000,3.95000,0.00000,0.00000,1.00000
-656061.27945,-880925.54378,241.50100,610401693.02727,13.37000,2644533.00000,5.35000,0.00000,0.00000,1.00000
-655940.44362,-881317.95280,240.98900,610401693.07410,13.78000,414048.00000,6.56000,0.00000,0.00000,1.00000
-655998.01749,-881629.87583,239.16900,610401693.12094,14.62000,299695.00000,8.59000,0.00000,0.00000,1.00000
-655749.72830,-882079.77021,238.32700,610401693.16778,14.42000,618008.00000,8.88000,0.00000,0.00000,1.00000
-655673.81748,-882451.91136,238.34400,610401693.21461,14.55000,746636.00000,8.37000,0.00000,0.00000,1.00000
-656133.82496,-882582.29694,238.35500,610401693.26145,14.98000,788160.00000,10.60000,0.00000,0.00000,1.00000
-656784.32538,-882626.76482,239.93100,610401693.30829,14.80000,108813.00000,12.63000,0.00000,0.00000,1.00000
-658459.05675,-882209.20863,247.84400,610401693.35512,14.44000,303620.00000,9.72000,0.00000,0.00000,1.00000
-658739.32300,-882420.69844,247.47600,610401693.40196,14.38000,1374118.00000,6.14000,0.00000,0.00000,1.00000
-658800.91996,-882730.82591,246.21000,610401693.44880,13.99000,1014615.00000,4.77000,0.00000,0.00000,1.00000
-658391.64307,-883253.35446,241.81100,610401693.49563,14.08000,1308484.00000,5.73000,0.00000,0.00000,1.00000
-658384.81317,-883594.35415,241.08600,610401693.54247,14.09000,830807.00000,7.25000,0.00000,0.00000,1.00000
-658158.63509,-884034.27798,239.01300,610401693.58931,14.35000,452552.00000,9.69000,0.00000,0.00000,1.00000
-658575.72712,-884184.07108,241.33900,610401693.63614,14.73000,164993.00000,9.18000,0.00000,0.00000,1.00000
-658652.72630,-884487.24832,242.06400,610401693.68298,13.86000,167703.00000,7.93000,0.00000,0.00000,1.00000
-656409.79886,-886512.46449,222.49100,610401693.82349,11.90000,1120047.00000,3.83000,0.00000,0.00000,1.00000
-656822.86725,-886664.08079,220.04500,610401693.87033,11.97000,613158.00000,4.62000,0.00000,0.00000,1.00000
-634724.25857,-876782.16740,208.28600,610574344.20457,13.14000,238766.00000,10.52000,0.00000,0.00000,1.00000
-634960.27939,-877015.77818,208.22700,610574344.25145,13.83000,226888.00000,9.26000,0.00000,0.00000,1.00000
-635415.84012,-877154.24967,207.99000,610574344.29833,13.42000,75324.00000,9.55000,0.00000,0.00000,1.00000
-635880.86244,-877288.63677,209.56800,610574344.34522,12.70000,124003.00000,7.94000,0.00000,0.00000,1.00000
-636150.65334,-877507.61443,211.02800,610574344.39210,12.21000,252836.00000,9.12000,0.00000,0.00000,1.00000
-636240.07415,-877804.74562,211.54700,610574344.43898,12.08000,289981.00000,6.49000,0.00000,0.00000,1.00000
-636299.10435,-878115.06289,212.14600,610574344.48587,11.76000,824802.00000,6.89000,0.00000,0.00000,1.00000
-636320.29103,-878441.76076,213.29000,610574344.53275,11.15000,835029.00000,6.71000,0.00000,0.00000,1.00000
-636587.37793,-878661.92603,214.91900,610574344.57963,10.30000,2036297.00000,4.76000,0.00000,0.00000,1.00000
-636774.08176,-878916.93159,215.73200,610574344.62652,10.15000,679713.00000,4.84000,0.00000,0.00000,1.00000
-636930.37685,-879185.08996,214.49800,610574344.67340,10.28000,321104.00000,5.86000,0.00000,0.00000,1.00000
-637220.43765,-879395.31182,214.04600,610574344.72028,9.89000,261232.00000,5.08000,0.00000,0.00000,1.00000
-637751.67845,-879501.05347,214.97300,610574344.76717,9.21000,573033.00000,4.19000,0.00000,0.00000,1.00000
-638095.78125,-879687.88027,218.26400,610574344.81405,8.10000,5351069.00000,3.63000,0.00000,0.00000,1.00000
-638147.36025,-880001.42971,219.49200,610574344.86093,9.65000,763845.00000,5.36000,0.00000,0.00000,1.00000
-637920.60712,-880435.55191,216.94800,610574344.90781,11.91000,374384.00000,6.78000,0.00000,0.00000,1.00000
-637392.53032,-881000.19746,214.70000,610574344.95470,11.90000,295750.00000,8.86000,0.00000,0.00000,1.00000
-636906.99683,-881546.38963,213.92400,610574345.00158,9.75000,187991.00000,10.97000,0.00000,0.00000,1.00000
-636838.97922,-881911.73347,214.92800,610574345.04846,7.29000,1768024.00000,5.23000,0.00000,0.00000,1.00000
-636846.61964,-882244.29446,222.10600,610574345.09535,7.70000,306319.00000,4.86000,0.00000,0.00000,1.00000
-636952.21598,-882534.41621,222.50000,610574345.14223,8.58000,611533.00000,5.25000,0.00000,0.00000,1.00000
-636950.39804,-882871.07318,217.62800,610574345.18911,9.88000,1234876.00000,5.88000,0.00000,0.00000,1.00000
-637533.65888,-882954.32332,216.90800,610574345.23599,11.01000,388808.00000,8.09000,0.00000,0.00000,1.00000
-635979.24125,-883963.39660,212.10800,610574345.28287,10.39000,2894252.00000,7.76000,0.00000,0.00000,1.00000
-635082.17563,-884687.72633,212.62000,610574345.32976,9.05000,2052907.00000,8.14000,0.00000,0.00000,1.00000
-634729.67145,-885176.22346,214.40900,610574345.37664,8.30000,1209917.00000,5.73000,0.00000,0.00000,1.00000
-641253.10205,-882686.90763,233.48800,610574345.42352,8.68000,4072028.00000,5.70000,0.00000,0.00000,1.00000
-636217.78293,-885203.50110,206.55200,610574345.47040,10.02000,831740.00000,4.83000,0.00000,0.00000,1.00000
-636542.94817,-885398.54875,203.80200,610574345.51728,11.20000,953998.00000,3.56000,0.00000,0.00000,1.00000
-635947.16906,-885992.38730,200.95000,610574345.56416,11.46000,4238162.00000,2.76000,0.00000,0.00000,1.00000
-641118.08182,-884089.01110,244.24800,610574345.61105,11.04000,1076968.00000,2.17000,0.00000,0.00000,1.00000
-641122.34721,-884423.07355,242.99900,610574345.65793,10.78000,468255.00000,2.52000,0.00000,0.00000,1.00000
-641297.53485,-884683.09876,243.41400,610574345.70481,10.69000,2005395.00000,2.19000,0.00000,0.00000,1.00000
-641338.27860,-885001.36433,242.92400,610574345.75169,10.49000,859199.00000,2.65000,0.00000,0.00000,1.00000
-641250.65435,-885375.21922,239.90700,610574345.79858,10.73000,1428843.00000,2.21000,0.00000,0.00000,1.00000
-634812.73468,-888498.57505,174.80500,610574345.84546,11.18000,816788.00000,2.12000,0.00000,0.00000,1.00000
-641074.03847,-886123.48748,230.07000,610574345.89234,11.37000,1303347.00000,2.49000,0.00000,0.00000,1.00000
-641147.87644,-886427.41071,228.35200,610574345.93922,11.56000,1685406.00000,3.57000,0.00000,0.00000,1.00000
-641203.46206,-886739.23658,227.66100,610574345.98610,11.47000,1780519.00000,2.92000,0.00000,0.00000,1.00000
-641282.03174,-887041.12589,226.38600,610574346.03298,11.51000,4918352.00000,2.75000,0.00000,0.00000,1.00000
-641601.80967,-887238.55552,225.85300,610574346.07987,11.48000,576669.00000,3.42000,0.00000,0.00000,1.00000
-641951.99368,-887422.83148,227.05400,610574346.12675,11.23000,406374.00000,3.72000,0.00000,0.00000,1.00000
-642187.98336,-887656.55800,228.07000,610574346.17363,11.01000,722992.00000,3.41000,0.00000,0.00000,1.00000
-642309.78686,-887939.72396,226.67300,610574346.22051,10.74000,2468381.00000,2.46000,0.00000,0.00000,1.00000
-642345.11582,-888260.34018,221.80200,610574346.26740,10.39000,2459162.00000,2.14000,0.00000,0.00000,1.00000
-642018.25791,-888737.74531,211.09100,610574346.31428,10.27000,3427200.00000,1.99000,0.00000,0.00000,1.00000
-641876.54500,-889134.99393,198.72400,610574346.36116,10.70000,2897908.00000,2.22000,0.00000,0.00000,1.00000
-642043.62297,-889398.56170,194.38000,610574346.40804,11.56000,2205595.00000,3.09000,0.00000,0.00000,1.00000
-642066.08051,-889724.72970,189.42200,610574346.45492,12.47000,370057.00000,5.18000,0.00000,0.00000,1.00000
-641539.79384,-890288.44678,185.72200,610574346.50181,13.34000,172351.00000,10.04000,0.00000,0.00000,1.00000
-640150.50386,-891225.69663,185.18900,610574346.54869,13.22000,87143.00000,10.49000,0.00000,0.00000,1.00000
-640417.56953,-891445.98934,187.90600,610574346.59557,12.54000,288156.00000,8.82000,0.00000,0.00000,1.00000
-641348.92979,-891378.73708,190.74700,610574346.64245,11.83000,272272.00000,6.70000,0.00000,0.00000,1.00000
-641421.37241,-891683.28039,189.73300,610574346.68934,11.25000,3441098.00000,3.00000,0.00000,0.00000,1.00000
-642668.31439,-891479.45605,204.77100,610574346.73622,10.84000,2370635.00000,2.22000,0.00000,0.00000,1.00000
-642992.80315,-891674.89938,210.32400,610574346.78310,10.60000,496645.00000,3.14000,0.00000,0.00000,1.00000
-643178.09703,-891930.59697,210.79600,610574346.82999,10.17000,384168.00000,3.07000,0.00000,0.00000,1.00000
-643497.89466,-892128.09370,207.02900,610574346.87687,10.05000,1519242.00000,2.10000,0.00000,0.00000,1.00000
-643746.08007,-892356.58185,197.71300,610574346.92375,11.04000,292834.00000,1.66000,0.00000,0.00000,1.00000
-644351.48942,-893438.24245,185.49200,610574347.11129,12.26000,2057354.00000,3.78000,0.00000,0.00000,1.00000
-644252.25437,-893817.11054,184.81800,610574347.15817,11.95000,418969.00000,5.57000,0.00000,0.00000,1.00000
-658178.53725,-847915.36644,248.34600,611990970.82052,14.16000,1482761.00000,6.19000,0.00000,0.00000,0.00000
-657782.37080,-847908.78936,247.14900,611990970.86757,14.57000,1282851.00000,7.64000,0.00000,0.00000,0.00000
-657122.70409,-848219.65901,245.77300,611990970.91461,14.89000,2015282.00000,9.13000,0.00000,0.00000,0.00000
-664561.70107,-875114.10678,269.62100,612163620.32064,13.20000,3539382.00000,4.28000,0.00000,0.00000,0.00000
-664131.40695,-875141.56812,266.80800,612163620.36769,13.51000,4011880.00000,4.84000,0.00000,0.00000,0.00000
-663499.54929,-875404.72363,258.33300,612163620.41474,13.62000,839335.00000,5.68000,0.00000,0.00000,0.00000
-663286.64271,-875177.96030,259.09600,612163620.46180,13.65000,907881.00000,5.51000,0.00000,0.00000,0.00000
-663045.42866,-874984.30957,259.40200,612163620.50885,14.29000,580297.00000,7.74000,0.00000,0.00000,0.00000
-664098.02006,-873277.75940,258.18300,612163620.55590,14.44000,244842.00000,6.83000,0.00000,0.00000,0.00000
-662914.77443,-874185.68263,253.92600,612163620.60296,14.19000,515829.00000,7.61000,0.00000,0.00000,0.00000
-662524.31219,-874166.54540,251.78500,612163620.65001,13.77000,517674.00000,6.39000,0.00000,0.00000,0.00000
-662307.57640,-873944.27062,249.11500,612163620.69706,13.68000,182832.00000,6.26000,0.00000,0.00000,0.00000
-661632.51425,-874257.89083,246.62200,612163620.74412,13.63000,291293.00000,6.16000,0.00000,0.00000,0.00000
-661088.46398,-874418.30714,244.56600,612163620.79117,13.75000,290462.00000,5.72000,0.00000,0.00000,0.00000
-660599.59592,-874514.18315,242.73000,612163620.83822,13.63000,795465.00000,4.87000,0.00000,0.00000,0.00000
-660154.40705,-874558.99232,241.12100,612163620.88528,13.50000,677943.00000,4.05000,0.00000,0.00000,0.00000
-659543.15042,-874797.95233,240.06500,612163620.93233,13.29000,460617.00000,3.45000,0.00000,0.00000,0.00000
-658946.27860,-875020.06086,239.67600,612163620.97939,13.56000,562346.00000,3.42000,0.00000,0.00000,0.00000
-658644.59127,-874897.07870,238.25900,612163621.02644,13.60000,778703.00000,2.79000,0.00000,0.00000,0.00000
-661466.45813,-871122.38078,258.17300,612163621.07349,13.46000,466732.00000,3.04000,0.00000,0.00000,0.00000
-660958.91955,-871240.13211,254.54800,612163621.12055,13.36000,434408.00000,4.01000,0.00000,0.00000,0.00000
-660463.37488,-871343.85024,251.46800,612163621.16760,13.44000,267864.00000,5.56000,0.00000,0.00000,0.00000
-659922.71128,-871500.30647,248.57700,612163621.21466,13.77000,307497.00000,5.40000,0.00000,0.00000,0.00000
-659373.87747,-871666.29157,246.43300,612163621.26171,14.24000,271957.00000,6.45000,0.00000,0.00000,0.00000
-658803.92624,-871856.95778,245.51400,612163621.30877,14.50000,483166.00000,5.33000,0.00000,0.00000,0.00000
-658286.27645,-871986.44641,245.45900,612163621.35582,14.82000,455257.00000,8.54000,0.00000,0.00000,0.00000
-657848.30952,-872022.80003,246.23900,612163621.40288,14.98000,1021919.00000,8.69000,0.00000,0.00000,0.00000
-659019.66762,-870177.89915,235.06900,612163621.44993,14.77000,626621.00000,6.57000,0.00000,0.00000,0.00000
-659019.91833,-869702.01055,234.87800,612163621.49699,14.70000,212181.00000,7.65000,0.00000,0.00000,0.00000
-659578.35744,-868573.59067,236.57400,612163621.54404,14.36000,88137.00000,8.02000,0.00000,0.00000,0.00000
-659867.06830,-867760.52650,240.33200,612163621.59110,13.38000,277604.00000,5.98000,0.00000,0.00000,0.00000
-659735.82554,-867438.38205,239.64200,612163621.63815,12.33000,1820538.00000,7.25000,0.00000,0.00000,0.00000
-660017.80834,-866633.17008,244.02400,612163621.68521,10.97000,1216949.00000,3.84000,0.00000,0.00000,0.00000
-658721.73584,-867672.67944,230.02000,612163621.73226,10.77000,434522.00000,3.20000,0.00000,0.00000,0.00000
-657052.63042,-869148.10831,210.94700,612163621.77932,11.59000,1557493.00000,4.23000,0.00000,0.00000,0.00000
-656523.94675,-869290.49094,207.04900,612163621.82637,14.01000,1041611.00000,9.49000,0.00000,0.00000,0.00000
-656126.78818,-869279.14637,206.29300,612163621.87343,15.80000,439683.00000,16.29000,0.00000,0.00000,0.00000
-656143.40444,-868784.17252,208.87100,612163621.92049,15.76000,428678.00000,8.72000,0.00000,0.00000,0.00000
-656306.89929,-868117.52583,209.46600,612163621.96754,15.77000,497024.00000,9.29000,0.00000,0.00000,0.00000
-656028.78518,-867967.02826,210.08000,612163622.01460,16.03000,506941.00000,9.55000,0.00000,0.00000,0.00000
-655949.88637,-867583.71426,210.78800,612163622.06165,16.42000,414448.00000,11.33000,0.00000,0.00000,0.00000
-655673.21579,-867431.53059,213.62500,612163622.10871,15.98000,1825166.00000,8.90000,0.00000,0.00000,0.00000
-655349.99746,-867333.77650,217.55200,612163622.15577,15.23000,2152583.00000,8.72000,0.00000,0.00000,0.00000
-654977.33120,-867293.78704,219.93700,612163622.20282,14.60000,1080114.00000,7.40000,0.00000,0.00000,0.00000
-654711.71695,-867128.69942,223.65900,612163622.24988,13.71000,2155198.00000,5.93000,0.00000,0.00000,0.00000
-654456.18501,-866951.83266,228.30200,612163622.29693,13.11000,1021496.00000,3.53000,0.00000,0.00000,0.00000
-656349.63223,-864263.46390,233.11100,612163622.34399,12.67000,1414681.00000,3.65000,0.00000,0.00000,0.00000
-657051.66569,-862967.49920,245.05400,612163622.39105,12.13000,782895.00000,3.76000,0.00000,0.00000,0.00000
-656590.25232,-863031.32166,242.76300,612163622.43810,12.01000,257021.00000,5.48000,0.00000,0.00000,0.00000
-655868.67127,-863399.16360,239.02200,612163622.48516,11.74000,273801.00000,5.15000,0.00000,0.00000,0.00000
-655274.28262,-863618.34819,237.16900,612163622.53221,11.61000,508132.00000,3.68000,0.00000,0.00000,0.00000
-655739.74353,-862598.94991,239.62100,612163622.57927,11.79000,2718959.00000,4.23000,0.00000,0.00000,0.00000
-655453.51508,-862457.99201,238.78600,612163622.62633,11.83000,2012502.00000,6.36000,0.00000,0.00000,0.00000
-654835.13751,-862705.22953,237.54100,612163622.67338,11.64000,1206586.00000,4.55000,0.00000,0.00000,0.00000
-654181.70869,-862993.39358,236.65700,612163622.72044,11.61000,2786871.00000,3.57000,0.00000,0.00000,0.00000
-652924.39477,-863987.17226,237.71100,612163622.76749,11.82000,860020.00000,5.36000,0.00000,0.00000,0.00000
-652331.43266,-864204.62406,239.24200,612163622.81455,12.20000,876686.00000,6.15000,0.00000,0.00000,0.00000
-652183.93738,-863901.54020,240.75700,612163622.86161,13.00000,895406.00000,11.42000,0.00000,0.00000,0.00000
-651472.39767,-864257.50687,243.50700,612163622.90866,13.12000,543222.00000,7.81000,0.00000,0.00000,0.00000
-651027.76755,-864301.61126,245.99400,612163622.95572,12.59000,1130912.00000,5.88000,0.00000,0.00000,0.00000
-650577.84392,-864351.86098,248.61600,612163623.00277,12.33000,1738629.00000,4.32000,0.00000,0.00000,0.00000
-650360.27493,-864130.66301,249.39900,612163623.04983,12.28000,1840749.00000,4.73000,0.00000,0.00000,0.00000
-649830.67546,-864274.01742,251.80900,612163623.09689,12.44000,812160.00000,4.54000,0.00000,0.00000,0.00000
-651018.68885,-862410.61299,237.66800,612163623.14394,12.86000,531491.00000,4.58000,0.00000,0.00000,0.00000
-651078.59782,-861865.24933,239.86800,612163623.19100,13.10000,358707.00000,5.05000,0.00000,0.00000,0.00000
-649967.18389,-862688.37356,239.84300,612163623.23805,13.33000,1341728.00000,4.76000,0.00000,0.00000,0.00000
-649663.69007,-862567.55579,240.76800,612163623.28511,13.74000,896105.00000,5.89000,0.00000,0.00000,0.00000
-649978.99910,-861723.82228,241.99000,612163623.33217,13.75000,445838.00000,6.27000,0.00000,0.00000,0.00000
-650306.78582,-860865.51194,244.23700,612163623.37922,13.86000,763413.00000,4.78000,0.00000,0.00000,0.00000
-649221.28899,-861658.29008,236.56600,612163623.42628,14.17000,1427785.00000,6.29000,0.00000,0.00000,0.00000
-648822.28044,-861649.09021,234.14800,612163623.47334,14.10000,1751062.00000,4.37000,0.00000,0.00000,0.00000
-649264.34046,-860657.31714,244.07000,612163623.52040,14.06000,1209709.00000,4.19000,0.00000,0.00000,0.00000
-648832.68935,-860686.24094,242.64600,612163623.56745,14.03000,382311.00000,5.51000,0.00000,0.00000,0.00000
-648534.01230,-860559.80717,242.32100,612163623.61451,13.95000,171004.00000,6.93000,0.00000,0.00000,0.00000
-648503.22101,-860120.44831,242.07400,612163623.66157,13.86000,145286.00000,8.67000,0.00000,0.00000,0.00000
-648350.97866,-859822.97936,241.42800,612163623.70862,13.85000,343785.00000,5.48000,0.00000,0.00000,0.00000
-647931.81397,-859837.30616,238.88400,612163623.75568,14.02000,1076918.00000,4.90000,0.00000,0.00000,0.00000
-647602.90856,-859746.20001,235.16100,612163623.80274,14.29000,1697635.00000,5.59000,0.00000,0.00000,0.00000
-647199.09834,-859742.57300,239.49900,612163623.84979,14.58000,2415274.00000,4.96000,0.00000,0.00000,0.00000
-646887.95468,-859630.71719,238.40600,612163623.89685,14.69000,2016766.00000,5.80000,0.00000,0.00000,0.00000
-646567.21159,-859530.07142,236.73800,612163623.94391,14.94000,866821.00000,5.53000,0.00000,0.00000,0.00000
-646234.93865,-859442.87140,235.94600,612163623.99097,15.20000,378668.00000,7.34000,0.00000,0.00000,0.00000
-655591.29685,-887872.05289,218.39200,612336272.96852,12.97000,4324658.00000,4.84000,0.00000,0.00000,0.00000
-655633.35108,-887356.74723,219.75300,612336273.01558,13.48000,330775.00000,6.94000,0.00000,0.00000,0.00000
-655553.29991,-886979.94365,220.11700,612336273.06264,13.66000,918269.00000,7.28000,0.00000,0.00000,0.00000
-655631.49511,-886423.65634,223.79100,612336273.10970,13.19000,2413645.00000,3.38000,0.00000,0.00000,0.00000
-655601.25589,-885990.37321,231.05500,612336273.15676,12.80000,1973141.00000,3.69000,0.00000,0.00000,0.00000
-655086.50360,-886106.60879,230.06300,612336273.20383,12.59000,239316.00000,4.59000,0.00000,0.00000,0.00000
-654514.10780,-886288.19418,229.07100,612336273.25089,12.23000,267595.00000,5.37000,0.00000,0.00000,0.00000
-654034.02676,-886365.08023,228.56000,612336273.29795,12.13000,1777867.00000,5.26000,0.00000,0.00000,0.00000
-653678.98275,-886300.13992,228.13800,612336273.34501,12.26000,2756494.00000,4.67000,0.00000,0.00000,0.00000
-654499.17890,-884902.41645,224.02800,612336273.39208,12.74000,879074.00000,6.88000,0.00000,0.00000,0.00000
-653496.45248,-885572.00510,221.07300,612336273.43914,13.47000,1940968.00000,6.55000,0.00000,0.00000,0.00000
-652147.37088,-886634.29709,223.94200,612336273.48620,13.99000,640521.00000,7.32000,0.00000,0.00000,0.00000
-653246.02924,-884920.89149,225.00400,612336273.53327,14.09000,770484.00000,7.22000,0.00000,0.00000,0.00000
-652170.98840,-885672.40775,220.37800,612336273.58033,14.31000,1484821.00000,6.49000,0.00000,0.00000,0.00000
-652084.62619,-885302.80973,218.08500,612336273.62739,14.97000,231005.00000,9.41000,0.00000,0.00000,0.00000
-652727.06498,-884106.77337,219.83500,612336273.67446,14.67000,460713.00000,12.62000,0.00000,0.00000,0.00000
-652973.35041,-883359.98354,223.50800,612336273.72152,14.03000,413978.00000,7.65000,0.00000,0.00000,0.00000
-653072.60728,-882779.91399,225.33900,612336273.76858,13.38000,555813.00000,5.91000,0.00000,0.00000,0.00000
-652600.37496,-882847.91115,222.16300,612336273.81564,13.07000,850110.00000,4.76000,0.00000,0.00000,0.00000
-651640.63794,-883468.66167,210.93100,612336273.86271,12.67000,1982254.00000,3.93000,0.00000,0.00000,0.00000
-651293.43159,-883394.82829,208.32100,612336273.90977,12.73000,1024908.00000,5.50000,0.00000,0.00000,0.00000
-651193.89656,-883040.18084,205.87500,612336273.95684,12.88000,1966803.00000,5.69000,0.00000,0.00000,0.00000
-650607.81637,-883237.19256,201.71600,612336274.00390,13.75000,539612.00000,6.34000,0.00000,0.00000,0.00000
-650362.23153,-883048.16091,199.08500,612336274.05096,14.87000,79836.00000,11.43000,0.00000,0.00000,0.00000
-650152.30117,-882818.68752,198.16100,612336274.09803,16.17000,114576.00000,20.06000,0.00000,0.00000,0.00000
-650036.65599,-882482.32053,198.79700,612336274.14509,15.78000,135065.00000,15.53000,0.00000,0.00000,0.00000
-650149.15446,-881887.31202,200.74100,612336274.19216,15.21000,160098.00000,11.83000,0.00000,0.00000,0.00000
-649491.26494,-882165.72582,198.97700,612336274.23922,15.10000,340969.00000,11.39000,0.00000,0.00000,0.00000
-648815.28132,-882464.61366,199.56400,612336274.28628,14.99000,788773.00000,8.99000,0.00000,0.00000,0.00000
-647443.12938,-883552.71364,198.51300,612336274.33335,14.21000,3248820.00000,5.83000,0.00000,0.00000,0.00000
-647322.62008,-883221.85976,205.91200,612336274.38041,13.88000,376731.00000,6.78000,0.00000,0.00000,0.00000
-646638.81666,-883529.56615,209.57800,612336274.42748,13.55000,2178224.00000,5.89000,0.00000,0.00000,0.00000
-646030.25440,-883751.94869,218.25100,612336274.47454,12.84000,353866.00000,5.26000,0.00000,0.00000,0.00000
-645396.29115,-884003.11857,225.85100,612336274.52160,12.61000,874616.00000,3.48000,0.00000,0.00000,0.00000
-644978.27402,-884009.51342,231.34000,612336274.56867,12.69000,5591488.00000,2.88000,0.00000,0.00000,0.00000
-645386.85305,-883078.96057,219.54400,612336274.61573,12.68000,1095799.00000,4.32000,0.00000,0.00000,0.00000
-644482.72732,-883636.34315,229.91800,612336274.66279,12.81000,4542106.00000,2.84000,0.00000,0.00000,0.00000
-645807.37042,-881667.49271,216.33700,612336274.70985,12.91000,889686.00000,4.09000,0.00000,0.00000,0.00000
-645403.03518,-881658.39527,221.28900,612336274.75692,12.89000,1300006.00000,4.63000,0.00000,0.00000,0.00000
-644302.51489,-882438.37409,230.38800,612336274.80398,12.80000,1020094.00000,4.83000,0.00000,0.00000,0.00000
-644753.64360,-881459.65449,232.15200,612336274.85104,12.23000,291513.00000,6.30000,0.00000,0.00000,0.00000
-644665.90589,-881091.72311,238.13600,612336274.89811,11.52000,1487182.00000,3.56000,0.00000,0.00000,0.00000
-644670.00964,-880619.69029,244.07700,612336274.94517,11.05000,2060883.00000,2.87000,0.00000,0.00000,0.00000
-644680.47349,-880140.48232,246.91100,612336274.99223,10.47000,1611544.00000,2.67000,0.00000,0.00000,0.00000
-645000.17001,-879310.77947,257.54500,612336275.03929,9.72000,3405081.00000,2.35000,0.00000,0.00000,0.00000
-644811.80185,-879056.94526,258.38000,612336275.08635,9.15000,477266.00000,3.01000,0.00000,0.00000,0.00000
-644568.71490,-878865.11431,255.51000,612336275.13342,8.75000,2208822.00000,3.16000,0.00000,0.00000,0.00000
-645044.76202,-877858.24116,249.44800,612336275.18048,8.50000,1335550.00000,4.70000,0.00000,0.00000,0.00000
-644590.63046,-877905.61582,253.06400,612336275.22754,8.02000,1602677.00000,3.35000,0.00000,0.00000,0.00000
-644716.42026,-877295.75413,245.35700,612336275.27460,7.48000,1595536.00000,3.37000,0.00000,0.00000,0.00000
-644375.64213,-877214.66153,241.90100,612336275.32166,7.25000,649267.00000,4.38000,0.00000,0.00000,0.00000
-644415.91849,-876701.68108,240.64000,612336275.36873,7.19000,1337673.00000,3.29000,0.00000,0.00000,0.00000
-643022.30315,-877813.75788,233.42200,612336275.41579,7.01000,668646.00000,3.50000,0.00000,0.00000,0.00000
-642881.83109,-877505.64918,231.68700,612336275.46285,6.87000,495884.00000,2.53000,0.00000,0.00000,0.00000
-643709.19565,-876100.73681,239.85800,612336275.50992,6.85000,2255586.00000,2.72000,0.00000,0.00000,0.00000
-643005.43096,-876431.00479,233.62800,612336275.55698,6.96000,1011899.00000,3.78000,0.00000,0.00000,0.00000
-642747.70838,-876255.77102,231.87200,612336275.60404,7.10000,2393190.00000,3.79000,0.00000,0.00000,0.00000
-642740.63169,-875796.52237,231.31900,612336275.65111,7.43000,3021492.00000,4.14000,0.00000,0.00000,0.00000
-642429.17750,-875682.19451,230.32400,612336275.69817,8.07000,7127524.00000,2.71000,0.00000,0.00000,0.00000
-642187.60238,-875488.68488,220.70100,612336275.74523,8.73000,1434742.00000,3.39000,0.00000,0.00000,0.00000
-642276.29266,-874920.91812,221.74600,612336275.79230,9.30000,447675.00000,5.18000,0.00000,0.00000,0.00000
-642090.89130,-874663.75260,222.86700,612336275.83936,9.67000,1632585.00000,5.67000,0.00000,0.00000,0.00000
-641669.00918,-874674.53395,224.27300,612336275.88642,10.02000,382503.00000,6.10000,0.00000,0.00000,0.00000
-641448.43988,-874457.23277,225.49200,612336275.93349,10.22000,581919.00000,8.29000,0.00000,0.00000,0.00000
-640978.19640,-874522.82129,225.71500,612336275.98055,10.63000,2095668.00000,6.90000,0.00000,0.00000,0.00000
-641189.54136,-873816.11616,227.04900,612336276.02762,11.18000,1133769.00000,6.05000,0.00000,0.00000,0.00000
-640679.24000,-873927.08859,225.24900,612336276.07468,11.48000,869779.00000,5.25000,0.00000,0.00000,0.00000
-640275.94144,-873916.81886,223.89900,612336276.12174,11.85000,2091776.00000,3.85000,0.00000,0.00000,0.00000
-639524.26315,-874301.25311,215.18800,612336276.16881,11.89000,1850847.00000,3.81000,0.00000,0.00000,0.00000
-639330.07757,-874054.02759,216.14100,612336276.21588,11.80000,1382952.00000,3.77000,0.00000,0.00000,0.00000
-639070.42635,-873880.98720,215.87400,612336276.26294,11.63000,1470740.00000,3.63000,0.00000,0.00000,0.00000
-638653.44029,-873886.19778,216.16400,612336276.31000,11.64000,3297925.00000,2.85000,0.00000,0.00000,0.00000
-640064.40077,-871820.43403,210.34600,612336276.35707,11.60000,3352916.00000,2.29000,0.00000,0.00000,0.00000
-638468.36906,-873161.45672,211.25200,612336276.40413,11.82000,1608007.00000,3.01000,0.00000,0.00000,0.00000
-638425.68150,-872742.62796,210.40800,612336276.45120,11.94000,932689.00000,4.25000,0.00000,0.00000,0.00000
-637786.36305,-872999.69630,211.49400,612336276.49827,11.92000,657458.00000,4.92000,0.00000,0.00000,0.00000
-637601.98239,-872741.40718,213.17100,612336276.54533,11.83000,753557.00000,6.12000,0.00000,0.00000,0.00000
-637347.22747,-872562.81320,213.32400,612336276.59239,11.90000,883259.00000,6.20000,0.00000,0.00000,0.00000
-637050.45561,-872431.83060,212.77100,612336276.63946,11.97000,281608.00000,5.62000,0.00000,0.00000,0.00000
-636460.49443,-872632.96226,212.72800,612336276.68652,11.82000,461730.00000,5.37000,0.00000,0.00000,0.00000
-636575.66181,-872035.34871,214.82200,612336276.73359,11.96000,782392.00000,5.95000,0.00000,0.00000,0.00000
-643179.94307,-893830.63614,178.26900,612508926.65239,10.68000,361881.00000,3.22000,0.00000,0.00000,0.00000
-637245.14163,-891164.11915,172.75500,612508927.59374,12.63000,904102.00000,5.25000,0.00000,0.00000,0.00000
-636667.02529,-891340.14373,169.68000,612508927.64081,13.29000,1425561.00000,6.94000,0.00000,0.00000,0.00000
-636244.44259,-891345.13860,168.27400,612508927.68787,13.67000,1086416.00000,6.16000,0.00000,0.00000,0.00000
-635951.07122,-891208.07580,167.60500,612508927.73494,13.82000,1887884.00000,5.42000,0.00000,0.00000,0.00000
-636738.90347,-889422.79437,179.43400,612508927.82908,14.13000,589279.00000,6.93000,0.00000,0.00000,0.00000
-636620.04739,-887715.28364,180.86700,612508928.01735,12.23000,1236127.00000,6.66000,0.00000,0.00000,0.00000
-636156.24791,-887765.62215,178.84400,612508928.06442,12.06000,1035950.00000,4.70000,0.00000,0.00000,0.00000
-636005.52753,-887471.79849,181.40800,612508928.11149,11.56000,1151452.00000,4.25000,0.00000,0.00000,0.00000
-634119.28452,-888626.30172,179.07400,612508928.20562,10.93000,2391396.00000,4.79000,0.00000,0.00000,0.00000
