-669835.34462,-850282.98469,257.50400,450411078.41262,13.08000,2107055.00000,6.28000,0.00000,0.00000,0.00000
-669209.26184,-850561.81794,256.74600,450411078.45919,13.33000,1966836.00000,5.63000,0.00000,0.00000,0.00000
-669244.31229,-850036.82568,261.07300,450411078.50575,13.67000,425275.00000,4.21000,0.00000,0.00000,0.00000
-668149.72063,-850885.28120,260.49800,450411078.55232,14.26000,2488707.00000,4.97000,0.00000,0.00000,0.00000
-668221.06783,-850316.16253,265.02700,450411078.59889,14.60000,805787.00000,3.85000,0.00000,0.00000,0.00000
-667740.15933,-850418.48819,271.09100,450411078.64545,14.86000,919646.00000,3.38000,0.00000,0.00000,0.00000
-667272.26661,-850504.94922,274.43800,450411078.69202,14.92000,498167.00000,3.90000,0.00000,0.00000,0.00000
-666965.36141,-850395.69865,277.27100,450411078.73859,15.18000,1999621.00000,3.82000,0.00000,0.00000,0.00000
-666821.31269,-850088.49119,278.72000,450411078.78515,15.14000,676428.00000,4.41000,0.00000,0.00000,0.00000
-666595.36913,-849880.82098,279.80900,450411078.83172,14.90000,1319125.00000,4.41000,0.00000,0.00000,0.00000
-666392.68033,-849644.85538,279.25400,450411078.87829,14.75000,1606520.00000,3.95000,0.00000,0.00000,0.00000
-666241.64744,-849346.12102,278.70900,450411078.92486,14.65000,1085341.00000,3.83000,0.00000,0.00000,0.00000
-665990.59011,-849169.00111,277.50800,450411078.97143,14.83000,884948.00000,3.97000,0.00000,0.00000,0.00000
-665711.13955,-849026.36119,275.28100,450411079.01799,14.98000,6167495.00000,2.60000,0.00000,0.00000,0.00000
-666195.71027,-847955.01475,258.28800,450411079.06456,15.55000,980982.00000,3.16000,0.00000,0.00000,0.00000
-665951.63848,-847769.40920,258.55500,450411079.11113,16.07000,686230.00000,4.20000,0.00000,0.00000,0.00000
-665247.38191,-848143.16341,259.29100,450411079.15770,16.82000,1629387.00000,6.21000,0.00000,0.00000,0.00000
-664782.29490,-848226.20225,258.84800,450411079.20427,17.55000,990570.00000,11.46000,0.00000,0.00000,0.00000
-664641.98221,-847914.44882,259.97800,450411079.25083,17.59000,107752.00000,11.47000,0.00000,0.00000,0.00000
-665452.28831,-846447.23678,261.05100,450411079.29740,17.37000,624330.00000,9.87000,0.00000,0.00000,0.00000
-663863.49405,-847896.12312,257.04500,450411079.34397,16.95000,1167260.00000,7.97000,0.00000,0.00000,0.00000
-663122.93089,-848313.94975,256.61400,450411079.39054,16.66000,1753540.00000,5.43000,0.00000,0.00000,0.00000
-662623.40063,-848438.80764,256.16200,450411079.43711,16.09000,3128015.00000,3.63000,0.00000,0.00000,0.00000
-664783.60237,-845330.98423,273.44900,450411079.48367,15.66000,4572004.00000,3.54000,0.00000,0.00000,0.00000
-664404.15368,-845309.95281,273.77400,450411079.53024,15.33000,2265910.00000,4.09000,0.00000,0.00000,0.00000
-664078.67867,-845223.30858,274.01900,450411079.57681,15.17000,1337490.00000,3.90000,0.00000,0.00000,0.00000
-663773.68159,-845111.78141,274.38300,450411079.62338,15.03000,375382.00000,4.28000,0.00000,0.00000,0.00000
-663497.99380,-844964.61573,274.43200,450411079.66995,14.87000,155626.00000,6.10000,0.00000,0.00000,0.00000
-668104.39389,-871602.89061,270.19300,450583729.67043,15.62000,449120.00000,4.79000,0.00000,0.00000,0.00000
-668541.94759,-870613.35059,272.50200,450583729.71694,15.43000,1311755.00000,4.37000,0.00000,0.00000,0.00000
-668130.00946,-870625.83203,272.93600,450583729.76344,15.31000,2248583.00000,6.05000,0.00000,0.00000,0.00000
-667678.31832,-870685.19790,273.51300,450583729.80995,15.34000,180307.00000,6.02000,0.00000,0.00000,0.00000
-667653.50847,-870241.04746,273.47400,450583729.85645,15.14000,178534.00000,7.92000,0.00000,0.00000,0.00000
-667507.07358,-869940.36370,273.87300,450583729.90296,15.03000,636510.00000,6.13000,0.00000,0.00000,0.00000
-666994.33148,-870071.71710,272.53100,450583729.94947,14.87000,232842.00000,3.81000,0.00000,0.00000,0.00000
-666501.47651,-870179.63910,271.87600,450583729.99597,14.77000,359837.00000,3.22000,0.00000,0.00000,0.00000
-664509.18972,-872055.90262,255.80000,450583730.04248,14.40000,740652.00000,2.63000,0.00000,0.00000,0.00000
-665072.55807,-870444.70079,270.54200,450583730.13549,14.19000,1737858.00000,2.47000,0.00000,0.00000,0.00000
-664636.47820,-870485.59642,270.03100,450583730.18200,14.21000,1826304.00000,2.82000,0.00000,0.00000,0.00000
-666595.27267,-867702.09874,247.32800,450583730.22851,14.32000,465773.00000,2.37000,0.00000,0.00000,0.00000
-666139.34033,-867766.46484,242.40000,450583730.27501,14.52000,1134163.00000,2.93000,0.00000,0.00000,0.00000
-665522.94779,-868020.05061,240.40500,450583730.32152,14.84000,367134.00000,3.55000,0.00000,0.00000,0.00000
-665412.04191,-867677.48814,237.97100,450583730.36803,15.23000,2292716.00000,3.62000,0.00000,0.00000,0.00000
-664915.39493,-867789.85178,237.42500,450583730.41453,15.35000,2075512.00000,2.76000,0.00000,0.00000,0.00000
-663535.99886,-868943.17207,240.75900,450583730.46104,15.54000,2719633.00000,3.56000,0.00000,0.00000,0.00000
-662360.10368,-869856.42033,247.48200,450583730.50755,15.74000,1439838.00000,3.83000,0.00000,0.00000,0.00000
-662014.42557,-869790.67563,248.43800,450583730.55406,15.82000,835939.00000,5.18000,0.00000,0.00000,0.00000
-662132.62894,-869177.97638,245.69300,450583730.60056,15.77000,297328.00000,6.48000,0.00000,0.00000,0.00000
-662522.99546,-868244.34592,243.15500,450583730.64707,15.73000,660909.00000,6.93000,0.00000,0.00000,0.00000
-662613.27022,-867664.57530,242.18200,450583730.69358,15.68000,385417.00000,7.48000,0.00000,0.00000,0.00000
-663113.93032,-866600.92141,242.79100,450583730.74008,15.56000,174587.00000,9.49000,0.00000,0.00000,0.00000
-662931.11043,-866343.21436,243.17000,450583730.78659,15.29000,1456199.00000,4.96000,0.00000,0.00000,0.00000
-662014.14030,-866951.11929,240.85000,450583730.83310,14.97000,1849206.00000,3.35000,0.00000,0.00000,0.00000
-658610.01376,-870491.30210,239.38300,450583730.87960,14.89000,1053731.00000,5.05000,0.00000,0.00000,0.00000
-658075.91815,-870647.62495,242.62000,450583730.92611,14.78000,1710622.00000,3.20000,0.00000,0.00000,0.00000
-657902.54536,-870378.71045,239.69900,450583730.97262,14.44000,898423.00000,3.05000,0.00000,0.00000,0.00000
-661323.08297,-865872.77577,255.20700,450583731.01913,13.51000,205761.00000,3.59000,0.00000,0.00000,0.00000
-661054.60063,-865716.06828,254.74200,450583731.06563,12.30000,329551.00000,2.51000,0.00000,0.00000,0.00000
-657178.36978,-869812.50100,229.33300,450583731.11214,11.00000,1456175.00000,2.00000,0.00000,0.00000,0.00000
-663513.50022,-861870.34469,218.72100,450583731.15865,10.55000,1374620.00000,2.83000,0.00000,0.00000,0.00000
-661107.36588,-864234.05903,204.46000,450583731.20516,11.76000,4046606.00000,5.71000,0.00000,0.00000,0.00000
-659821.59176,-865276.69092,209.33500,450583731.25167,14.06000,1409036.00000,7.42000,0.00000,0.00000,0.00000
-659565.41389,-865105.45825,204.59800,450583731.29818,15.31000,2828269.00000,9.28000,0.00000,0.00000,0.00000
-659216.92790,-865043.04606,205.97700,450583731.34468,15.53000,3110297.00000,9.68000,0.00000,0.00000,0.00000
-658671.98357,-865212.23147,205.30900,450583731.39119,15.97000,3375518.00000,9.09000,0.00000,0.00000,0.00000
-658663.39646,-864749.11520,206.86800,450583731.43770,16.38000,663161.00000,7.50000,0.00000,0.00000,0.00000
-658287.92740,-864718.49973,206.23900,450583731.48421,16.31000,303178.00000,8.43000,0.00000,0.00000,0.00000
-657070.73692,-865680.07988,210.58300,450583731.53072,15.75000,548866.00000,6.52000,0.00000,0.00000,0.00000
-656316.04881,-866096.40830,215.35800,450583731.57723,15.22000,458890.00000,6.15000,0.00000,0.00000,0.00000
-655659.84254,-866396.65910,220.71300,450583731.62374,14.87000,519882.00000,4.37000,0.00000,0.00000,0.00000
-657106.09654,-864218.73002,224.11600,450583731.67024,14.55000,1042027.00000,3.80000,0.00000,0.00000,0.00000
-656195.22209,-864819.19474,228.98900,450583731.71675,14.41000,636568.00000,4.12000,0.00000,0.00000,0.00000
-655773.37047,-864843.21579,233.43400,450583731.76326,14.43000,1229275.00000,4.89000,0.00000,0.00000,0.00000
-655710.84187,-864443.71131,237.10000,450583731.80977,14.77000,267724.00000,5.29000,0.00000,0.00000,0.00000
-654940.56621,-864878.39386,242.54600,450583731.85628,15.20000,370713.00000,6.31000,0.00000,0.00000,0.00000
-654918.75697,-864430.93631,240.58700,450583731.90279,14.83000,2330746.00000,3.90000,0.00000,0.00000,0.00000
-654898.35712,-863981.78945,239.13600,450583731.94930,14.35000,1109050.00000,4.17000,0.00000,0.00000,0.00000
-654833.46609,-863585.09796,238.49800,450583731.99581,14.49000,1554048.00000,4.42000,0.00000,0.00000,0.00000
-654532.34815,-863466.84005,237.74100,450583732.04231,14.73000,1748085.00000,5.65000,0.00000,0.00000,0.00000
-653857.20946,-863789.33475,239.38500,450583732.08882,14.64000,1766713.00000,4.51000,0.00000,0.00000,0.00000
-652844.98611,-864509.07450,244.32900,450583732.13533,14.38000,2237900.00000,4.38000,0.00000,0.00000,0.00000
-652340.28569,-864630.71106,245.17000,450583732.18184,14.18000,813442.00000,4.06000,0.00000,0.00000,0.00000
-655390.57813,-860562.82362,241.96100,450583732.22834,14.27000,843344.00000,4.25000,0.00000,0.00000,0.00000
-655427.96562,-860045.65530,243.57200,450583732.27485,14.21000,679898.00000,5.26000,0.00000,0.00000,0.00000
-654821.99419,-860286.70194,244.62600,450583732.32136,14.07000,569660.00000,4.98000,0.00000,0.00000,0.00000
-653952.80929,-860837.94626,246.34300,450583732.36787,14.00000,1374454.00000,5.22000,0.00000,0.00000,0.00000
-653709.47326,-860651.61095,246.87300,450583732.41438,14.37000,288768.00000,7.32000,0.00000,0.00000,0.00000
-654360.89163,-859410.84100,247.50000,450583732.46088,14.81000,285039.00000,8.74000,0.00000,0.00000,0.00000
-654228.81601,-859093.41540,248.14600,450583732.50739,14.62000,407629.00000,7.10000,0.00000,0.00000,0.00000
-653871.86909,-859040.98354,248.20400,450583732.55390,14.70000,646337.00000,9.03000,0.00000,0.00000,0.00000
-653435.86346,-859081.71600,247.83300,450583732.60041,14.74000,704030.00000,6.88000,0.00000,0.00000,0.00000
-653015.48347,-859104.03345,247.59000,450583732.64692,14.77000,433052.00000,5.05000,0.00000,0.00000,0.00000
-652472.00956,-859271.39351,246.72900,450583732.69342,15.00000,405093.00000,5.27000,0.00000,0.00000,0.00000
-652104.17549,-859231.77319,245.80400,450583732.73993,15.11000,287601.00000,7.25000,0.00000,0.00000,0.00000
-651867.96295,-859037.07083,245.19600,450583732.78644,15.42000,165621.00000,8.39000,0.00000,0.00000,0.00000
-651898.76299,-858527.72319,245.04400,450583732.83295,15.31000,354420.00000,6.36000,0.00000,0.00000,0.00000
-651659.70762,-858336.35820,246.06000,450583732.87946,15.09000,325205.00000,5.24000,0.00000,0.00000,0.00000
-651383.24903,-858189.05565,246.70200,450583732.92597,15.07000,2226019.00000,4.28000,0.00000,0.00000,0.00000
-651179.23961,-857956.41893,246.47100,450583732.97248,15.07000,2504701.00000,4.47000,0.00000,0.00000,0.00000
-650951.07416,-857752.21335,246.41500,450583733.01899,15.10000,694786.00000,3.89000,0.00000,0.00000,0.00000
-650717.24576,-857554.72015,245.52100,450583733.06549,15.25000,318725.00000,4.47000,0.00000,0.00000,0.00000
-650600.35343,-857219.43229,244.91400,450583733.11200,15.45000,445023.00000,8.02000,0.00000,0.00000,0.00000
-650477.31087,-856891.39775,245.13100,450583733.15851,15.42000,3132564.00000,4.26000,0.00000,0.00000,0.00000
-650262.42526,-856671.58774,245.23800,450583733.20502,15.39000,2070657.00000,4.35000,0.00000,0.00000,0.00000
-650133.71430,-856350.25734,245.00400,450583733.25152,15.35000,781031.00000,4.87000,0.00000,0.00000,0.00000
-650040.98038,-855986.52593,244.82400,450583733.29803,15.26000,715281.00000,4.65000,0.00000,0.00000,0.00000
-650008.85870,-855551.41149,245.91300,450583733.34454,15.14000,522296.00000,4.93000,0.00000,0.00000,0.00000
-649968.68795,-855125.77384,247.00300,450583733.39105,15.02000,403083.00000,4.09000,0.00000,0.00000,0.00000
-659252.66158,-883590.25961,242.90000,450756382.40304,13.73000,660623.00000,3.50000,0.00000,0.00000,0.00000
-658249.03185,-884273.63832,237.37200,450756382.44949,14.23000,1184247.00000,5.38000,0.00000,0.00000,0.00000
-657940.80038,-884161.52215,236.46100,450756382.49593,14.23000,1018139.00000,4.48000,0.00000,0.00000,0.00000
-657710.54167,-883960.22526,235.74400,450756382.54238,14.39000,1249924.00000,4.48000,0.00000,0.00000,0.00000
-657573.63886,-883652.11765,235.66300,450756382.58883,14.84000,775726.00000,4.47000,0.00000,0.00000,0.00000
-657402.57892,-883383.11280,234.92800,450756382.63528,15.10000,662596.00000,3.96000,0.00000,0.00000,0.00000
-656765.64398,-883646.96462,232.36500,450756382.68173,15.32000,1331348.00000,4.02000,0.00000,0.00000,0.00000
-658323.73237,-881400.08510,247.89900,450756382.72818,15.66000,853484.00000,5.18000,0.00000,0.00000,0.00000
-657936.60003,-881378.24348,245.47900,450756382.77463,15.95000,149472.00000,8.08000,0.00000,0.00000,0.00000
-657217.87960,-881735.67381,242.10700,450756382.82108,15.93000,91256.00000,11.30000,0.00000,0.00000,0.00000
-656625.72257,-881948.32131,240.57400,450756382.86752,16.00000,462945.00000,9.82000,0.00000,0.00000,0.00000
-656347.34591,-881802.06139,240.67500,450756382.91397,16.03000,117163.00000,9.36000,0.00000,0.00000,0.00000
-656712.43302,-880919.85330,243.47800,450756382.96042,16.01000,124893.00000,9.22000,0.00000,0.00000,0.00000
-656667.47982,-880506.63953,245.76300,450756383.00687,15.74000,200811.00000,5.87000,0.00000,0.00000,0.00000
-656251.46528,-880517.80548,246.60800,450756383.05332,15.30000,4458946.00000,3.76000,0.00000,0.00000,0.00000
-655793.58799,-880576.86182,248.14400,450756383.09977,15.07000,3280608.00000,2.47000,0.00000,0.00000,0.00000
-655466.13140,-880486.74179,249.26300,450756383.14622,15.00000,5369716.00000,2.38000,0.00000,0.00000,0.00000
-655214.72767,-880309.65419,249.47500,450756383.19267,14.82000,1557084.00000,2.40000,0.00000,0.00000,0.00000
-652648.72268,-882779.49942,218.92600,450756383.23912,14.61000,1658210.00000,2.27000,0.00000,0.00000,0.00000
-654846.20483,-879801.91204,247.76600,450756383.28556,14.13000,4772703.00000,2.26000,0.00000,0.00000,0.00000
-654679.03255,-879528.48015,243.52100,450756383.33201,13.98000,1948382.00000,3.62000,0.00000,0.00000,0.00000
-654785.71354,-878941.89245,244.45300,450756383.37846,14.07000,1927179.00000,3.77000,0.00000,0.00000,0.00000
-654684.48589,-878593.07900,243.32600,450756383.42491,14.37000,576294.00000,4.28000,0.00000,0.00000,0.00000
-654775.77446,-878024.11349,244.60500,450756383.47136,14.74000,1017907.00000,4.88000,0.00000,0.00000,0.00000
-651163.34171,-881690.37470,203.70300,450756383.51781,14.92000,3393198.00000,2.33000,0.00000,0.00000,0.00000
-653947.15054,-878042.54989,248.04400,450756383.56426,14.73000,1231561.00000,2.24000,0.00000,0.00000,0.00000
-653387.73512,-878217.68983,247.62900,450756383.61071,14.59000,822371.00000,2.61000,0.00000,0.00000,0.00000
-652868.26846,-878347.14706,247.81700,450756383.65716,14.26000,466268.00000,3.15000,0.00000,0.00000,0.00000
-649820.75808,-881367.10624,200.46500,450756383.70361,13.99000,1063783.00000,2.29000,0.00000,0.00000,0.00000
-649456.70815,-881318.76082,198.33400,450756383.75006,14.10000,409035.00000,4.64000,0.00000,0.00000,0.00000
-649191.34430,-881157.57580,197.31500,450756383.79651,14.31000,323879.00000,7.83000,0.00000,0.00000,0.00000
-648577.46604,-881394.84862,199.27300,450756383.84296,14.98000,928582.00000,10.61000,0.00000,0.00000,0.00000
-648127.73345,-881444.44212,200.09200,450756383.88941,15.81000,313721.00000,13.04000,0.00000,0.00000,0.00000
-648221.49798,-880872.69378,197.13300,450756383.93586,16.17000,563767.00000,12.92000,0.00000,0.00000,0.00000
-650557.53294,-877737.43709,193.95000,450756383.98231,17.31000,1196558.00000,9.32000,0.00000,0.00000,0.00000
-650452.48829,-877393.00376,195.87900,450756384.02876,18.01000,1796709.00000,10.31000,0.00000,0.00000,0.00000
-650094.26002,-877338.07231,200.13200,450756384.07521,17.57000,189717.00000,14.15000,0.00000,0.00000,0.00000
-649691.25116,-877334.29153,202.75600,450756384.12166,17.43000,96529.00000,12.73000,0.00000,0.00000,0.00000
-648812.67264,-877874.24065,206.46300,450756384.16811,17.06000,171030.00000,11.45000,0.00000,0.00000,0.00000
-647766.55282,-878605.64059,213.24400,450756384.21456,16.56000,349307.00000,7.49000,0.00000,0.00000,0.00000
-647290.86542,-878684.91123,218.75000,450756384.26101,16.34000,688260.00000,6.44000,0.00000,0.00000,0.00000
-646949.01885,-878611.20960,224.05200,450756384.30746,15.83000,828393.00000,5.13000,0.00000,0.00000,0.00000
-647074.58053,-878003.18199,225.45900,450756384.35390,15.27000,2027814.00000,3.59000,0.00000,0.00000,0.00000
-647080.28899,-877532.18579,229.35200,450756384.40035,14.75000,3370266.00000,2.63000,0.00000,0.00000,0.00000
-647188.05295,-876944.55112,233.12400,450756384.44680,14.35000,3371645.00000,2.51000,0.00000,0.00000,0.00000
-645662.53099,-878223.84148,253.31100,450756384.49325,13.91000,1423404.00000,4.23000,0.00000,0.00000,0.00000
-646372.47979,-876947.88357,248.89300,450756384.53970,13.53000,418320.00000,6.05000,0.00000,0.00000,0.00000
-646632.83463,-876185.84722,249.93400,450756384.58615,13.03000,2212725.00000,3.30000,0.00000,0.00000,0.00000
-646667.41852,-875681.86204,251.32700,450756384.63260,12.56000,4048938.00000,2.76000,0.00000,0.00000,0.00000
-646574.93583,-875323.15414,254.17300,450756384.67905,12.21000,698760.00000,3.37000,0.00000,0.00000,0.00000
-646038.15268,-875472.27769,254.91100,450756384.72550,11.93000,1090180.00000,5.49000,0.00000,0.00000,0.00000
-645994.28646,-875057.99295,252.79300,450756384.77194,11.87000,1209305.00000,6.27000,0.00000,0.00000,0.00000
-645827.19696,-874784.56510,250.44600,450756384.81839,11.32000,1499033.00000,5.48000,0.00000,0.00000,0.00000
-646339.32189,-873734.80586,245.51800,450756384.86484,10.50000,1912851.00000,9.20000,0.00000,0.00000,0.00000
-645715.41229,-873983.50379,245.10000,450756384.91129,9.94000,779531.00000,5.48000,0.00000,0.00000,0.00000
-645966.65273,-873231.96757,243.25200,450756384.95774,9.87000,695327.00000,5.41000,0.00000,0.00000,0.00000
-645762.50832,-873000.89954,240.86000,450756385.00419,10.45000,575697.00000,4.62000,0.00000,0.00000,0.00000
-645527.08945,-872805.61028,238.28300,450756385.05064,11.54000,427162.00000,6.18000,0.00000,0.00000,0.00000
-645438.00343,-872443.05541,237.07100,450756385.09709,12.50000,121208.00000,7.65000,0.00000,0.00000,0.00000
-645202.09701,-872248.29925,236.03300,450756385.14354,13.45000,1310874.00000,8.51000,0.00000,0.00000,0.00000
-644700.46989,-872357.24121,234.61100,450756385.18999,14.44000,4119181.00000,6.18000,0.00000,0.00000,0.00000
-644189.20673,-872477.16970,229.98100,450756385.23644,14.72000,5479042.00000,5.33000,0.00000,0.00000,0.00000
-643771.81672,-872489.82165,229.86000,450756385.28289,14.39000,2560122.00000,7.25000,0.00000,0.00000,0.00000
-643207.11170,-872670.80882,230.76100,450756385.32934,14.23000,2399598.00000,6.19000,0.00000,0.00000,0.00000
-642955.32357,-872494.19183,230.84100,450756385.37579,13.88000,555302.00000,6.48000,0.00000,0.00000,0.00000
-643333.22191,-871597.99579,230.50300,450756385.42224,13.89000,263153.00000,7.04000,0.00000,0.00000,0.00000
-643391.47049,-871067.09928,230.32100,450756385.46869,14.15000,398661.00000,6.76000,0.00000,0.00000,0.00000
-643385.20404,-870609.91910,231.30800,450756385.51514,14.05000,623600.00000,8.27000,0.00000,0.00000,0.00000
-643236.45170,-870315.58633,231.06600,450756385.56159,13.72000,545064.00000,5.38000,0.00000,0.00000,0.00000
-643027.04621,-870090.56261,229.59800,450756385.60804,13.72000,1703213.00000,4.91000,0.00000,0.00000,0.00000
-642792.61531,-869894.15600,227.41800,450756385.65449,13.97000,2393816.00000,5.40000,0.00000,0.00000,0.00000
-642434.45998,-869839.11494,224.23100,450756385.70094,14.10000,963130.00000,5.08000,0.00000,0.00000,0.00000
-642179.80495,-869665.79460,221.69900,450756385.74739,14.82000,417869.00000,5.79000,0.00000,0.00000,0.00000
-642037.32869,-869364.30309,219.67500,450756385.79384,15.42000,205095.00000,9.78000,0.00000,0.00000,0.00000
-642086.46000,-868843.88004,220.25600,450756385.84029,15.53000,210074.00000,9.52000,0.00000,0.00000,0.00000
-641833.25576,-868668.91678,220.89200,450756385.88674,15.39000,351514.00000,6.68000,0.00000,0.00000,0.00000
-641400.47635,-868699.13386,221.47700,450756385.93319,15.63000,602701.00000,7.40000,0.00000,0.00000,0.00000
-640869.48762,-868841.56249,221.39800,450756385.97964,15.51000,1030211.00000,5.93000,0.00000,0.00000,0.00000
-640265.79810,-869067.03979,221.36300,450756386.02609,15.47000,765370.00000,7.52000,0.00000,0.00000,0.00000
-639687.13773,-869263.90195,221.04700,450756386.07254,15.61000,426055.00000,6.50000,0.00000,0.00000,0.00000
-639085.85077,-869486.60799,221.01300,450756386.11899,15.53000,342949.00000,6.86000,0.00000,0.00000,0.00000
-638575.54534,-869605.35144,215.97400,450756386.16545,15.38000,3264652.00000,5.40000,0.00000,0.00000,0.00000
-638328.59770,-869423.19801,214.27800,450756386.21190,15.94000,633903.00000,7.14000,0.00000,0.00000,0.00000
-638774.98472,-868448.99688,212.11100,450756386.25835,16.40000,147069.00000,9.21000,0.00000,0.00000,0.00000
-640317.14697,-866222.89195,216.64100,450756386.30480,16.48000,484137.00000,7.12000,0.00000,0.00000,0.00000
-645249.67014,-892528.60680,189.78700,450929035.80886,16.68000,652128.00000,8.39000,0.00000,0.00000,0.00000
-646085.68924,-891144.90066,200.01200,450929035.85526,15.55000,6932387.00000,4.24000,0.00000,0.00000,0.00000
-642722.54366,-890768.58818,186.44700,450929036.27282,14.16000,119777.00000,2.58000,0.00000,0.00000,0.00000
-641449.17303,-891724.52815,194.94900,450929036.31922,13.79000,1454157.00000,3.65000,0.00000,0.00000,0.00000
-641857.76014,-890815.12792,186.28500,450929036.36561,13.73000,1657767.00000,5.38000,0.00000,0.00000,0.00000
-641132.81045,-891162.83567,186.77400,450929036.41201,13.90000,3326132.00000,7.86000,0.00000,0.00000,0.00000
-640656.38736,-891234.91476,188.50200,450929036.45840,14.00000,670693.00000,8.56000,0.00000,0.00000,0.00000
-640172.62928,-891315.12938,188.34400,450929036.50480,13.79000,1750782.00000,6.73000,0.00000,0.00000,0.00000
-639614.00925,-891478.33690,184.15500,450929036.55120,13.81000,1973875.00000,6.19000,0.00000,0.00000,0.00000
-639258.41979,-891416.38699,182.66300,450929036.59759,13.73000,3376346.00000,5.58000,0.00000,0.00000,0.00000
-638204.67981,-892128.59382,189.62700,450929036.64398,13.92000,1638697.00000,5.16000,0.00000,0.00000,0.00000
-637878.93465,-892033.54209,188.05400,450929036.69038,13.52000,1067341.00000,4.12000,0.00000,0.00000,0.00000
-637491.53593,-892006.86089,182.02800,450929036.73677,13.30000,4308219.00000,3.69000,0.00000,0.00000,0.00000
-641456.38488,-887154.21168,225.93600,450929036.78317,13.29000,913957.00000,3.50000,0.00000,0.00000,0.00000
-636578.28248,-892106.99174,177.75100,450929036.82957,13.19000,1566473.00000,2.78000,0.00000,0.00000,0.00000
-636202.67470,-888873.90001,174.29500,450929037.20072,13.65000,420206.00000,4.94000,0.00000,0.00000,0.00000
-635682.71302,-888994.18482,173.18300,450929037.24712,14.42000,373258.00000,6.93000,0.00000,0.00000,0.00000
-635311.00683,-888950.09566,173.23000,450929037.29352,15.47000,1072267.00000,10.51000,0.00000,0.00000,0.00000
-635259.30942,-888551.26332,173.53500,450929037.33991,15.52000,316875.00000,8.49000,0.00000,0.00000,0.00000
-634713.91317,-888699.73912,175.13700,450929037.38631,15.01000,227471.00000,12.18000,0.00000,0.00000,0.00000
-634360.31762,-888635.56695,176.97500,450929037.43270,13.81000,254120.00000,8.27000,0.00000,0.00000,0.00000
-637851.42125,-884309.18479,211.62000,450929037.47909,12.73000,670491.00000,3.42000,0.00000,0.00000,0.00000
-637075.15641,-884713.68507,207.76300,450929037.52549,12.27000,1501717.00000,4.21000,0.00000,0.00000,0.00000
-636356.12213,-885054.71812,206.69000,450929037.57188,12.26000,3524740.00000,4.52000,0.00000,0.00000,0.00000
-635804.40647,-885210.24534,208.07900,450929037.61828,12.48000,300723.00000,6.02000,0.00000,0.00000,0.00000
-634832.89509,-885831.10818,209.89800,450929037.66467,12.61000,460941.00000,6.97000,0.00000,0.00000,0.00000
-634996.00388,-885194.20709,208.74600,450929037.71107,12.24000,1761884.00000,7.30000,0.00000,0.00000,0.00000
-635068.59046,-884657.65184,212.05600,450929037.75746,11.76000,3398207.00000,5.97000,0.00000,0.00000,0.00000
-634326.55035,-885024.12094,214.76600,450929037.80386,11.50000,1338448.00000,6.46000,0.00000,0.00000,0.00000
-634093.35153,-884826.53433,216.43700,450929037.85026,11.17000,2817846.00000,7.08000,0.00000,0.00000,0.00000
-633662.00016,-884848.59461,220.90500,450929037.89665,10.21000,702666.00000,6.81000,0.00000,0.00000,0.00000
-633590.75813,-884471.49435,220.98500,450929037.94305,9.25000,130123.00000,6.36000,0.00000,0.00000,0.00000
-633611.99416,-883991.89563,221.14800,450929037.98944,8.83000,276594.00000,6.36000,0.00000,0.00000,0.00000
-633644.00116,-883500.36699,216.14200,450929038.03583,9.15000,3123159.00000,2.23000,0.00000,0.00000,0.00000
-635932.10299,-880508.06148,205.24500,450929038.08223,9.36000,465944.00000,2.48000,0.00000,0.00000,0.00000
-635422.01805,-880617.47156,202.24000,450929038.12862,10.21000,280217.00000,6.55000,0.00000,0.00000,0.00000
-635048.42812,-880575.55649,200.96200,450929038.17502,11.62000,396989.00000,9.35000,0.00000,0.00000,0.00000
-634154.74257,-881110.13533,196.36000,450929038.22142,11.96000,439298.00000,7.84000,0.00000,0.00000,0.00000
-633498.82325,-881381.12067,194.52400,450929038.26781,11.93000,918246.00000,6.74000,0.00000,0.00000,0.00000
-633234.82457,-881217.70693,195.33400,450929038.31421,12.42000,277831.00000,4.98000,0.00000,0.00000,0.00000
-657190.17737,-848158.57835,249.18200,451149643.13091,16.31000,847116.00000,5.44000,0.00000,0.00000,1.00000
-657516.67487,-848341.51864,252.62000,451149643.17712,16.12000,5621843.00000,3.73000,0.00000,0.00000,1.00000
-657727.20015,-848578.96024,255.24300,451149643.22333,16.02000,1363850.00000,4.70000,0.00000,0.00000,1.00000
-657920.59291,-848824.44912,256.38800,451149643.26954,15.86000,2311224.00000,4.10000,0.00000,0.00000,1.00000
-658150.89560,-849052.61361,256.86100,451149643.31576,15.71000,1603864.00000,4.05000,0.00000,0.00000,1.00000
-658187.45980,-849371.80598,256.98300,451149643.36197,15.52000,1349676.00000,3.78000,0.00000,0.00000,1.00000
-658286.62340,-849661.58709,256.77000,451149643.40818,15.57000,685813.00000,3.79000,0.00000,0.00000,1.00000
-658315.94051,-849984.19748,256.48600,451149643.45439,15.59000,898552.00000,3.94000,0.00000,0.00000,1.00000
-658434.86360,-850264.68270,255.53300,451149643.50060,15.48000,720080.00000,3.72000,0.00000,0.00000,1.00000
-658457.58497,-850590.38479,254.17400,451149643.54682,15.71000,839749.00000,4.17000,0.00000,0.00000,1.00000
-658467.12104,-850922.28150,252.91400,451149643.59303,15.95000,269922.00000,4.98000,0.00000,0.00000,1.00000
-658490.49112,-851247.68058,252.89700,451149643.63924,16.15000,186025.00000,5.78000,0.00000,0.00000,1.00000
-658306.93225,-851670.29498,252.58300,451149643.68545,16.05000,235450.00000,5.70000,0.00000,0.00000,1.00000
-658278.23450,-852020.14800,252.19800,451149643.73166,16.19000,189313.00000,5.91000,0.00000,0.00000,1.00000
-658528.28337,-852239.03069,252.35600,451149643.77788,16.30000,446477.00000,5.00000,0.00000,0.00000,1.00000
-658765.16028,-852464.12021,253.19200,451149643.82409,16.43000,744980.00000,6.30000,0.00000,0.00000,1.00000
-659057.39108,-852663.20280,253.00500,451149643.87030,16.54000,340208.00000,5.36000,0.00000,0.00000,1.00000
-659404.31634,-852836.58575,253.18800,451149643.91651,16.38000,249572.00000,5.98000,0.00000,0.00000,1.00000
-659556.18218,-853101.62061,252.27200,451149643.96272,16.50000,270244.00000,5.79000,0.00000,0.00000,1.00000
-659862.25575,-853294.20705,250.79700,451149644.00894,16.76000,214226.00000,8.16000,0.00000,0.00000,1.00000
-660222.36129,-853461.40431,252.26600,451149644.05515,16.74000,157961.00000,7.72000,0.00000,0.00000,1.00000
-660474.38563,-853679.38628,253.75500,451149644.10136,16.52000,349566.00000,5.20000,0.00000,0.00000,1.00000
-660657.88462,-853929.57383,253.43400,451149644.14757,16.36000,473343.00000,5.86000,0.00000,0.00000,1.00000
-660648.28554,-854270.47599,252.10100,451149644.19378,16.58000,735309.00000,6.47000,0.00000,0.00000,1.00000
-660328.26284,-854757.17907,251.04900,451149644.23999,17.37000,318431.00000,7.76000,0.00000,0.00000,1.00000
-660159.81489,-855172.68246,251.48400,451149644.28621,17.31000,312832.00000,8.84000,0.00000,0.00000,1.00000
-660077.04506,-855547.94108,250.60600,451149644.33242,16.97000,503627.00000,6.13000,0.00000,0.00000,1.00000
-660117.51275,-855865.30522,245.51000,451149644.37863,17.25000,2969732.00000,7.12000,0.00000,0.00000,1.00000
-660245.62205,-856141.49527,246.75400,451149644.42484,17.61000,324928.00000,10.46000,0.00000,0.00000,1.00000
-660725.68933,-856252.39674,247.26300,451149644.47105,17.26000,196879.00000,15.56000,0.00000,0.00000,1.00000
-661060.09209,-856431.71428,249.51900,451149644.51727,16.84000,118922.00000,14.52000,0.00000,0.00000,1.00000
-661238.30130,-856684.39706,250.16200,451149644.56348,16.52000,90683.00000,10.15000,0.00000,0.00000,1.00000
-661308.41106,-856987.84047,250.52700,451149644.60969,16.53000,234709.00000,10.97000,0.00000,0.00000,1.00000
-661475.40572,-857245.77708,250.27600,451149644.65590,16.29000,70758.00000,12.38000,0.00000,0.00000,1.00000
-660918.72326,-857843.59706,249.67900,451149644.70211,15.30000,188984.00000,19.22000,0.00000,0.00000,1.00000
-660901.81687,-858187.89146,251.93300,451149644.74832,13.06000,149207.00000,9.97000,0.00000,0.00000,1.00000
-661120.21495,-858421.69898,254.62200,451149644.79453,12.07000,283428.00000,5.86000,0.00000,0.00000,1.00000
-660688.07460,-858960.99008,259.93200,451149644.84074,12.01000,4420473.00000,3.71000,0.00000,0.00000,1.00000
-660463.55258,-859402.78328,260.86600,451149644.88695,11.58000,1046485.00000,3.86000,0.00000,0.00000,1.00000
-659981.30052,-859965.57648,260.07300,451149644.93316,11.57000,299426.00000,2.81000,0.00000,0.00000,1.00000
-659129.25891,-860701.98572,254.66000,451149644.97937,11.51000,2645551.00000,1.99000,0.00000,0.00000,1.00000
-658174.36978,-861486.64248,255.70500,451149645.02558,11.79000,1962371.00000,2.24000,0.00000,0.00000,1.00000
-657740.17903,-862026.81507,255.38800,451149645.07179,12.75000,3860720.00000,2.14000,0.00000,0.00000,1.00000
-663265.39544,-859768.90428,201.00600,451149645.11800,12.84000,1235460.00000,2.20000,0.00000,0.00000,1.00000
-663105.42892,-860180.39179,200.03200,451149645.16421,12.50000,813640.00000,2.20000,0.00000,0.00000,1.00000
-663503.79114,-860329.70296,197.89300,451149645.21042,13.00000,2552927.00000,2.21000,0.00000,0.00000,1.00000
-659747.90452,-862429.48566,213.18800,451149645.25663,13.68000,1447895.00000,2.55000,0.00000,0.00000,1.00000
-659974.16614,-862659.58039,207.90200,451149645.30284,14.07000,2050285.00000,3.96000,0.00000,0.00000,1.00000
-660232.73946,-862874.51626,204.24600,451149645.34905,14.38000,823792.00000,8.72000,0.00000,0.00000,1.00000
-659284.32191,-863656.06507,212.46200,451149645.39526,12.67000,257088.00000,7.72000,0.00000,0.00000,1.00000
-660728.15350,-863314.58456,206.27900,451149645.44146,11.47000,226439.00000,7.54000,0.00000,0.00000,1.00000
-661117.25473,-863468.24634,204.67000,451149645.48767,12.13000,937963.00000,6.54000,0.00000,0.00000,1.00000
-661499.11064,-863625.31054,204.98500,451149645.53388,12.27000,810081.00000,6.36000,0.00000,0.00000,1.00000
-661186.14426,-864108.55072,207.75600,451149645.58009,11.98000,513235.00000,6.79000,0.00000,0.00000,1.00000
-661500.10519,-864297.50186,209.82600,451149645.62629,10.98000,979340.00000,3.64000,0.00000,0.00000,1.00000
-667211.19577,-861952.74304,318.00400,451149645.67250,9.91000,203840.00000,1.94000,0.00000,0.00000,1.00000
-659315.28632,-865995.63986,261.28800,451149645.71871,9.73000,1761076.00000,1.23000,0.00000,0.00000,1.00000
-660794.68152,-865637.57543,256.38500,451149645.76492,10.67000,1086972.00000,2.34000,0.00000,0.00000,1.00000
-661260.23915,-865755.38179,255.78600,451149645.81113,12.19000,1215411.00000,4.25000,0.00000,0.00000,1.00000
-661760.07147,-865857.10070,254.55700,451149645.85734,13.33000,297046.00000,4.25000,0.00000,0.00000,1.00000
-662465.58411,-865862.29675,251.77200,451149645.90354,14.52000,429275.00000,4.22000,0.00000,0.00000,1.00000
-663061.00180,-865919.14892,249.68600,451149645.94975,14.51000,299836.00000,4.00000,0.00000,0.00000,1.00000
-667926.69099,-863971.56610,285.63900,451149645.99596,14.37000,231667.00000,4.51000,0.00000,0.00000,1.00000
-663481.89603,-866394.28697,242.73200,451149646.04217,14.65000,337355.00000,4.45000,0.00000,0.00000,1.00000
-663271.08396,-866829.56339,240.38800,451149646.08838,15.35000,606057.00000,7.04000,0.00000,0.00000,1.00000
-663295.61366,-867154.37571,240.15000,451149646.13458,16.07000,819496.00000,6.02000,0.00000,0.00000,1.00000
-663355.75063,-867462.49302,239.43000,451149646.18079,16.20000,1654336.00000,5.96000,0.00000,0.00000,1.00000
-663705.95361,-867634.47325,240.44400,451149646.22700,16.26000,798840.00000,5.75000,0.00000,0.00000,1.00000
-663586.76335,-868026.73728,240.88300,451149646.27321,16.91000,686406.00000,8.13000,0.00000,0.00000,1.00000
-663782.70719,-868271.13503,240.84500,451149646.31941,17.53000,827348.00000,9.97000,0.00000,0.00000,1.00000
-663899.52820,-868552.63840,242.54600,451149646.36562,17.56000,1137300.00000,8.73000,0.00000,0.00000,1.00000
-664410.59452,-868649.14958,242.54600,451149646.41183,17.25000,710434.00000,7.86000,0.00000,0.00000,1.00000
-668787.54709,-866931.38789,264.96800,451149646.45804,16.78000,10177574.00000,5.51000,0.00000,0.00000,1.00000
-665449.21501,-868834.44307,253.92600,451149646.50425,15.78000,417648.00000,7.06000,0.00000,0.00000,1.00000
-665064.33490,-869351.39797,258.97900,451149646.55046,14.98000,466522.00000,5.99000,0.00000,0.00000,1.00000
-666335.53353,-869091.23276,263.60300,451149646.59666,15.43000,205873.00000,9.31000,0.00000,0.00000,1.00000
-667204.57277,-869019.77991,268.69700,451149646.64287,16.13000,154391.00000,10.52000,0.00000,0.00000,1.00000
-666540.16879,-869667.92378,269.68800,451149646.68908,16.53000,244911.00000,12.80000,0.00000,0.00000,1.00000
-666765.10591,-869898.72445,271.57400,451149646.73529,16.24000,118975.00000,10.20000,0.00000,0.00000,1.00000
-667084.31928,-870085.29185,272.76000,451149646.78149,15.96000,179195.00000,8.12000,0.00000,0.00000,1.00000
-667465.52055,-870242.79661,272.97900,451149646.82770,15.87000,144515.00000,7.56000,0.00000,0.00000,1.00000
-667397.07728,-870611.26571,272.75800,451149646.87391,15.79000,130453.00000,6.55000,0.00000,0.00000,1.00000
-667848.14974,-870735.97943,274.74100,451149646.92012,15.66000,557691.00000,4.56000,0.00000,0.00000,1.00000
-668253.73277,-870882.04452,277.98800,451149646.96632,15.50000,322266.00000,4.28000,0.00000,0.00000,1.00000
-645335.98786,-860506.31883,234.89100,451322296.48742,16.45000,253369.00000,10.18000,0.00000,0.00000,1.00000
-645941.41137,-860566.88969,235.54100,451322296.53360,16.64000,289952.00000,6.67000,0.00000,0.00000,1.00000
-646444.67826,-860673.55549,235.64000,451322296.57978,17.01000,164272.00000,7.66000,0.00000,0.00000,1.00000
-645584.17940,-861395.80790,232.99700,451322296.62596,16.63000,176427.00000,8.97000,0.00000,0.00000,1.00000
-645611.18456,-861717.46669,235.75200,451322296.67215,16.09000,248485.00000,6.33000,0.00000,0.00000,1.00000
-645808.66140,-861962.17487,236.84600,451322296.71833,16.20000,164450.00000,6.40000,0.00000,0.00000,1.00000
-646183.91204,-862126.65467,236.38900,451322296.76451,16.17000,211256.00000,6.62000,0.00000,0.00000,1.00000
-646207.59681,-862449.80198,235.77400,451322296.81069,16.10000,253662.00000,7.02000,0.00000,0.00000,1.00000
-646338.74011,-862724.45464,234.75900,451322296.85687,15.86000,443608.00000,6.85000,0.00000,0.00000,1.00000
-645613.50441,-863385.59774,232.86600,451322296.90306,15.64000,262918.00000,6.38000,0.00000,0.00000,1.00000
-645761.22665,-863652.77226,234.25800,451322296.94924,14.96000,1057132.00000,4.76000,0.00000,0.00000,1.00000
-646188.87553,-863793.61617,235.61400,451322296.99542,14.23000,230698.00000,6.48000,0.00000,0.00000,1.00000
-646694.13966,-863899.43188,235.84400,451322297.04160,13.94000,202333.00000,6.88000,0.00000,0.00000,1.00000
-647826.28171,-863722.36034,237.96800,451322297.08778,14.03000,108273.00000,7.65000,0.00000,0.00000,1.00000
-648550.45727,-863729.40538,242.09000,451322297.13396,14.19000,231323.00000,5.96000,0.00000,0.00000,1.00000
-648911.76772,-863900.20904,246.49400,451322297.18015,14.48000,1425359.00000,3.81000,0.00000,0.00000,1.00000
-648892.98322,-864242.53874,246.00400,451322297.22633,14.31000,3503548.00000,3.06000,0.00000,0.00000,1.00000
-647609.83599,-865155.43234,237.01200,451322297.27251,14.05000,4484683.00000,2.55000,0.00000,0.00000,1.00000
-647985.08632,-865319.96226,240.31200,451322297.31869,14.04000,2566543.00000,2.41000,0.00000,0.00000,1.00000
-649233.28459,-865090.55328,255.44300,451322297.36487,14.00000,4941767.00000,2.55000,0.00000,0.00000,1.00000
-648988.30669,-865534.95776,249.54000,451322297.41105,14.02000,2084493.00000,2.41000,0.00000,0.00000,1.00000
-648900.52919,-865908.41468,245.42000,451322297.45723,14.33000,989190.00000,4.01000,0.00000,0.00000,1.00000
-648854.54483,-866263.02207,241.55900,451322297.50342,14.56000,1072682.00000,6.58000,0.00000,0.00000,1.00000
-649772.44518,-866182.70137,245.46800,451322297.54960,14.72000,586126.00000,7.27000,0.00000,0.00000,1.00000
-648958.89144,-866883.62593,240.90300,451322297.59578,14.87000,665490.00000,12.39000,0.00000,0.00000,1.00000
-649042.24592,-867179.86619,240.84900,451322297.64196,14.86000,489632.00000,9.61000,0.00000,0.00000,1.00000
-649297.42614,-867398.59333,240.73700,451322297.68814,14.61000,336902.00000,9.61000,0.00000,0.00000,1.00000
-649342.29704,-867712.19013,239.84000,451322297.73432,13.27000,827750.00000,5.76000,0.00000,0.00000,1.00000
-648898.89434,-868246.07821,234.87600,451322297.78050,13.08000,650998.00000,4.25000,0.00000,0.00000,1.00000
-648856.85177,-868598.89003,233.45000,451322297.82668,13.84000,705690.00000,6.57000,0.00000,0.00000,1.00000
-648956.77147,-868887.65006,234.55300,451322297.87286,13.43000,497189.00000,4.34000,0.00000,0.00000,1.00000
-648502.05393,-869426.61328,234.37400,451322297.91904,12.60000,2622315.00000,2.92000,0.00000,0.00000,1.00000
-647622.05851,-870157.39764,235.27000,451322297.96523,12.17000,2981902.00000,2.13000,0.00000,0.00000,1.00000
-646686.30923,-870913.29490,234.01600,451322298.01141,11.61000,3915795.00000,1.76000,0.00000,0.00000,1.00000
-649899.78553,-869797.61890,248.59200,451322298.05759,11.51000,2733732.00000,2.23000,0.00000,0.00000,1.00000
-649689.21297,-870226.44376,245.30100,451322298.10377,12.75000,822081.00000,3.84000,0.00000,0.00000,1.00000
-650129.47269,-870361.70136,249.75900,451322298.14995,12.66000,519281.00000,4.16000,0.00000,0.00000,1.00000
-649098.85954,-871160.40577,249.80500,451322298.19613,11.89000,428780.00000,3.28000,0.00000,0.00000,1.00000
-648839.16150,-871611.35346,253.86700,451322298.24231,12.49000,476244.00000,2.59000,0.00000,0.00000,1.00000
-648826.27295,-871950.99068,254.88600,451322298.28849,12.76000,464626.00000,2.44000,0.00000,0.00000,1.00000
-648778.21922,-872306.48829,254.13300,451322298.33467,13.06000,483726.00000,2.61000,0.00000,0.00000,1.00000
-648577.55951,-872730.80489,252.78900,451322298.38085,13.28000,334514.00000,2.48000,0.00000,0.00000,1.00000
-648228.27390,-873222.14327,252.32300,451322298.42703,13.50000,287920.00000,2.32000,0.00000,0.00000,1.00000
-647911.49126,-873698.81397,252.27700,451322298.47321,13.65000,669779.00000,2.36000,0.00000,0.00000,1.00000
-647637.81758,-874156.02076,252.31500,451322298.51939,13.80000,245321.00000,1.76000,0.00000,0.00000,1.00000
-647128.59472,-874719.43617,252.73800,451322298.56557,14.15000,266284.00000,2.07000,0.00000,0.00000,1.00000
-650812.07636,-873392.20408,213.65200,451322298.61175,14.73000,3781381.00000,1.97000,0.00000,0.00000,1.00000
-650160.18122,-874020.02056,217.24500,451322298.65793,15.09000,1926745.00000,3.08000,0.00000,0.00000,1.00000
-650504.91199,-874198.39678,217.75500,451322298.70411,15.05000,497068.00000,3.15000,0.00000,0.00000,1.00000
-651118.38236,-874255.58958,213.98800,451322298.75029,14.43000,1388479.00000,3.45000,0.00000,0.00000,1.00000
-650915.69174,-874680.82579,209.81400,451322298.79647,14.86000,749329.00000,4.86000,0.00000,0.00000,1.00000
-650620.74821,-875147.64124,208.16800,451322298.84265,15.59000,1230773.00000,5.88000,0.00000,0.00000,1.00000
-650198.40408,-875671.91258,207.81000,451322298.88883,16.21000,734252.00000,6.18000,0.00000,0.00000,1.00000
-650118.43828,-876041.77948,207.01800,451322298.93501,17.00000,860551.00000,8.54000,0.00000,0.00000,1.00000
-649897.80788,-876475.08673,207.98500,451322298.98119,16.84000,1082299.00000,6.55000,0.00000,0.00000,1.00000
-649156.24395,-877143.23217,209.38600,451322299.02737,16.40000,894264.00000,4.64000,0.00000,0.00000,1.00000
-648535.42574,-877756.90835,208.85500,451322299.07355,16.23000,1316773.00000,3.61000,0.00000,0.00000,1.00000
-648631.28594,-878047.50194,205.53800,451322299.11973,16.51000,703485.00000,4.90000,0.00000,0.00000,1.00000
-648535.36074,-878424.53492,205.87400,451322299.16591,16.02000,275165.00000,4.85000,0.00000,0.00000,1.00000
-653476.10744,-876530.90322,236.05500,451322299.21209,15.56000,402646.00000,3.61000,0.00000,0.00000,1.00000
-653058.39398,-877053.08415,236.54600,451322299.25827,15.42000,609241.00000,3.25000,0.00000,0.00000,1.00000
-654160.59050,-877223.85989,241.63600,451322299.35063,14.63000,2046580.00000,2.27000,0.00000,0.00000,1.00000
-652178.80366,-878451.15514,250.16700,451322299.39681,14.31000,4197391.00000,2.93000,0.00000,0.00000,1.00000
-652806.20243,-878502.14382,246.79600,451322299.44299,14.30000,345465.00000,4.07000,0.00000,0.00000,1.00000
-654273.05682,-878174.71839,245.02600,451322299.48917,14.16000,854067.00000,3.40000,0.00000,0.00000,1.00000
-654660.93179,-878333.71483,242.90600,451322299.53535,14.93000,170857.00000,5.00000,0.00000,0.00000,1.00000
-654636.70171,-878678.49248,243.60600,451322299.58153,15.29000,787049.00000,4.09000,0.00000,0.00000,1.00000
-654866.63018,-878908.70239,244.35300,451322299.62771,15.41000,604592.00000,4.25000,0.00000,0.00000,1.00000
-654908.09199,-879223.86198,244.32700,451322299.67389,15.66000,810525.00000,3.66000,0.00000,0.00000,1.00000
-654853.98253,-879582.09726,246.65200,451322299.72007,15.54000,2379874.00000,2.70000,0.00000,0.00000,1.00000
-654900.74204,-879894.86745,247.77800,451322299.76625,15.20000,2085011.00000,3.09000,0.00000,0.00000,1.00000
-655011.21352,-880178.92362,248.80700,451322299.81242,15.01000,5204693.00000,2.65000,0.00000,0.00000,1.00000
-655088.50089,-880477.93606,248.84100,451322299.85860,15.04000,5211649.00000,2.43000,0.00000,0.00000,1.00000
-655198.97167,-880761.99110,247.91600,451322299.90478,15.19000,7408876.00000,3.00000,0.00000,0.00000,1.00000
-655905.39850,-880777.42547,242.18500,451322299.95096,15.10000,3782608.00000,2.92000,0.00000,0.00000,1.00000
-655568.56370,-881263.09294,242.37000,451322299.99714,15.40000,819710.00000,3.41000,0.00000,0.00000,1.00000
-655660.45631,-881555.53308,239.74600,451322300.04332,15.89000,407832.00000,5.29000,0.00000,0.00000,1.00000
-655569.82924,-881930.21864,238.30000,451322300.08950,16.35000,706357.00000,5.62000,0.00000,0.00000,1.00000
-656017.43613,-882062.34100,236.02600,451322300.13568,16.59000,4002738.00000,5.33000,0.00000,0.00000,1.00000
-655940.07060,-882431.05344,236.45200,451322300.18186,16.73000,1308340.00000,5.40000,0.00000,0.00000,1.00000
-656136.79913,-882676.23418,236.57300,451322300.22804,16.78000,1486315.00000,7.34000,0.00000,0.00000,1.00000
-656046.82731,-883050.64175,236.64900,451322300.27421,16.84000,315176.00000,7.94000,0.00000,0.00000,1.00000
-656941.08008,-882981.49230,238.68500,451322300.32039,16.73000,91329.00000,9.46000,0.00000,0.00000,1.00000
-658609.15550,-882563.58585,248.01900,451322300.36657,16.57000,285008.00000,7.82000,0.00000,0.00000,1.00000
-658015.48188,-883165.01559,240.49100,451322300.41275,16.56000,1253443.00000,9.13000,0.00000,0.00000,1.00000
-658156.46296,-883435.34278,240.81600,451322300.45893,16.86000,816974.00000,11.36000,0.00000,0.00000,1.00000
-658744.76576,-883504.09782,244.96900,451322300.50511,17.24000,994758.00000,10.42000,0.00000,0.00000,1.00000
-657598.85736,-884354.34978,237.97100,451322300.55129,17.06000,495623.00000,9.03000,0.00000,0.00000,1.00000
-656442.96085,-885209.05446,232.72600,451322300.59747,16.86000,438791.00000,9.80000,0.00000,0.00000,1.00000
-657472.62789,-885078.94337,236.82000,451322300.64365,16.74000,133523.00000,9.42000,0.00000,0.00000,1.00000
-657277.36627,-885834.62383,230.72500,451322300.73600,14.58000,3184459.00000,3.06000,0.00000,0.00000,1.00000
-656218.97019,-886645.31332,221.35800,451322300.78218,14.27000,1459796.00000,4.01000,0.00000,0.00000,1.00000
-656422.32063,-886887.53567,219.33600,451322300.82836,14.28000,301796.00000,5.92000,0.00000,0.00000,1.00000
-634377.85246,-877198.78961,208.12800,451494951.58368,14.42000,160764.00000,8.59000,0.00000,0.00000,1.00000
-634702.32136,-877389.78406,207.86000,451494951.62984,14.41000,174530.00000,9.68000,0.00000,0.00000,1.00000
-635400.03796,-877419.24459,208.52500,451494951.67600,14.12000,108975.00000,8.53000,0.00000,0.00000,1.00000
-635810.63764,-877572.97104,210.74900,451494951.72216,14.10000,317205.00000,7.31000,0.00000,0.00000,1.00000
-635808.61402,-877905.31188,211.05400,451494951.76832,13.94000,299995.00000,8.02000,0.00000,0.00000,1.00000
-635933.44603,-878182.74200,211.61600,451494951.81448,13.84000,611917.00000,7.03000,0.00000,0.00000,1.00000
-636053.60573,-878462.20107,213.01800,451494951.86064,13.51000,2054842.00000,5.78000,0.00000,0.00000,1.00000
-636265.90623,-878701.77860,213.99600,451494951.90680,12.72000,2409304.00000,6.11000,0.00000,0.00000,1.00000
-636484.87412,-878938.46084,215.69200,451494951.95296,12.32000,1115061.00000,6.33000,0.00000,0.00000,1.00000
-636878.14361,-879099.72981,211.97000,451494951.99912,13.04000,4373034.00000,5.12000,0.00000,0.00000,1.00000
-636956.22565,-879397.40673,214.32900,451494952.04528,13.32000,313358.00000,5.88000,0.00000,0.00000,1.00000
-637175.87073,-879633.81315,213.92000,451494952.09143,12.78000,654656.00000,6.39000,0.00000,0.00000,1.00000
-637592.48662,-879784.96957,215.13700,451494952.13759,11.57000,1736677.00000,6.13000,0.00000,0.00000,1.00000
-637727.99297,-880057.81001,218.34400,451494952.18375,11.32000,290367.00000,7.13000,0.00000,0.00000,1.00000
-637658.50876,-880419.34515,217.43500,451494952.22991,13.93000,321461.00000,7.98000,0.00000,0.00000,1.00000
-637036.79556,-881019.84091,214.32300,451494952.27607,15.13000,274027.00000,11.45000,0.00000,0.00000,1.00000
-636025.11351,-881789.08032,213.00400,451494952.32223,14.40000,113119.00000,19.45000,0.00000,0.00000,1.00000
-635998.33746,-882132.10584,214.83500,451494952.36838,11.33000,257978.00000,13.95000,0.00000,0.00000,1.00000
-636493.07329,-882249.48866,221.99200,451494952.41454,10.18000,297497.00000,6.84000,0.00000,0.00000,1.00000
-636643.24757,-882515.95412,222.75900,451494952.46070,11.45000,216781.00000,7.42000,0.00000,0.00000,1.00000
-636636.50996,-882850.32858,221.36700,451494952.50686,12.14000,361767.00000,6.20000,0.00000,0.00000,1.00000
-636450.13386,-883262.41201,217.03100,451494952.55302,13.32000,302065.00000,8.23000,0.00000,0.00000,1.00000
-637005.64157,-883353.51257,215.49800,451494952.59917,14.16000,184243.00000,11.35000,0.00000,0.00000,1.00000
-637077.01854,-883654.07984,213.64000,451494952.64533,13.56000,566539.00000,10.54000,0.00000,0.00000,1.00000
-636101.97803,-884407.36366,212.22500,451494952.69149,11.97000,917894.00000,9.35000,0.00000,0.00000,1.00000
-638409.08696,-883740.66685,214.69100,451494952.73765,11.73000,1508493.00000,8.04000,0.00000,0.00000,1.00000
-640988.60015,-882956.05754,232.94600,451494952.78381,12.63000,4077104.00000,5.44000,0.00000,0.00000,1.00000
-636309.37719,-885311.95228,206.38500,451494952.82996,13.30000,810904.00000,5.54000,0.00000,0.00000,1.00000
-635897.23088,-885821.66292,203.53700,451494952.87612,13.27000,694325.00000,5.15000,0.00000,0.00000,1.00000
-641101.18866,-883901.80111,244.63400,451494952.92228,12.90000,273678.00000,3.39000,0.00000,0.00000,1.00000
-641125.82688,-884222.62657,244.63600,451494952.96843,12.45000,251825.00000,3.61000,0.00000,0.00000,1.00000
-641229.93553,-884509.06581,243.62300,451494953.01459,12.21000,258052.00000,3.78000,0.00000,0.00000,1.00000
-641305.31033,-884807.93038,244.77200,451494953.06075,11.97000,263848.00000,3.75000,0.00000,0.00000,1.00000
-641345.30474,-885122.10497,243.49500,451494953.10691,12.16000,536956.00000,3.04000,0.00000,0.00000,1.00000
-634596.75601,-888372.64622,177.14900,451494953.15306,12.57000,756146.00000,2.77000,0.00000,0.00000,1.00000
-634614.63095,-888696.31639,175.12100,451494953.19922,13.17000,830928.00000,4.44000,0.00000,0.00000,1.00000
-634823.53176,-888937.37212,174.53800,451494953.24538,13.37000,590633.00000,4.13000,0.00000,0.00000,1.00000
-641127.98481,-886542.03003,228.64400,451494953.29153,13.36000,1046672.00000,3.57000,0.00000,0.00000,1.00000
-641147.92671,-886864.87651,226.91000,451494953.33769,13.18000,982083.00000,2.66000,0.00000,0.00000,1.00000
-641242.66847,-887155.37256,225.29900,451494953.38385,13.12000,1082261.00000,2.97000,0.00000,0.00000,1.00000
-641525.73430,-887364.40848,225.10100,451494953.43001,12.95000,239289.00000,4.21000,0.00000,0.00000,1.00000
-641853.53516,-887554.09207,226.77000,451494953.47616,12.85000,221203.00000,4.18000,0.00000,0.00000,1.00000
-642109.21423,-887774.97923,227.57300,451494953.52232,12.80000,224689.00000,4.76000,0.00000,0.00000,1.00000
-642240.68704,-888049.60259,225.89400,451494953.56848,12.51000,430755.00000,3.28000,0.00000,0.00000,1.00000
-642207.20877,-888395.56045,220.19600,451494953.61463,12.47000,618841.00000,2.26000,0.00000,0.00000,1.00000
-641788.39906,-888908.19041,205.93300,451494953.66079,12.60000,920231.00000,1.75000,0.00000,0.00000,1.00000
-641748.22880,-889257.02703,197.06400,451494953.70695,13.22000,3882283.00000,2.43000,0.00000,0.00000,1.00000
-640923.94413,-889944.97837,182.99000,451494953.75311,13.94000,5200283.00000,3.40000,0.00000,0.00000,1.00000
-641607.08830,-889981.03604,186.86000,451494953.79927,14.73000,246423.00000,7.61000,0.00000,0.00000,1.00000
-639616.53713,-891173.25969,182.81400,451494953.84542,15.42000,135851.00000,12.97000,0.00000,0.00000,1.00000
-638792.83183,-891860.87531,186.23300,451494953.89158,15.27000,321190.00000,8.05000,0.00000,0.00000,1.00000
-639021.11397,-892093.62385,189.30900,451494953.93774,14.77000,91876.00000,6.72000,0.00000,0.00000,1.00000
-640510.44358,-891781.11385,189.92200,451494953.98390,14.75000,112949.00000,10.24000,0.00000,0.00000,1.00000
-641393.29682,-891730.83447,191.61100,451494954.03006,13.89000,989223.00000,5.42000,0.00000,0.00000,1.00000
-642627.44790,-891528.65692,205.72700,451494954.07621,13.23000,4721561.00000,2.38000,0.00000,0.00000,1.00000
-642909.83092,-891738.04509,209.83900,451494954.12237,13.27000,200500.00000,6.27000,0.00000,0.00000,1.00000
-643088.69044,-891992.18753,210.19200,451494954.16853,12.80000,284904.00000,4.18000,0.00000,0.00000,1.00000
-643369.08750,-892202.43224,207.83800,451494954.21469,12.54000,1567978.00000,2.36000,0.00000,0.00000,1.00000
-644162.63092,-893516.76736,184.33900,451494954.44548,16.72000,652489.00000,5.13000,0.00000,0.00000,1.00000
