-636111.25817,-873266.05376,211.81700,546942587.71477,12.63000,862479.00000,2.31000,0.00000,0.00000,1.00000
-634437.41822,-877691.95368,206.34200,546942588.23153,13.99000,217947.00000,10.97000,0.00000,0.00000,1.00000
-635192.74917,-877701.24347,208.40600,546942588.27851,14.08000,284563.00000,6.86000,0.00000,0.00000,1.00000
-635317.47555,-877983.66516,209.33400,546942588.32549,13.81000,381976.00000,7.96000,0.00000,0.00000,1.00000
-635483.47142,-878248.20528,209.38400,546942588.37247,13.96000,288565.00000,10.35000,0.00000,0.00000,1.00000
-635826.74533,-878435.97884,211.03300,546942588.41945,13.68000,534532.00000,7.19000,0.00000,0.00000,1.00000
-636054.30600,-878673.85122,213.17600,546942588.46643,13.00000,1197592.00000,6.95000,0.00000,0.00000,1.00000
-636249.39807,-878925.81036,214.43000,546942588.51341,12.26000,1998123.00000,6.02000,0.00000,0.00000,1.00000
-636486.43764,-879159.59089,214.85900,546942588.56039,12.15000,4825436.00000,5.43000,0.00000,0.00000,1.00000
-636070.54268,-879676.14067,204.01100,546942588.60737,11.96000,588063.00000,5.14000,0.00000,0.00000,1.00000
-636902.34073,-879652.36712,212.85800,546942588.65434,11.61000,3689950.00000,4.85000,0.00000,0.00000,1.00000
-637135.32684,-879887.91955,212.07100,546942588.70132,10.54000,3404745.00000,5.57000,0.00000,0.00000,1.00000
-637488.73773,-880071.31903,216.49900,546942588.74830,9.93000,1578063.00000,5.43000,0.00000,0.00000,1.00000
-637354.28455,-880465.97590,216.27700,546942588.79528,12.98000,422008.00000,8.99000,0.00000,0.00000,1.00000
-636522.87498,-881162.43656,212.05400,546942588.84226,13.84000,102674.00000,13.98000,0.00000,0.00000,1.00000
-635025.58279,-882147.16089,211.94200,546942588.88924,12.61000,259273.00000,16.35000,0.00000,0.00000,1.00000
-634899.22194,-882538.27830,214.62000,546942588.93621,10.07000,86779.00000,14.45000,0.00000,0.00000,1.00000
-636022.00855,-882388.57046,220.09300,546942588.98319,7.77000,548226.00000,5.78000,0.00000,0.00000,1.00000
-636220.46154,-882639.08014,221.81900,546942589.03017,8.91000,383675.00000,11.84000,0.00000,0.00000,1.00000
-636113.72107,-883021.70615,220.95900,546942589.07715,9.53000,209798.00000,11.11000,0.00000,0.00000,1.00000
-635568.48788,-883594.18106,218.03500,546942589.12413,10.77000,347123.00000,8.17000,0.00000,0.00000,1.00000
-635677.60028,-883883.35498,213.95400,546942589.17110,12.18000,487991.00000,13.36000,0.00000,0.00000,1.00000
-635994.46636,-884082.59628,213.64900,546942589.21808,11.85000,122935.00000,14.35000,0.00000,0.00000,1.00000
-637599.78583,-883724.04827,216.03500,546942589.26506,9.85000,604665.00000,11.19000,0.00000,0.00000,1.00000
-638083.81098,-883850.94284,216.33100,546942589.31204,9.66000,55624.00000,10.00000,0.00000,0.00000,1.00000
-639547.04474,-883553.92166,222.14600,546942589.35901,11.94000,704373.00000,7.04000,0.00000,0.00000,1.00000
-636800.41319,-885079.39310,207.68000,546942589.40599,14.22000,1185328.00000,7.25000,0.00000,0.00000,1.00000
-636814.09471,-885409.87578,204.22900,546942589.45297,14.45000,1264284.00000,7.11000,0.00000,0.00000,1.00000
-636996.96667,-885667.13634,202.61800,546942589.49995,13.59000,1447050.00000,3.90000,0.00000,0.00000,1.00000
-640989.07971,-884275.46108,243.54500,546942589.54693,12.94000,132058.00000,3.43000,0.00000,0.00000,1.00000
-641140.84956,-884546.22718,243.02800,546942589.59390,12.58000,219062.00000,5.27000,0.00000,0.00000,1.00000
-641280.42940,-884822.27304,244.11800,546942589.64088,12.18000,180373.00000,4.10000,0.00000,0.00000,1.00000
-641208.87683,-885189.70804,242.22800,546942589.68786,11.93000,150011.00000,4.25000,0.00000,0.00000,1.00000
-635016.65051,-888206.28394,176.03900,546942589.73484,12.41000,569820.00000,3.23000,0.00000,0.00000,1.00000
-634784.59229,-888643.08138,174.72000,546942589.78182,13.05000,1433329.00000,4.93000,0.00000,0.00000,1.00000
-641024.00330,-886279.10328,229.02100,546942589.82879,13.32000,420252.00000,5.11000,0.00000,0.00000,1.00000
-641074.91973,-886593.51891,228.25400,546942589.87577,13.42000,570535.00000,3.74000,0.00000,0.00000,1.00000
-641102.14316,-886918.17844,226.69400,546942589.92275,13.37000,276070.00000,5.06000,0.00000,0.00000,1.00000
-641217.36063,-887204.78135,225.31200,546942589.96973,13.43000,399961.00000,5.22000,0.00000,0.00000,1.00000
-641479.42225,-887427.80463,224.90000,546942590.01670,13.47000,249465.00000,6.19000,0.00000,0.00000,1.00000
-641797.65269,-887626.52852,226.50400,546942590.06368,13.34000,274136.00000,5.21000,0.00000,0.00000,1.00000
-641983.91299,-887882.37003,226.65600,546942590.11066,12.90000,1240124.00000,4.14000,0.00000,0.00000,1.00000
-642020.61589,-888202.95016,224.24700,546942590.15763,12.43000,1390173.00000,2.25000,0.00000,0.00000,1.00000
-641439.88549,-889800.08833,188.35500,546942590.34555,13.59000,327131.00000,6.44000,0.00000,0.00000,1.00000
-640105.92318,-890713.76153,182.07200,546942590.39252,14.83000,232380.00000,19.66000,0.00000,0.00000,1.00000
-639106.29112,-891482.71418,182.66300,546942590.43950,14.62000,744008.00000,7.89000,0.00000,0.00000,1.00000
-638363.18466,-892140.64448,189.79600,546942590.48648,14.30000,693551.00000,6.17000,0.00000,0.00000,1.00000
-638591.37342,-892378.33421,190.94800,546942590.53346,14.35000,612761.00000,7.59000,0.00000,0.00000,1.00000
-640012.21419,-892100.03164,190.09800,546942590.58044,14.24000,44909.00000,15.74000,0.00000,0.00000,1.00000
-641246.25333,-891902.56119,191.98900,546942590.62741,12.46000,1555673.00000,5.52000,0.00000,0.00000,1.00000
-642667.74582,-891623.98241,207.89800,546942590.67439,11.26000,4099643.00000,3.14000,0.00000,0.00000,1.00000
-642911.51750,-891854.97437,210.29100,546942590.72137,10.69000,309817.00000,5.16000,0.00000,0.00000,1.00000
-643130.25778,-892096.80361,209.53900,546942590.76835,10.13000,699077.00000,3.27000,0.00000,0.00000,1.00000
-644042.75117,-893720.85651,183.75100,546942591.05023,12.45000,290921.00000,5.16000,0.00000,0.00000,1.00000
-666123.09647,-851715.96853,273.96100,548359210.25986,14.39000,7826898.00000,2.67000,0.00000,0.00000,0.00000
-666217.12670,-851118.33591,277.07800,548359210.30695,14.42000,612856.00000,3.34000,0.00000,0.00000,0.00000
-666166.38008,-850695.20437,278.50100,548359210.35404,14.49000,449941.00000,4.45000,0.00000,0.00000,0.00000
-666113.75456,-850274.35157,279.25300,548359210.40112,14.52000,1606174.00000,4.24000,0.00000,0.00000,0.00000
-665943.21389,-849995.57587,278.94900,548359210.44821,14.53000,7437048.00000,2.65000,0.00000,0.00000,0.00000
-665688.26494,-849818.54521,277.32700,548359210.49529,15.10000,4170560.00000,4.19000,0.00000,0.00000,0.00000
-663888.59641,-851502.79075,260.21600,548359210.54238,15.33000,2223730.00000,4.56000,0.00000,0.00000,0.00000
-663348.73186,-851669.01302,258.26400,548359210.58946,15.59000,1121262.00000,5.08000,0.00000,0.00000,0.00000
-662758.38134,-851896.02733,256.74800,548359210.63655,15.84000,1370811.00000,5.08000,0.00000,0.00000,0.00000
-664016.15280,-849896.36595,263.46800,548359210.68363,16.13000,2463030.00000,6.16000,0.00000,0.00000,0.00000
-663619.21152,-849890.37004,261.96900,548359210.73072,16.24000,2247859.00000,6.13000,0.00000,0.00000,0.00000
-662996.33971,-850156.60122,259.61300,548359210.77780,16.31000,1604299.00000,6.09000,0.00000,0.00000,0.00000
-662594.68648,-850156.28761,258.25600,548359210.82489,16.32000,2313187.00000,4.83000,0.00000,0.00000,0.00000
-662527.46663,-849753.04328,261.82200,548359210.87197,16.35000,3761506.00000,4.07000,0.00000,0.00000,0.00000
-662068.74241,-849821.48565,260.65300,548359210.91906,16.28000,1974441.00000,4.09000,0.00000,0.00000,0.00000
-661625.58433,-849871.17016,259.86100,548359210.96615,16.47000,3455185.00000,5.35000,0.00000,0.00000,0.00000
-661253.64217,-849835.02462,258.75300,548359211.01323,16.72000,558188.00000,4.76000,0.00000,0.00000,0.00000
-660980.77841,-849679.55644,257.63300,548359211.06032,16.94000,292014.00000,7.06000,0.00000,0.00000,0.00000
-660992.82580,-849180.83576,257.41500,548359211.10740,17.22000,271525.00000,12.18000,0.00000,0.00000,0.00000
-660942.61728,-848757.14284,258.33600,548359211.15449,16.73000,530617.00000,8.35000,0.00000,0.00000,0.00000
-660952.78422,-848260.70527,259.92900,548359211.20158,16.19000,176641.00000,9.68000,0.00000,0.00000,0.00000
-660933.71094,-847799.50831,261.10800,548359211.24866,16.50000,150717.00000,11.41000,0.00000,0.00000,0.00000
-660656.60797,-847649.14489,261.09700,548359211.29575,16.01000,93848.00000,9.97000,0.00000,0.00000,0.00000
-660373.84602,-847505.60134,260.75000,548359211.34284,15.69000,89906.00000,12.81000,0.00000,0.00000,0.00000
-659670.30317,-847868.92187,258.82600,548359211.38992,15.47000,75932.00000,9.69000,0.00000,0.00000,0.00000
-659109.68900,-848060.06063,257.75400,548359211.43701,15.19000,509350.00000,6.48000,0.00000,0.00000,0.00000
-658668.41346,-848107.41547,255.39700,548359211.48410,15.02000,955504.00000,6.17000,0.00000,0.00000,0.00000
-658385.64912,-847963.84654,252.97200,548359211.53119,15.27000,817723.00000,6.17000,0.00000,0.00000,0.00000
-658082.60351,-847844.71301,252.03600,548359211.57827,15.27000,707234.00000,7.14000,0.00000,0.00000,0.00000
-658450.40320,-846917.57969,250.52700,548359211.62536,15.59000,288486.00000,7.54000,0.00000,0.00000,0.00000
-664770.30344,-874628.63306,262.25400,548531860.70968,15.87000,2408717.00000,5.58000,0.00000,0.00000,0.00000
-664301.84161,-874700.40677,262.10300,548531860.75677,16.38000,2231300.00000,6.28000,0.00000,0.00000,0.00000
-664075.39499,-874489.23012,262.55400,548531860.80385,16.54000,685020.00000,8.13000,0.00000,0.00000,0.00000
-665484.41250,-872365.88160,262.84300,548531860.85094,16.61000,790720.00000,7.28000,0.00000,0.00000,0.00000
-664436.88618,-873114.72196,257.58100,548531860.89802,16.34000,553836.00000,7.27000,0.00000,0.00000,0.00000
-663608.29801,-873607.55303,254.22400,548531860.94511,16.07000,507993.00000,5.82000,0.00000,0.00000,0.00000
-663233.47041,-873569.83236,251.62600,548531860.99219,15.94000,323993.00000,6.09000,0.00000,0.00000,0.00000
-664908.05058,-871136.11470,269.04700,548531861.03928,15.37000,280801.00000,5.05000,0.00000,0.00000,0.00000
-661917.17645,-874156.84466,246.70800,548531861.08636,15.10000,674638.00000,4.62000,0.00000,0.00000,0.00000
-661433.80889,-874245.98514,244.87000,548531861.13345,15.18000,478002.00000,4.23000,0.00000,0.00000,0.00000
-660971.08893,-874310.98140,243.20200,548531861.18053,15.02000,531687.00000,3.87000,0.00000,0.00000,0.00000
-663360.84040,-871041.45019,268.77400,548531861.22762,14.82000,432111.00000,3.40000,0.00000,0.00000,0.00000
-662956.74750,-871037.97009,267.68300,548531861.27470,14.76000,302203.00000,3.57000,0.00000,0.00000,0.00000
-662600.67695,-870978.35533,265.91300,548531861.32179,14.61000,2084061.00000,2.88000,0.00000,0.00000,0.00000
-662174.02087,-871001.25614,263.29900,548531861.36888,14.57000,902590.00000,2.92000,0.00000,0.00000,0.00000
-661780.49479,-870985.41281,260.15400,548531861.41596,14.72000,341344.00000,2.56000,0.00000,0.00000,0.00000
-661361.03208,-870999.87949,256.93000,548531861.46305,14.74000,1027053.00000,3.23000,0.00000,0.00000,0.00000
-660949.73382,-871004.80162,253.31700,548531861.51013,14.74000,532902.00000,3.85000,0.00000,0.00000,0.00000
-660558.60486,-870986.14331,249.75200,548531861.55722,14.78000,1151514.00000,4.32000,0.00000,0.00000,0.00000
-660118.48350,-871024.73142,246.69000,548531861.60431,15.30000,546128.00000,5.12000,0.00000,0.00000,0.00000
-659628.42099,-871121.69723,244.61100,548531861.65139,16.00000,357177.00000,7.56000,0.00000,0.00000,0.00000
-659156.12058,-871197.88392,243.15900,548531861.69848,16.54000,387497.00000,9.42000,0.00000,0.00000,0.00000
-658476.34625,-871516.54346,243.77000,548531861.74556,17.24000,1389004.00000,9.36000,0.00000,0.00000,0.00000
-659188.83463,-870207.98681,236.61000,548531861.79265,17.52000,1050954.00000,9.38000,0.00000,0.00000,0.00000
-659941.17600,-868852.83451,236.52800,548531861.83974,17.99000,137124.00000,12.16000,0.00000,0.00000,0.00000
-660082.63754,-868211.67565,238.70000,548531861.88682,17.65000,308761.00000,10.37000,0.00000,0.00000,0.00000
-660049.77797,-867774.27555,240.03100,548531861.93391,16.51000,584050.00000,10.67000,0.00000,0.00000,0.00000
-659934.32293,-867433.42152,240.31100,548531861.98100,14.87000,952283.00000,10.39000,0.00000,0.00000,0.00000
-660178.56232,-866672.17004,244.28000,548531862.02808,12.57000,864174.00000,4.87000,0.00000,0.00000,0.00000
-660113.06704,-866272.95135,243.73000,548531862.07517,9.92000,3992561.00000,3.17000,0.00000,0.00000,0.00000
-657279.85200,-869108.38647,214.37600,548531862.12226,10.49000,231364.00000,2.88000,0.00000,0.00000,0.00000
-656730.68852,-869274.35879,204.79400,548531862.16935,12.48000,1539040.00000,7.90000,0.00000,0.00000,0.00000
-657273.73311,-868163.95168,203.38000,548531862.21643,16.19000,228884.00000,14.69000,0.00000,0.00000,0.00000
-656763.01723,-868285.01711,203.79400,548531862.26352,17.43000,83443.00000,18.79000,0.00000,0.00000,0.00000
-656629.81004,-867964.90347,205.94300,548531862.31061,17.15000,446021.00000,14.74000,0.00000,0.00000,0.00000
-656706.01886,-867400.08090,206.38300,548531862.35770,16.99000,269950.00000,13.04000,0.00000,0.00000,0.00000
-656662.15866,-866975.58733,206.81700,548531862.40479,17.29000,975410.00000,13.22000,0.00000,0.00000,0.00000
-655929.54247,-867355.92418,213.20400,548531862.45188,17.37000,2843180.00000,9.91000,0.00000,0.00000,0.00000
-655834.29667,-866991.48306,214.63900,548531862.49896,17.00000,1090920.00000,9.93000,0.00000,0.00000,0.00000
-655619.93269,-866766.22651,215.51900,548531862.54605,16.23000,1633368.00000,8.60000,0.00000,0.00000,0.00000
-656012.66852,-865831.57414,219.55100,548531862.59314,15.31000,804745.00000,8.15000,0.00000,0.00000,0.00000
-655723.86845,-865693.32144,224.33300,548531862.64023,14.42000,668520.00000,4.80000,0.00000,0.00000,0.00000
-656179.99930,-864684.62045,229.91900,548531862.68731,14.44000,1177262.00000,7.04000,0.00000,0.00000,0.00000
-656694.71436,-863607.47477,237.30200,548531862.73440,14.74000,982669.00000,8.55000,0.00000,0.00000,0.00000
-656757.00877,-863059.00150,241.50000,548531862.78149,15.28000,1796990.00000,6.59000,0.00000,0.00000,0.00000
-656591.17452,-862777.09448,243.68300,548531862.82858,15.89000,358015.00000,6.73000,0.00000,0.00000,0.00000
-656090.60225,-862886.33263,241.11500,548531862.87566,16.20000,201624.00000,14.03000,0.00000,0.00000,0.00000
-655253.83108,-863388.39889,237.55600,548531862.92275,15.56000,183419.00000,8.25000,0.00000,0.00000,0.00000
-654943.44685,-863275.39092,236.61800,548531862.96984,15.04000,871346.00000,6.50000,0.00000,0.00000,0.00000
-655047.07804,-862678.65756,237.80200,548531863.01692,15.17000,581646.00000,11.45000,0.00000,0.00000,0.00000
-653792.43323,-863668.91884,236.73300,548531863.06401,14.94000,2263856.00000,6.12000,0.00000,0.00000,0.00000
-653117.00411,-863982.37313,238.51400,548531863.11110,15.37000,329563.00000,8.61000,0.00000,0.00000,0.00000
-652870.49833,-863794.71098,239.76700,548531863.15818,16.09000,230877.00000,16.33000,0.00000,0.00000,0.00000
-652385.27884,-863885.93739,241.82200,548531863.20527,16.08000,242969.00000,12.67000,0.00000,0.00000,0.00000
-651113.76622,-864895.71264,247.14500,548531863.25236,16.11000,977147.00000,10.14000,0.00000,0.00000,0.00000
-651172.28080,-864351.73052,248.48200,548531863.29944,15.90000,1480250.00000,10.28000,0.00000,0.00000,0.00000
-650595.31084,-864550.08902,250.91900,548531863.34653,15.65000,834625.00000,10.27000,0.00000,0.00000,0.00000
-650144.19114,-864601.42609,254.28200,548531863.39362,15.30000,1428602.00000,7.84000,0.00000,0.00000,0.00000
-650043.23278,-864243.73545,252.44100,548531863.44071,15.10000,745096.00000,8.97000,0.00000,0.00000,0.00000
-649949.48010,-863877.61912,251.30800,548531863.48779,14.99000,1390876.00000,9.33000,0.00000,0.00000,0.00000
-650017.13637,-863322.99749,249.26900,548531863.53488,15.00000,2322776.00000,7.64000,0.00000,0.00000,0.00000
-650375.39281,-862428.91748,241.42000,548531863.58197,15.16000,1244990.00000,6.35000,0.00000,0.00000,0.00000
-650098.64006,-862276.57656,242.83600,548531863.62906,15.35000,832974.00000,8.44000,0.00000,0.00000,0.00000
-650784.50165,-860999.85392,244.28900,548531863.67615,15.34000,247506.00000,7.30000,0.00000,0.00000,0.00000
-650679.24407,-860647.23162,245.65500,548531863.72323,15.37000,1488888.00000,5.27000,0.00000,0.00000,0.00000
-650412.59520,-860483.12195,245.58500,548531863.77032,15.75000,1646690.00000,6.37000,0.00000,0.00000,0.00000
-650024.90046,-860460.39743,245.31700,548531863.81741,15.91000,991326.00000,5.77000,0.00000,0.00000,0.00000
-649607.43113,-860472.46090,244.40700,548531863.86450,15.97000,312058.00000,6.35000,0.00000,0.00000,0.00000
-649255.77205,-860407.66031,243.11900,548531863.91159,16.45000,72485.00000,10.03000,0.00000,0.00000,0.00000
-649242.27581,-859947.87108,243.43500,548531863.95867,16.49000,98828.00000,10.91000,0.00000,0.00000,0.00000
-649129.35341,-859604.22162,243.50400,548531864.00576,16.77000,145608.00000,8.56000,0.00000,0.00000,0.00000
-648773.36991,-859544.45667,242.97900,548531864.05285,16.67000,641674.00000,6.21000,0.00000,0.00000,0.00000
-648367.92108,-859542.48447,242.63200,548531864.09994,16.28000,825975.00000,5.48000,0.00000,0.00000,0.00000
-647898.56861,-859615.10581,240.53400,548531864.14703,16.42000,799086.00000,5.47000,0.00000,0.00000,0.00000
-647565.64383,-859528.39737,240.11300,548531864.19412,16.72000,903870.00000,6.49000,0.00000,0.00000,0.00000
-647258.17989,-859411.95469,238.10400,548531864.24120,16.56000,2035604.00000,7.32000,0.00000,0.00000,0.00000
-646967.04740,-859276.42836,237.22500,548531864.28829,16.81000,450170.00000,9.10000,0.00000,0.00000,0.00000
-646746.53780,-859058.44283,236.34300,548531864.33538,16.73000,94300.00000,10.40000,0.00000,0.00000,0.00000
-657055.87539,-886330.71210,226.56100,548704512.94122,13.27000,318287.00000,6.06000,0.00000,0.00000,0.00000
-657062.79717,-885855.15314,225.40000,548704512.98830,14.25000,774388.00000,7.20000,0.00000,0.00000,0.00000
-657314.01165,-885102.55488,230.28500,548704513.03538,14.40000,766728.00000,5.78000,0.00000,0.00000,0.00000
-656472.69128,-885588.93108,226.99900,548704513.08246,14.45000,528977.00000,5.54000,0.00000,0.00000,0.00000
-656081.85709,-885564.43584,233.24500,548704513.12954,14.17000,6191602.00000,4.65000,0.00000,0.00000,0.00000
-655557.64107,-885691.17127,231.78600,548704513.17663,14.07000,1404833.00000,4.90000,0.00000,0.00000,0.00000
-655014.37408,-885839.51731,230.41500,548704513.22371,14.16000,1134193.00000,5.98000,0.00000,0.00000,0.00000
-654455.46441,-886005.58600,229.47800,548704513.27079,14.61000,1778356.00000,5.21000,0.00000,0.00000,0.00000
-654212.70819,-885813.15424,223.78400,548704513.31787,15.70000,1277563.00000,9.46000,0.00000,0.00000,0.00000
-653214.97360,-886476.75122,223.64500,548704513.36495,16.51000,2841817.00000,8.74000,0.00000,0.00000,0.00000
-653023.03545,-886226.69168,226.00300,548704513.41204,16.41000,456052.00000,9.95000,0.00000,0.00000,0.00000
-654875.60229,-883658.48141,231.20900,548704513.45912,16.48000,631776.00000,7.49000,0.00000,0.00000,0.00000
-653130.75397,-885169.20184,222.73900,548704513.50620,16.47000,2715245.00000,7.39000,0.00000,0.00000,0.00000
-652564.02519,-885344.10137,220.05200,548704513.55328,16.53000,681158.00000,8.67000,0.00000,0.00000,0.00000
-652161.96086,-885332.27320,217.56400,548704513.60036,17.17000,272453.00000,11.67000,0.00000,0.00000,0.00000
-652339.48362,-884663.37763,217.76900,548704513.64745,16.63000,740653.00000,9.64000,0.00000,0.00000,0.00000
-653413.19813,-882978.40050,225.53000,548704513.69453,15.86000,978164.00000,6.60000,0.00000,0.00000,0.00000
-652855.77123,-883142.76892,223.40100,548704513.74161,15.29000,843671.00000,8.24000,0.00000,0.00000,0.00000
-652438.09382,-883148.66851,220.70300,548704513.78869,14.46000,509192.00000,6.72000,0.00000,0.00000,0.00000
-652094.21214,-883070.91361,217.59800,548704513.83577,13.67000,371874.00000,5.89000,0.00000,0.00000,0.00000
-651544.11082,-883226.94659,211.06100,548704513.88286,13.29000,764119.00000,7.20000,0.00000,0.00000,0.00000
-651480.72262,-882831.17512,208.87800,548704513.92994,13.16000,772595.00000,5.91000,0.00000,0.00000,0.00000
-651361.15254,-882499.12327,204.50500,548704513.97702,14.05000,286416.00000,10.89000,0.00000,0.00000,0.00000
-651543.59340,-881824.70029,203.65300,548704514.02411,15.83000,189876.00000,12.75000,0.00000,0.00000,0.00000
-651632.69062,-881256.09698,204.62400,548704514.07119,17.23000,490692.00000,17.14000,0.00000,0.00000,0.00000
-651312.75755,-881151.19181,203.96000,548704514.11827,17.14000,321150.00000,14.98000,0.00000,0.00000,0.00000
-650799.79423,-881265.10916,202.20700,548704514.16535,16.86000,1249617.00000,12.33000,0.00000,0.00000,0.00000
-650291.71816,-881373.48655,200.95500,548704514.21244,16.62000,866659.00000,12.29000,0.00000,0.00000,0.00000
-649425.89355,-881887.35221,199.47900,548704514.25952,16.20000,1364031.00000,10.88000,0.00000,0.00000,0.00000
-648704.23441,-882237.78629,201.42600,548704514.30660,15.15000,872184.00000,5.67000,0.00000,0.00000,0.00000
-647323.74277,-883334.92235,201.46800,548704514.35369,14.38000,1619491.00000,6.19000,0.00000,0.00000,0.00000
-647146.04206,-883068.75356,210.94000,548704514.40077,14.30000,3010081.00000,6.57000,0.00000,0.00000,0.00000
-646324.17147,-883532.66440,216.59000,548704514.44785,14.15000,578299.00000,5.98000,0.00000,0.00000,0.00000
-645556.07479,-883935.61598,225.62700,548704514.49494,14.25000,1867379.00000,4.35000,0.00000,0.00000,0.00000
-645149.15958,-883929.23022,229.89200,548704514.54202,14.47000,2333165.00000,5.41000,0.00000,0.00000,0.00000
-645839.44541,-882679.38441,216.13700,548704514.58910,14.79000,917091.00000,4.75000,0.00000,0.00000,0.00000
-646132.90163,-881879.28561,212.29700,548704514.63618,14.77000,1734890.00000,4.19000,0.00000,0.00000,0.00000
-646183.93363,-881353.90688,212.89600,548704514.68326,14.64000,796808.00000,6.59000,0.00000,0.00000,0.00000
-645118.20160,-882094.17022,222.33800,548704514.73035,14.51000,422051.00000,4.50000,0.00000,0.00000,0.00000
-644412.17704,-882426.74121,228.83000,548704514.77743,14.06000,2085633.00000,5.43000,0.00000,0.00000,0.00000
-645157.75123,-881114.34027,227.85000,548704514.82451,13.37000,487202.00000,6.07000,0.00000,0.00000,0.00000
-644591.02352,-881289.06191,231.40400,548704514.87159,12.30000,4277314.00000,2.86000,0.00000,0.00000,0.00000
-644614.72608,-880794.71240,240.89200,548704514.91867,11.84000,3281844.00000,2.58000,0.00000,0.00000,0.00000
-644981.02085,-879912.13123,252.69200,548704514.96576,11.53000,5709981.00000,2.32000,0.00000,0.00000,0.00000
-645022.78526,-879397.32655,256.89800,548704515.01284,10.73000,478981.00000,2.93000,0.00000,0.00000,0.00000
-644864.17614,-879109.59593,258.77600,548704515.05992,10.18000,1101800.00000,2.88000,0.00000,0.00000,0.00000
-644712.41130,-878814.11553,255.72600,548704515.10700,10.00000,1330939.00000,3.35000,0.00000,0.00000,0.00000
-645519.03542,-877432.58959,250.27700,548704515.15408,10.25000,1749860.00000,7.94000,0.00000,0.00000,0.00000
-645659.04485,-876806.50771,255.04100,548704515.20117,9.35000,449749.00000,4.67000,0.00000,0.00000,0.00000
-645141.25187,-876925.83358,248.35600,548704515.24825,8.80000,1144907.00000,2.88000,0.00000,0.00000,0.00000
-644961.65309,-876661.91859,242.97900,548704515.29533,8.85000,1053147.00000,3.82000,0.00000,0.00000,0.00000
-644774.71874,-876406.30980,240.54000,548704515.34241,8.31000,1674449.00000,2.83000,0.00000,0.00000,0.00000
-643592.21718,-877278.79790,234.95000,548704515.38949,7.84000,536700.00000,2.79000,0.00000,0.00000,0.00000
-644531.83010,-875746.71295,246.38600,548704515.43658,7.75000,3219221.00000,2.50000,0.00000,0.00000,0.00000
-641443.62457,-878778.38639,227.99600,548704515.48366,8.08000,1574146.00000,2.70000,0.00000,0.00000,0.00000
-643478.64331,-876005.25941,234.64200,548704515.53074,8.16000,4081065.00000,3.56000,0.00000,0.00000,0.00000
-643122.61920,-875941.26898,231.71600,548704515.57782,8.20000,3402605.00000,2.99000,0.00000,0.00000,0.00000
-642855.05359,-875777.02776,229.74400,548704515.62490,8.74000,1716828.00000,3.61000,0.00000,0.00000,0.00000
-641887.08094,-876406.34374,224.21600,548704515.67199,9.40000,2162064.00000,3.15000,0.00000,0.00000,0.00000
-642459.22777,-875290.72173,223.51500,548704515.71907,10.49000,649635.00000,5.05000,0.00000,0.00000,0.00000
-642881.80247,-874344.55746,225.30200,548704515.76615,11.41000,696929.00000,7.69000,0.00000,0.00000,0.00000
-642704.67015,-874077.88638,226.50900,548704515.81324,11.57000,973531.00000,8.42000,0.00000,0.00000,0.00000
-641995.75305,-874413.69282,226.61500,548704515.86032,11.98000,484569.00000,8.30000,0.00000,0.00000,0.00000
-641618.22660,-874374.05233,227.48500,548704515.90740,12.47000,471793.00000,7.62000,0.00000,0.00000,0.00000
-641840.90872,-873654.39974,229.28200,548704515.95449,12.69000,1219273.00000,5.10000,0.00000,0.00000,0.00000
-641267.86836,-873836.23220,226.61600,548704516.00157,13.30000,2429913.00000,5.15000,0.00000,0.00000,0.00000
-640914.29827,-873769.44438,225.72100,548704516.04865,14.04000,1089510.00000,4.33000,0.00000,0.00000,0.00000
-640784.58874,-873449.02631,219.44800,548704516.09574,14.19000,3641392.00000,4.86000,0.00000,0.00000,0.00000
-640315.17371,-873513.47121,220.23900,548704516.14282,13.86000,1287852.00000,5.94000,0.00000,0.00000,0.00000
-639927.37986,-873485.42354,219.84000,548704516.18991,13.77000,1423320.00000,7.14000,0.00000,0.00000,0.00000
-639531.77220,-873466.23942,218.66600,548704516.23699,13.88000,2247228.00000,5.81000,0.00000,0.00000,0.00000
-639121.00721,-873464.20909,217.05300,548704516.28407,13.83000,3271402.00000,4.53000,0.00000,0.00000,0.00000
-638427.21490,-873782.76108,216.95500,548704516.33116,13.80000,2626712.00000,4.13000,0.00000,0.00000,0.00000
-638844.50504,-872842.76224,212.35900,548704516.37824,14.13000,801243.00000,4.52000,0.00000,0.00000,0.00000
-638817.47126,-872406.08492,211.74700,548704516.42533,15.08000,339251.00000,10.00000,0.00000,0.00000,0.00000
-638197.00331,-872641.57248,212.56200,548704516.47241,15.46000,597055.00000,10.20000,0.00000,0.00000,0.00000
-638012.08184,-872383.73114,214.46800,548704516.51950,14.98000,346959.00000,7.89000,0.00000,0.00000,0.00000
-638117.52304,-871797.00552,213.03000,548704516.56658,14.52000,1669156.00000,6.54000,0.00000,0.00000,0.00000
-638607.67184,-870774.54497,214.29600,548704516.61366,14.28000,1898770.00000,5.14000,0.00000,0.00000,0.00000
-637288.68233,-871801.20983,210.70000,548704516.66075,14.09000,801551.00000,4.88000,0.00000,0.00000,0.00000
-637290.99132,-871331.32494,223.64800,548704516.70783,14.00000,3376412.00000,4.16000,0.00000,0.00000,0.00000
-643437.06450,-893807.92531,179.99000,548877166.22344,11.47000,375485.00000,6.89000,0.00000,0.00000,0.00000
-643245.02780,-893559.40551,179.43300,548877166.27052,11.69000,1548975.00000,4.24000,0.00000,0.00000,0.00000
-638056.10093,-890990.78916,175.31500,548877167.11785,14.04000,1367696.00000,4.31000,0.00000,0.00000,0.00000
-637728.40884,-890891.40713,175.39200,548877167.16492,14.56000,579096.00000,5.46000,0.00000,0.00000,0.00000
-637126.86330,-891093.08307,172.09700,548877167.21200,14.99000,1099403.00000,5.26000,0.00000,0.00000,0.00000
-636014.33013,-888179.75607,176.84400,548877167.63567,14.81000,760348.00000,5.71000,0.00000,0.00000,0.00000
-635674.73948,-888093.47750,176.95400,548877167.68274,14.42000,1745674.00000,4.56000,0.00000,0.00000,0.00000
-634119.12963,-888424.64022,183.72100,548877167.82397,13.18000,190053.00000,11.04000,0.00000,0.00000,0.00000
-634585.76328,-887452.26758,190.51100,548877167.87104,12.46000,871366.00000,9.70000,0.00000,0.00000,0.00000
-651982.25551,-853316.59974,242.67300,549097774.60265,16.43000,2855546.00000,4.31000,0.00000,0.00000,1.00000
-650279.08544,-854447.88134,248.73600,549097774.64962,16.94000,617241.00000,4.92000,0.00000,0.00000,1.00000
-650701.22500,-854592.08955,247.00400,549097774.69659,17.24000,286860.00000,6.58000,0.00000,0.00000,1.00000
-651167.49779,-854715.81266,244.87300,549097774.74356,17.25000,306557.00000,8.62000,0.00000,0.00000,1.00000
-651312.85652,-854988.57037,243.63100,549097774.79053,17.33000,205599.00000,8.08000,0.00000,0.00000,1.00000
-651361.94792,-855306.04917,243.30200,549097774.83750,17.96000,226933.00000,7.79000,0.00000,0.00000,1.00000
-651423.73474,-855617.61856,243.01500,549097774.88447,17.77000,384213.00000,7.66000,0.00000,0.00000,1.00000
-651503.57323,-855920.81733,242.55200,549097774.93144,17.47000,455697.00000,8.35000,0.00000,0.00000,1.00000
-651575.38291,-856227.73148,243.19000,549097774.97841,17.34000,337761.00000,7.08000,0.00000,0.00000,1.00000
-651757.51371,-856483.42686,243.05700,549097775.02538,17.16000,432782.00000,7.00000,0.00000,0.00000,1.00000
-651914.90010,-856750.60953,242.17400,549097775.07235,16.85000,516932.00000,7.19000,0.00000,0.00000,1.00000
-652110.40439,-857000.10562,243.58800,549097775.11932,16.61000,131737.00000,7.27000,0.00000,0.00000,1.00000
-652408.86487,-857201.78162,244.32900,549097775.16629,16.51000,141770.00000,7.18000,0.00000,0.00000,1.00000
-652774.19011,-857372.42709,243.83800,549097775.21326,16.33000,181690.00000,7.95000,0.00000,0.00000,1.00000
-653099.39886,-857561.70176,242.97300,549097775.26023,16.40000,122132.00000,11.01000,0.00000,0.00000,1.00000
-654027.69410,-857470.93879,243.66100,549097775.30720,16.23000,252787.00000,8.73000,0.00000,0.00000,1.00000
-654608.31747,-857541.62601,245.93600,549097775.35417,16.28000,250658.00000,7.05000,0.00000,0.00000,1.00000
-654763.70461,-857809.77065,247.05000,549097775.40114,16.08000,197700.00000,7.45000,0.00000,0.00000,1.00000
-654814.77424,-858126.33101,249.07300,549097775.44811,15.68000,87220.00000,6.31000,0.00000,0.00000,1.00000
-654840.44734,-858454.71021,249.40100,549097775.49508,15.39000,123466.00000,6.39000,0.00000,0.00000,1.00000
-654901.54646,-858766.62184,248.77900,549097775.54205,15.45000,191781.00000,8.03000,0.00000,0.00000,1.00000
-655003.43503,-859059.60552,248.00500,549097775.58902,15.39000,217591.00000,7.45000,0.00000,0.00000,1.00000
-655212.30189,-859302.91817,246.53600,549097775.63599,15.19000,281842.00000,6.19000,0.00000,0.00000,1.00000
-655398.43410,-859556.78251,244.29100,549097775.68296,15.36000,350905.00000,6.92000,0.00000,0.00000,1.00000
-655155.28788,-860009.94618,243.63200,549097775.72992,15.12000,264526.00000,7.58000,0.00000,0.00000,1.00000
-654805.15011,-860512.77259,246.84000,549097775.77689,14.16000,372937.00000,8.45000,0.00000,0.00000,1.00000
-655490.76509,-860534.77491,249.24800,549097775.82386,13.14000,193548.00000,9.24000,0.00000,0.00000,1.00000
-656099.48206,-860592.47025,249.82300,549097775.87083,12.95000,839670.00000,7.51000,0.00000,0.00000,1.00000
-656671.43916,-860667.25840,249.93900,549097775.91780,14.10000,1905266.00000,4.37000,0.00000,0.00000,1.00000
-657509.51171,-860618.49988,255.00300,549097775.96477,15.37000,7407845.00000,4.38000,0.00000,0.00000,1.00000
-657935.02285,-860761.27397,257.16000,549097776.01174,15.52000,723720.00000,6.23000,0.00000,0.00000,1.00000
-658118.47828,-861016.40926,257.84600,549097776.05871,14.96000,547363.00000,4.64000,0.00000,0.00000,1.00000
-658046.50283,-861390.12042,254.96300,549097776.10567,14.80000,396000.00000,5.83000,0.00000,0.00000,1.00000
-657845.46720,-861823.74025,252.93600,549097776.15264,15.07000,236937.00000,6.11000,0.00000,0.00000,1.00000
-655075.92099,-863449.51259,235.81300,549097776.19961,14.89000,1032314.00000,4.39000,0.00000,0.00000,1.00000
-655068.76931,-863793.10274,236.39400,549097776.24658,14.65000,859525.00000,8.28000,0.00000,0.00000,1.00000
-655877.46134,-863758.05092,236.95700,549097776.29355,14.33000,877054.00000,9.72000,0.00000,0.00000,1.00000
-655982.64656,-864049.49883,235.82400,549097776.34052,14.15000,445642.00000,10.94000,0.00000,0.00000,1.00000
-655823.01714,-864463.85680,234.65000,549097776.38749,12.69000,676359.00000,4.74000,0.00000,0.00000,1.00000
-655973.66803,-864734.20392,230.52400,549097776.43446,12.16000,1502840.00000,3.29000,0.00000,0.00000,1.00000
-657114.74579,-864544.92606,222.01400,549097776.48142,12.45000,5327233.00000,2.70000,0.00000,0.00000,1.00000
-656501.68474,-865169.70867,222.66700,549097776.52839,12.41000,1509919.00000,2.84000,0.00000,0.00000,1.00000
-657929.69077,-864847.28722,211.10300,549097776.57536,12.57000,1379029.00000,2.46000,0.00000,0.00000,1.00000
-657668.39816,-865308.84770,207.59700,549097776.62233,14.00000,1986027.00000,4.36000,0.00000,0.00000,1.00000
-656665.39934,-866114.55834,212.14000,549097776.66930,14.37000,400147.00000,7.06000,0.00000,0.00000,1.00000
-657092.92885,-866256.44249,210.08800,549097776.71627,15.17000,1353662.00000,11.00000,0.00000,0.00000,1.00000
-656101.28067,-867056.85226,212.73200,549097776.76324,16.87000,229996.00000,13.62000,0.00000,0.00000,1.00000
-656665.23602,-867135.42912,211.93800,549097776.81021,16.59000,673325.00000,10.65000,0.00000,0.00000,1.00000
-656929.57697,-867353.04772,209.46000,549097776.85717,14.34000,1257161.00000,6.31000,0.00000,0.00000,1.00000
-656829.39762,-867739.77941,204.23700,549097776.90414,15.19000,742979.00000,7.41000,0.00000,0.00000,1.00000
-656780.06029,-868102.93611,203.91300,549097776.95111,16.03000,297867.00000,13.51000,0.00000,0.00000,1.00000
-656435.09587,-868603.24009,205.35200,549097776.99808,15.26000,129067.00000,6.49000,0.00000,0.00000,1.00000
-661043.33639,-866805.38094,246.63200,549097777.04505,15.00000,262671.00000,4.99000,0.00000,0.00000,1.00000
-660598.11062,-867352.26303,241.47200,549097777.09201,15.16000,157468.00000,9.33000,0.00000,0.00000,1.00000
-660026.46828,-867957.79913,238.87300,549097777.13898,15.58000,258567.00000,9.13000,0.00000,0.00000,1.00000
-660001.89636,-868309.50230,238.25900,549097777.18595,16.29000,222199.00000,14.55000,0.00000,0.00000,1.00000
-660472.89876,-868431.25517,238.86900,549097777.23292,16.76000,103851.00000,14.99000,0.00000,0.00000,1.00000
-660858.30032,-868592.74707,239.97000,549097777.27989,16.58000,275266.00000,9.45000,0.00000,0.00000,1.00000
-660827.02796,-868947.54835,240.24600,549097777.32685,16.56000,1031796.00000,9.08000,0.00000,0.00000,1.00000
-660788.38796,-869305.75410,240.79800,549097777.37382,16.39000,680718.00000,8.35000,0.00000,0.00000,1.00000
-660281.56978,-869881.16666,241.56600,549097777.42079,16.04000,299071.00000,7.21000,0.00000,0.00000,1.00000
-660335.22756,-870196.56476,243.19300,549097777.46775,15.75000,359627.00000,8.14000,0.00000,0.00000,1.00000
-659345.48739,-870995.95688,242.99700,549097777.51472,15.67000,1618032.00000,8.49000,0.00000,0.00000,1.00000
-659076.74817,-871460.88182,243.82400,549097777.56169,15.43000,632036.00000,8.40000,0.00000,0.00000,1.00000
-659428.68660,-871637.89470,244.46000,549097777.60865,15.14000,717353.00000,4.55000,0.00000,0.00000,1.00000
-662257.33484,-870666.05586,261.64300,549097777.65562,15.05000,1319121.00000,4.98000,0.00000,0.00000,1.00000
-662557.78522,-870866.98849,265.34200,549097777.70259,15.52000,730194.00000,5.68000,0.00000,0.00000,1.00000
-662781.98125,-871103.27680,267.01900,549097777.74955,15.87000,453204.00000,5.65000,0.00000,0.00000,1.00000
-662939.29833,-871370.58971,266.89100,549097777.79652,15.87000,605832.00000,5.10000,0.00000,0.00000,1.00000
-663223.03309,-871579.26672,265.89700,549097777.84349,15.75000,1922864.00000,4.31000,0.00000,0.00000,1.00000
-663497.41595,-871792.30074,263.98100,549097777.89045,15.87000,331663.00000,5.32000,0.00000,0.00000,1.00000
-663706.91337,-872035.42903,262.30000,549097777.93742,15.93000,237791.00000,4.85000,0.00000,0.00000,1.00000
-664017.40196,-872231.70027,260.97200,549097777.98439,16.37000,321469.00000,6.63000,0.00000,0.00000,1.00000
-664334.59229,-872424.88772,260.02400,549097778.03135,16.88000,909213.00000,5.77000,0.00000,0.00000,1.00000
-664475.86468,-872699.65820,257.28400,549097778.07832,17.52000,184102.00000,8.23000,0.00000,0.00000,1.00000
-663822.50833,-873343.00924,252.80200,549097778.12528,18.08000,80934.00000,13.49000,0.00000,0.00000,1.00000
-662951.72271,-874087.14409,251.72000,549097778.17225,17.30000,114143.00000,8.14000,0.00000,0.00000,1.00000
-662916.37729,-874443.82054,255.08500,549097778.21922,16.78000,292006.00000,6.73000,0.00000,0.00000,1.00000
-663374.67437,-874571.57086,258.98900,549097778.26618,16.47000,240962.00000,7.63000,0.00000,0.00000,1.00000
-663769.42768,-874728.78979,262.20100,549097778.31315,16.46000,135693.00000,9.10000,0.00000,0.00000,1.00000
-663475.88199,-875205.19859,263.38800,549097778.36011,16.52000,105885.00000,8.81000,0.00000,0.00000,1.00000
-664078.64571,-875265.94619,268.45200,549097778.40708,15.87000,199320.00000,6.11000,0.00000,0.00000,1.00000
-640368.14647,-865766.86355,223.40200,549270428.01204,17.17000,286122.00000,9.68000,0.00000,0.00000,1.00000
-641410.86909,-865639.57733,221.97200,549270428.05897,17.57000,182140.00000,8.07000,0.00000,0.00000,1.00000
-642096.98589,-865671.32074,221.49400,549270428.10590,18.05000,518704.00000,7.71000,0.00000,0.00000,1.00000
-642568.46836,-865798.79009,221.15000,549270428.15284,18.49000,958777.00000,7.98000,0.00000,0.00000,1.00000
-642317.95043,-866248.22507,220.11800,549270428.19977,18.11000,478282.00000,8.04000,0.00000,0.00000,1.00000
-642050.59909,-866705.15146,220.14400,549270428.24670,17.91000,262767.00000,7.41000,0.00000,0.00000,1.00000
-642002.61071,-867064.27063,220.74400,549270428.29363,17.81000,172541.00000,8.52000,0.00000,0.00000,1.00000
-642062.94377,-867375.07046,220.86700,549270428.34056,17.68000,150729.00000,8.90000,0.00000,0.00000,1.00000
-641621.30660,-867909.70495,220.54400,549270428.38750,17.72000,79025.00000,10.13000,0.00000,0.00000,1.00000
-641631.17345,-868243.02049,222.21600,549270428.43443,18.32000,70617.00000,13.67000,0.00000,0.00000,1.00000
-642004.39896,-868414.32059,222.12900,549270428.48136,18.96000,292855.00000,12.51000,0.00000,0.00000,1.00000
-642752.43512,-868418.51351,222.28200,549270428.52829,18.85000,90293.00000,11.32000,0.00000,0.00000,1.00000
-643439.23732,-868450.01585,224.62600,549270428.57523,18.84000,601429.00000,11.02000,0.00000,0.00000,1.00000
-643634.14887,-868700.84018,226.45800,549270428.62216,18.25000,1476351.00000,7.10000,0.00000,0.00000,1.00000
-643682.35394,-869017.06446,229.18700,549270428.66909,17.28000,4267041.00000,4.39000,0.00000,0.00000,1.00000
-643694.22419,-869349.49265,230.93900,549270428.71602,16.81000,473856.00000,6.69000,0.00000,0.00000,1.00000
-643741.75999,-869666.02072,232.40900,549270428.76295,16.05000,934764.00000,5.23000,0.00000,0.00000,1.00000
-643689.70851,-870026.95453,232.66500,549270428.80989,14.84000,1615358.00000,3.44000,0.00000,0.00000,1.00000
-643393.37654,-870496.76588,230.40000,549270428.85682,14.97000,232403.00000,6.77000,0.00000,0.00000,1.00000
-643196.62963,-870922.18602,230.39600,549270428.90375,15.71000,283138.00000,8.93000,0.00000,0.00000,1.00000
-643260.97426,-871231.20702,230.52000,549270428.95068,16.01000,198314.00000,5.87000,0.00000,0.00000,1.00000
-643414.82197,-871500.33674,229.99500,549270428.99761,16.20000,228737.00000,8.73000,0.00000,0.00000,1.00000
-643572.70606,-871767.67023,229.73400,549270429.04454,16.41000,410546.00000,9.33000,0.00000,0.00000,1.00000
-643403.53001,-872180.77785,228.67600,549270429.09147,15.89000,177791.00000,10.98000,0.00000,0.00000,1.00000
-643242.42188,-872590.28766,231.74000,549270429.13840,14.79000,226265.00000,6.00000,0.00000,0.00000,1.00000
-643502.58298,-872812.02976,233.38400,549270429.18534,15.21000,216449.00000,6.83000,0.00000,0.00000,1.00000
-644244.58345,-872819.01315,233.20400,549270429.23227,15.47000,122251.00000,9.30000,0.00000,0.00000,1.00000
-645458.33261,-872615.73455,237.27900,549270429.27920,13.53000,238698.00000,5.74000,0.00000,0.00000,1.00000
-644163.96018,-873530.36327,227.65600,549270429.32613,12.93000,3221955.00000,4.63000,0.00000,0.00000,1.00000
-646419.47182,-872862.76880,237.33800,549270429.37306,12.73000,2154020.00000,4.82000,0.00000,0.00000,1.00000
-646326.31105,-873242.02190,243.20000,549270429.41999,11.68000,621961.00000,5.07000,0.00000,0.00000,1.00000
-646608.01472,-873454.19360,244.10200,549270429.46692,11.13000,681995.00000,5.52000,0.00000,0.00000,1.00000
-646819.71411,-873697.55402,247.00700,549270429.51385,10.89000,1102265.00000,4.73000,0.00000,0.00000,1.00000
-646091.93272,-874359.62569,248.34000,549270429.56078,10.54000,632680.00000,6.05000,0.00000,0.00000,1.00000
-645924.74981,-874771.85553,250.49900,549270429.60771,10.65000,96489.00000,7.45000,0.00000,0.00000,1.00000
-645956.08899,-875095.60394,252.61200,549270429.65464,10.29000,174028.00000,5.53000,0.00000,0.00000,1.00000
-645940.30786,-875440.33942,255.86700,549270429.70157,9.63000,324525.00000,3.73000,0.00000,0.00000,1.00000
-645857.23232,-875815.06769,258.69700,549270429.74850,9.39000,516714.00000,2.46000,0.00000,0.00000,1.00000
-645751.27115,-876199.98776,261.92900,549270429.79543,9.42000,1134812.00000,1.95000,0.00000,0.00000,1.00000
-645890.29180,-876475.75035,257.16500,549270429.84236,9.78000,3352434.00000,1.64000,0.00000,0.00000,1.00000
-645848.26382,-876832.17175,253.59600,549270429.88928,10.75000,616608.00000,2.85000,0.00000,0.00000,1.00000
-645777.29011,-877201.49056,250.89600,549270429.93621,11.01000,122035.00000,4.72000,0.00000,0.00000,1.00000
-645342.20850,-877733.04138,251.58300,549270429.98314,10.67000,429258.00000,3.20000,0.00000,0.00000,1.00000
-645183.72446,-878141.33504,254.37100,549270430.03007,11.02000,186790.00000,3.42000,0.00000,0.00000,1.00000
-645035.33571,-878545.13095,256.04800,549270430.07700,11.37000,347300.00000,3.10000,0.00000,0.00000,1.00000
-644888.96160,-878948.02282,258.32300,549270430.12393,11.40000,108835.00000,2.60000,0.00000,0.00000,1.00000
-652292.53148,-875986.92434,216.81600,549270430.17086,11.49000,1693717.00000,2.41000,0.00000,0.00000,1.00000
-652247.79519,-876344.62569,217.41000,549270430.21779,11.74000,540244.00000,2.84000,0.00000,0.00000,1.00000
-651168.54648,-877163.29977,207.78800,549270430.26472,11.85000,687257.00000,2.51000,0.00000,0.00000,1.00000
-651700.63824,-877263.95982,212.76000,549270430.31165,12.02000,2520993.00000,3.22000,0.00000,0.00000,1.00000
-650661.09702,-878064.90213,201.17200,549270430.35857,11.94000,1975157.00000,4.35000,0.00000,0.00000,1.00000
-650402.98087,-878517.63494,197.47800,549270430.40550,11.62000,617447.00000,2.91000,0.00000,0.00000,1.00000
-650130.74521,-878976.67323,191.57300,549270430.45243,11.78000,694759.00000,2.63000,0.00000,0.00000,1.00000
-649740.00078,-879488.47168,187.47000,549270430.49936,12.28000,737221.00000,3.28000,0.00000,0.00000,1.00000
-645839.53004,-881563.70534,211.88200,549270430.54629,13.38000,740927.00000,3.68000,0.00000,0.00000,1.00000
-645738.88066,-881946.22426,214.85400,549270430.59322,13.77000,1603970.00000,3.83000,0.00000,0.00000,1.00000
-650906.75638,-879981.88644,212.71100,549270430.64015,14.28000,3412324.00000,2.16000,0.00000,0.00000,1.00000
-651286.73518,-880150.33538,212.76800,549270430.68708,15.79000,779021.00000,4.71000,0.00000,0.00000,1.00000
-651847.79858,-880238.13457,213.88100,549270430.73401,16.87000,112922.00000,8.70000,0.00000,0.00000,1.00000
-650699.78929,-881087.29533,204.57400,549270430.78094,16.79000,740189.00000,8.00000,0.00000,0.00000,1.00000
-650391.14474,-881562.51331,202.20900,549270430.82787,16.78000,1607035.00000,7.01000,0.00000,0.00000,1.00000
-650194.24114,-881987.95568,199.66200,549270430.87480,17.08000,731450.00000,7.35000,0.00000,0.00000,1.00000
-650458.42984,-882208.00172,200.02300,549270430.92173,17.65000,1459909.00000,7.30000,0.00000,0.00000,1.00000
-648431.83994,-883448.34834,197.48400,549270430.96866,18.05000,2621153.00000,8.08000,0.00000,0.00000,1.00000
-649051.46283,-883510.11124,196.55900,549270431.01559,19.04000,863151.00000,15.67000,0.00000,0.00000,1.00000
-652006.28361,-882531.79333,210.37200,549270431.06252,19.62000,105760.00000,18.73000,0.00000,0.00000,1.00000
-651719.82696,-882997.12499,209.03200,549270431.10945,19.59000,182303.00000,21.13000,0.00000,0.00000,1.00000
-651834.57396,-883283.76363,210.35400,549270431.15638,17.75000,876971.00000,10.68000,0.00000,0.00000,1.00000
-651770.88220,-883649.85521,217.68600,549270431.20331,16.44000,2154818.00000,7.09000,0.00000,0.00000,1.00000
-651723.39433,-884008.76183,218.74800,549270431.25024,16.13000,183814.00000,8.28000,0.00000,0.00000,1.00000
-651459.81005,-884463.87722,217.06700,549270431.29717,16.33000,157351.00000,9.18000,0.00000,0.00000,1.00000
-651654.66331,-884714.83761,215.83200,549270431.34410,15.80000,1918658.00000,6.37000,0.00000,0.00000,1.00000
-650801.34835,-885432.57084,216.22500,549270431.39103,15.61000,6319729.00000,4.52000,0.00000,0.00000,1.00000
-650716.13740,-885808.24107,216.17300,549270431.43796,15.83000,1727324.00000,5.96000,0.00000,0.00000,1.00000
-650755.46175,-886128.44242,216.53800,549270431.48489,15.70000,1085044.00000,5.19000,0.00000,0.00000,1.00000
-650798.15866,-886447.17305,218.25300,549270431.53182,15.26000,573348.00000,5.41000,0.00000,0.00000,1.00000
-650825.35517,-886772.77359,219.68100,549270431.57875,15.10000,323762.00000,7.29000,0.00000,0.00000,1.00000
-650740.79967,-887148.13451,221.76800,549270431.62568,15.39000,241853.00000,7.06000,0.00000,0.00000,1.00000
-650647.49215,-887527.40173,223.63200,549270431.67261,15.70000,690332.00000,6.83000,0.00000,0.00000,1.00000
-650441.07952,-887957.01083,224.89500,549270431.71953,15.64000,1046444.00000,6.73000,0.00000,0.00000,1.00000
-650402.96142,-888311.68091,225.53600,549270431.76646,14.89000,1059204.00000,4.91000,0.00000,0.00000,1.00000
-650409.28352,-888646.58177,224.40800,549270431.81339,13.77000,993108.00000,3.38000,0.00000,0.00000,1.00000
-651048.44228,-888699.74237,217.88300,549270431.86032,13.19000,1139426.00000,3.15000,0.00000,0.00000,1.00000
-651711.16928,-888742.40523,212.76400,549270431.90725,13.58000,360097.00000,4.55000,0.00000,0.00000,1.00000
-652274.94112,-888829.13427,209.27500,549270431.95418,15.19000,163391.00000,8.15000,0.00000,0.00000,1.00000
-652509.49156,-889062.43372,207.33100,549270432.00111,16.86000,631337.00000,14.45000,0.00000,0.00000,1.00000
-652912.35657,-889220.81267,208.13300,549270432.04804,17.15000,273486.00000,16.33000,0.00000,0.00000,1.00000
-652963.09592,-889535.95036,210.10900,549270432.09497,16.05000,104296.00000,13.75000,0.00000,0.00000,1.00000
-652277.28159,-890178.97266,209.23700,549270432.14190,15.72000,118538.00000,14.32000,0.00000,0.00000,1.00000
-635861.76535,-883969.11367,211.37400,549443082.67173,10.33000,85113.00000,2.35000,0.00000,0.00000,1.00000
-633464.81313,-885329.01923,220.80300,549443082.71862,9.51000,296518.00000,2.06000,0.00000,0.00000,1.00000
-633554.15080,-885626.06627,219.45700,549443082.76551,9.16000,952248.00000,2.40000,0.00000,0.00000,1.00000
-633486.39582,-885990.25906,219.31800,549443082.81240,9.14000,262090.00000,2.08000,0.00000,0.00000,1.00000
-637222.69151,-884728.41012,206.77300,549443082.85929,10.17000,564688.00000,2.47000,0.00000,0.00000,1.00000
-635683.57231,-885721.59760,202.37200,549443082.90618,11.67000,1967638.00000,2.26000,0.00000,0.00000,1.00000
-637799.54130,-885152.37927,207.81500,549443082.95307,12.67000,1205020.00000,4.34000,0.00000,0.00000,1.00000
-637422.36270,-885648.88729,203.75800,549443082.99996,13.03000,1190278.00000,6.34000,0.00000,0.00000,1.00000
-636861.00944,-886224.11504,197.88300,549443083.04685,13.36000,1698862.00000,8.23000,0.00000,0.00000,1.00000
-637379.64998,-886337.69519,199.20900,549443083.09374,13.15000,2375055.00000,5.56000,0.00000,0.00000,1.00000
-638567.29108,-886165.34174,206.99700,549443083.14063,14.16000,1013072.00000,9.92000,0.00000,0.00000,1.00000
-638123.07520,-886690.48728,199.63700,549443083.18752,14.87000,1538062.00000,6.77000,0.00000,0.00000,1.00000
-637126.99755,-887451.50209,186.66500,549443083.23441,15.60000,991818.00000,7.69000,0.00000,0.00000,1.00000
-637340.24270,-887695.62819,187.12800,549443083.28130,15.96000,2294385.00000,5.87000,0.00000,0.00000,1.00000
-637195.93106,-888092.56716,187.88900,549443083.32819,16.11000,2488361.00000,7.22000,0.00000,0.00000,1.00000
-636388.02425,-888773.10093,181.73900,549443083.37508,16.11000,2019146.00000,8.14000,0.00000,0.00000,1.00000
-635997.89646,-889275.06250,179.28700,549443083.42197,16.33000,1427870.00000,9.15000,0.00000,0.00000,1.00000
-636125.80513,-889555.65276,178.91300,549443083.46886,16.71000,1169632.00000,10.43000,0.00000,0.00000,1.00000
-637451.64024,-889324.34962,185.05200,549443083.51575,17.11000,222409.00000,14.65000,0.00000,0.00000,1.00000
-638096.24592,-889384.16493,188.06900,549443083.56264,17.31000,179803.00000,17.38000,0.00000,0.00000,1.00000
-638893.20955,-889378.86481,193.05500,549443083.60953,17.48000,355164.00000,14.10000,0.00000,0.00000,1.00000
-638123.21044,-890043.19233,183.28700,549443083.65642,17.99000,531093.00000,13.42000,0.00000,0.00000,1.00000
-636939.40941,-890884.29136,172.05000,549443083.70332,17.73000,93852.00000,17.31000,0.00000,0.00000,1.00000
-640401.88111,-892422.42448,188.36000,549443084.12533,12.72000,201025.00000,6.98000,0.00000,0.00000,1.00000
-640596.83266,-892674.42361,188.57600,549443084.17222,12.75000,285140.00000,9.16000,0.00000,0.00000,1.00000
