-664119.35362,-875676.18871,267.70800,533874201.65459,9.06000,1768806.00000,4.44000,0.00000,0.00000,0.00000
-663752.74177,-875634.98792,267.65900,533874201.70086,9.05000,359788.00000,5.08000,0.00000,0.00000,0.00000
-663264.43962,-875735.28432,266.08900,533874201.74713,8.97000,259364.00000,4.31000,0.00000,0.00000,0.00000
-662738.58285,-875879.23842,264.03300,533874201.79340,9.03000,339023.00000,5.44000,0.00000,0.00000,0.00000
-662310.64308,-875909.32311,262.19900,533874201.83968,9.50000,298550.00000,4.61000,0.00000,0.00000,0.00000
-664079.63649,-873384.45079,254.70800,533874201.88595,9.62000,921620.00000,4.12000,0.00000,0.00000,0.00000
-662075.06149,-875248.11040,249.91300,533874201.93222,9.79000,725102.00000,5.12000,0.00000,0.00000,0.00000
-661322.94063,-875655.17431,252.02900,533874201.97850,10.05000,454376.00000,4.99000,0.00000,0.00000,0.00000
-661149.31152,-875389.51945,252.93400,533874202.02477,10.14000,519387.00000,5.69000,0.00000,0.00000,0.00000
-663389.40027,-872316.96025,258.79900,533874202.07104,9.86000,1273323.00000,4.72000,0.00000,0.00000,0.00000
-662159.15328,-873280.10087,250.84100,533874202.11731,9.66000,427119.00000,5.71000,0.00000,0.00000,0.00000
-660338.92578,-874929.15696,246.39100,533874202.16359,9.53000,584289.00000,4.51000,0.00000,0.00000,0.00000
-659748.40797,-875148.24626,244.53100,533874202.20986,9.74000,320699.00000,5.15000,0.00000,0.00000,0.00000
-659611.38691,-874840.02460,242.96600,533874202.25613,9.31000,531767.00000,4.22000,0.00000,0.00000,0.00000
-658948.60152,-875143.11215,241.67400,533874202.30241,9.54000,254774.00000,5.44000,0.00000,0.00000,0.00000
-658446.49098,-875259.37531,240.82800,533874202.34868,9.62000,291575.00000,6.03000,0.00000,0.00000,0.00000
-658041.83105,-875262.32268,239.89200,533874202.39496,9.37000,286442.00000,4.97000,0.00000,0.00000,0.00000
-657612.91953,-875293.44787,238.62300,533874202.44123,9.25000,954688.00000,4.29000,0.00000,0.00000,0.00000
-659992.09295,-872059.72494,252.14500,533874202.48750,9.29000,206789.00000,3.87000,0.00000,0.00000,0.00000
-659446.28654,-872226.84065,250.42400,533874202.53378,9.31000,588025.00000,3.61000,0.00000,0.00000,0.00000
-658922.33364,-872368.50728,248.24600,533874202.58005,9.51000,433761.00000,4.21000,0.00000,0.00000,0.00000
-658444.02736,-872457.13043,247.43600,533874202.62633,9.65000,883070.00000,4.21000,0.00000,0.00000,0.00000
-658005.16018,-872499.85197,247.52500,533874202.67260,9.83000,880120.00000,4.69000,0.00000,0.00000,0.00000
-657561.54366,-872548.10217,247.76900,533874202.71887,9.83000,502062.00000,4.55000,0.00000,0.00000,0.00000
-657211.10709,-872488.02153,249.62900,533874202.76515,9.93000,343350.00000,3.55000,0.00000,0.00000,0.00000
-657009.47499,-872254.96279,252.07900,533874202.81142,9.73000,462205.00000,3.24000,0.00000,0.00000,0.00000
-658523.50747,-870027.31964,231.79300,533874202.85770,9.67000,859539.00000,4.37000,0.00000,0.00000,0.00000
-658600.92788,-869469.85481,232.75600,533874202.90397,9.43000,511529.00000,5.45000,0.00000,0.00000,0.00000
-658646.97259,-868948.86248,233.21900,533874202.95025,9.13000,447059.00000,4.62000,0.00000,0.00000,0.00000
-658833.25962,-868264.83079,232.99000,533874202.99652,8.64000,105469.00000,6.42000,0.00000,0.00000,0.00000
-658646.86575,-868014.10146,230.37700,533874203.04280,7.80000,841874.00000,4.43000,0.00000,0.00000,0.00000
-656648.73749,-869869.54941,219.61600,533874203.08907,8.32000,1187964.00000,3.72000,0.00000,0.00000,0.00000
-657074.67849,-868906.96818,206.56400,533874203.13535,8.93000,5990901.00000,5.41000,0.00000,0.00000,0.00000
-656419.04096,-869201.70047,203.16200,533874203.18162,10.20000,2762366.00000,8.17000,0.00000,0.00000,0.00000
-655632.64151,-869648.39601,209.79100,533874203.22790,10.71000,3077200.00000,8.36000,0.00000,0.00000,0.00000
-655545.61572,-869282.15388,206.27400,533874203.27417,10.82000,6027870.00000,6.84000,0.00000,0.00000,0.00000
-655092.49806,-869341.43213,209.77500,533874203.32045,10.51000,861688.00000,6.87000,0.00000,0.00000,0.00000
-654647.94300,-869390.75265,213.01000,533874203.36672,10.78000,147213.00000,8.30000,0.00000,0.00000,0.00000
-654275.65271,-869356.07303,214.40100,533874203.41300,11.18000,161175.00000,11.19000,0.00000,0.00000,0.00000
-653952.81003,-869263.90793,216.80700,533874203.45927,11.47000,132828.00000,10.96000,0.00000,0.00000,0.00000
-653685.12472,-869107.64559,219.33600,533874203.50555,11.17000,324394.00000,11.37000,0.00000,0.00000,0.00000
-653403.17666,-868967.95379,223.89200,533874203.55182,10.71000,369350.00000,7.64000,0.00000,0.00000,0.00000
-653289.06020,-868633.19580,228.50500,533874203.59810,10.47000,454689.00000,5.25000,0.00000,0.00000,0.00000
-653045.15834,-868449.29696,234.82500,533874203.64437,10.11000,536900.00000,3.71000,0.00000,0.00000,0.00000
-652825.02922,-868237.76783,242.15300,533874203.69065,9.92000,649299.00000,3.02000,0.00000,0.00000,0.00000
-652680.96642,-867937.82189,248.51600,533874203.73692,9.83000,1778265.00000,2.42000,0.00000,0.00000,0.00000
-652055.77306,-868197.03455,262.07800,533874203.78320,10.06000,2254527.00000,2.49000,0.00000,0.00000,0.00000
-652012.98289,-867779.41312,263.45700,533874203.82947,10.14000,575868.00000,4.03000,0.00000,0.00000,0.00000
-651899.83286,-867443.57842,261.13800,533874203.87575,9.74000,388245.00000,4.79000,0.00000,0.00000,0.00000
-652545.46371,-866225.91120,259.02200,533874203.92202,9.29000,2381727.00000,3.66000,0.00000,0.00000,0.00000
-652527.39969,-865779.57869,262.80400,533874203.96830,9.13000,598358.00000,2.50000,0.00000,0.00000,0.00000
-652125.68478,-865779.12656,262.28400,533874204.01457,8.83000,272250.00000,2.55000,0.00000,0.00000,0.00000
-651712.54114,-865791.91300,261.59200,533874204.06085,8.79000,652123.00000,2.44000,0.00000,0.00000,0.00000
-652340.16378,-864595.23995,236.83900,533874204.10712,8.71000,3697490.00000,2.09000,0.00000,0.00000,0.00000
-651559.03555,-865035.69694,238.24100,533874204.15340,8.90000,401383.00000,2.28000,0.00000,0.00000,0.00000
-651559.06104,-864568.36253,239.01300,533874204.19967,9.30000,1768611.00000,3.02000,0.00000,0.00000,0.00000
-651077.46966,-864660.72812,241.41000,533874204.24595,9.31000,1055270.00000,3.09000,0.00000,0.00000,0.00000
-651285.27161,-863951.95605,242.78000,533874204.29222,9.09000,2654244.00000,3.00000,0.00000,0.00000,0.00000
-649914.58633,-865077.45426,256.11300,533874204.33849,9.03000,2338516.00000,2.82000,0.00000,0.00000,0.00000
-649724.45282,-864831.12278,256.08700,533874204.38477,9.48000,3898496.00000,3.50000,0.00000,0.00000,0.00000
-649549.05274,-864567.65998,256.01700,533874204.43104,9.79000,5673303.00000,2.95000,0.00000,0.00000,0.00000
-649274.75582,-864419.10343,252.71000,533874204.47732,10.05000,1197420.00000,3.22000,0.00000,0.00000,0.00000
-649141.67710,-864106.47182,249.05900,533874204.52359,10.22000,435832.00000,3.13000,0.00000,0.00000,0.00000
-649034.75197,-863763.45121,245.52900,533874204.56987,10.43000,988776.00000,4.07000,0.00000,0.00000,0.00000
-649076.65213,-863247.51660,243.99100,533874204.61614,10.51000,2491840.00000,4.49000,0.00000,0.00000,0.00000
-648690.63700,-863228.78863,236.74600,533874204.66242,10.56000,1498698.00000,5.01000,0.00000,0.00000,0.00000
-648760.60823,-862680.26954,237.80100,533874204.70869,10.87000,625080.00000,7.08000,0.00000,0.00000,0.00000
-648838.65302,-862122.35430,239.52900,533874204.75497,10.83000,162992.00000,7.59000,0.00000,0.00000,0.00000
-649066.95405,-861389.88606,241.58000,533874204.80124,10.87000,714601.00000,6.14000,0.00000,0.00000,0.00000
-648404.70305,-861692.11293,236.98000,533874204.84752,10.88000,3440623.00000,5.34000,0.00000,0.00000,0.00000
-648016.32124,-861676.14394,235.64200,533874204.89379,10.87000,1029932.00000,4.96000,0.00000,0.00000,0.00000
-647918.93055,-861322.08064,234.89800,533874204.94007,11.28000,1972409.00000,5.18000,0.00000,0.00000,0.00000
-647614.21651,-861208.87687,241.27500,533874204.98634,11.46000,1143746.00000,4.51000,0.00000,0.00000,0.00000
-647197.30542,-861226.03243,239.02900,533874205.03262,11.44000,927996.00000,7.10000,0.00000,0.00000,0.00000
-646986.75774,-861003.44376,238.37300,533874205.07890,11.31000,775303.00000,6.20000,0.00000,0.00000,0.00000
-646896.03292,-860641.64957,237.94900,533874205.12517,11.19000,165432.00000,6.09000,0.00000,0.00000,0.00000
-646787.25298,-860300.85535,237.33800,533874205.17145,11.07000,781926.00000,6.17000,0.00000,0.00000,0.00000
-646445.00151,-860231.27766,234.86800,533874205.21772,11.08000,1391860.00000,5.66000,0.00000,0.00000,0.00000
-645896.37841,-860401.42562,232.06800,533874205.26400,11.09000,2764523.00000,5.23000,0.00000,0.00000,0.00000
-645460.43959,-860440.64680,229.35100,533874205.31028,11.07000,903182.00000,6.18000,0.00000,0.00000,0.00000
-654614.65621,-888582.31199,217.66700,534046853.56504,8.29000,901627.00000,4.18000,0.00000,0.00000,0.00000
-654790.78004,-887924.25168,217.06400,534046853.61128,8.82000,222279.00000,7.41000,0.00000,0.00000,0.00000
-653920.75296,-888446.32150,211.56700,534046853.65753,8.93000,2606357.00000,7.29000,0.00000,0.00000,0.00000
-652956.90448,-889074.16237,208.29400,534046853.70378,8.91000,384291.00000,6.42000,0.00000,0.00000,0.00000
-652131.29837,-889546.01586,205.59700,534046853.75002,8.72000,764203.00000,4.53000,0.00000,0.00000,0.00000
-651601.09208,-889684.67536,203.96000,534046853.79627,8.68000,633603.00000,3.60000,0.00000,0.00000,0.00000
-653562.66897,-887012.80871,226.74100,534046853.84251,8.64000,256100.00000,4.82000,0.00000,0.00000,0.00000
-653076.01026,-887102.39641,226.16500,534046853.88876,8.66000,191049.00000,4.98000,0.00000,0.00000,0.00000
-652598.53733,-887181.62110,225.83500,534046853.93501,8.62000,61634.00000,6.49000,0.00000,0.00000,0.00000
-651936.86806,-887468.59096,225.04800,534046853.98125,8.45000,95002.00000,6.12000,0.00000,0.00000,0.00000
-651321.11965,-887703.74515,225.18600,534046854.02750,8.67000,274559.00000,7.43000,0.00000,0.00000,0.00000
-650964.01475,-887647.15817,225.06600,534046854.07375,8.85000,160548.00000,6.28000,0.00000,0.00000,0.00000
-650548.90801,-887656.01631,223.86700,534046854.11999,9.04000,1680192.00000,5.22000,0.00000,0.00000,0.00000
-650194.70987,-887596.15472,221.42500,534046854.16624,9.53000,2275245.00000,5.08000,0.00000,0.00000,0.00000
-650075.96877,-887270.75461,218.64400,534046854.21248,9.88000,1182329.00000,5.87000,0.00000,0.00000,0.00000
-650203.33083,-886667.82486,215.89600,534046854.25873,10.03000,521066.00000,7.04000,0.00000,0.00000,0.00000
-650552.60869,-885814.61771,215.41900,534046854.30498,9.90000,280116.00000,5.92000,0.00000,0.00000,0.00000
-650582.32093,-885321.84563,214.26900,534046854.35122,9.58000,1303539.00000,5.40000,0.00000,0.00000,0.00000
-650643.45435,-884793.61630,212.65500,534046854.39747,9.45000,1390620.00000,4.46000,0.00000,0.00000,0.00000
-650564.87284,-884422.97649,211.01000,534046854.44371,9.41000,5010131.00000,3.04000,0.00000,0.00000,0.00000
-649496.10913,-885168.97536,195.70700,534046854.48996,9.58000,1605322.00000,3.35000,0.00000,0.00000,0.00000
-649712.46669,-884465.72573,194.46800,534046854.53620,9.72000,448851.00000,4.04000,0.00000,0.00000,0.00000
-649459.34111,-884291.92233,199.59400,534046854.58245,9.77000,5238372.00000,4.66000,0.00000,0.00000,0.00000
-648905.96366,-884456.68919,198.00200,534046854.62870,9.73000,2376926.00000,4.48000,0.00000,0.00000,0.00000
-648445.42538,-884516.77907,197.32400,534046854.67494,9.73000,1157758.00000,5.55000,0.00000,0.00000,0.00000
-648217.44822,-884314.59921,196.45800,534046854.72119,9.85000,836858.00000,8.50000,0.00000,0.00000,0.00000
-647653.91146,-884490.79667,195.97600,534046854.76744,10.63000,605418.00000,11.67000,0.00000,0.00000,0.00000
-646783.32023,-885013.17733,197.25300,534046854.81368,10.91000,287625.00000,11.05000,0.00000,0.00000,0.00000
-646765.69456,-884573.83660,199.17000,534046854.85993,10.34000,605286.00000,6.41000,0.00000,0.00000,0.00000
-646373.81419,-884556.46318,204.19200,534046854.90617,9.79000,1065055.00000,5.12000,0.00000,0.00000,0.00000
-644507.15507,-886201.77293,225.96800,534046854.95242,9.57000,5339312.00000,4.55000,0.00000,0.00000,0.00000
-644960.01593,-885232.00665,222.07700,534046854.99866,9.65000,303927.00000,8.43000,0.00000,0.00000,0.00000
-645071.01575,-884647.64795,223.45000,534046855.04491,8.99000,883749.00000,3.95000,0.00000,0.00000,0.00000
-644924.31160,-884353.86378,230.33000,534046855.09116,8.61000,3771401.00000,2.67000,0.00000,0.00000,0.00000
-644625.28535,-884231.79700,234.12300,534046855.13740,8.55000,1045251.00000,2.46000,0.00000,0.00000,0.00000
-644283.70291,-884157.69540,235.99100,534046855.18365,8.47000,1095632.00000,3.02000,0.00000,0.00000,0.00000
-643910.21200,-884119.57052,237.80000,534046855.22989,8.45000,2962099.00000,2.30000,0.00000,0.00000,0.00000
-643556.54540,-884059.08868,239.25400,534046855.27614,8.42000,686368.00000,2.72000,0.00000,0.00000,0.00000
-643278.31792,-883913.57573,241.16800,534046855.32238,8.24000,733243.00000,2.80000,0.00000,0.00000,0.00000
-642929.01113,-883848.17673,244.28200,534046855.36863,8.32000,2388081.00000,2.91000,0.00000,0.00000,0.00000
-643026.49957,-883279.13935,242.78100,534046855.41487,8.40000,473786.00000,5.01000,0.00000,0.00000,0.00000
-643643.30446,-882124.68035,242.11700,534046855.46112,8.29000,759306.00000,4.16000,0.00000,0.00000,0.00000
-644292.49767,-880933.72210,248.35200,534046855.50736,8.18000,298387.00000,4.49000,0.00000,0.00000,0.00000
-644391.43248,-880363.07084,250.00000,534046855.55361,7.85000,1731790.00000,3.58000,0.00000,0.00000,0.00000
-644761.60975,-879486.65707,258.00000,534046855.59985,7.53000,1158427.00000,2.94000,0.00000,0.00000,0.00000
-643924.48263,-879971.23547,240.66900,534046855.64610,6.92000,2561747.00000,2.30000,0.00000,0.00000,0.00000
-644421.34210,-878952.02178,254.72100,534046855.69234,6.30000,2398285.00000,2.11000,0.00000,0.00000,0.00000
-644606.38969,-878284.34793,244.16100,534046855.73859,6.11000,642045.00000,4.03000,0.00000,0.00000,0.00000
-644827.17672,-877576.36283,248.12000,534046855.78483,5.76000,3104125.00000,3.29000,0.00000,0.00000,0.00000
-644144.78971,-877886.53959,241.96100,534046855.83108,5.55000,2497850.00000,3.10000,0.00000,0.00000,0.00000
-643754.42448,-877867.49970,240.59300,534046855.87732,5.60000,2122204.00000,3.26000,0.00000,0.00000,0.00000
-643523.62386,-877668.58131,239.23300,534046855.92357,5.47000,984113.00000,3.86000,0.00000,0.00000,0.00000
-643311.69121,-877448.41624,237.44700,534046855.96981,5.71000,349749.00000,4.80000,0.00000,0.00000,0.00000
-642739.51681,-877634.28626,233.71000,534046856.01606,6.20000,471222.00000,4.78000,0.00000,0.00000,0.00000
-642217.63395,-877763.47712,230.85100,534046856.06230,6.23000,782175.00000,4.26000,0.00000,0.00000,0.00000
-641480.55343,-878135.18625,230.09800,534046856.10855,6.04000,1127002.00000,3.38000,0.00000,0.00000,0.00000
-640994.43577,-878224.02329,228.90600,534046856.15479,6.39000,1732206.00000,2.99000,0.00000,0.00000,0.00000
-640804.73686,-877978.75898,227.99500,534046856.20104,6.84000,474867.00000,3.45000,0.00000,0.00000,0.00000
-640743.20257,-877589.08276,226.97900,534046856.24728,6.93000,339009.00000,3.94000,0.00000,0.00000,0.00000
-640713.08652,-877163.96820,225.89500,534046856.29353,7.13000,325297.00000,5.08000,0.00000,0.00000,0.00000
-640865.77737,-876532.86409,226.36700,534046856.33978,7.24000,414989.00000,4.44000,0.00000,0.00000,0.00000
-641025.23446,-875894.13005,227.69600,534046856.38602,7.36000,748805.00000,3.19000,0.00000,0.00000,0.00000
-640558.95943,-875960.61063,224.40900,534046856.43227,7.63000,3990688.00000,2.87000,0.00000,0.00000,0.00000
-639521.56254,-876670.68975,218.03100,534046856.47852,7.85000,1776937.00000,3.96000,0.00000,0.00000,0.00000
-639726.49924,-875980.73384,218.13900,534046856.52476,8.47000,993049.00000,4.99000,0.00000,0.00000,0.00000
-639610.80222,-875652.08247,220.31900,534046856.57101,9.12000,1562930.00000,6.10000,0.00000,0.00000,0.00000
-639352.94813,-875483.66526,221.10400,534046856.61726,9.45000,389371.00000,8.16000,0.00000,0.00000,0.00000
-639701.99434,-874631.32275,223.01600,534046856.66350,9.39000,880020.00000,6.56000,0.00000,0.00000,0.00000
-639630.80809,-874252.55917,223.86400,534046856.70975,9.45000,623208.00000,4.57000,0.00000,0.00000,0.00000
-639096.35624,-874395.85349,221.08100,534046856.75600,9.46000,4551484.00000,3.19000,0.00000,0.00000,0.00000
-638645.55601,-874444.86703,222.23100,534046856.80225,9.38000,4726060.00000,3.46000,0.00000,0.00000,0.00000
-638168.15302,-874523.83528,221.09000,534046856.84849,9.15000,2379534.00000,3.41000,0.00000,0.00000,0.00000
-637804.88425,-874474.20064,221.16300,534046856.89474,8.95000,7380555.00000,3.23000,0.00000,0.00000,0.00000
-637466.76409,-874396.22629,221.70000,534046856.94099,9.03000,3422959.00000,2.69000,0.00000,0.00000,0.00000
-637138.80295,-874306.80963,222.07000,534046856.98723,9.13000,1037292.00000,3.20000,0.00000,0.00000,0.00000
-636838.40641,-874186.32254,220.84200,534046857.03348,9.14000,1433983.00000,3.49000,0.00000,0.00000,0.00000
-636173.85187,-874476.15788,210.64000,534046857.07973,9.08000,911198.00000,3.14000,0.00000,0.00000,0.00000
-636324.19573,-873847.81193,212.18300,534046857.12597,9.29000,667693.00000,5.49000,0.00000,0.00000,0.00000
-636702.32459,-872962.82622,213.87700,534046857.17222,9.44000,1021705.00000,7.81000,0.00000,0.00000,0.00000
-636274.26666,-872986.19901,214.37500,534046857.21847,9.31000,3663448.00000,4.61000,0.00000,0.00000,0.00000
-637158.62584,-890857.44294,173.73900,534219507.38836,8.91000,331076.00000,4.82000,0.00000,0.00000,0.00000
-636547.48866,-891074.46762,169.78700,534219507.43458,8.84000,298146.00000,6.88000,0.00000,0.00000,0.00000
-636087.25724,-891126.43986,167.86600,534219507.48080,8.78000,293276.00000,6.61000,0.00000,0.00000,0.00000
-635690.93273,-891108.52319,166.69100,534219507.52703,8.39000,455067.00000,5.62000,0.00000,0.00000,0.00000
-635368.83660,-891009.43542,167.21300,534219507.57326,8.38000,406576.00000,5.89000,0.00000,0.00000,0.00000
-649655.16731,-855116.79512,248.59500,534440113.41876,12.06000,1036041.00000,2.67000,0.00000,0.00000,1.00000
-649875.20612,-855350.41739,246.63000,534440113.46495,12.23000,1494770.00000,3.67000,0.00000,0.00000,1.00000
-649949.18573,-855651.43846,245.57700,534440113.51115,12.43000,1172666.00000,4.17000,0.00000,0.00000,1.00000
-650141.45420,-855897.86220,244.99300,534440113.55734,12.49000,644369.00000,4.76000,0.00000,0.00000,1.00000
-650247.81920,-856183.94767,244.80300,534440113.60353,12.73000,479374.00000,5.57000,0.00000,0.00000,1.00000
-650348.23668,-856472.78286,244.92200,534440113.64973,12.74000,907663.00000,5.35000,0.00000,0.00000,1.00000
-650474.41866,-856749.71490,245.55200,534440113.69592,12.74000,380394.00000,5.48000,0.00000,0.00000,1.00000
-650554.99965,-857047.69862,245.34700,534440113.74211,12.72000,488180.00000,5.64000,0.00000,0.00000,1.00000
-650678.53692,-857325.85715,245.60300,534440113.78830,12.58000,430853.00000,4.64000,0.00000,0.00000,1.00000
-650844.37353,-857584.50818,245.79400,534440113.83450,12.56000,627865.00000,5.44000,0.00000,0.00000,1.00000
-650893.87934,-857896.81446,246.37500,534440113.88069,12.60000,564818.00000,5.58000,0.00000,0.00000,1.00000
-650962.55689,-858200.29550,246.51700,534440113.92688,12.60000,691286.00000,5.06000,0.00000,0.00000,1.00000
-650963.15467,-858535.17968,246.35600,534440113.97308,12.44000,459928.00000,5.10000,0.00000,0.00000,1.00000
-651060.24611,-858825.54719,246.11300,534440114.01927,12.33000,454305.00000,4.94000,0.00000,0.00000,1.00000
-651343.71662,-859029.92847,244.75300,534440114.06546,12.86000,318931.00000,6.76000,0.00000,0.00000,1.00000
-651622.55691,-859236.43740,244.98500,534440114.11166,12.98000,382318.00000,7.22000,0.00000,0.00000,1.00000
-651878.93154,-859453.32935,246.50500,534440114.15785,12.92000,299258.00000,8.41000,0.00000,0.00000,1.00000
-652046.07965,-859711.38703,247.18500,534440114.20404,12.76000,279658.00000,7.69000,0.00000,0.00000,1.00000
-652200.67160,-859975.24616,247.10500,534440114.25024,12.38000,329154.00000,8.44000,0.00000,0.00000,1.00000
-652404.16104,-860216.52637,246.15200,534440114.29643,12.06000,293509.00000,7.46000,0.00000,0.00000,1.00000
-652686.31784,-860421.54403,245.11700,534440114.34262,11.82000,278906.00000,7.25000,0.00000,0.00000,1.00000
-652908.98121,-860653.99434,242.83000,534440114.38881,11.56000,487753.00000,6.53000,0.00000,0.00000,1.00000
-652333.19884,-861254.77306,244.06100,534440114.43501,11.13000,371900.00000,5.28000,0.00000,0.00000,1.00000
-652688.04822,-861426.24782,248.91200,534440114.48120,10.52000,438319.00000,4.93000,0.00000,0.00000,1.00000
-652900.78886,-861663.28132,250.65800,534440114.52739,10.43000,495975.00000,5.80000,0.00000,0.00000,1.00000
-653088.41521,-861911.90366,250.84900,534440114.57359,10.96000,239154.00000,6.67000,0.00000,0.00000,1.00000
-653052.62974,-862263.58139,248.60000,534440114.61978,11.62000,542830.00000,5.07000,0.00000,0.00000,1.00000
-652724.68543,-862750.00895,245.78400,534440114.66597,12.07000,1015597.00000,8.58000,0.00000,0.00000,1.00000
-655369.22673,-861865.37995,242.84800,534440114.71216,12.57000,1279209.00000,7.57000,0.00000,0.00000,1.00000
-653505.11187,-863060.37663,238.43000,534440114.75836,13.29000,971621.00000,9.18000,0.00000,0.00000,1.00000
-653362.88532,-863461.13453,237.34800,534440114.80455,13.71000,1523435.00000,9.06000,0.00000,0.00000,1.00000
-652178.89388,-864342.33867,240.20700,534440114.85074,13.94000,800427.00000,10.71000,0.00000,0.00000,1.00000
-654717.75107,-863506.59378,238.04100,534440114.89693,13.29000,772597.00000,10.11000,0.00000,0.00000,1.00000
-655420.96572,-863517.43316,238.84100,534440114.94313,11.99000,282599.00000,9.73000,0.00000,0.00000,1.00000
-655673.37715,-863736.20093,236.67700,534440114.98932,10.88000,682867.00000,7.05000,0.00000,0.00000,1.00000
-655744.00477,-864038.81501,235.79200,534440115.03551,10.40000,857195.00000,3.48000,0.00000,0.00000,1.00000
-652898.81343,-865686.07007,263.28400,534440115.08170,9.92000,909240.00000,3.01000,0.00000,0.00000,1.00000
-653118.14036,-865920.07956,261.94400,534440115.12789,9.18000,953814.00000,2.05000,0.00000,0.00000,1.00000
-653135.19113,-866247.37513,258.92100,534440115.17409,8.97000,753999.00000,2.06000,0.00000,0.00000,1.00000
-652838.23861,-866719.44057,257.24100,534440115.22028,8.92000,591603.00000,3.42000,0.00000,0.00000,1.00000
-652213.41346,-867342.67202,262.11600,534440115.26647,8.75000,461276.00000,2.72000,0.00000,0.00000,1.00000
-652190.78393,-867688.23622,262.84700,534440115.31266,8.84000,489791.00000,1.90000,0.00000,0.00000,1.00000
-657278.89626,-865677.26368,210.59500,534440115.35885,9.51000,3403700.00000,1.94000,0.00000,0.00000,1.00000
-657519.41093,-865901.54897,210.79500,534440115.40505,9.76000,3470759.00000,2.31000,0.00000,0.00000,1.00000
-657940.40196,-866042.59780,209.34400,534440115.45124,10.36000,3715561.00000,2.28000,0.00000,0.00000,1.00000
-658897.57030,-865936.42325,209.95500,534440115.49743,11.24000,1159500.00000,3.70000,0.00000,0.00000,1.00000
-654671.59208,-868220.18868,216.47100,534440115.54362,11.38000,831509.00000,4.92000,0.00000,0.00000,1.00000
-653569.34894,-869063.50980,218.71900,534440115.58982,11.48000,3145380.00000,3.96000,0.00000,0.00000,1.00000
-652641.63122,-869826.34068,223.58900,534440115.63601,12.20000,1832804.00000,4.24000,0.00000,0.00000,1.00000
-653448.00774,-869789.73427,217.84700,534440115.68220,12.57000,1020010.00000,7.00000,0.00000,0.00000,1.00000
-653794.26160,-869965.26825,215.89500,534440115.72840,12.80000,441164.00000,8.14000,0.00000,0.00000,1.00000
-654225.14437,-870101.79185,213.72800,534440115.77459,12.60000,319607.00000,7.19000,0.00000,0.00000,1.00000
-655385.26704,-869902.13756,209.80900,534440115.82078,12.30000,565984.00000,6.71000,0.00000,0.00000,1.00000
-659207.73650,-868475.06438,236.85900,534440115.86697,11.50000,1052729.00000,4.02000,0.00000,0.00000,1.00000
-658972.23146,-868918.83826,234.75900,534440115.91317,10.86000,362452.00000,4.68000,0.00000,0.00000,1.00000
-658188.63928,-869615.27816,230.82300,534440115.95936,11.02000,329656.00000,8.54000,0.00000,0.00000,1.00000
-658320.70219,-869889.58489,231.63000,534440116.00555,10.90000,379178.00000,5.66000,0.00000,0.00000,1.00000
-658887.79250,-869963.34012,233.26400,534440116.05174,10.27000,1051582.00000,4.97000,0.00000,0.00000,1.00000
-659238.03229,-870137.07380,235.26900,534440116.09793,9.55000,1111188.00000,3.88000,0.00000,0.00000,1.00000
-659166.45675,-870505.26722,238.10700,534440116.14413,8.96000,482787.00000,2.58000,0.00000,0.00000,1.00000
-658972.56110,-870929.83502,240.65300,534440116.19032,9.32000,1780508.00000,3.44000,0.00000,0.00000,1.00000
-659060.97528,-871224.25718,241.71800,534440116.23651,10.20000,720367.00000,6.79000,0.00000,0.00000,1.00000
-659727.24127,-871252.33128,244.62900,534440116.28270,10.91000,1806338.00000,9.01000,0.00000,0.00000,1.00000
-658356.47692,-872219.35019,245.26300,534440116.32889,11.52000,3717163.00000,6.53000,0.00000,0.00000,1.00000
-657898.76987,-872765.49984,247.75000,534440116.37509,12.04000,176240.00000,10.99000,0.00000,0.00000,1.00000
-659496.60405,-872364.20489,250.87400,534440116.42128,11.87000,76669.00000,11.43000,0.00000,0.00000,1.00000
-660161.54435,-872392.90118,253.76400,534440116.46747,11.43000,178990.00000,8.73000,0.00000,0.00000,1.00000
-660452.27647,-872594.08892,253.39000,534440116.51366,11.18000,155118.00000,7.92000,0.00000,0.00000,1.00000
-660343.66003,-872979.33329,251.30600,534440116.55985,10.98000,217372.00000,6.05000,0.00000,0.00000,1.00000
-660406.29250,-873285.65819,248.92600,534440116.60604,11.12000,298778.00000,5.18000,0.00000,0.00000,1.00000
-660913.90071,-873386.89997,247.40200,534440116.65223,11.61000,336608.00000,5.35000,0.00000,0.00000,1.00000
-660560.63975,-873884.89783,242.47600,534440116.69842,12.15000,115538.00000,8.96000,0.00000,0.00000,1.00000
-658889.57206,-874990.18135,238.92900,534440116.74461,12.16000,138211.00000,10.91000,0.00000,0.00000,1.00000
-658478.74799,-875514.66561,242.13800,534440116.79081,11.81000,286858.00000,6.65000,0.00000,0.00000,1.00000
-658768.79768,-875716.16730,245.84100,534440116.83700,11.51000,266871.00000,6.67000,0.00000,0.00000,1.00000
-659355.72958,-875780.86151,248.45200,534440116.88319,11.10000,134433.00000,5.71000,0.00000,0.00000,1.00000
-659949.93364,-875842.21143,251.32800,534440116.92938,10.79000,243051.00000,6.18000,0.00000,0.00000,1.00000
-660465.46188,-875939.83223,253.61400,534440116.97557,10.60000,424224.00000,6.41000,0.00000,0.00000,1.00000
-661110.58855,-875977.73557,256.72900,534440117.02176,10.49000,512588.00000,5.17000,0.00000,0.00000,1.00000
-661436.34407,-876162.80312,258.94200,534440117.06795,10.47000,369181.00000,6.84000,0.00000,0.00000,1.00000
-661381.89602,-876523.06583,260.27200,534440117.11414,10.39000,292145.00000,5.26000,0.00000,0.00000,1.00000
-661365.14173,-876865.97011,262.01900,534440117.16033,10.60000,220993.00000,5.30000,0.00000,0.00000,1.00000
-661270.35247,-877244.80984,262.53900,534440117.20652,10.52000,649362.00000,5.32000,0.00000,0.00000,1.00000
-661374.59435,-877531.95966,264.45900,534440117.25271,10.46000,1646074.00000,3.98000,0.00000,0.00000,1.00000
-661450.40485,-877832.20580,264.85300,534440117.29890,10.48000,1052892.00000,5.03000,0.00000,0.00000,1.00000
-661438.92902,-878172.66858,264.30600,534440117.34509,10.50000,836970.00000,4.90000,0.00000,0.00000,1.00000
-661623.17327,-878422.94684,263.75000,534440117.39128,10.29000,690143.00000,4.66000,0.00000,0.00000,1.00000
-661704.93022,-878720.45456,261.90100,534440117.43747,10.37000,1914959.00000,4.48000,0.00000,0.00000,1.00000
-661682.20000,-879066.09218,260.53100,534440117.48366,10.73000,924733.00000,6.23000,0.00000,0.00000,1.00000
-661671.36497,-879406.24362,261.60100,534440117.52985,10.45000,2581792.00000,4.58000,0.00000,0.00000,1.00000
-639705.67728,-866479.68408,215.15800,534612766.41161,10.93000,1147046.00000,2.54000,0.00000,0.00000,1.00000
-639813.01651,-866765.06448,212.51200,534612766.45781,11.33000,1630573.00000,3.37000,0.00000,0.00000,1.00000
-639383.86550,-867288.14342,211.16100,534612766.50401,11.57000,1299854.00000,3.98000,0.00000,0.00000,1.00000
-638348.98644,-868079.54922,210.58500,534612766.55022,12.04000,805931.00000,5.92000,0.00000,0.00000,1.00000
-638322.50778,-868424.19840,210.18200,534612766.59642,12.65000,196067.00000,10.42000,0.00000,0.00000,1.00000
-639447.56222,-868258.72880,212.54000,534612766.64262,13.16000,359455.00000,10.68000,0.00000,0.00000,1.00000
-638759.44566,-868896.48615,213.36100,534612766.68883,12.86000,280303.00000,7.48000,0.00000,0.00000,1.00000
-638488.00964,-869349.65330,216.55100,534612766.73503,12.32000,285291.00000,7.26000,0.00000,0.00000,1.00000
-638854.25381,-869520.35516,219.93800,534612766.78123,12.21000,274757.00000,5.93000,0.00000,0.00000,1.00000
-638553.52212,-869986.48737,221.29100,534612766.82744,12.15000,495359.00000,7.04000,0.00000,0.00000,1.00000
-638237.47211,-870459.39098,222.39200,534612766.87364,11.94000,1159402.00000,4.76000,0.00000,0.00000,1.00000
-640828.31251,-869644.72341,215.19700,534612766.91984,12.21000,2581032.00000,4.16000,0.00000,0.00000,1.00000
-640772.54011,-870002.37613,215.45300,534612766.96605,12.21000,1534259.00000,5.59000,0.00000,0.00000,1.00000
-640058.41683,-870651.61846,214.84400,534612767.01225,12.71000,633302.00000,10.08000,0.00000,0.00000,1.00000
-639836.21624,-871082.97317,215.68900,534612767.05845,12.67000,116144.00000,11.50000,0.00000,0.00000,1.00000
-642221.41448,-870359.45408,223.92600,534612767.10465,12.26000,258558.00000,8.69000,0.00000,0.00000,1.00000
-642230.86603,-870688.22305,225.31800,534612767.15086,11.85000,332430.00000,7.20000,0.00000,0.00000,1.00000
-641826.27657,-871200.38072,224.24800,534612767.19706,11.40000,1190853.00000,7.41000,0.00000,0.00000,1.00000
-641829.05250,-871532.08439,226.20200,534612767.24326,11.57000,867385.00000,7.97000,0.00000,0.00000,1.00000
-641947.67055,-871812.50114,226.50800,534612767.28947,11.85000,1359904.00000,7.25000,0.00000,0.00000,1.00000
-641415.91879,-872380.95346,223.96500,534612767.33567,11.80000,259231.00000,11.76000,0.00000,0.00000,1.00000
-640967.36024,-872912.54018,224.45700,534612767.38187,11.50000,75180.00000,8.53000,0.00000,0.00000,1.00000
-641069.31567,-873200.31894,227.31900,534612767.42807,10.56000,433628.00000,5.83000,0.00000,0.00000,1.00000
-641570.01948,-873311.51675,230.42700,534612767.47428,9.98000,647269.00000,5.08000,0.00000,0.00000,1.00000
-641788.47327,-873547.70732,230.33100,534612767.52048,10.33000,1250582.00000,5.26000,0.00000,0.00000,1.00000
-642086.82419,-873748.53560,228.58100,534612767.56668,10.67000,219653.00000,5.19000,0.00000,0.00000,1.00000
-641750.74309,-874230.28283,225.52100,534612767.61288,10.18000,150877.00000,6.96000,0.00000,0.00000,1.00000
-641854.02482,-874517.47427,222.87600,534612767.65908,9.99000,3051511.00000,5.74000,0.00000,0.00000,1.00000
-642794.78928,-874433.84878,225.28500,534612767.70529,9.82000,1344781.00000,6.23000,0.00000,0.00000,1.00000
-641721.06084,-875242.21537,230.54400,534612767.75149,8.92000,3849803.00000,3.82000,0.00000,0.00000,1.00000
-642741.03654,-875123.52546,232.49500,534612767.79769,8.25000,432580.00000,4.64000,0.00000,0.00000,1.00000
-644314.21765,-874759.87089,240.01400,534612767.84389,8.15000,1147580.00000,3.86000,0.00000,0.00000,1.00000
-644445.47774,-875034.71495,239.06800,534612767.89009,7.73000,1503158.00000,3.31000,0.00000,0.00000,1.00000
-644900.26929,-875166.29036,240.14200,534612767.93630,7.52000,1449038.00000,3.58000,0.00000,0.00000,1.00000
-645046.83570,-875434.36125,239.95200,534612767.98250,8.08000,1735802.00000,3.53000,0.00000,0.00000,1.00000
-645221.95940,-875689.77889,252.02600,534612768.02870,7.67000,8695979.00000,3.10000,0.00000,0.00000,1.00000
-645463.02939,-875915.99228,255.79700,534612768.07490,6.75000,2035297.00000,3.29000,0.00000,0.00000,1.00000
-645400.51332,-876276.62292,260.44300,534612768.12110,5.82000,4313223.00000,2.26000,0.00000,0.00000,1.00000
-645029.83278,-876773.68527,248.14200,534612768.16730,6.35000,2371133.00000,2.44000,0.00000,0.00000,1.00000
-645616.42002,-876846.93257,253.37100,534612768.21350,8.25000,3261913.00000,2.76000,0.00000,0.00000,1.00000
-645355.54576,-877295.38805,249.22700,534612768.25971,8.34000,929904.00000,4.42000,0.00000,0.00000,1.00000
-644868.29201,-877844.05151,247.81900,534612768.30591,6.90000,1427416.00000,4.31000,0.00000,0.00000,1.00000
-644297.12043,-878429.83581,251.37700,534612768.35211,6.36000,229673.00000,4.20000,0.00000,0.00000,1.00000
-644606.09230,-878625.99575,253.62300,534612768.39831,6.57000,151460.00000,5.05000,0.00000,0.00000,1.00000
-644712.00733,-878912.05236,256.89100,534612768.44451,6.55000,412179.00000,2.92000,0.00000,0.00000,1.00000
-644739.35336,-879232.86455,258.31900,534612768.49071,6.74000,432308.00000,3.12000,0.00000,0.00000,1.00000
-644704.12703,-879581.39537,257.71000,534612768.53691,6.99000,911369.00000,2.30000,0.00000,0.00000,1.00000
-644610.97351,-879955.55877,255.54600,534612768.58311,6.91000,1440254.00000,2.28000,0.00000,0.00000,1.00000
-644457.23580,-880356.54539,252.86000,534612768.62931,6.79000,1803540.00000,3.25000,0.00000,0.00000,1.00000
-644296.15387,-880760.75042,251.09800,534612768.67551,6.98000,761505.00000,2.82000,0.00000,0.00000,1.00000
-643820.80890,-881304.04718,249.18100,534612768.72171,7.17000,528167.00000,3.38000,0.00000,0.00000,1.00000
-643310.83902,-881862.66569,249.21600,534612768.76791,7.44000,436611.00000,2.71000,0.00000,0.00000,1.00000
-642921.35784,-882367.92800,249.51500,534612768.81411,7.75000,802681.00000,2.01000,0.00000,0.00000,1.00000
-642713.63474,-882792.74691,249.25400,534612768.86031,7.99000,426391.00000,2.27000,0.00000,0.00000,1.00000
-642444.65607,-883244.68339,248.02100,534612768.90651,8.17000,982929.00000,2.04000,0.00000,0.00000,1.00000
-642339.45073,-883624.12760,246.40900,534612768.95271,8.18000,801485.00000,2.51000,0.00000,0.00000,1.00000
-642452.64563,-883906.93221,246.37000,534612768.99891,8.76000,401401.00000,3.23000,0.00000,0.00000,1.00000
-650192.85650,-880814.45994,200.92400,534612769.04511,8.94000,213591.00000,2.95000,0.00000,0.00000,1.00000
-642718.97912,-884454.89414,242.56000,534612769.09131,8.98000,547096.00000,2.55000,0.00000,0.00000,1.00000
-643362.18192,-884503.19076,238.89100,534612769.13751,9.11000,379384.00000,2.68000,0.00000,0.00000,1.00000
-643946.14070,-884577.72115,235.77100,534612769.18371,9.21000,1206419.00000,2.65000,0.00000,0.00000,1.00000
-644124.58684,-884831.67438,233.58400,534612769.22992,9.48000,1014067.00000,2.35000,0.00000,0.00000,1.00000
-644061.32857,-885192.58769,230.55500,534612769.27612,9.83000,411640.00000,2.47000,0.00000,0.00000,1.00000
-652590.36707,-881751.28488,214.03000,534612769.32232,10.19000,1319473.00000,2.73000,0.00000,0.00000,1.00000
-647376.19278,-884391.71818,194.55800,534612769.36852,10.51000,1520943.00000,3.07000,0.00000,0.00000,1.00000
-647191.73516,-884806.28929,194.92900,534612769.41472,10.65000,1829395.00000,3.21000,0.00000,0.00000,1.00000
-647018.59198,-885215.84661,195.46600,534612769.46092,10.69000,1113246.00000,3.00000,0.00000,0.00000,1.00000
-648413.72461,-884931.50674,196.19900,534612769.50712,10.97000,1041825.00000,6.13000,0.00000,0.00000,1.00000
-648508.28486,-885222.62586,196.79100,534612769.55333,11.54000,200954.00000,8.06000,0.00000,0.00000,1.00000
-650022.60631,-884885.56162,207.45800,534612769.59953,11.42000,884322.00000,5.89000,0.00000,0.00000,1.00000
-649361.36891,-885511.11379,198.05600,534612769.64573,11.48000,1403219.00000,5.77000,0.00000,0.00000,1.00000
-647911.58876,-886485.49252,191.03400,534612769.69193,11.24000,2116675.00000,4.91000,0.00000,0.00000,1.00000
-646605.62568,-887396.20498,188.35300,534612769.73813,10.99000,1050280.00000,5.34000,0.00000,0.00000,1.00000
-649920.69316,-886262.55650,212.56000,534612769.78434,10.83000,394418.00000,5.24000,0.00000,0.00000,1.00000
-649738.88066,-886675.96133,212.10000,534612769.83054,10.74000,220671.00000,6.78000,0.00000,0.00000,1.00000
-649662.28147,-887042.82271,213.46700,534612769.87674,10.64000,279587.00000,4.74000,0.00000,0.00000,1.00000
-649600.98647,-887402.89874,215.96500,534612769.92294,10.36000,328991.00000,3.98000,0.00000,0.00000,1.00000
-649489.07240,-887785.36514,218.67100,534612769.96914,9.82000,379831.00000,3.62000,0.00000,0.00000,1.00000
-649428.44294,-888145.15206,220.82500,534612770.01535,9.73000,283990.00000,4.38000,0.00000,0.00000,1.00000
-649362.49453,-888507.29977,222.40700,534612770.06155,9.91000,326818.00000,4.87000,0.00000,0.00000,1.00000
-649380.43792,-888832.30813,223.18100,534612770.10775,10.09000,364476.00000,5.05000,0.00000,0.00000,1.00000
-649478.30935,-889121.97424,222.53800,534612770.15395,9.96000,1655267.00000,3.39000,0.00000,0.00000,1.00000
-648719.08703,-889790.74817,206.75900,534612770.20015,9.29000,905958.00000,2.83000,0.00000,0.00000,1.00000
-649358.39870,-889840.92360,207.87100,534612770.24636,9.11000,2415618.00000,3.66000,0.00000,0.00000,1.00000
-649261.13219,-890216.90330,202.98500,534612770.29256,9.64000,3108002.00000,3.81000,0.00000,0.00000,1.00000
-649133.21205,-890606.42922,200.58700,534612770.33876,10.13000,828711.00000,5.69000,0.00000,0.00000,1.00000
-649082.54694,-890961.79302,201.39500,534612770.38496,10.21000,1382762.00000,4.27000,0.00000,0.00000,1.00000
-649312.26677,-891193.14464,203.40700,534612770.43116,10.26000,1006885.00000,4.42000,0.00000,0.00000,1.00000
-649623.91048,-891388.27007,204.05400,534612770.47737,10.17000,275019.00000,5.33000,0.00000,0.00000,1.00000
-650307.86607,-891418.74347,204.31000,534612770.52357,9.45000,717648.00000,3.77000,0.00000,0.00000,1.00000
-649323.43169,-892187.05250,184.12700,534612770.56977,9.29000,2206337.00000,2.53000,0.00000,0.00000,1.00000
-652005.17464,-880884.56709,597.72400,534785421.16885,12.08000,7754881.00000,3.34000,0.00000,0.00000,1.00000
-634945.11471,-889453.84018,170.43300,534785421.35373,12.51000,2215243.00000,3.24000,0.00000,0.00000,1.00000
-677085.68769,-856083.66430,293.98800,536029386.12778,6.96000,276999.00000,8.28000,0.00000,0.00000,0.00000
-676771.22903,-855986.25490,295.08000,536029386.17412,6.71000,732921.00000,8.12000,0.00000,0.00000,0.00000
-676628.86383,-855677.94382,294.37600,536029386.22046,6.82000,1357376.00000,4.35000,0.00000,0.00000,0.00000
-676536.33454,-855308.58042,292.81400,536029386.26680,6.83000,1669961.00000,3.92000,0.00000,0.00000,0.00000
-676841.02632,-853486.93979,290.62500,536029386.40582,7.21000,2262112.00000,4.06000,0.00000,0.00000,0.00000
-676671.00197,-853212.57995,288.45400,536029386.45216,7.46000,4254688.00000,4.26000,0.00000,0.00000,0.00000
-675250.87285,-853021.93550,298.57800,536029386.63752,7.75000,548056.00000,3.61000,0.00000,0.00000,0.00000
-675043.95362,-852792.78631,300.74200,536029386.68385,7.48000,1799436.00000,3.25000,0.00000,0.00000,0.00000
-675535.11263,-851708.24104,307.39300,536029386.73019,7.58000,583573.00000,3.61000,0.00000,0.00000,0.00000
-674932.33893,-851964.16672,311.40900,536029386.77653,8.26000,516117.00000,5.38000,0.00000,0.00000,0.00000
-674607.78012,-851879.18241,314.47600,536029386.82287,8.62000,911999.00000,5.93000,0.00000,0.00000,0.00000
-674436.85416,-851605.94683,313.33000,536029386.86921,7.45000,880751.00000,5.97000,0.00000,0.00000,0.00000
-674513.68348,-851029.12031,311.94000,536029386.91555,5.31000,877462.00000,3.42000,0.00000,0.00000,0.00000
-670037.40383,-855547.98056,314.96000,536029387.00823,2.87000,684192.00000,2.20000,0.00000,0.00000,0.00000
-674797.28130,-849233.65434,271.07400,536029387.05457,2.85000,2117922.00000,2.73000,0.00000,0.00000,0.00000
-673198.75886,-850709.58392,274.42400,536029387.10091,3.88000,1005813.00000,3.40000,0.00000,0.00000,0.00000
-669617.37553,-854614.49163,312.15300,536029387.14725,6.21000,258978.00000,2.69000,0.00000,0.00000,0.00000
-672679.24180,-850380.80424,244.12200,536029387.19359,8.03000,688401.00000,3.14000,0.00000,0.00000,0.00000
-671523.12234,-851314.54758,248.67900,536029387.23993,9.08000,763758.00000,6.58000,0.00000,0.00000,0.00000
-671642.48478,-850685.69550,246.58400,536029387.28627,9.66000,1519031.00000,6.52000,0.00000,0.00000,0.00000
-671846.75884,-849952.82944,243.46100,536029387.33261,9.67000,769763.00000,4.71000,0.00000,0.00000,0.00000
-671883.97745,-849424.60943,239.66600,536029387.37895,9.89000,1444558.00000,4.39000,0.00000,0.00000,0.00000
-670449.94209,-850216.14626,261.50500,536029387.47163,10.59000,424429.00000,5.17000,0.00000,0.00000,0.00000
-670355.19090,-849849.61828,259.11700,536029387.51798,10.40000,881940.00000,6.34000,0.00000,0.00000,0.00000
-670333.81915,-849393.19398,258.87400,536029387.56432,9.87000,1530448.00000,5.54000,0.00000,0.00000,0.00000
-670075.71403,-849226.76169,260.82700,536029387.61066,10.12000,1890413.00000,4.44000,0.00000,0.00000,0.00000
-669571.64541,-849361.62099,263.84100,536029387.65700,10.50000,982487.00000,4.62000,0.00000,0.00000,0.00000
-669022.34766,-849551.86277,267.22700,536029387.70334,11.12000,811807.00000,6.50000,0.00000,0.00000,0.00000
-668739.32427,-849415.95181,267.74000,536029387.74968,12.02000,602380.00000,6.66000,0.00000,0.00000,0.00000
-668488.15010,-849241.03702,268.16900,536029387.79602,12.42000,435117.00000,10.20000,0.00000,0.00000,0.00000
-668239.73387,-849062.71818,268.72200,536029387.84237,12.06000,364629.00000,13.74000,0.00000,0.00000,0.00000
-668139.46342,-848702.94653,269.88800,536029387.88871,10.91000,388946.00000,5.62000,0.00000,0.00000,0.00000
-667951.98028,-848450.01328,271.79800,536029387.93505,10.18000,2329033.00000,3.18000,0.00000,0.00000,0.00000
-668379.65823,-847443.61730,271.81100,536029387.98140,10.16000,430204.00000,3.84000,0.00000,0.00000,0.00000
-668137.70442,-847257.38562,270.67200,536029388.02774,10.28000,727117.00000,4.23000,0.00000,0.00000,0.00000
-668886.57431,-845857.62209,269.27000,536029388.07408,10.25000,1844104.00000,3.06000,0.00000,0.00000,0.00000
-668007.32448,-846451.98165,266.34800,536029388.12043,10.30000,819863.00000,3.44000,0.00000,0.00000,0.00000
-668288.71700,-845624.79863,264.10500,536029388.16677,10.06000,1140447.00000,3.46000,0.00000,0.00000,0.00000
-668457.96833,-844934.96263,265.97900,536029388.21312,9.93000,3362169.00000,3.30000,0.00000,0.00000,0.00000
-671608.45225,-866614.48974,271.93700,536202038.17969,12.11000,2700361.00000,4.01000,0.00000,0.00000,0.00000
-670322.43301,-867668.48721,278.98900,536202038.22607,12.11000,1415598.00000,5.55000,0.00000,0.00000,0.00000
-671373.74258,-865944.59732,282.43600,536202038.27245,11.97000,2674148.00000,4.22000,0.00000,0.00000,0.00000
-670187.89365,-866879.53494,272.88700,536202038.31883,11.88000,1712288.00000,4.53000,0.00000,0.00000,0.00000
-670012.01487,-866614.14671,271.67700,536202038.36522,11.91000,485745.00000,4.92000,0.00000,0.00000,0.00000
-670079.23100,-866059.84809,270.60200,536202038.41160,11.59000,696880.00000,4.13000,0.00000,0.00000,0.00000
-667895.95852,-868179.96208,264.00800,536202038.45798,11.24000,349532.00000,2.10000,0.00000,0.00000,0.00000
-667322.70894,-868386.74332,260.41100,536202038.50436,10.98000,1227043.00000,2.65000,0.00000,0.00000,0.00000
-666679.38130,-868676.77119,257.96700,536202038.55074,10.96000,617836.00000,4.54000,0.00000,0.00000,0.00000
-666249.07856,-868713.66236,256.07900,536202038.59712,11.12000,356554.00000,3.53000,0.00000,0.00000,0.00000
-665953.74566,-868590.18648,252.87000,536202038.64350,11.22000,577975.00000,3.40000,0.00000,0.00000,0.00000
-669819.10397,-863522.71002,298.09100,536202038.68988,11.38000,126312.00000,3.92000,0.00000,0.00000,0.00000
-669907.48687,-862943.30829,299.56000,536202038.73626,11.57000,128133.00000,4.74000,0.00000,0.00000,0.00000
-665259.61921,-867991.76822,240.98900,536202038.78264,11.88000,603330.00000,4.15000,0.00000,0.00000,0.00000
-664569.23933,-868337.64703,241.06600,536202038.82903,12.02000,2026889.00000,4.46000,0.00000,0.00000,0.00000
-665347.61790,-866938.48890,234.68200,536202038.87541,12.00000,1014523.00000,3.64000,0.00000,0.00000,0.00000
-665091.34260,-866768.62080,234.19900,536202038.92179,11.90000,756829.00000,4.42000,0.00000,0.00000,0.00000
-664663.41218,-866802.69583,234.49000,536202038.96817,11.61000,309166.00000,5.33000,0.00000,0.00000,0.00000
-664203.02484,-866875.30863,235.69200,536202039.01455,11.17000,557874.00000,6.63000,0.00000,0.00000,0.00000
-663961.81224,-866687.54492,236.88100,536202039.06093,10.85000,644811.00000,3.96000,0.00000,0.00000,0.00000
-663520.24565,-866737.80282,238.65100,536202039.10731,10.27000,524713.00000,3.33000,0.00000,0.00000,0.00000
-663614.38417,-866151.63487,243.21600,536202039.15369,9.83000,9456391.00000,2.47000,0.00000,0.00000,0.00000
-663922.51183,-865311.26360,247.42500,536202039.20007,9.23000,3503102.00000,1.92000,0.00000,0.00000,0.00000
-663551.50442,-865277.72256,246.25700,536202039.24646,8.83000,495436.00000,4.28000,0.00000,0.00000,0.00000
-662897.36876,-865580.50531,248.55200,536202039.29284,8.57000,96328.00000,4.96000,0.00000,0.00000,0.00000
-662356.57652,-865748.62553,251.51600,536202039.33922,8.14000,510619.00000,4.49000,0.00000,0.00000,0.00000
-661975.21646,-865727.33425,253.16100,536202039.38560,7.80000,282962.00000,4.01000,0.00000,0.00000,0.00000
-661689.80897,-865592.07820,253.83300,536202039.43198,7.45000,249392.00000,4.00000,0.00000,0.00000,0.00000
-661345.13132,-865527.20286,254.78900,536202039.47836,7.11000,194709.00000,3.52000,0.00000,0.00000,0.00000
-666926.11951,-858422.90170,267.69800,536202039.52474,6.98000,216530.00000,2.86000,0.00000,0.00000,0.00000
-662360.17185,-863372.94343,206.69700,536202039.57112,7.45000,636497.00000,3.52000,0.00000,0.00000,0.00000
-661832.07174,-863526.00438,205.37700,536202039.61751,8.41000,830119.00000,5.93000,0.00000,0.00000,0.00000
-661779.00878,-863114.74537,202.33600,536202039.66389,9.40000,603788.00000,7.62000,0.00000,0.00000,0.00000
-661609.32237,-862842.07680,198.76700,536202039.71027,10.50000,1886063.00000,8.57000,0.00000,0.00000,0.00000
-662111.29918,-861771.55755,199.42600,536202039.75665,11.54000,326210.00000,8.24000,0.00000,0.00000,0.00000
-662417.61542,-860933.47701,201.52600,536202039.80303,12.02000,2560116.00000,8.28000,0.00000,0.00000,0.00000
-660547.11881,-862680.99263,204.26900,536202039.84942,12.03000,1739381.00000,6.23000,0.00000,0.00000,0.00000
-659870.37492,-863010.52934,208.72300,536202039.89580,11.76000,909073.00000,4.24000,0.00000,0.00000,0.00000
-662298.47720,-859652.29850,221.27700,536202039.94218,11.46000,414013.00000,3.79000,0.00000,0.00000,0.00000
-661833.91170,-859729.91181,226.50800,536202039.98857,10.87000,489585.00000,3.99000,0.00000,0.00000,0.00000
-660953.54944,-860301.33225,230.47800,536202040.03495,10.28000,529413.00000,4.66000,0.00000,0.00000,0.00000
-660278.26250,-860629.17443,236.20300,536202040.08133,9.84000,931146.00000,3.05000,0.00000,0.00000,0.00000
-659846.14009,-860668.18343,241.73400,536202040.12772,10.03000,2175018.00000,2.31000,0.00000,0.00000,0.00000
-660609.63277,-859287.19946,261.94700,536202040.17410,10.59000,669614.00000,3.61000,0.00000,0.00000,0.00000
-661109.70035,-858219.06005,248.92500,536202040.22049,11.17000,810175.00000,3.35000,0.00000,0.00000,0.00000
-659466.95098,-859695.90276,256.94300,536202040.26687,11.43000,4274743.00000,4.22000,0.00000,0.00000,0.00000
-659819.35610,-858803.18587,248.51400,536202040.31326,11.71000,1777056.00000,4.93000,0.00000,0.00000,0.00000
-659479.89682,-858732.15264,248.05600,536202040.35964,11.48000,1952250.00000,6.56000,0.00000,0.00000,0.00000
-659250.95922,-858529.83318,247.64700,536202040.40603,11.29000,1472208.00000,6.60000,0.00000,0.00000,0.00000
-658772.74812,-858623.57261,248.11000,536202040.45241,11.27000,315766.00000,6.88000,0.00000,0.00000,0.00000
-658418.70721,-858569.83853,248.00400,536202040.49880,11.66000,460734.00000,8.38000,0.00000,0.00000,0.00000
-658661.54384,-857807.27239,245.88100,536202040.54519,11.99000,297300.00000,10.28000,0.00000,0.00000,0.00000
-659009.74770,-856919.60373,246.43500,536202040.59157,12.02000,128288.00000,10.46000,0.00000,0.00000,0.00000
-659107.25571,-856329.65588,247.40300,536202040.63796,12.20000,210596.00000,11.21000,0.00000,0.00000,0.00000
-658786.62981,-856236.27257,247.42500,536202040.68434,12.21000,133366.00000,10.71000,0.00000,0.00000,0.00000
-658385.57219,-856238.39785,247.71800,536202040.73073,12.39000,280867.00000,8.96000,0.00000,0.00000,0.00000
-657839.63888,-856412.54600,248.05300,536202040.77711,11.87000,654864.00000,7.32000,0.00000,0.00000,0.00000
-657150.23578,-856757.03037,247.94300,536202040.82350,11.89000,686836.00000,8.75000,0.00000,0.00000,0.00000
-656630.64100,-856899.88365,248.46200,536202040.86989,12.27000,1443375.00000,6.92000,0.00000,0.00000,0.00000
-656179.24245,-856961.74468,246.36400,536202040.91627,12.84000,682717.00000,10.43000,0.00000,0.00000,0.00000
-656334.63758,-856303.10579,244.33200,536202040.96266,13.32000,82886.00000,14.12000,0.00000,0.00000,0.00000
-657343.29507,-854631.31418,245.13600,536202041.00905,13.26000,178891.00000,10.98000,0.00000,0.00000,0.00000
-657582.41806,-853873.27996,246.52300,536202041.05543,13.14000,645323.00000,8.24000,0.00000,0.00000,0.00000
-657364.81522,-853657.56375,246.85900,536202041.10182,12.85000,652764.00000,6.75000,0.00000,0.00000,0.00000
-656604.87881,-854085.80385,242.96700,536202041.14821,12.75000,3629944.00000,5.98000,0.00000,0.00000,0.00000
-655835.05676,-854525.76650,240.37600,536202041.19459,12.64000,2784477.00000,5.94000,0.00000,0.00000,0.00000
-655149.41488,-854865.74358,238.46400,536202041.24098,12.53000,1712250.00000,5.07000,0.00000,0.00000,0.00000
-654352.27410,-855338.06436,237.86400,536202041.28737,12.64000,3270190.00000,4.61000,0.00000,0.00000,0.00000
-655763.66991,-853188.29245,242.86400,536202041.33376,12.54000,5469737.00000,3.71000,0.00000,0.00000,0.00000
-653048.67677,-855937.52120,239.34600,536202041.38014,12.54000,3568849.00000,4.19000,0.00000,0.00000,0.00000
-655217.95017,-852888.08922,245.47300,536202041.42653,12.39000,4329120.00000,4.82000,0.00000,0.00000,0.00000
-654857.84321,-852841.58248,244.39800,536202041.47292,12.42000,1020573.00000,6.69000,0.00000,0.00000,0.00000
-654571.58365,-852707.38907,243.64800,536202041.51930,12.58000,878218.00000,7.02000,0.00000,0.00000,0.00000
-654365.29683,-852478.25749,243.36800,536202041.56569,12.43000,653374.00000,7.78000,0.00000,0.00000,0.00000
-654058.34368,-852368.63497,243.37600,536202041.61208,12.24000,272494.00000,7.99000,0.00000,0.00000,0.00000
-653638.96431,-852392.47741,242.86500,536202041.65846,12.04000,227806.00000,7.40000,0.00000,0.00000,0.00000
-653145.25876,-852504.54838,242.72300,536202041.70485,12.12000,299779.00000,7.62000,0.00000,0.00000,0.00000
-652735.75844,-852516.65471,243.32800,536202041.75124,12.18000,172469.00000,7.20000,0.00000,0.00000,0.00000
-661322.46910,-880071.11535,261.69900,536374690.45536,11.28000,1096586.00000,3.94000,0.00000,0.00000,0.00000
-661089.63532,-879872.96890,260.11800,536374690.50178,11.27000,554087.00000,4.78000,0.00000,0.00000,0.00000
-661169.10595,-879314.88053,260.01500,536374690.54821,11.02000,134960.00000,8.71000,0.00000,0.00000,0.00000
-661451.19015,-878523.28489,263.06100,536374690.59464,10.70000,274855.00000,4.11000,0.00000,0.00000,0.00000
-661185.79039,-878362.68606,264.01300,536374690.64106,10.56000,1822083.00000,2.98000,0.00000,0.00000,0.00000
-660766.65035,-878379.30067,263.30000,536374690.68749,10.47000,3554550.00000,2.90000,0.00000,0.00000,0.00000
-660365.70428,-878374.92678,262.23800,536374690.73392,10.46000,2150054.00000,3.10000,0.00000,0.00000,0.00000
-660022.71850,-878303.74670,260.25000,536374690.78034,10.54000,377564.00000,3.87000,0.00000,0.00000,0.00000
-659692.66430,-878217.65917,258.06400,536374690.82677,10.65000,559273.00000,5.86000,0.00000,0.00000,0.00000
-659350.63793,-878145.37043,255.41800,536374690.87319,10.63000,227421.00000,6.13000,0.00000,0.00000,0.00000
-659052.19311,-878022.83405,253.16200,536374690.91962,10.55000,374950.00000,5.74000,0.00000,0.00000,0.00000
-658703.46545,-877958.27731,251.03000,536374690.96605,11.16000,345960.00000,4.82000,0.00000,0.00000,0.00000
-658423.71179,-877814.21791,249.18000,536374691.01248,11.35000,265284.00000,6.82000,0.00000,0.00000,0.00000
-658245.50736,-877553.12163,248.15400,536374691.05890,11.33000,449529.00000,7.18000,0.00000,0.00000,0.00000
-658231.61963,-877102.70036,248.25600,536374691.10533,11.45000,391743.00000,6.84000,0.00000,0.00000,0.00000
-657949.48007,-876961.40114,247.34400,536374691.15176,11.30000,423477.00000,6.29000,0.00000,0.00000,0.00000
-657508.77734,-877002.81173,246.43400,536374691.19818,11.07000,1120955.00000,5.27000,0.00000,0.00000,0.00000
-657025.43270,-877093.33420,245.44900,536374691.24461,11.06000,764975.00000,5.43000,0.00000,0.00000,0.00000
-656569.38986,-877152.38536,244.25200,536374691.29104,10.91000,2182632.00000,3.72000,0.00000,0.00000,0.00000
-658488.95122,-874474.11964,240.21800,536374691.33747,10.90000,1122437.00000,4.02000,0.00000,0.00000,0.00000
-657251.13342,-875434.04827,236.56800,536374691.38390,10.92000,1339223.00000,6.03000,0.00000,0.00000,0.00000
-656592.94021,-875726.04442,236.84900,536374691.43032,11.01000,813120.00000,6.13000,0.00000,0.00000,0.00000
-655928.99170,-876024.64616,238.44300,536374691.47675,11.06000,815551.00000,6.64000,0.00000,0.00000,0.00000
-655184.07541,-876416.51484,239.13200,536374691.52318,11.48000,906060.00000,9.82000,0.00000,0.00000,0.00000
-654646.11209,-876569.92115,240.67100,536374691.56961,12.17000,216278.00000,13.31000,0.00000,0.00000,0.00000
-655999.52800,-874544.24763,242.56700,536374691.61604,11.98000,855311.00000,9.41000,0.00000,0.00000,0.00000
-655681.47875,-874444.32631,240.75500,536374691.66246,11.52000,392883.00000,7.38000,0.00000,0.00000,0.00000
-655506.67425,-874179.37937,241.20800,536374691.70889,10.52000,715403.00000,4.73000,0.00000,0.00000,0.00000
-655417.13601,-873816.17264,241.13700,536374691.75532,9.40000,993898.00000,3.91000,0.00000,0.00000,0.00000
-654494.97686,-874412.22192,235.27800,536374691.80175,8.79000,1226820.00000,3.73000,0.00000,0.00000,0.00000
-656184.65605,-871999.19745,257.55000,536374691.84818,8.44000,205974.00000,2.22000,0.00000,0.00000,0.00000
-651215.96074,-877256.84105,199.60500,536374691.89461,9.00000,802689.00000,2.12000,0.00000,0.00000,0.00000
-650990.34703,-877050.36019,196.35700,536374691.94104,10.15000,791525.00000,6.22000,0.00000,0.00000,0.00000
-652543.86285,-874794.53347,206.66700,536374691.98747,11.03000,2526401.00000,4.77000,0.00000,0.00000,0.00000
-652427.03473,-874462.76333,206.52300,536374692.03390,11.69000,882923.00000,4.80000,0.00000,0.00000,0.00000
-652430.00447,-873993.02974,208.86500,536374692.08033,12.37000,4249466.00000,4.34000,0.00000,0.00000,0.00000
-651139.28274,-875013.46994,198.59700,536374692.12675,12.84000,4702501.00000,4.57000,0.00000,0.00000,0.00000
-650924.23991,-874794.82428,202.17600,536374692.17318,13.05000,2368049.00000,3.59000,0.00000,0.00000,0.00000
-651693.85627,-873442.03955,208.41500,536374692.21961,13.28000,1684664.00000,3.43000,0.00000,0.00000,0.00000
-650904.82115,-873884.57172,215.34000,536374692.26604,13.23000,2507789.00000,4.73000,0.00000,0.00000,0.00000
-650634.69613,-873729.41094,219.04200,536374692.31247,13.14000,858738.00000,5.91000,0.00000,0.00000,0.00000
-651029.61101,-872808.24748,219.73700,536374692.35890,13.34000,561056.00000,7.34000,0.00000,0.00000,0.00000
-650380.01222,-873090.16796,222.29900,536374692.40533,13.24000,1479885.00000,7.00000,0.00000,0.00000,0.00000
-650208.11255,-872821.86978,225.65300,536374692.45176,12.89000,1545343.00000,5.53000,0.00000,0.00000,0.00000
-650004.59670,-872589.98154,237.05000,536374692.49819,12.31000,1057833.00000,4.15000,0.00000,0.00000,0.00000
-649724.41986,-872446.40172,241.55400,536374692.54462,12.15000,418693.00000,5.06000,0.00000,0.00000,0.00000
-649661.28828,-872052.83622,245.90300,536374692.59105,11.42000,1309424.00000,4.32000,0.00000,0.00000,0.00000
-649531.56897,-871735.98793,250.61200,536374692.63748,10.98000,472650.00000,5.07000,0.00000,0.00000,0.00000
-649976.31218,-870757.51606,253.56800,536374692.68391,10.99000,546436.00000,5.89000,0.00000,0.00000,0.00000
-650386.07715,-869819.34074,255.02100,536374692.73034,10.76000,542179.00000,4.64000,0.00000,0.00000,0.00000
-649531.45745,-870337.38323,249.91000,536374692.77677,10.33000,909809.00000,3.90000,0.00000,0.00000,0.00000
-648680.16788,-870851.54987,244.63900,536374692.82320,10.25000,1693126.00000,6.62000,0.00000,0.00000,0.00000
-649513.04600,-869426.14986,245.49600,536374692.86963,10.38000,465752.00000,6.77000,0.00000,0.00000,0.00000
-649237.67578,-869277.04656,244.17500,536374692.91606,10.38000,374109.00000,6.58000,0.00000,0.00000,0.00000
-649388.75132,-868636.85868,241.56700,536374692.96249,10.31000,659667.00000,6.44000,0.00000,0.00000,0.00000
-648083.23970,-869674.11169,236.40500,536374693.00892,10.31000,584010.00000,6.50000,0.00000,0.00000,0.00000
-647588.41364,-869777.71299,231.89200,536374693.05535,10.74000,1331133.00000,10.98000,0.00000,0.00000,0.00000
-647444.82685,-869476.87329,231.09000,536374693.10178,10.85000,450168.00000,8.17000,0.00000,0.00000,0.00000
-647035.29264,-869482.25146,229.83700,536374693.14821,10.96000,346049.00000,6.38000,0.00000,0.00000,0.00000
-648889.78629,-866880.53622,240.60300,536374693.19464,10.96000,3602469.00000,5.96000,0.00000,0.00000,0.00000
-648146.31345,-867270.51670,238.54600,536374693.24107,10.92000,1374216.00000,7.04000,0.00000,0.00000,0.00000
-647902.11430,-867085.55475,239.21300,536374693.28750,10.76000,1389766.00000,4.88000,0.00000,0.00000,0.00000
-647472.00953,-867114.67578,238.17100,536374693.33393,10.92000,1593497.00000,7.15000,0.00000,0.00000,0.00000
-647643.71347,-866450.78318,239.90600,536374693.38036,11.05000,463918.00000,8.84000,0.00000,0.00000,0.00000
-647696.10983,-865924.28344,242.07800,536374693.42679,10.92000,294041.00000,6.49000,0.00000,0.00000,0.00000
-646995.29301,-866265.13366,238.58900,536374693.47322,11.12000,416924.00000,5.94000,0.00000,0.00000,0.00000
-646461.68677,-866413.40201,235.15900,536374693.51965,11.25000,360797.00000,6.23000,0.00000,0.00000,0.00000
-645978.86577,-866503.18095,232.88500,536374693.56608,11.77000,329114.00000,5.30000,0.00000,0.00000,0.00000
-645575.58888,-866501.36937,230.84500,536374693.61251,11.94000,347606.00000,7.12000,0.00000,0.00000,0.00000
-645393.69672,-866244.66497,228.79800,536374693.65894,12.02000,292918.00000,11.46000,0.00000,0.00000,0.00000
-645243.90674,-865950.98239,227.85100,536374693.70537,11.90000,106176.00000,8.90000,0.00000,0.00000,0.00000
-645464.06509,-865231.40010,228.73900,536374693.75181,11.99000,281857.00000,13.11000,0.00000,0.00000,0.00000
-645634.85826,-864568.64129,231.50500,536374693.79824,11.96000,679169.00000,7.03000,0.00000,0.00000,0.00000
-645372.96060,-864404.08379,231.16700,536374693.84467,11.89000,976635.00000,5.69000,0.00000,0.00000,0.00000
-644360.15726,-865104.01130,225.21400,536374693.89110,11.94000,2160136.00000,4.77000,0.00000,0.00000,0.00000
-644360.86265,-864637.11770,225.80400,536374693.93753,11.91000,2257560.00000,3.34000,0.00000,0.00000,0.00000
-644349.56470,-864184.01394,232.62900,536374693.98396,11.66000,7550989.00000,3.21000,0.00000,0.00000,0.00000
-643927.13789,-864204.25059,231.59700,536374694.03039,11.56000,4585567.00000,2.87000,0.00000,0.00000,0.00000
-643467.80493,-864266.95551,229.41900,536374694.07683,11.52000,475892.00000,5.08000,0.00000,0.00000,0.00000
-643120.61683,-864200.57895,228.76500,536374694.12326,11.31000,285652.00000,5.14000,0.00000,0.00000,0.00000
-643065.72982,-863797.66061,228.89900,536374694.16969,11.34000,131882.00000,7.02000,0.00000,0.00000,0.00000
-642957.18981,-863456.55345,229.18200,536374694.21612,11.28000,195273.00000,7.12000,0.00000,0.00000,0.00000
