-667413.34826,-871222.13976,266.56200,634150164.31602,10.64000,591242.00000,3.99000,0.00000,0.00000,0.00000
-667152.77471,-871057.34606,272.34300,634150164.36237,10.74000,4325897.00000,3.87000,0.00000,0.00000,0.00000
-666861.49783,-870928.70719,271.46600,634150164.40872,10.82000,884419.00000,3.87000,0.00000,0.00000,0.00000
-666620.30682,-870741.07799,270.86700,634150164.45507,10.84000,360936.00000,4.22000,0.00000,0.00000,0.00000
-666327.62283,-870614.11234,270.10100,634150164.50143,10.95000,698470.00000,4.68000,0.00000,0.00000,0.00000
-665943.25201,-870595.06724,270.23600,634150164.54778,11.11000,733851.00000,3.58000,0.00000,0.00000,0.00000
-662412.63070,-874279.64597,252.73500,634150164.59413,11.22000,462199.00000,3.16000,0.00000,0.00000,0.00000
-661928.02252,-874378.49343,254.40000,634150164.64048,10.87000,2233502.00000,2.27000,0.00000,0.00000,0.00000
-664645.99386,-870707.58059,270.04700,634150164.68683,10.89000,1985434.00000,2.24000,0.00000,0.00000,0.00000
-662789.36423,-872421.53735,239.45100,634150164.73318,11.05000,2461300.00000,2.35000,0.00000,0.00000,0.00000
-663821.00488,-870735.63953,268.94400,634150164.77953,11.33000,785096.00000,2.40000,0.00000,0.00000,0.00000
-663439.46509,-870713.22356,267.71600,634150164.82588,11.52000,299432.00000,2.43000,0.00000,0.00000,0.00000
-663082.49874,-870661.87174,266.32200,634150164.87224,11.59000,413422.00000,2.83000,0.00000,0.00000,0.00000
-662719.85578,-870617.18981,263.78600,634150164.91859,11.68000,392105.00000,2.87000,0.00000,0.00000,0.00000
-662353.44023,-870576.96493,261.47300,634150164.96494,11.85000,929016.00000,2.28000,0.00000,0.00000,0.00000
-662073.50782,-870434.92566,258.49200,634150165.01129,12.00000,3808839.00000,2.53000,0.00000,0.00000,0.00000
-661515.18560,-870620.55852,249.77000,634150165.05764,12.04000,1229984.00000,2.64000,0.00000,0.00000,0.00000
-661554.76307,-870102.46063,246.25600,634150165.10400,12.33000,1943254.00000,3.70000,0.00000,0.00000,0.00000
-661355.65583,-869865.28210,246.27200,634150165.15035,12.70000,261918.00000,4.75000,0.00000,0.00000,0.00000
-661399.50208,-869342.18726,243.71600,634150165.19670,13.01000,1564052.00000,6.56000,0.00000,0.00000,0.00000
-661807.75944,-868390.19161,241.65400,634150165.24306,13.28000,464528.00000,5.34000,0.00000,0.00000,0.00000
-661801.03440,-867926.61794,240.95300,634150165.28941,13.32000,230457.00000,5.97000,0.00000,0.00000,0.00000
-662260.80638,-866914.00128,242.36600,634150165.33576,13.30000,1771082.00000,7.20000,0.00000,0.00000,0.00000
-659333.51983,-869887.63986,235.97000,634150165.38212,13.41000,428259.00000,5.23000,0.00000,0.00000,0.00000
-658567.21383,-870317.96832,238.71700,634150165.42847,13.01000,1756491.00000,4.52000,0.00000,0.00000,0.00000
-660677.15811,-867363.46198,239.48000,634150165.47482,12.61000,5051233.00000,3.57000,0.00000,0.00000,0.00000
-660187.39528,-867468.39210,238.65700,634150165.52117,11.85000,3168565.00000,3.25000,0.00000,0.00000,0.00000
-657630.04646,-870006.33324,233.41800,634150165.56753,10.77000,2041980.00000,2.51000,0.00000,0.00000,0.00000
-657477.74949,-869714.08070,229.87400,634150165.61388,9.52000,1540919.00000,2.64000,0.00000,0.00000,0.00000
-657107.51107,-869678.27946,221.29700,634150165.66024,8.61000,2344421.00000,2.31000,0.00000,0.00000,0.00000
-657052.09954,-869272.02044,209.88000,634150165.70659,9.18000,1875936.00000,2.79000,0.00000,0.00000,0.00000
-656585.43291,-869349.67984,204.38900,634150165.75294,11.87000,782978.00000,8.38000,0.00000,0.00000,0.00000
-656567.40919,-868899.43531,201.76800,634150165.79930,13.46000,851388.00000,6.61000,0.00000,0.00000,0.00000
-657258.98564,-867614.28653,200.06800,634150165.84565,13.41000,1339125.00000,5.06000,0.00000,0.00000,0.00000
-658340.52025,-865870.24014,207.21100,634150165.89201,13.47000,1190581.00000,8.02000,0.00000,0.00000,0.00000
-658193.93543,-865571.31957,207.59000,634150165.93836,13.79000,353412.00000,10.95000,0.00000,0.00000,0.00000
-658231.70782,-865055.47461,209.88200,634150165.98471,13.73000,595928.00000,8.77000,0.00000,0.00000,0.00000
-658203.77591,-864616.94864,211.92900,634150166.03107,13.15000,681712.00000,6.12000,0.00000,0.00000,0.00000
-657595.83764,-864860.89597,213.18500,634150166.07742,12.62000,830625.00000,7.11000,0.00000,0.00000,0.00000
-656855.05548,-865261.11068,215.91500,634150166.12378,11.96000,1570234.00000,5.01000,0.00000,0.00000,0.00000
-657949.80791,-863501.64644,226.93200,634150166.17013,11.61000,1418898.00000,5.53000,0.00000,0.00000,0.00000
-657179.74375,-863936.33996,228.50500,634150166.21648,11.54000,738318.00000,6.03000,0.00000,0.00000,0.00000
-656362.88048,-864426.07670,231.96100,634150166.26284,11.54000,1105443.00000,5.84000,0.00000,0.00000,0.00000
-655728.00714,-864701.66571,236.17400,634150166.30919,11.61000,313826.00000,6.31000,0.00000,0.00000,0.00000
-655051.05256,-865026.73662,239.34300,634150166.35555,11.69000,988884.00000,6.12000,0.00000,0.00000,0.00000
-655133.76255,-864458.08888,238.53200,634150166.40190,11.87000,3384920.00000,4.77000,0.00000,0.00000,0.00000
-655131.37406,-863989.53841,238.00300,634150166.44825,11.80000,2298096.00000,5.45000,0.00000,0.00000,0.00000
-655469.82782,-863120.03017,238.92900,634150166.49461,11.53000,817911.00000,5.57000,0.00000,0.00000,0.00000
-655048.62796,-863144.22684,236.91000,634150166.54096,11.47000,823809.00000,5.88000,0.00000,0.00000,0.00000
-654643.03454,-863150.07285,236.91400,634150166.58731,11.75000,727509.00000,9.13000,0.00000,0.00000,0.00000
-654198.20293,-863202.06927,237.22100,634150166.63367,11.75000,977384.00000,7.56000,0.00000,0.00000,0.00000
-653488.62921,-863565.46664,238.36000,634150166.68002,11.54000,1573224.00000,5.97000,0.00000,0.00000,0.00000
-652601.77650,-864137.39420,240.57800,634150166.72637,11.44000,712155.00000,5.89000,0.00000,0.00000,0.00000
-651829.30417,-864574.71576,243.17800,634150166.77273,11.70000,696986.00000,7.20000,0.00000,0.00000,0.00000
-651448.27504,-864551.59182,244.27000,634150166.81908,11.58000,1161222.00000,5.51000,0.00000,0.00000,0.00000
-653102.92117,-862133.99735,240.15600,634150166.86544,11.27000,1593611.00000,5.10000,0.00000,0.00000,0.00000
-653016.90373,-861763.90337,241.10600,634150166.91179,11.56000,771207.00000,5.93000,0.00000,0.00000,0.00000
-652875.57725,-861458.87009,242.50300,634150166.95815,11.90000,290774.00000,6.38000,0.00000,0.00000,0.00000
-652291.29288,-861674.86288,244.50000,634150167.00450,12.13000,429792.00000,6.70000,0.00000,0.00000,0.00000
-652350.41135,-861134.05808,245.18100,634150167.05085,12.14000,353418.00000,7.20000,0.00000,0.00000,0.00000
-652888.41378,-860029.97915,245.91400,634150167.09721,11.95000,402090.00000,6.38000,0.00000,0.00000,0.00000
-652681.39523,-859802.25466,246.62600,634150167.14356,11.75000,629479.00000,5.37000,0.00000,0.00000,0.00000
-652302.30003,-859776.92455,246.56300,634150167.18991,11.62000,1891005.00000,6.46000,0.00000,0.00000,0.00000
-651903.34311,-859774.93761,246.76100,634150167.23627,11.50000,422315.00000,5.11000,0.00000,0.00000,0.00000
-651504.39396,-859772.95271,246.04700,634150167.28262,11.46000,342886.00000,4.81000,0.00000,0.00000,0.00000
-651137.11247,-859733.70419,245.46900,634150167.32898,11.50000,340794.00000,5.31000,0.00000,0.00000,0.00000
-650943.80795,-859489.83688,244.41500,634150167.37533,11.46000,119733.00000,7.10000,0.00000,0.00000,0.00000
-651010.52224,-858940.16451,244.38000,634150167.42168,11.37000,123676.00000,6.48000,0.00000,0.00000,0.00000
-650813.91599,-858700.19315,245.33500,634150167.46804,11.12000,297962.00000,5.27000,0.00000,0.00000,0.00000
-650536.46485,-858555.29199,245.73000,634150167.51439,11.12000,304256.00000,5.39000,0.00000,0.00000,0.00000
-650297.79052,-858364.80935,245.23800,634150167.56075,11.14000,809898.00000,5.46000,0.00000,0.00000,0.00000
-650141.38254,-858077.57959,244.31000,634150167.60710,11.14000,340218.00000,5.62000,0.00000,0.00000,0.00000
-650035.08106,-857731.41191,244.03200,634150167.65346,10.99000,314354.00000,5.01000,0.00000,0.00000,0.00000
-650035.15085,-857260.14362,244.92700,634150167.69981,10.98000,1432641.00000,3.71000,0.00000,0.00000,0.00000
-649453.26466,-857473.30181,239.22300,634150167.74616,10.98000,3460781.00000,3.72000,0.00000,0.00000,0.00000
-649665.61895,-856752.41212,244.17200,634150167.79252,11.08000,3847261.00000,3.50000,0.00000,0.00000,0.00000
-649547.04247,-856420.70628,244.11200,634150167.83887,11.07000,3261616.00000,3.29000,0.00000,0.00000,0.00000
-649414.29171,-856105.68893,244.01100,634150167.88522,11.17000,3890616.00000,3.49000,0.00000,0.00000,0.00000
-649480.56748,-855556.60667,245.81000,634150167.93158,11.10000,1588260.00000,3.91000,0.00000,0.00000,0.00000
-658876.15431,-883883.18769,242.80500,634322816.97228,10.42000,900106.00000,4.47000,0.00000,0.00000,0.00000
-658495.19812,-883855.07372,240.68500,634322817.01860,10.62000,362994.00000,3.95000,0.00000,0.00000,0.00000
-658327.18718,-883583.79060,240.79000,634322817.06492,10.54000,289508.00000,4.94000,0.00000,0.00000,0.00000
-657892.39147,-883617.15133,238.73100,634322817.11123,10.88000,836151.00000,5.80000,0.00000,0.00000,0.00000
-657659.01473,-883420.51893,238.06000,634322817.15755,11.21000,962850.00000,9.21000,0.00000,0.00000,0.00000
-657676.09049,-882937.91142,238.71600,634322817.20387,11.47000,986954.00000,8.01000,0.00000,0.00000,0.00000
-657433.10825,-882752.26268,237.97600,634322817.25019,11.47000,2802064.00000,5.62000,0.00000,0.00000,0.00000
-657434.79717,-882287.23480,241.86100,634322817.29651,11.84000,3471671.00000,5.58000,0.00000,0.00000,0.00000
-656809.15667,-882538.47715,239.41100,634322817.34283,11.70000,2154970.00000,5.17000,0.00000,0.00000,0.00000
-656256.56920,-882706.27468,239.16600,634322817.38914,11.66000,1533048.00000,3.61000,0.00000,0.00000,0.00000
-655893.40085,-882657.82762,239.92900,634322817.43546,11.69000,1852006.00000,3.16000,0.00000,0.00000,0.00000
-655639.84669,-882484.22874,236.07400,634322817.48178,11.66000,2775364.00000,3.34000,0.00000,0.00000,0.00000
-655175.24206,-882551.57770,237.10200,634322817.52810,11.80000,398948.00000,4.45000,0.00000,0.00000,0.00000
-655450.01475,-881774.79377,238.87200,634322817.57442,11.67000,112561.00000,5.81000,0.00000,0.00000,0.00000
-655644.03254,-881090.23424,240.70400,634322817.62074,11.47000,933852.00000,2.83000,0.00000,0.00000,0.00000
-654536.69513,-881891.35767,231.02200,634322817.66706,11.23000,1767854.00000,2.57000,0.00000,0.00000,0.00000
-653720.16976,-882360.41498,224.55100,634322817.71338,11.35000,1798818.00000,3.04000,0.00000,0.00000,0.00000
-653381.04801,-882284.49751,221.32600,634322817.75970,11.46000,876603.00000,3.60000,0.00000,0.00000,0.00000
-652689.98562,-882610.30715,217.33900,634322817.80602,11.18000,1005554.00000,3.17000,0.00000,0.00000,0.00000
-652544.60635,-882313.19843,214.12500,634322817.85233,11.00000,804536.00000,3.18000,0.00000,0.00000,0.00000
-652294.91268,-882135.19404,210.74000,634322817.89865,10.85000,609013.00000,2.83000,0.00000,0.00000,0.00000
-651778.84233,-882261.21700,205.54700,634322817.94497,11.01000,403722.00000,2.47000,0.00000,0.00000,0.00000
-651739.26245,-881843.38019,204.04500,634322817.99129,11.43000,969588.00000,2.91000,0.00000,0.00000,0.00000
-651780.93564,-881332.79102,203.79800,634322818.03761,11.79000,2442023.00000,3.05000,0.00000,0.00000,0.00000
-651203.32948,-881529.05595,200.79700,634322818.08393,11.88000,4454966.00000,2.59000,0.00000,0.00000,0.00000
-650642.06583,-881706.64853,200.17800,634322818.13025,11.59000,1940390.00000,2.58000,0.00000,0.00000,0.00000
-649819.70725,-882182.23127,198.62000,634322818.17657,11.33000,625422.00000,2.77000,0.00000,0.00000,0.00000
-650278.75652,-881195.28464,200.64100,634322818.22289,11.27000,1943205.00000,3.38000,0.00000,0.00000,0.00000
-649714.12148,-881376.70653,198.36000,634322818.26921,11.34000,546574.00000,6.74000,0.00000,0.00000,0.00000
-648944.64526,-881791.88367,200.13700,634322818.31553,11.26000,246182.00000,7.34000,0.00000,0.00000,0.00000
-648064.09508,-882333.79521,205.88400,634322818.36185,11.45000,737946.00000,5.89000,0.00000,0.00000,0.00000
-647660.53751,-882331.33193,208.82800,634322818.40817,11.99000,6983141.00000,4.60000,0.00000,0.00000,0.00000
-650169.91097,-879004.59886,201.13800,634322818.45449,12.26000,818631.00000,5.70000,0.00000,0.00000,0.00000
-646742.34494,-882453.15375,213.75900,634322818.50081,12.82000,936330.00000,6.76000,0.00000,0.00000,0.00000
-647018.72639,-881674.80024,210.39600,634322818.54712,13.36000,453496.00000,7.58000,0.00000,0.00000,0.00000
-646931.09356,-881311.82258,209.01400,634322818.59344,13.60000,1122830.00000,7.49000,0.00000,0.00000,0.00000
-647822.01285,-879832.22497,205.82900,634322818.63976,13.66000,291567.00000,8.26000,0.00000,0.00000,0.00000
-646873.66961,-880451.45851,208.40800,634322818.68608,12.86000,1902217.00000,5.64000,0.00000,0.00000,0.00000
-647334.72963,-879462.41165,217.33900,634322818.73240,12.29000,4957449.00000,3.96000,0.00000,0.00000,0.00000
-646874.46639,-879524.67375,224.12100,634322818.77872,11.84000,722669.00000,3.05000,0.00000,0.00000,0.00000
-646492.58657,-879497.50013,230.33700,634322818.82504,11.42000,367065.00000,3.45000,0.00000,0.00000,0.00000
-645978.47929,-879621.20235,237.05300,634322818.87136,11.08000,704498.00000,3.41000,0.00000,0.00000,0.00000
-645690.37440,-879487.02589,243.09000,634322818.91768,10.80000,2027693.00000,2.43000,0.00000,0.00000,0.00000
-645883.10008,-878804.21644,241.54900,634322818.96400,10.50000,3050714.00000,2.48000,0.00000,0.00000,0.00000
-645303.61910,-879002.48828,255.57300,634322819.01032,9.93000,2493746.00000,2.42000,0.00000,0.00000,0.00000
-645133.79586,-878733.35689,256.65400,634322819.05663,9.46000,2199219.00000,3.34000,0.00000,0.00000,0.00000
-645405.86385,-877960.05626,252.81200,634322819.10295,9.17000,366795.00000,4.51000,0.00000,0.00000,0.00000
-646026.06539,-876789.56440,249.98000,634322819.14927,8.80000,1567094.00000,3.85000,0.00000,0.00000,0.00000
-646010.59987,-876344.34414,246.20700,634322819.19559,8.76000,1725536.00000,3.20000,0.00000,0.00000,0.00000
-645749.90584,-876178.91361,242.70100,634322819.24191,8.41000,512373.00000,2.56000,0.00000,0.00000,0.00000
-645931.59357,-875508.77814,253.00700,634322819.28823,7.99000,3241577.00000,2.98000,0.00000,0.00000,0.00000
-645423.28440,-875625.88226,252.75600,634322819.33454,7.81000,1074656.00000,4.02000,0.00000,0.00000,0.00000
-645346.29477,-875250.90465,250.68200,634322819.38086,7.47000,1321117.00000,4.55000,0.00000,0.00000,0.00000
-646052.11281,-873982.78507,241.46900,634322819.42718,7.01000,1721451.00000,3.50000,0.00000,0.00000,0.00000
-645696.71872,-873925.43840,240.43200,634322819.47350,6.54000,1137239.00000,4.69000,0.00000,0.00000,0.00000
-645103.79040,-874139.09460,238.93600,634322819.51981,6.47000,1318498.00000,4.15000,0.00000,0.00000,0.00000
-644935.45597,-873868.35245,237.27500,634322819.56613,6.81000,949754.00000,6.43000,0.00000,0.00000,0.00000
-644672.85951,-873705.10901,235.61200,634322819.61245,7.09000,327679.00000,5.62000,0.00000,0.00000,0.00000
-644509.81575,-873428.31959,233.11800,634322819.65877,7.72000,308700.00000,7.25000,0.00000,0.00000,0.00000
-644397.25507,-873093.92467,232.30000,634322819.70509,8.02000,296550.00000,6.50000,0.00000,0.00000,0.00000
-644255.37529,-872793.00968,232.54100,634322819.75141,8.37000,497759.00000,6.36000,0.00000,0.00000,0.00000
-643299.38841,-873420.79803,227.30200,634322819.79773,8.63000,1400915.00000,5.37000,0.00000,0.00000,0.00000
-642893.98280,-873420.47052,226.04100,634322819.84405,8.88000,397274.00000,5.36000,0.00000,0.00000,0.00000
-642929.06985,-872917.67390,226.65200,634322819.89037,8.93000,1659498.00000,5.19000,0.00000,0.00000,0.00000
-642461.63202,-872988.10344,227.21200,634322819.93669,9.08000,1285609.00000,5.37000,0.00000,0.00000,0.00000
-642190.88117,-872834.18297,226.85600,634322819.98301,9.59000,1171082.00000,7.55000,0.00000,0.00000,0.00000
-641940.31806,-872657.20290,226.76200,634322820.02933,9.95000,430797.00000,7.78000,0.00000,0.00000,0.00000
-642006.19594,-872119.30950,226.48200,634322820.07565,10.13000,291277.00000,6.86000,0.00000,0.00000,0.00000
-642196.61335,-871439.33675,226.09700,634322820.12197,10.21000,207023.00000,6.73000,0.00000,0.00000,0.00000
-642051.38892,-871142.25094,225.60700,634322820.16829,10.20000,408671.00000,5.57000,0.00000,0.00000,0.00000
-641665.23399,-871119.95928,222.60900,634322820.21461,10.16000,697251.00000,6.81000,0.00000,0.00000,0.00000
-641353.14556,-871013.20478,219.77300,634322820.26093,10.29000,775443.00000,8.75000,0.00000,0.00000,0.00000
-641232.93356,-870687.59317,218.17100,634322820.30725,10.67000,310176.00000,6.83000,0.00000,0.00000,0.00000
-641045.87619,-870438.21380,216.59800,634322820.35357,11.10000,360522.00000,6.87000,0.00000,0.00000,0.00000
-640734.27126,-870330.91039,215.69700,634322820.39989,11.37000,368916.00000,7.15000,0.00000,0.00000,0.00000
-640497.20026,-870138.57124,215.29600,634322820.44621,11.38000,366628.00000,10.51000,0.00000,0.00000,0.00000
-640131.73235,-870092.69137,216.58300,634322820.49253,10.85000,726892.00000,9.12000,0.00000,0.00000,0.00000
-639530.61172,-870315.55863,217.77500,634322820.53885,10.59000,181961.00000,8.85000,0.00000,0.00000,0.00000
-638860.72159,-870616.84254,220.08500,634322820.58517,10.63000,284921.00000,8.36000,0.00000,0.00000,0.00000
-638345.68213,-870741.50092,222.11900,634322820.63149,10.65000,387134.00000,6.39000,0.00000,0.00000,0.00000
-638053.30981,-870612.22069,222.22900,634322820.67781,10.53000,1078224.00000,5.44000,0.00000,0.00000,0.00000
-637911.94816,-870310.72184,220.91900,634322820.72413,10.70000,2958250.00000,4.74000,0.00000,0.00000,0.00000
-637194.45667,-870203.54223,204.86200,634322820.81677,11.91000,2999628.00000,5.95000,0.00000,0.00000,0.00000
-640870.10426,-891721.56169,191.55000,634495471.09766,11.13000,2070140.00000,4.89000,0.00000,0.00000,0.00000
-641590.76520,-890468.84461,186.52200,634495471.14395,10.79000,645234.00000,6.45000,0.00000,0.00000,0.00000
-640071.86384,-891695.30826,190.17700,634495471.19024,10.65000,3487059.00000,5.56000,0.00000,0.00000,0.00000
-640440.06129,-890832.80405,183.47600,634495471.23653,10.54000,1168686.00000,5.42000,0.00000,0.00000,0.00000
-638813.08636,-892178.80073,190.86500,634495471.28282,10.36000,6407127.00000,4.61000,0.00000,0.00000,0.00000
-638429.84404,-892148.05015,191.07200,634495471.32912,10.52000,10447086.00000,4.41000,0.00000,0.00000,0.00000
-638782.40847,-891302.89205,180.20900,634495471.37541,10.55000,1348854.00000,3.98000,0.00000,0.00000,0.00000
-637680.48753,-892067.62721,188.77700,634495471.42170,10.75000,8009870.00000,3.65000,0.00000,0.00000,0.00000
-637125.63139,-892226.82188,181.15700,634495471.46799,10.94000,481555.00000,3.47000,0.00000,0.00000,0.00000
-636553.47543,-888766.11653,176.29800,634495471.88461,11.85000,275664.00000,5.22000,0.00000,0.00000,0.00000
-635998.64914,-888925.26772,175.02600,634495471.93090,12.03000,541621.00000,7.22000,0.00000,0.00000,0.00000
-635353.85518,-889183.97756,174.76800,634495471.97720,13.04000,126420.00000,10.08000,0.00000,0.00000,0.00000
-634995.57858,-889125.60686,175.55400,634495472.02349,13.17000,164725.00000,12.57000,0.00000,0.00000,0.00000
-634576.18367,-889134.85788,176.34100,634495472.06978,12.61000,141179.00000,12.33000,0.00000,0.00000,0.00000
-634520.08259,-888742.10566,177.16500,634495472.11607,11.55000,235249.00000,7.55000,0.00000,0.00000,0.00000
-634269.87407,-888564.15573,178.68600,634495472.16236,10.62000,188165.00000,6.65000,0.00000,0.00000,0.00000
-636614.39577,-885514.90459,202.85500,634495472.20866,9.39000,718694.00000,4.56000,0.00000,0.00000,0.00000
-636032.22363,-885704.34014,202.19100,634495472.25495,9.21000,743083.00000,7.15000,0.00000,0.00000,0.00000
-635202.66324,-886167.53711,202.84300,634495472.30124,8.80000,363559.00000,5.60000,0.00000,0.00000,0.00000
-634346.68055,-886659.91111,205.52100,634495472.34753,8.35000,347528.00000,5.62000,0.00000,0.00000,0.00000
-633986.47735,-886603.69590,209.57600,634495472.39382,8.92000,222941.00000,6.00000,0.00000,0.00000,0.00000
-633821.35537,-886331.61268,215.73100,634495472.44012,9.95000,85920.00000,3.69000,0.00000,0.00000,0.00000
-634559.29426,-885060.30269,209.20000,634495472.48641,10.05000,30576.00000,2.89000,0.00000,0.00000,0.00000
-633561.53111,-885709.55001,219.20300,634495472.53270,9.61000,319208.00000,2.73000,0.00000,0.00000,0.00000
-633606.65425,-885204.84661,220.17500,634495472.57899,9.09000,323085.00000,4.84000,0.00000,0.00000,0.00000
-633539.33251,-884824.58021,222.12900,634495472.62528,7.85000,579972.00000,4.76000,0.00000,0.00000,0.00000
-633428.99311,-884491.92133,222.12000,634495472.67157,7.18000,640590.00000,2.73000,0.00000,0.00000,0.00000
-633412.04200,-884055.93084,220.65900,634495472.71786,7.33000,113129.00000,3.88000,0.00000,0.00000,0.00000
-656807.78153,-848636.30356,249.21200,634716078.23511,12.65000,831055.00000,4.91000,0.00000,0.00000,1.00000
-657265.41541,-848758.08386,253.29700,634716078.28134,12.24000,754366.00000,4.32000,0.00000,0.00000,1.00000
-657489.62888,-848989.29689,254.23000,634716078.32756,12.13000,462927.00000,4.82000,0.00000,0.00000,1.00000
-657634.71238,-849257.61099,254.51700,634716078.37379,12.02000,388452.00000,4.86000,0.00000,0.00000,1.00000
-657706.60519,-849560.23970,254.90300,634716078.42002,11.93000,304581.00000,5.39000,0.00000,0.00000,1.00000
-657796.30727,-849854.53198,254.86200,634716078.46625,11.87000,394643.00000,4.85000,0.00000,0.00000,1.00000
-657748.83896,-850213.10502,253.89700,634716078.51248,11.74000,268626.00000,5.57000,0.00000,0.00000,1.00000
-657778.52548,-850535.52286,253.10300,634716078.55870,11.60000,167678.00000,5.53000,0.00000,0.00000,1.00000
-657675.00398,-850920.37875,251.13000,634716078.60493,11.67000,184239.00000,5.78000,0.00000,0.00000,1.00000
-657715.89373,-851237.54128,250.67200,634716078.65116,11.99000,208206.00000,8.32000,0.00000,0.00000,1.00000
-657589.93372,-851632.89693,250.34300,634716078.69738,11.95000,130832.00000,6.51000,0.00000,0.00000,1.00000
-657438.91495,-852040.00253,250.16900,634716078.74361,11.93000,120097.00000,5.97000,0.00000,0.00000,1.00000
-657541.77557,-852328.10505,250.34500,634716078.78984,12.08000,203325.00000,5.94000,0.00000,0.00000,1.00000
-657674.96885,-852601.99205,250.31700,634716078.83607,12.04000,205881.00000,5.25000,0.00000,0.00000,1.00000
-657942.68946,-852812.83307,250.43700,634716078.88229,12.13000,182512.00000,7.66000,0.00000,0.00000,1.00000
-658228.21891,-853015.33050,250.74300,634716078.92852,12.13000,197702.00000,6.12000,0.00000,0.00000,1.00000
-658447.13677,-853249.04273,250.77700,634716078.97475,11.81000,167536.00000,6.06000,0.00000,0.00000,1.00000
-658665.40583,-853483.07657,249.79400,634716079.02097,11.84000,270948.00000,5.48000,0.00000,0.00000,1.00000
-658828.93831,-853742.76531,248.00100,634716079.06720,12.28000,214249.00000,7.24000,0.00000,0.00000,1.00000
-659128.97588,-853938.47945,248.55200,634716079.11343,12.50000,252190.00000,9.15000,0.00000,0.00000,1.00000
-659526.61859,-854088.45934,249.69200,634716079.15966,12.33000,189780.00000,7.34000,0.00000,0.00000,1.00000
-659738.94314,-854325.28142,249.82100,634716079.20588,12.05000,285181.00000,6.78000,0.00000,0.00000,1.00000
-659581.95086,-854735.16798,248.32600,634716079.25211,12.30000,79016.00000,7.24000,0.00000,0.00000,1.00000
-659239.64013,-855231.91304,247.83400,634716079.29834,12.57000,122271.00000,6.74000,0.00000,0.00000,1.00000
-659065.48807,-855649.83730,249.03000,634716079.34457,12.49000,136810.00000,6.74000,0.00000,0.00000,1.00000
-659172.28130,-855936.11341,248.35100,634716079.39079,12.38000,138493.00000,7.91000,0.00000,0.00000,1.00000
-659071.33536,-856319.73954,246.79200,634716079.43702,12.24000,335964.00000,8.10000,0.00000,0.00000,1.00000
-658982.90213,-856697.47888,245.16400,634716079.48325,12.49000,272527.00000,7.73000,0.00000,0.00000,1.00000
-658882.59642,-857080.79001,244.72200,634716079.52947,13.02000,89405.00000,11.14000,0.00000,0.00000,1.00000
-659255.82929,-857242.22496,245.97200,634716079.57570,12.44000,419625.00000,8.13000,0.00000,0.00000,1.00000
-659612.57826,-857411.39616,246.76600,634716079.62193,12.43000,63655.00000,9.80000,0.00000,0.00000,1.00000
-659772.78587,-857672.65304,246.99800,634716079.66815,12.24000,223004.00000,9.17000,0.00000,0.00000,1.00000
-659461.41127,-858154.84375,247.48100,634716079.71438,11.81000,224993.00000,9.04000,0.00000,0.00000,1.00000
-659118.37652,-858651.86479,249.54200,634716079.76061,10.76000,381772.00000,6.94000,0.00000,0.00000,1.00000
-659658.47436,-858735.14242,250.31500,634716079.80683,9.67000,965094.00000,5.88000,0.00000,0.00000,1.00000
-659866.81152,-858973.83970,255.20900,634716079.85306,9.62000,123656.00000,7.29000,0.00000,0.00000,1.00000
-660661.50157,-858937.86746,258.10700,634716079.89929,9.34000,1388391.00000,4.75000,0.00000,0.00000,1.00000
-660143.01662,-859517.07569,261.18900,634716079.94551,8.76000,2406650.00000,3.26000,0.00000,0.00000,1.00000
-659939.78879,-859948.58338,260.94800,634716079.99174,8.69000,395248.00000,2.99000,0.00000,0.00000,1.00000
-659372.46228,-860550.62319,258.15100,634716080.03796,8.71000,1164791.00000,1.90000,0.00000,0.00000,1.00000
-658528.73760,-861282.12692,246.66800,634716080.08419,8.74000,2870708.00000,2.01000,0.00000,0.00000,1.00000
-658254.90334,-861746.66572,250.25500,634716080.13042,9.40000,1148305.00000,2.52000,0.00000,0.00000,1.00000
-657774.60049,-862307.90156,251.45100,634716080.17664,9.69000,5712013.00000,2.33000,0.00000,0.00000,1.00000
-667513.31619,-858082.21738,279.58000,634716080.22287,9.69000,1879662.00000,2.59000,0.00000,0.00000,1.00000
-666576.04796,-858857.71190,266.02200,634716080.26909,9.79000,3399836.00000,2.11000,0.00000,0.00000,1.00000
-666422.97215,-859265.78587,262.54700,634716080.31532,10.02000,1991214.00000,2.29000,0.00000,0.00000,1.00000
-659168.41341,-863000.20526,211.36100,634716080.36154,9.96000,1597484.00000,2.75000,0.00000,0.00000,1.00000
-658403.06222,-863694.90047,212.64000,634716080.40777,9.82000,2640196.00000,3.23000,0.00000,0.00000,1.00000
-658288.15824,-864084.97523,218.17700,634716080.45399,9.08000,432937.00000,4.13000,0.00000,0.00000,1.00000
-659023.52731,-864076.87059,211.61500,634716080.50022,9.08000,270539.00000,8.57000,0.00000,0.00000,1.00000
-660246.40224,-863840.45155,206.12900,634716080.54644,10.02000,119461.00000,10.32000,0.00000,0.00000,1.00000
-660823.48672,-863906.49318,204.36300,634716080.59266,9.87000,181727.00000,9.53000,0.00000,0.00000,1.00000
-660332.54276,-864472.67572,207.86100,634716080.63889,9.53000,357713.00000,6.55000,0.00000,0.00000,1.00000
-660821.88123,-864579.79920,207.71500,634716080.68511,8.84000,340026.00000,5.04000,0.00000,0.00000,1.00000
-661989.38629,-864369.35196,211.53500,634716080.73134,7.56000,4131464.00000,2.00000,0.00000,0.00000,1.00000
-662201.67027,-864606.23870,220.64800,634716080.77756,7.40000,1498528.00000,1.52000,0.00000,0.00000,1.00000
-660867.71392,-865567.16862,254.48900,634716080.82378,8.29000,1711900.00000,1.77000,0.00000,0.00000,1.00000
-661395.29804,-865656.40882,255.09400,634716080.87001,9.52000,1617159.00000,2.74000,0.00000,0.00000,1.00000
-661694.63721,-865852.52987,254.35700,634716080.91623,10.38000,1176265.00000,3.78000,0.00000,0.00000,1.00000
-662081.70821,-866007.56689,252.91200,634716080.96246,11.07000,1106437.00000,3.47000,0.00000,0.00000,1.00000
-662997.84589,-865914.88846,248.64200,634716081.00868,11.14000,482726.00000,4.53000,0.00000,0.00000,1.00000
-663576.23919,-865980.35763,246.54900,634716081.05490,10.92000,528248.00000,3.80000,0.00000,0.00000,1.00000
-663374.88799,-866410.93699,242.50300,634716081.10113,11.39000,444960.00000,4.28000,0.00000,0.00000,1.00000
-663486.88989,-866694.80151,240.37600,634716081.14735,12.04000,195429.00000,5.25000,0.00000,0.00000,1.00000
-663183.92389,-867172.94044,239.99400,634716081.19358,12.33000,692518.00000,5.36000,0.00000,0.00000,1.00000
-663358.58901,-867427.45914,240.55700,634716081.23980,12.51000,1709499.00000,4.59000,0.00000,0.00000,1.00000
-663554.35862,-867672.09560,240.91200,634716081.28602,12.56000,3650285.00000,4.29000,0.00000,0.00000,1.00000
-664379.50544,-867622.07726,236.10400,634716081.33225,12.69000,2909242.00000,4.70000,0.00000,0.00000,1.00000
-664384.61657,-867955.98343,236.85300,634716081.37847,12.71000,6250571.00000,5.08000,0.00000,0.00000,1.00000
-664519.69381,-868229.04724,238.22400,634716081.42470,12.83000,2500413.00000,5.59000,0.00000,0.00000,1.00000
-665472.17819,-868119.43782,241.13100,634716081.47092,12.75000,1214827.00000,6.79000,0.00000,0.00000,1.00000
-663160.96918,-869537.72431,248.09900,634716081.51715,12.40000,2008342.00000,5.63000,0.00000,0.00000,1.00000
-665322.07511,-868862.33773,249.04100,634716081.56337,11.50000,1608983.00000,4.81000,0.00000,0.00000,1.00000
-666264.65836,-868757.38771,254.31800,634716081.60960,11.07000,2910927.00000,4.16000,0.00000,0.00000,1.00000
-664246.37080,-870038.52617,261.31300,634716081.65582,11.16000,829294.00000,4.08000,0.00000,0.00000,1.00000
-664915.15103,-870061.74952,263.09300,634716081.70204,11.31000,2168892.00000,5.93000,0.00000,0.00000,1.00000
-665683.56191,-870038.35338,265.13700,634716081.74827,11.12000,1439061.00000,5.62000,0.00000,0.00000,1.00000
-665354.17510,-870528.85059,270.32500,634716081.79449,10.93000,362050.00000,5.88000,0.00000,0.00000,1.00000
-665933.89724,-870593.78881,270.64800,634716081.84072,10.85000,199798.00000,6.35000,0.00000,0.00000,1.00000
-666417.96755,-870703.51183,270.59100,634716081.88694,11.00000,219934.00000,5.78000,0.00000,0.00000,1.00000
-666688.93718,-870912.97969,270.76800,634716081.93316,10.98000,198566.00000,6.46000,0.00000,0.00000,1.00000
-667301.66397,-870962.49903,272.66900,634716081.97939,10.70000,343874.00000,5.34000,0.00000,0.00000,1.00000
-667915.69459,-871011.38929,276.19300,634716082.02561,10.50000,686439.00000,3.62000,0.00000,0.00000,1.00000
-668461.78237,-871092.10732,279.70600,634716082.07183,10.59000,1769760.00000,3.32000,0.00000,0.00000,1.00000
-644791.42219,-861103.96082,230.65600,634888731.98607,12.36000,291290.00000,9.14000,0.00000,0.00000,1.00000
-644099.11606,-862083.58571,230.98800,634888732.07852,12.05000,255685.00000,5.70000,0.00000,0.00000,1.00000
-644480.46403,-862245.86209,233.27900,634888732.12475,11.81000,199661.00000,5.89000,0.00000,0.00000,1.00000
-644942.83585,-862371.67283,234.12000,634888732.17098,11.74000,234055.00000,5.53000,0.00000,0.00000,1.00000
-645290.98324,-862548.89902,233.87300,634888732.21721,11.68000,246599.00000,6.28000,0.00000,0.00000,1.00000
-645141.72601,-862950.07321,232.83900,634888732.26343,11.43000,155060.00000,5.68000,0.00000,0.00000,1.00000
-644945.30169,-863372.45581,231.58700,634888732.30966,11.57000,181822.00000,5.97000,0.00000,0.00000,1.00000
-644786.06985,-863778.10754,232.25600,634888732.35589,11.53000,1021142.00000,4.83000,0.00000,0.00000,1.00000
-645020.64568,-864006.47336,233.60500,634888732.40211,11.28000,538595.00000,5.49000,0.00000,0.00000,1.00000
-645336.91928,-864198.07780,233.50500,634888732.44834,11.01000,189252.00000,6.10000,0.00000,0.00000,1.00000
-645836.48464,-864307.16329,232.83100,634888732.49457,11.01000,288511.00000,5.69000,0.00000,0.00000,1.00000
-646413.76888,-864381.29035,232.04700,634888732.54079,11.01000,155223.00000,6.52000,0.00000,0.00000,1.00000
-647485.82487,-864232.69358,235.59000,634888732.58702,11.50000,103604.00000,9.74000,0.00000,0.00000,1.00000
-648307.49729,-864196.80156,240.43500,634888732.63325,11.76000,605300.00000,7.64000,0.00000,0.00000,1.00000
-648516.17871,-864436.86264,243.41300,634888732.67947,11.11000,494571.00000,5.28000,0.00000,0.00000,1.00000
-648098.59155,-864958.82775,240.44000,634888732.72570,10.67000,2168417.00000,3.69000,0.00000,0.00000,1.00000
-648946.14220,-864911.31003,251.23400,634888732.77193,10.98000,1382974.00000,3.92000,0.00000,0.00000,1.00000
-648952.92727,-865242.25267,251.93800,634888732.81815,11.10000,709082.00000,3.86000,0.00000,0.00000,1.00000
-649011.52201,-865549.87348,251.05000,634888732.86438,11.00000,455727.00000,3.73000,0.00000,0.00000,1.00000
-648491.65003,-866117.85158,243.58200,634888732.91061,11.06000,291567.00000,6.63000,0.00000,0.00000,1.00000
-647953.15190,-866694.18939,238.82600,634888732.95683,11.10000,105297.00000,8.52000,0.00000,0.00000,1.00000
-647339.58388,-867304.30356,235.49200,634888733.00306,11.65000,303120.00000,10.74000,0.00000,0.00000,1.00000
-648346.58576,-867185.07502,240.28800,634888733.04928,11.77000,483429.00000,9.33000,0.00000,0.00000,1.00000
-649902.86476,-866818.65665,248.36700,634888733.09551,12.09000,403776.00000,8.03000,0.00000,0.00000,1.00000
-649928.24146,-867141.23852,247.10900,634888733.14174,12.21000,202203.00000,8.93000,0.00000,0.00000,1.00000
-649687.28269,-867583.67533,242.91200,634888733.18796,10.46000,772752.00000,7.27000,0.00000,0.00000,1.00000
-648798.05970,-868317.82287,234.49000,634888733.23419,9.47000,669035.00000,6.35000,0.00000,0.00000,1.00000
-648859.28286,-868624.25896,233.78400,634888733.28041,10.03000,447976.00000,7.04000,0.00000,0.00000,1.00000
-649020.12349,-868885.86089,235.05600,634888733.32664,9.87000,441171.00000,5.83000,0.00000,0.00000,1.00000
-648771.13959,-869331.86726,235.92100,634888733.37287,9.24000,2185091.00000,3.57000,0.00000,0.00000,1.00000
-649900.37195,-869157.71890,247.63800,634888733.41909,8.94000,1033832.00000,3.30000,0.00000,0.00000,1.00000
-649546.44955,-869650.95911,247.00000,634888733.46532,8.95000,870380.00000,3.54000,0.00000,0.00000,1.00000
-649480.13368,-870014.78742,246.95200,634888733.51154,9.42000,1354704.00000,4.52000,0.00000,0.00000,1.00000
-649437.05607,-870368.14403,245.50400,634888733.55777,10.12000,1037246.00000,5.59000,0.00000,0.00000,1.00000
-649642.39200,-870609.74086,248.53400,634888733.60399,9.53000,383371.00000,5.64000,0.00000,0.00000,1.00000
-648665.39685,-871383.28183,249.53800,634888733.65022,8.46000,511794.00000,3.71000,0.00000,0.00000,1.00000
-648668.79162,-871715.71156,253.38600,634888733.69644,8.71000,279650.00000,3.69000,0.00000,0.00000,1.00000
-648694.77221,-872037.98167,254.45400,634888733.74267,8.62000,403836.00000,3.63000,0.00000,0.00000,1.00000
-648599.85713,-872414.63659,253.99100,634888733.78889,8.67000,1669989.00000,3.17000,0.00000,0.00000,1.00000
-648311.64401,-872878.24363,252.08500,634888733.83512,8.81000,453860.00000,3.84000,0.00000,0.00000,1.00000
-647828.12987,-873429.69531,251.93000,634888733.88134,8.92000,456373.00000,3.61000,0.00000,0.00000,1.00000
-647469.48865,-873924.96809,252.35500,634888733.92757,9.09000,1635168.00000,3.32000,0.00000,0.00000,1.00000
-647220.44729,-874370.93772,252.75400,634888733.97379,9.37000,482478.00000,2.98000,0.00000,0.00000,1.00000
-646796.67864,-874895.46537,253.59100,634888734.02002,9.60000,635456.00000,2.58000,0.00000,0.00000,1.00000
-650091.56334,-873747.36480,219.97400,634888734.06624,9.92000,3251407.00000,1.70000,0.00000,0.00000,1.00000
-650203.22438,-874031.10774,218.26000,634888734.11247,10.05000,2894013.00000,2.03000,0.00000,0.00000,1.00000
-651066.88785,-873976.58019,215.71700,634888734.15869,9.95000,1715476.00000,2.24000,0.00000,0.00000,1.00000
-650649.74940,-874498.18689,214.61200,634888734.20492,9.98000,479902.00000,2.99000,0.00000,0.00000,1.00000
-651298.19105,-874540.49374,211.38800,634888734.25114,10.70000,2008048.00000,3.12000,0.00000,0.00000,1.00000
-651122.19299,-874953.63206,209.26100,634888734.29737,11.48000,1121600.00000,4.37000,0.00000,0.00000,1.00000
-651048.49552,-875320.74507,207.36700,634888734.34359,12.10000,456898.00000,4.21000,0.00000,0.00000,1.00000
-651298.99143,-875542.04681,206.78700,634888734.38982,12.78000,524219.00000,5.14000,0.00000,0.00000,1.00000
-651665.08243,-875711.35982,206.92800,634888734.43604,12.59000,822404.00000,4.51000,0.00000,0.00000,1.00000
-654573.51606,-874737.18652,238.01400,634888734.48227,12.05000,1356400.00000,3.57000,0.00000,0.00000,1.00000
-654456.62985,-875123.76638,239.67100,634888734.52849,11.92000,3121538.00000,3.08000,0.00000,0.00000,1.00000
-654549.01480,-875416.21358,240.93900,634888734.57472,12.07000,1916542.00000,3.45000,0.00000,0.00000,1.00000
-649809.62423,-877881.68455,201.34600,634888734.62094,12.02000,1574937.00000,3.61000,0.00000,0.00000,1.00000
-653187.88546,-876696.40417,233.96900,634888734.66717,11.58000,1463206.00000,3.07000,0.00000,0.00000,1.00000
-652943.43022,-877140.32616,235.33000,634888734.71339,11.19000,1113798.00000,3.07000,0.00000,0.00000,1.00000
-658181.95905,-875118.24846,254.76300,634888734.75962,10.83000,3035430.00000,1.99000,0.00000,0.00000,1.00000
-652437.31991,-878035.88986,200.96100,634888734.80585,10.59000,3147410.00000,1.77000,0.00000,0.00000,1.00000
-646445.74477,-881063.83862,214.00800,634888734.85207,10.64000,1854922.00000,2.56000,0.00000,0.00000,1.00000
-652662.48129,-878602.59649,244.77400,634888734.89830,10.62000,782241.00000,2.87000,0.00000,0.00000,1.00000
-654126.11660,-878278.41569,241.88800,634888734.94452,10.66000,494462.00000,3.33000,0.00000,0.00000,1.00000
-654230.45114,-878565.48170,240.11300,634888734.99075,11.42000,345555.00000,5.58000,0.00000,0.00000,1.00000
-654476.94750,-878788.63302,242.32900,634888735.03697,11.70000,700518.00000,3.63000,0.00000,0.00000,1.00000
-648308.58262,-881895.93995,203.88500,634888735.08320,11.68000,288508.00000,4.15000,0.00000,0.00000,1.00000
-648929.13191,-881950.90150,201.86100,634888735.12942,11.72000,373588.00000,3.36000,0.00000,0.00000,1.00000
-654687.59172,-879695.89551,245.73200,634888735.17565,11.52000,1617002.00000,2.28000,0.00000,0.00000,1.00000
-654734.76863,-880008.67568,247.13100,634888735.22187,11.43000,1114627.00000,2.34000,0.00000,0.00000,1.00000
-654831.11090,-880299.34927,248.29100,634888735.26810,11.29000,876015.00000,2.78000,0.00000,0.00000,1.00000
-654965.32287,-880572.99312,248.35600,634888735.31432,11.34000,821126.00000,2.57000,0.00000,0.00000,1.00000
-655075.63098,-880857.40041,246.59800,634888735.36055,11.33000,3828827.00000,2.44000,0.00000,0.00000,1.00000
-655304.19141,-881088.62111,244.46700,634888735.40677,11.15000,6833975.00000,2.33000,0.00000,0.00000,1.00000
-655366.00135,-881394.83611,240.68200,634888735.45300,11.40000,3571152.00000,2.75000,0.00000,0.00000,1.00000
-655353.37709,-881734.49639,238.39800,634888735.49922,11.67000,3064177.00000,3.78000,0.00000,0.00000,1.00000
-655190.58838,-882141.67794,236.80300,634888735.54545,11.86000,1529856.00000,4.86000,0.00000,0.00000,1.00000
-654938.08459,-882589.17815,237.19700,634888735.59167,12.03000,3435481.00000,4.00000,0.00000,0.00000,1.00000
-655057.65759,-882869.40099,238.46500,634888735.63790,12.16000,3531847.00000,4.68000,0.00000,0.00000,1.00000
-655245.68113,-883118.87166,237.60700,634888735.68412,12.32000,6726438.00000,3.73000,0.00000,0.00000,1.00000
-655785.20906,-883210.31552,232.48100,634888735.73035,12.40000,3191514.00000,4.31000,0.00000,0.00000,1.00000
-656005.78462,-883445.14860,232.82100,634888735.77657,12.52000,600376.00000,6.70000,0.00000,0.00000,1.00000
-656563.24153,-883528.55120,234.16400,634888735.82279,12.61000,384994.00000,8.24000,0.00000,0.00000,1.00000
-656872.86189,-883723.37609,235.03200,634888735.86902,12.71000,76187.00000,9.69000,0.00000,0.00000,1.00000
-656129.95977,-884391.30837,231.26500,634888735.91524,13.07000,100032.00000,11.79000,0.00000,0.00000,1.00000
-655502.65331,-885007.25030,230.12300,634888735.96147,12.88000,366256.00000,9.10000,0.00000,0.00000,1.00000
-655469.38466,-885356.18714,231.58900,634888736.00769,12.32000,896179.00000,8.12000,0.00000,0.00000,1.00000
-655573.00165,-885643.60074,232.11000,634888736.05392,11.92000,529959.00000,6.83000,0.00000,0.00000,1.00000
-655850.70981,-885852.76450,231.42900,634888736.10014,11.84000,242866.00000,7.57000,0.00000,0.00000,1.00000
-657608.24885,-885396.83562,237.05800,634888736.14637,11.46000,254467.00000,10.28000,0.00000,0.00000,1.00000
-656983.59639,-886011.58253,230.30400,634888736.19259,10.91000,826270.00000,5.07000,0.00000,0.00000,1.00000
-656249.28220,-886675.59902,222.42800,634888736.23882,10.48000,1116134.00000,5.08000,0.00000,0.00000,1.00000
-656082.42915,-887084.55330,219.38500,634888736.28504,10.68000,215537.00000,8.54000,0.00000,0.00000,1.00000
-634025.35084,-877855.71023,204.98900,635061386.46501,9.39000,259276.00000,6.31000,0.00000,0.00000,1.00000
-634657.01356,-877914.73410,206.09100,635061386.51124,9.72000,140084.00000,6.44000,0.00000,0.00000,1.00000
-635056.63045,-878073.97579,207.40400,635061386.55747,10.10000,164465.00000,11.95000,0.00000,0.00000,1.00000
-635348.57405,-878279.70616,208.59200,635061386.60371,9.87000,190630.00000,6.99000,0.00000,0.00000,1.00000
-635734.14300,-878445.01539,210.10900,635061386.64994,9.49000,445889.00000,6.27000,0.00000,0.00000,1.00000
-635950.50928,-878683.37395,211.95300,635061386.69617,8.98000,823451.00000,6.41000,0.00000,0.00000,1.00000
-636241.78531,-878889.40970,213.62100,635061386.74241,8.38000,2622823.00000,5.08000,0.00000,0.00000,1.00000
-636446.12649,-879132.98531,214.58000,635061386.78864,8.60000,3338453.00000,4.67000,0.00000,0.00000,1.00000
-636590.93699,-879402.24209,213.36500,635061386.83487,8.85000,4175449.00000,4.61000,0.00000,0.00000,1.00000
-636804.63635,-879641.76255,211.92600,635061386.88110,8.59000,3158065.00000,4.58000,0.00000,0.00000,1.00000
-635284.17091,-880629.95893,197.60400,635061386.92734,7.89000,2177030.00000,5.14000,0.00000,0.00000,1.00000
-635181.50014,-881006.03718,198.26800,635061386.97357,7.31000,2478165.00000,4.60000,0.00000,0.00000,1.00000
-636937.43151,-880579.80122,213.38300,635061387.01980,8.99000,208723.00000,7.99000,0.00000,0.00000,1.00000
-636030.86619,-881302.91885,209.89000,635061387.06603,9.95000,91359.00000,10.84000,0.00000,0.00000,1.00000
-634835.35621,-882150.73866,210.67600,635061387.11226,9.06000,146977.00000,9.14000,0.00000,0.00000,1.00000
-634468.49204,-882640.83569,213.96800,635061387.15850,7.77000,230953.00000,8.71000,0.00000,0.00000,1.00000
-635457.32510,-882545.79728,217.31600,635061387.20473,6.08000,290582.00000,6.99000,0.00000,0.00000,1.00000
-635376.05118,-882912.64739,220.63400,635061387.25096,6.45000,126350.00000,8.75000,0.00000,0.00000,1.00000
-635412.47817,-883228.67869,220.48200,635061387.29719,7.22000,152182.00000,9.22000,0.00000,0.00000,1.00000
-635306.45191,-883606.20725,219.12500,635061387.34342,8.04000,283149.00000,8.58000,0.00000,0.00000,1.00000
-635263.94690,-883956.29980,214.73400,635061387.38966,8.95000,544466.00000,7.12000,0.00000,0.00000,1.00000
-635408.05331,-884225.86661,212.83100,635061387.43589,8.93000,777539.00000,13.83000,0.00000,0.00000,1.00000
-634750.20758,-884841.52362,214.51600,635061387.48212,8.22000,320833.00000,10.47000,0.00000,0.00000,1.00000
-636057.44367,-884609.13404,213.67100,635061387.52835,7.57000,189102.00000,8.46000,0.00000,0.00000,1.00000
-635288.55045,-885272.70714,211.82100,635061387.57458,8.31000,866498.00000,9.20000,0.00000,0.00000,1.00000
-638271.31871,-884317.25145,212.44500,635061387.62082,9.88000,4770541.00000,6.46000,0.00000,0.00000,1.00000
-636630.21212,-885357.24033,206.59300,635061387.66705,10.29000,504213.00000,5.26000,0.00000,0.00000,1.00000
-635998.40978,-885961.64164,201.76500,635061387.71328,10.47000,962950.00000,4.74000,0.00000,0.00000,1.00000
-636573.94513,-886045.06170,199.93400,635061387.75951,10.43000,1088796.00000,3.96000,0.00000,0.00000,1.00000
-640895.06814,-884512.07836,241.57700,635061387.80574,10.13000,619703.00000,2.63000,0.00000,0.00000,1.00000
-641055.91713,-884774.47409,241.24100,635061387.85197,10.07000,359566.00000,2.98000,0.00000,0.00000,1.00000
-641111.75158,-885082.19772,241.12200,635061387.89821,9.86000,668773.00000,2.44000,0.00000,0.00000,1.00000
-635589.02925,-887797.04285,179.00200,635061387.94444,10.00000,747511.00000,2.10000,0.00000,0.00000,1.00000
-634864.13721,-888441.53314,174.85700,635061387.99067,10.47000,859408.00000,3.02000,0.00000,0.00000,1.00000
-635057.04468,-888690.05056,173.93600,635061388.03690,10.80000,526388.00000,3.56000,0.00000,0.00000,1.00000
-635546.96706,-888810.42447,173.20800,635061388.08313,11.18000,416460.00000,4.30000,0.00000,0.00000,1.00000
-635713.11873,-889070.48333,173.98400,635061388.12936,11.10000,503400.00000,2.99000,0.00000,0.00000,1.00000
-641074.84474,-887088.95394,225.06800,635061388.17560,11.00000,843097.00000,2.84000,0.00000,0.00000,1.00000
-641260.42615,-887340.67667,224.38300,635061388.22183,11.07000,548302.00000,4.39000,0.00000,0.00000,1.00000
-641502.18732,-887568.15367,224.82800,635061388.26806,10.75000,2808605.00000,2.95000,0.00000,0.00000,1.00000
-641803.49649,-887769.96399,225.54100,635061388.31429,10.56000,448304.00000,3.60000,0.00000,0.00000,1.00000
-641967.67368,-888030.93822,224.98000,635061388.36052,10.43000,1463637.00000,2.69000,0.00000,0.00000,1.00000
-641389.60506,-889607.55609,190.71600,635061388.54545,11.35000,690168.00000,3.20000,0.00000,0.00000,1.00000
-640829.93646,-890180.78770,184.37700,635061388.59168,11.94000,101413.00000,8.51000,0.00000,0.00000,1.00000
-638871.36166,-891357.42090,181.01200,635061388.63792,11.74000,377763.00000,7.25000,0.00000,0.00000,1.00000
-638169.14703,-891992.07607,186.16100,635061388.68415,11.62000,940451.00000,5.16000,0.00000,0.00000,1.00000
-638268.39286,-892281.03323,190.43700,635061388.73038,11.64000,729302.00000,5.56000,0.00000,0.00000,1.00000
-638473.33591,-892524.40553,190.87100,635061388.77661,11.58000,484603.00000,6.27000,0.00000,0.00000,1.00000
-640259.81537,-892085.65323,190.36100,635061388.82284,11.38000,107015.00000,10.50000,0.00000,0.00000,1.00000
-641208.03567,-892008.44454,191.63400,635061388.86908,10.43000,3515688.00000,3.99000,0.00000,0.00000,1.00000
-642684.72676,-891703.29697,208.48700,635061388.91531,9.88000,2616496.00000,2.85000,0.00000,0.00000,1.00000
-642848.20780,-891964.59498,209.52000,635061388.96154,9.69000,443923.00000,3.58000,0.00000,0.00000,1.00000
-643122.76373,-892177.99079,207.68600,635061389.00777,10.03000,667826.00000,2.56000,0.00000,0.00000,1.00000
-643916.45405,-893826.57606,183.31000,635061389.28517,12.22000,684105.00000,4.97000,0.00000,0.00000,1.00000
