-672232.34691,-860695.68892,304.77600,421095701.02820,14.58000,480207.00000,9.48000,0.00000,0.00000,0.00000
-672373.10161,-860041.05516,306.36300,421095701.07534,14.64000,1550138.00000,6.05000,0.00000,0.00000,0.00000
-672148.01114,-859827.43095,307.75800,421095701.12248,14.77000,992241.00000,5.05000,0.00000,0.00000,0.00000
-671887.04452,-859657.04520,307.75500,421095701.16962,14.89000,2096407.00000,4.72000,0.00000,0.00000,0.00000
-671463.69820,-859682.41308,306.75600,421095701.21676,14.97000,4297073.00000,3.91000,0.00000,0.00000,0.00000
-670963.39146,-859800.51277,304.51300,421095701.26390,15.24000,1259683.00000,3.80000,0.00000,0.00000,0.00000
-670772.30722,-859545.90920,310.28000,421095701.31104,15.36000,3111496.00000,6.51000,0.00000,0.00000,0.00000
-670535.42317,-859346.49703,309.97400,421095701.35818,14.75000,2600588.00000,5.91000,0.00000,0.00000,0.00000
-670249.93083,-859205.70053,311.76300,421095701.40533,14.29000,968041.00000,4.29000,0.00000,0.00000,0.00000
-673090.53139,-855296.85813,291.70400,421095701.45247,13.77000,296291.00000,4.75000,0.00000,0.00000,0.00000
-673173.25508,-854712.27412,296.44700,421095701.49961,12.72000,451405.00000,4.16000,0.00000,0.00000,0.00000
-669448.20242,-858717.26229,317.22000,421095701.54675,12.03000,1912731.00000,5.41000,0.00000,0.00000,0.00000
-669566.34587,-858089.98776,321.28200,421095701.59389,11.10000,228973.00000,9.76000,0.00000,0.00000,0.00000
-669804.38675,-857318.19663,322.87300,421095701.64103,9.47000,542863.00000,4.32000,0.00000,0.00000,0.00000
-669714.34791,-856941.85102,323.54200,421095701.68817,7.83000,284789.00000,5.54000,0.00000,0.00000,0.00000
-669742.32327,-856423.25736,322.93800,421095701.73531,6.69000,370944.00000,2.66000,0.00000,0.00000,0.00000
-669882.20410,-855769.81749,314.12500,421095701.78246,6.77000,401561.00000,2.27000,0.00000,0.00000,0.00000
-669855.42418,-855317.21299,312.79800,421095701.82960,7.63000,295499.00000,3.26000,0.00000,0.00000,0.00000
-667606.94121,-857542.11725,269.91900,421095701.87674,9.04000,810976.00000,2.83000,0.00000,0.00000,0.00000
-667008.41623,-857778.50753,268.93800,421095701.92388,10.26000,732050.00000,6.80000,0.00000,0.00000,0.00000
-666607.72848,-857776.49973,270.72100,421095701.97102,10.53000,290329.00000,4.68000,0.00000,0.00000,0.00000
-666293.44633,-857670.36884,272.13200,421095702.01817,10.06000,284423.00000,4.44000,0.00000,0.00000,0.00000
-670915.38881,-851615.61168,253.77200,421095702.06531,9.25000,426638.00000,3.06000,0.00000,0.00000,0.00000
-670375.45892,-851781.51310,251.39800,421095702.11245,9.11000,232015.00000,6.26000,0.00000,0.00000,0.00000
-666736.08426,-855197.67473,233.97700,421095702.20674,11.44000,520262.00000,5.34000,0.00000,0.00000,0.00000
-665963.05235,-855159.52919,233.12200,421095702.30102,13.57000,732367.00000,5.50000,0.00000,0.00000,0.00000
-665444.32368,-855299.75054,235.88400,421095702.34816,13.71000,2329924.00000,5.01000,0.00000,0.00000,0.00000
-665218.35223,-855087.21557,241.51600,421095702.39531,13.77000,2883705.00000,3.81000,0.00000,0.00000,0.00000
-666070.35997,-853575.85241,252.64400,421095702.44245,14.69000,3274571.00000,3.97000,0.00000,0.00000,0.00000
-664957.18327,-854432.31926,253.12800,421095702.48959,15.40000,2061606.00000,5.28000,0.00000,0.00000,0.00000
-666142.51687,-852519.36328,266.78300,421095702.53674,15.76000,499167.00000,4.76000,0.00000,0.00000,0.00000
-666036.47539,-852162.35448,270.17200,421095702.58388,15.61000,1067631.00000,3.80000,0.00000,0.00000,0.00000
-665907.77147,-851832.65525,273.63900,421095702.63103,15.20000,972947.00000,4.64000,0.00000,0.00000,0.00000
-665871.61628,-851391.45154,275.44800,421095702.67817,14.91000,335030.00000,3.91000,0.00000,0.00000,0.00000
-665829.33932,-850957.65247,274.92000,421095702.72532,14.84000,1654896.00000,3.88000,0.00000,0.00000,0.00000
-665788.46733,-850522.13559,275.41100,421095702.77246,14.91000,754544.00000,2.67000,0.00000,0.00000,0.00000
-665307.10148,-850617.37376,269.89000,421095702.81960,15.19000,2646686.00000,2.93000,0.00000,0.00000,0.00000
-664694.45824,-850870.74871,264.96100,421095702.86675,15.43000,1348412.00000,3.97000,0.00000,0.00000,0.00000
-663935.90608,-851299.89497,260.82900,421095702.91390,15.46000,2547317.00000,4.59000,0.00000,0.00000,0.00000
-663732.14652,-851060.62327,260.39000,421095702.96104,15.80000,1454316.00000,5.66000,0.00000,0.00000,0.00000
-663200.22202,-851216.70198,258.34300,421095703.00819,16.02000,3405765.00000,5.49000,0.00000,0.00000,0.00000
-663783.11933,-850029.74321,263.97000,421095703.05533,15.87000,424493.00000,6.34000,0.00000,0.00000,0.00000
-663344.23399,-850073.76284,261.97300,421095703.10248,16.03000,295509.00000,6.32000,0.00000,0.00000,0.00000
-662687.66058,-850380.00378,258.97300,421095703.14962,16.06000,1084558.00000,7.71000,0.00000,0.00000,0.00000
-662456.53836,-850173.73669,259.02900,421095703.19677,16.18000,409871.00000,6.73000,0.00000,0.00000,0.00000
-662153.15498,-850054.47460,259.09400,421095703.24392,15.93000,1645201.00000,4.75000,0.00000,0.00000,0.00000
-661833.72884,-849954.56698,259.87000,421095703.29106,15.84000,2571535.00000,3.90000,0.00000,0.00000,0.00000
-661384.91757,-850010.49983,259.21300,421095703.33821,16.07000,2244957.00000,4.54000,0.00000,0.00000,0.00000
-660997.49366,-849992.48900,258.42300,421095703.38535,16.10000,2751751.00000,4.23000,0.00000,0.00000,0.00000
-660678.53960,-849891.99415,257.08800,421095703.43250,16.39000,624035.00000,5.39000,0.00000,0.00000,0.00000
-660659.91592,-849429.74404,257.35400,421095703.47965,16.96000,265057.00000,10.62000,0.00000,0.00000,0.00000
-660572.35421,-849050.54311,258.27000,421095703.52679,16.96000,323928.00000,7.34000,0.00000,0.00000,0.00000
-660216.57296,-848994.41212,258.51900,421095703.57394,16.80000,581672.00000,8.57000,0.00000,0.00000,0.00000
-659900.45983,-848890.49407,258.77700,421095703.62108,17.35000,751523.00000,11.65000,0.00000,0.00000,0.00000
-659616.46681,-848747.91036,258.87500,421095703.66823,17.38000,335992.00000,10.26000,0.00000,0.00000,0.00000
-659292.80044,-848653.09027,259.14200,421095703.71538,17.18000,107814.00000,7.90000,0.00000,0.00000,0.00000
-659058.38960,-848450.77178,258.82700,421095703.76252,16.83000,539110.00000,8.17000,0.00000,0.00000,0.00000
-658643.59002,-848465.71568,253.60000,421095703.80967,16.53000,1455110.00000,8.36000,0.00000,0.00000,0.00000
-658565.49721,-848075.14073,251.83600,421095703.85681,16.27000,671140.00000,7.15000,0.00000,0.00000,0.00000
-658199.81315,-848030.93421,250.20600,421095703.90396,16.11000,1365597.00000,5.94000,0.00000,0.00000,0.00000
-658619.48014,-847040.91496,249.19800,421095703.95110,16.22000,1101950.00000,8.02000,0.00000,0.00000,0.00000
-657490.63404,-847915.77178,247.13800,421095703.99825,16.32000,484770.00000,7.66000,0.00000,0.00000,0.00000
-663669.22022,-876217.17371,262.25900,421268353.40428,16.06000,880599.00000,4.36000,0.00000,0.00000,0.00000
-664117.69994,-875216.74646,259.40400,421268353.45139,16.42000,628542.00000,6.03000,0.00000,0.00000,0.00000
-663987.24219,-874893.11273,258.99300,421268353.49850,16.71000,431642.00000,6.01000,0.00000,0.00000,0.00000
-663474.81753,-875015.97101,260.43300,421268353.54562,16.88000,525569.00000,5.57000,0.00000,0.00000,0.00000
-663427.48602,-874595.17868,259.55900,421268353.59273,17.26000,286743.00000,7.89000,0.00000,0.00000,0.00000
-665118.90338,-872141.84767,262.62500,421268353.63984,17.45000,620621.00000,7.75000,0.00000,0.00000,0.00000
-663147.37172,-873970.37815,253.97000,421268353.68696,16.88000,679474.00000,6.57000,0.00000,0.00000,0.00000
-662584.50068,-874152.20120,251.79600,421268353.73407,16.80000,478607.00000,6.33000,0.00000,0.00000,0.00000
-662201.80741,-874123.41596,249.24700,421268353.78118,16.62000,254010.00000,5.75000,0.00000,0.00000,0.00000
-661701.86791,-874231.64835,247.11300,421268353.82830,16.26000,389411.00000,5.42000,0.00000,0.00000,0.00000
-661209.13255,-874331.45632,245.18200,421268353.87541,16.08000,343163.00000,5.64000,0.00000,0.00000,0.00000
-660681.31147,-874472.24650,242.79800,421268353.92253,16.13000,873584.00000,5.59000,0.00000,0.00000,0.00000
-660108.80675,-874665.27114,241.79000,421268353.96964,16.24000,286014.00000,5.06000,0.00000,0.00000,0.00000
-659597.31034,-874786.94721,240.65900,421268354.01675,16.03000,692138.00000,3.76000,0.00000,0.00000,0.00000
-659091.58826,-874901.89848,239.44900,421268354.06387,15.84000,1346538.00000,3.00000,0.00000,0.00000,0.00000
-658420.06340,-875210.56353,240.17700,421268354.11098,15.74000,426553.00000,3.24000,0.00000,0.00000,0.00000
-661416.36861,-871232.75528,258.34100,421268354.15810,15.80000,601345.00000,3.22000,0.00000,0.00000,0.00000
-661033.21237,-871204.49906,255.35500,421268354.20521,15.63000,212400.00000,4.02000,0.00000,0.00000,0.00000
-660615.94169,-871216.11181,252.08200,421268354.25233,15.60000,326286.00000,4.43000,0.00000,0.00000,0.00000
-660038.18569,-871415.28460,249.24000,421268354.29944,15.74000,805001.00000,4.39000,0.00000,0.00000,0.00000
-659469.55160,-871603.77913,246.86000,421268354.34656,16.07000,478742.00000,5.10000,0.00000,0.00000,0.00000
-659014.78434,-871659.16563,245.35300,421268354.39367,16.58000,650716.00000,5.49000,0.00000,0.00000,0.00000
-658389.91856,-871913.33784,245.82400,421268354.44079,17.17000,1275675.00000,7.36000,0.00000,0.00000,0.00000
-657868.36669,-872046.77228,246.95800,421268354.48790,17.38000,1220337.00000,8.76000,0.00000,0.00000,0.00000
-657584.68190,-871902.24774,248.74900,421268354.53502,17.15000,2113484.00000,8.27000,0.00000,0.00000,0.00000
-659352.35130,-869360.59395,235.60700,421268354.58213,16.94000,293470.00000,7.20000,0.00000,0.00000,0.00000
-660032.10219,-868090.23188,239.62000,421268354.62925,16.49000,176985.00000,8.06000,0.00000,0.00000,0.00000
-659977.14445,-867678.44722,241.19700,421268354.67636,15.92000,337503.00000,10.52000,0.00000,0.00000,0.00000
-659750.66358,-867467.12628,240.06600,421268354.72348,14.59000,892278.00000,12.31000,0.00000,0.00000,0.00000
-659622.20525,-867141.26140,239.83500,421268354.77060,12.09000,1865627.00000,5.54000,0.00000,0.00000,0.00000
-658846.02024,-867572.29127,232.04500,421268354.81771,10.73000,2961650.00000,3.24000,0.00000,0.00000,0.00000
-657188.98581,-869032.56427,211.05100,421268354.86483,11.87000,1999268.00000,4.01000,0.00000,0.00000,0.00000
-656707.79693,-869118.82282,204.87100,421268354.91194,15.01000,2023262.00000,10.02000,0.00000,0.00000,0.00000
-656206.42086,-869228.64774,204.88200,421268354.95906,17.97000,481763.00000,17.28000,0.00000,0.00000,0.00000
-656343.73473,-868592.24580,205.86700,421268355.00618,18.03000,811818.00000,11.15000,0.00000,0.00000,0.00000
-656358.98507,-868098.46718,206.42800,421268355.05329,18.09000,826157.00000,9.39000,0.00000,0.00000,0.00000
-656301.66857,-867689.47391,207.10000,421268355.10041,18.47000,542218.00000,9.48000,0.00000,0.00000,0.00000
-656180.91956,-867354.60193,207.25100,421268355.14752,18.93000,1242315.00000,12.09000,0.00000,0.00000,0.00000
-655530.10826,-867639.04139,212.88200,421268355.19464,18.71000,2014006.00000,7.97000,0.00000,0.00000,0.00000
-655363.70964,-867357.50431,214.44300,421268355.24175,18.71000,1152339.00000,12.71000,0.00000,0.00000,0.00000
-655076.69456,-867216.90124,217.03600,421268355.28887,18.01000,1101867.00000,8.29000,0.00000,0.00000,0.00000
-655019.38911,-866807.91259,219.66100,421268355.33599,17.03000,1251551.00000,7.55000,0.00000,0.00000,0.00000
-654973.63058,-866385.47187,223.39800,421268355.38310,15.62000,2679938.00000,4.31000,0.00000,0.00000,0.00000
-654805.31902,-866106.18450,228.43500,421268355.43022,14.86000,2535787.00000,3.68000,0.00000,0.00000,0.00000
-655326.15183,-865021.84131,234.13500,421268355.47733,14.92000,1907095.00000,4.45000,0.00000,0.00000,0.00000
-652980.40092,-867286.28350,254.56500,421268355.52445,14.80000,343360.00000,3.88000,0.00000,0.00000,0.00000
-655894.43326,-863406.14706,239.39800,421268355.57156,14.66000,432308.00000,6.01000,0.00000,0.00000,0.00000
-653200.29799,-866077.61163,258.29100,421268355.61868,14.28000,665604.00000,4.55000,0.00000,0.00000,0.00000
-654565.50783,-864006.93939,237.79200,421268355.66580,13.84000,1489456.00000,3.45000,0.00000,0.00000,0.00000
-655332.40121,-862635.18322,238.93400,421268355.71291,13.81000,2292944.00000,4.57000,0.00000,0.00000,0.00000
-653960.79056,-863761.66742,237.38800,421268355.76003,13.87000,1182714.00000,3.47000,0.00000,0.00000,0.00000
-653178.81190,-864199.27693,238.92900,421268355.80714,14.27000,557158.00000,4.66000,0.00000,0.00000,0.00000
-652743.81347,-864231.56309,239.41100,421268355.85426,14.83000,662921.00000,7.83000,0.00000,0.00000,0.00000
-652327.55835,-864241.95149,240.91100,421268355.90137,15.54000,283256.00000,8.49000,0.00000,0.00000,0.00000
-651764.71668,-864423.53480,242.75900,421268355.94849,15.83000,624928.00000,8.53000,0.00000,0.00000,0.00000
-651407.57105,-864364.85805,244.78100,421268355.99560,15.78000,1198372.00000,8.51000,0.00000,0.00000,0.00000
-650730.83479,-864679.46687,248.53700,421268356.04272,15.37000,943034.00000,7.61000,0.00000,0.00000,0.00000
-650608.70563,-864346.28781,250.28800,421268356.08983,14.77000,1789424.00000,5.96000,0.00000,0.00000,0.00000
-650378.92982,-864138.85341,250.85100,421268356.13695,14.32000,1919363.00000,5.94000,0.00000,0.00000,0.00000
-649903.07607,-864218.79557,252.57200,421268356.18406,13.77000,1040000.00000,4.67000,0.00000,0.00000,0.00000
-649678.59156,-864005.18849,252.62000,421268356.23118,13.88000,1105871.00000,4.95000,0.00000,0.00000,0.00000
-649797.73583,-863390.24217,250.09700,421268356.27829,13.88000,3574478.00000,4.70000,0.00000,0.00000,0.00000
-650174.00858,-862475.00332,241.22100,421268356.32541,14.23000,731608.00000,6.07000,0.00000,0.00000,0.00000
-649946.64254,-862264.75915,241.98400,421268356.37252,14.64000,299338.00000,8.53000,0.00000,0.00000,0.00000
-650350.31510,-861317.53499,243.80600,421268356.41964,14.88000,188634.00000,7.25000,0.00000,0.00000,0.00000
-650401.22702,-860782.31111,245.32700,421268356.46676,14.90000,458014.00000,6.94000,0.00000,0.00000,0.00000
-650015.27176,-860757.30189,245.24600,421268356.51387,15.12000,2368278.00000,5.21000,0.00000,0.00000,0.00000
-649598.55630,-860768.20072,244.94000,421268356.56099,15.14000,2010414.00000,4.91000,0.00000,0.00000,0.00000
-649230.39147,-860722.41823,244.39100,421268356.60810,15.09000,383659.00000,4.98000,0.00000,0.00000,0.00000
-648848.28493,-860692.90311,243.88200,421268356.65522,15.32000,525657.00000,5.78000,0.00000,0.00000,0.00000
-648634.86911,-860466.37219,242.65200,421268356.70234,15.29000,126714.00000,8.71000,0.00000,0.00000,0.00000
-648700.70829,-859913.76278,243.41900,421268356.74945,15.12000,253958.00000,7.09000,0.00000,0.00000,0.00000
-648385.41199,-859806.22429,241.96100,421268356.79657,15.29000,752744.00000,5.32000,0.00000,0.00000,0.00000
-647994.66585,-859786.80240,239.23600,421268356.84368,15.27000,1507687.00000,5.04000,0.00000,0.00000,0.00000
-647679.36384,-859679.24683,237.84300,421268356.89080,15.47000,547516.00000,4.79000,0.00000,0.00000,0.00000
-647715.42290,-859161.43789,235.49800,421268356.93792,15.46000,4197764.00000,3.95000,0.00000,0.00000,0.00000
-647193.45532,-859295.22438,235.67200,421268356.98503,15.85000,4426741.00000,4.25000,0.00000,0.00000,0.00000
-646623.41949,-859485.11671,236.53200,421268357.03215,16.00000,1689809.00000,5.78000,0.00000,0.00000,0.00000
-646346.58963,-859332.67159,235.35700,421268357.07927,16.25000,454584.00000,8.20000,0.00000,0.00000,0.00000
-655954.89351,-887500.70289,218.06200,421441005.95408,13.14000,1581434.00000,7.83000,0.00000,0.00000,0.00000
-655586.07345,-887451.22250,218.73800,421441006.00116,13.65000,194285.00000,9.02000,0.00000,0.00000,0.00000
-655616.97993,-886948.53035,219.37300,421441006.04824,13.99000,514377.00000,7.63000,0.00000,0.00000,0.00000
-656321.72171,-885681.85636,233.47800,421441006.09532,14.01000,5148325.00000,4.49000,0.00000,0.00000,0.00000
-655835.15221,-885765.89973,232.38800,421441006.14240,13.83000,981479.00000,5.17000,0.00000,0.00000,0.00000
-655224.95455,-885990.10453,230.63200,421441006.18948,13.88000,366207.00000,4.93000,0.00000,0.00000,0.00000
-654674.35423,-886146.69406,229.57800,421441006.23656,14.26000,174636.00000,6.67000,0.00000,0.00000,0.00000
-654156.49938,-886266.16579,228.85500,421441006.28364,14.36000,642677.00000,5.46000,0.00000,0.00000,0.00000
-653721.71769,-886291.44484,228.22800,421441006.33072,14.67000,2813602.00000,4.34000,0.00000,0.00000,0.00000
-653639.77013,-885916.73185,221.40900,421441006.37779,15.53000,2269464.00000,5.34000,0.00000,0.00000,0.00000
-652704.57610,-886509.30359,225.52200,421441006.42487,16.21000,940496.00000,6.67000,0.00000,0.00000,0.00000
-652751.63770,-885988.33718,224.27600,421441006.47195,16.66000,541728.00000,8.29000,0.00000,0.00000,0.00000
-653732.09888,-884409.29188,226.41600,421441006.51903,17.41000,438512.00000,8.54000,0.00000,0.00000,0.00000
-651651.40250,-886300.33058,219.82700,421441006.56611,18.05000,1927891.00000,8.16000,0.00000,0.00000,0.00000
-651996.11369,-885442.01936,218.13500,421441006.61319,18.44000,160182.00000,11.12000,0.00000,0.00000,0.00000
-652302.70001,-884626.91774,218.18500,421441006.66027,17.99000,741113.00000,13.76000,0.00000,0.00000,0.00000
-652526.69187,-883905.43854,220.29900,421441006.70735,17.26000,335045.00000,9.51000,0.00000,0.00000,0.00000
-652229.73999,-883774.48882,220.21100,421441006.75443,16.39000,196467.00000,7.79000,0.00000,0.00000,0.00000
-652070.60913,-883487.32577,219.86900,421441006.80150,15.49000,480409.00000,4.69000,0.00000,0.00000,0.00000
-651718.43925,-883418.95619,216.75400,421441006.84858,14.99000,1164601.00000,4.02000,0.00000,0.00000,0.00000
-651285.63425,-883441.97370,209.35300,421441006.89566,14.88000,1926317.00000,4.58000,0.00000,0.00000,0.00000
-650901.70117,-883409.61196,206.04700,421441006.94274,15.18000,1569470.00000,6.01000,0.00000,0.00000,0.00000
-650531.43735,-883361.72032,202.41000,421441006.98982,16.20000,163026.00000,7.65000,0.00000,0.00000,0.00000
-650468.10831,-882965.97212,200.29000,421441007.03690,17.60000,346911.00000,13.20000,0.00000,0.00000,0.00000
-650598.80571,-882350.31587,200.16000,421441007.08398,18.85000,73129.00000,18.23000,0.00000,0.00000,0.00000
-650607.31773,-881873.14783,201.32000,421441007.13106,18.45000,90134.00000,14.60000,0.00000,0.00000,0.00000
-650685.23565,-881317.32857,203.41100,421441007.17814,17.60000,374111.00000,8.77000,0.00000,0.00000,0.00000
-649854.11646,-881791.77982,200.31100,421441007.22522,17.80000,1940624.00000,9.90000,0.00000,0.00000,0.00000
-649065.99914,-882217.48249,199.87300,421441007.27230,17.74000,2460284.00000,9.05000,0.00000,0.00000,0.00000
-648280.80177,-882639.83696,200.99200,421441007.31938,17.18000,1091438.00000,6.78000,0.00000,0.00000,0.00000
-647296.17549,-883288.14059,204.25100,421441007.36646,16.52000,1019486.00000,6.83000,0.00000,0.00000,0.00000
-646667.37837,-883533.19996,212.39900,421441007.41354,15.83000,698734.00000,5.19000,0.00000,0.00000,0.00000
-646007.78895,-883813.14010,218.53700,421441007.46062,15.34000,379849.00000,4.85000,0.00000,0.00000,0.00000
-645380.45871,-884056.48636,227.68900,421441007.50770,15.12000,963655.00000,3.51000,0.00000,0.00000,0.00000
-645013.63919,-884004.64423,231.72800,421441007.55478,15.19000,234373.00000,4.03000,0.00000,0.00000,0.00000
-644641.44838,-883958.90286,234.80300,421441007.60186,15.23000,282870.00000,3.75000,0.00000,0.00000,0.00000
-646315.22478,-881594.91915,207.13700,421441007.64894,15.60000,727909.00000,5.55000,0.00000,0.00000,0.00000
-646039.33307,-881440.10604,210.53100,421441007.69601,15.71000,477929.00000,5.21000,0.00000,0.00000,0.00000
-645229.70014,-881890.04117,218.01200,421441007.74309,15.26000,482197.00000,4.00000,0.00000,0.00000,0.00000
-644686.45735,-882038.13627,224.51900,421441007.79017,14.74000,2465794.00000,4.17000,0.00000,0.00000,0.00000
-644045.94718,-882296.39395,235.24300,421441007.83725,14.47000,352755.00000,6.08000,0.00000,0.00000,0.00000
-644279.36839,-881564.51320,235.79800,421441007.88433,13.63000,1746292.00000,3.96000,0.00000,0.00000,0.00000
-644300.67220,-881072.97223,242.99300,421441007.93140,13.73000,1903122.00000,3.47000,0.00000,0.00000,0.00000
-644994.98480,-879818.90719,254.33600,421441007.97848,13.92000,5611715.00000,3.22000,0.00000,0.00000,0.00000
-644994.27831,-879352.32111,257.86300,421441008.02556,12.64000,382905.00000,5.75000,0.00000,0.00000,0.00000
-644833.25983,-879067.36248,258.62500,421441008.07264,12.13000,576846.00000,4.49000,0.00000,0.00000,0.00000
-644644.39414,-878813.97623,255.15000,421441008.11972,11.71000,2676366.00000,3.59000,0.00000,0.00000,0.00000
-644669.60362,-878318.04085,248.95800,421441008.16679,11.56000,2909440.00000,6.37000,0.00000,0.00000,0.00000
-644939.67302,-877544.69625,253.79600,421441008.21387,10.90000,1223256.00000,3.52000,0.00000,0.00000,0.00000
-644694.12941,-877355.53048,244.74600,421441008.26095,10.59000,822499.00000,3.08000,0.00000,0.00000,0.00000
-644441.74180,-877174.12938,242.04600,421441008.30803,10.71000,512127.00000,4.59000,0.00000,0.00000,0.00000
-644033.43595,-877169.36132,238.28300,421441008.35511,10.88000,1096617.00000,5.42000,0.00000,0.00000,0.00000
-643164.70593,-877686.20981,234.71300,421441008.40218,10.53000,710483.00000,3.47000,0.00000,0.00000,0.00000
-642609.75414,-877847.54388,231.53900,421441008.44926,10.40000,895275.00000,3.35000,0.00000,0.00000,0.00000
-643910.20210,-875906.97750,240.42400,421441008.49634,10.47000,2344218.00000,3.40000,0.00000,0.00000,0.00000
-643294.18431,-876137.53491,235.33200,421441008.54342,10.85000,665337.00000,5.65000,0.00000,0.00000,0.00000
-643360.48465,-875595.10255,234.54800,421441008.59050,11.00000,994896.00000,5.09000,0.00000,0.00000,0.00000
-642996.17292,-875540.48772,232.88700,421441008.63758,11.38000,1120808.00000,5.37000,0.00000,0.00000,0.00000
-642526.28595,-875605.47349,231.56300,421441008.68466,11.75000,978124.00000,4.89000,0.00000,0.00000,0.00000
-642242.13342,-875460.04402,231.33100,421441008.73173,11.94000,2230661.00000,4.27000,0.00000,0.00000,0.00000
-641874.89348,-875408.74577,231.23100,421441008.77881,12.05000,2895227.00000,3.96000,0.00000,0.00000,0.00000
-641229.04539,-875673.04014,223.07500,421441008.82589,12.18000,829303.00000,4.70000,0.00000,0.00000,0.00000
-641338.38609,-875081.89551,224.97900,421441008.87297,12.43000,1044882.00000,5.26000,0.00000,0.00000,0.00000
-641001.93282,-874995.69829,225.83700,421441008.92005,13.01000,1506345.00000,6.85000,0.00000,0.00000,0.00000
-640822.39344,-874731.77595,227.05200,421441008.96713,13.45000,981574.00000,9.06000,0.00000,0.00000,0.00000
-641205.96126,-873830.03574,227.89800,421441009.01421,13.06000,3288001.00000,6.57000,0.00000,0.00000,0.00000
-640770.29567,-873856.22954,225.99500,421441009.06129,12.99000,1360701.00000,5.09000,0.00000,0.00000,0.00000
-640509.13434,-873684.77559,227.39000,421441009.10837,12.86000,1828523.00000,3.96000,0.00000,0.00000,0.00000
-639757.20936,-874069.15815,218.44500,421441009.15545,12.87000,3414293.00000,3.48000,0.00000,0.00000,0.00000
-639472.09369,-873924.81317,217.25100,421441009.20253,12.89000,2525697.00000,4.66000,0.00000,0.00000,0.00000
-638939.63181,-874060.60576,222.83400,421441009.24961,12.85000,4159903.00000,3.85000,0.00000,0.00000,0.00000
-638491.74285,-874100.61420,222.48200,421441009.29669,12.98000,1766705.00000,3.67000,0.00000,0.00000,0.00000
-638168.99642,-873998.89141,222.44600,421441009.34377,13.27000,4322514.00000,3.49000,0.00000,0.00000,0.00000
-638522.80710,-873130.96271,212.17000,421441009.39085,13.62000,870158.00000,3.51000,0.00000,0.00000,0.00000
-638509.99149,-872678.24903,211.62000,421441009.43793,13.82000,433920.00000,5.39000,0.00000,0.00000,0.00000
-637839.18449,-872970.68677,212.66900,421441009.48501,14.24000,365666.00000,6.86000,0.00000,0.00000,0.00000
-637898.73381,-872436.05853,214.54600,421441009.53209,14.57000,251433.00000,7.48000,0.00000,0.00000,0.00000
-637905.47876,-871961.20390,215.13300,421441009.57917,14.78000,1044957.00000,5.45000,0.00000,0.00000,0.00000
-637107.09154,-872398.11518,212.01100,421441009.62625,15.21000,1011347.00000,7.37000,0.00000,0.00000,0.00000
-636727.16169,-872361.15051,213.03800,421441009.67333,15.53000,703479.00000,5.93000,0.00000,0.00000,0.00000
-636551.08708,-872093.33813,214.80900,421441009.72041,15.71000,1089899.00000,7.51000,0.00000,0.00000,0.00000
-637767.17122,-890899.23796,175.64200,421613660.37220,13.97000,928110.00000,4.03000,0.00000,0.00000,0.00000
-636964.75356,-891321.90163,171.62800,421613660.41923,14.34000,1209351.00000,4.47000,0.00000,0.00000,0.00000
-636634.79421,-891225.28690,170.93400,421613660.46627,14.58000,1402811.00000,4.46000,0.00000,0.00000,0.00000
-636150.81842,-891297.92381,169.04000,421613660.51331,14.93000,2036384.00000,4.15000,0.00000,0.00000,0.00000
-636190.61393,-888039.55931,178.39300,421613660.84259,13.31000,916525.00000,3.67000,0.00000,0.00000,0.00000
-635886.50326,-887914.53468,177.85000,421613660.88962,13.11000,851647.00000,3.17000,0.00000,0.00000,0.00000
-634213.00815,-887916.78890,187.17700,421613661.07778,11.81000,1376884.00000,4.96000,0.00000,0.00000,0.00000
-633796.60937,-887915.15115,193.40400,421613661.12482,11.55000,906975.00000,3.17000,0.00000,0.00000,0.00000
-650633.81032,-854358.47628,247.15700,421834267.92084,17.33000,346729.00000,7.72000,0.00000,0.00000,1.00000
-651073.50985,-854493.61046,245.60200,421834267.96765,17.33000,628983.00000,8.64000,0.00000,0.00000,1.00000
-651642.58581,-854568.67560,243.46100,421834268.01446,17.78000,139330.00000,8.52000,0.00000,0.00000,1.00000
-652110.30228,-854690.81631,241.78600,421834268.06128,18.43000,71423.00000,12.31000,0.00000,0.00000,1.00000
-651995.81842,-855083.27350,241.35300,421834268.10809,18.36000,142250.00000,11.84000,0.00000,0.00000,1.00000
-652045.38598,-855399.55688,241.07600,421834268.15490,18.61000,130216.00000,12.27000,0.00000,0.00000,1.00000
-651971.57049,-855773.12030,241.55400,421834268.20171,18.45000,342854.00000,10.60000,0.00000,0.00000,1.00000
-652033.13823,-856083.83383,241.85300,421834268.24853,18.02000,413869.00000,9.13000,0.00000,0.00000,1.00000
-652201.40483,-856345.00498,241.96000,421834268.29534,18.00000,169951.00000,9.59000,0.00000,0.00000,1.00000
-652278.30802,-856648.59822,242.19100,421834268.34215,18.13000,495046.00000,8.10000,0.00000,0.00000,1.00000
-652506.60169,-856881.91460,243.18500,421834268.38896,17.90000,279475.00000,8.30000,0.00000,0.00000,1.00000
-652750.90250,-857107.79982,244.03500,421834268.43577,17.63000,127729.00000,8.17000,0.00000,0.00000,1.00000
-653185.94114,-857245.13928,243.59700,421834268.48259,17.65000,146019.00000,7.42000,0.00000,0.00000,1.00000
-653630.31541,-857378.14570,243.08000,421834268.52940,17.67000,154913.00000,9.22000,0.00000,0.00000,1.00000
-654468.86478,-857328.18735,244.35800,421834268.57621,17.35000,236384.00000,8.20000,0.00000,0.00000,1.00000
-655037.96170,-857403.30902,246.99300,421834268.62302,17.44000,294000.00000,7.62000,0.00000,0.00000,1.00000
-655036.83122,-857743.15494,248.55600,421834268.66983,17.02000,365585.00000,5.34000,0.00000,0.00000,1.00000
-655042.36311,-858079.90381,250.11100,421834268.71665,16.52000,297236.00000,5.92000,0.00000,0.00000,1.00000
-655113.25974,-858386.31441,250.01700,421834268.76346,16.28000,262374.00000,4.49000,0.00000,0.00000,1.00000
-655184.82112,-858692.41990,249.58200,421834268.81027,16.34000,566174.00000,5.73000,0.00000,0.00000,1.00000
-655429.11506,-858918.32691,248.76400,421834268.85708,16.28000,561256.00000,4.64000,0.00000,0.00000,1.00000
-655656.73298,-859151.97479,247.38100,421834268.90389,16.39000,155609.00000,5.44000,0.00000,0.00000,1.00000
-655718.94343,-859462.40606,245.22400,421834268.95070,16.60000,303396.00000,5.20000,0.00000,0.00000,1.00000
-655777.82754,-859774.40366,245.13600,421834268.99751,15.92000,179234.00000,6.76000,0.00000,0.00000,1.00000
-655968.75268,-860025.08518,248.74800,421834269.04433,13.97000,176734.00000,4.97000,0.00000,0.00000,1.00000
-656591.22220,-860075.48721,251.44500,421834269.09114,12.70000,210545.00000,6.44000,0.00000,0.00000,1.00000
-656848.19487,-860295.54775,252.40900,421834269.13795,12.58000,1612917.00000,3.86000,0.00000,0.00000,1.00000
-656152.02723,-860957.95245,247.52100,421834269.18476,13.59000,2198928.00000,4.23000,0.00000,0.00000,1.00000
-656705.14271,-861040.56462,245.20800,421834269.23157,14.49000,657356.00000,4.57000,0.00000,0.00000,1.00000
-657971.25678,-860792.27403,257.24100,421834269.27838,14.57000,3478998.00000,3.80000,0.00000,0.00000,1.00000
-658148.18742,-861049.49039,257.68200,421834269.32519,14.77000,1448998.00000,4.38000,0.00000,0.00000,1.00000
-655586.37462,-862577.68646,238.23500,421834269.37200,15.08000,859483.00000,3.86000,0.00000,0.00000,1.00000
-657787.01513,-861895.75210,253.08000,421834269.41881,15.33000,650488.00000,3.67000,0.00000,0.00000,1.00000
-655175.09714,-863447.11663,236.65200,421834269.46562,15.50000,758620.00000,5.36000,0.00000,0.00000,1.00000
-655074.51535,-863833.08318,237.20300,421834269.51243,15.32000,443564.00000,9.64000,0.00000,0.00000,1.00000
-655420.84374,-864011.66883,237.36700,421834269.55925,15.08000,741492.00000,13.69000,0.00000,0.00000,1.00000
-655195.52033,-864455.51556,239.40500,421834269.60606,14.35000,314957.00000,6.89000,0.00000,0.00000,1.00000
-655048.22688,-864863.14184,239.37000,421834269.65287,13.74000,1291066.00000,3.11000,0.00000,0.00000,1.00000
-655639.34819,-864928.16405,231.36600,421834269.69968,13.82000,2624443.00000,3.00000,0.00000,0.00000,1.00000
-656258.50558,-864980.19314,224.79700,421834269.74649,13.95000,834878.00000,3.11000,0.00000,0.00000,1.00000
-656373.35522,-865266.19255,221.89100,421834269.79330,13.99000,3856274.00000,2.56000,0.00000,0.00000,1.00000
-658433.45740,-864649.67827,207.47300,421834269.84011,14.83000,5121163.00000,3.22000,0.00000,0.00000,1.00000
-657759.14006,-865301.84895,205.23300,421834269.88692,16.93000,1460321.00000,5.92000,0.00000,0.00000,1.00000
-656823.97756,-866075.02104,210.12200,421834269.93373,17.64000,537573.00000,7.29000,0.00000,0.00000,1.00000
-656852.10385,-866401.26859,209.73900,421834269.98054,18.86000,278494.00000,15.53000,0.00000,0.00000,1.00000
-656591.36826,-866861.52198,209.74000,421834270.02736,19.09000,77935.00000,17.88000,0.00000,0.00000,1.00000
-657081.80465,-866973.29871,209.59900,421834270.07417,18.04000,371785.00000,11.32000,0.00000,0.00000,1.00000
-657223.33658,-867246.93331,209.90700,421834270.12098,15.52000,574950.00000,6.43000,0.00000,0.00000,1.00000
-657073.31340,-867655.81506,203.25700,421834270.16779,15.70000,535498.00000,4.52000,0.00000,0.00000,1.00000
-656836.56182,-868104.91576,202.92000,421834270.21460,16.42000,170199.00000,7.46000,0.00000,0.00000,1.00000
-656599.14582,-868554.33097,204.03200,421834270.26141,16.24000,170912.00000,7.06000,0.00000,0.00000,1.00000
-656311.67738,-869026.94523,204.24700,421834270.30822,16.08000,204509.00000,4.88000,0.00000,0.00000,1.00000
-660941.71071,-867218.53029,242.61900,421834270.35503,16.14000,138112.00000,7.40000,0.00000,0.00000,1.00000
-660167.31011,-867917.10158,239.46000,421834270.40184,16.38000,121776.00000,9.51000,0.00000,0.00000,1.00000
-660170.07637,-868255.12318,238.82300,421834270.44865,16.59000,203036.00000,9.64000,0.00000,0.00000,1.00000
-660679.19456,-868358.27207,239.24800,421834270.49546,16.48000,216839.00000,11.34000,0.00000,0.00000,1.00000
-661072.89651,-868514.96453,240.95000,421834270.54226,16.48000,286978.00000,6.76000,0.00000,0.00000,1.00000
-661076.33206,-868852.68900,241.13000,421834270.58907,16.66000,468903.00000,7.86000,0.00000,0.00000,1.00000
-660656.79467,-869386.60332,241.17000,421834270.63588,16.85000,585752.00000,6.76000,0.00000,0.00000,1.00000
-660616.85137,-869744.43511,241.99100,421834270.68269,16.73000,461482.00000,6.46000,0.00000,0.00000,1.00000
-660203.96568,-870275.23127,242.96100,421834270.72950,16.56000,509048.00000,6.64000,0.00000,0.00000,1.00000
-659153.27971,-871101.82596,243.62600,421834270.77631,16.56000,1976125.00000,5.95000,0.00000,0.00000,1.00000
-658433.47246,-871774.91425,245.06600,421834270.82312,16.79000,630070.00000,8.77000,0.00000,0.00000,1.00000
-658769.11412,-871958.53501,245.29100,421834270.86993,16.20000,2024798.00000,4.17000,0.00000,0.00000,1.00000
-662258.41931,-870679.62965,261.97700,421834270.91673,16.09000,1066729.00000,3.16000,0.00000,0.00000,1.00000
-662518.01534,-870898.55062,265.00700,421834270.96354,16.18000,782470.00000,3.83000,0.00000,0.00000,1.00000
-662736.24941,-871136.65353,266.94200,421834271.01035,16.46000,289643.00000,4.16000,0.00000,0.00000,1.00000
-662964.49152,-871370.11366,267.10200,421834271.05716,16.54000,432241.00000,4.38000,0.00000,0.00000,1.00000
-663346.19598,-871532.42711,266.16900,421834271.10397,16.62000,1170039.00000,4.41000,0.00000,0.00000,1.00000
-663400.32885,-871846.63747,259.49000,421834271.15077,16.76000,3635575.00000,3.92000,0.00000,0.00000,1.00000
-663811.37355,-871995.34185,262.21200,421834271.19758,17.08000,187994.00000,5.21000,0.00000,0.00000,1.00000
-664031.61912,-872232.52915,261.28200,421834271.24439,17.52000,431803.00000,5.42000,0.00000,0.00000,1.00000
-664474.03474,-872366.68227,260.40000,421834271.29120,17.94000,672364.00000,4.38000,0.00000,0.00000,1.00000
-664706.95959,-872597.98814,258.17800,421834271.33800,18.63000,240883.00000,6.43000,0.00000,0.00000,1.00000
-664273.35400,-873138.38564,254.50200,421834271.38481,19.27000,299106.00000,12.99000,0.00000,0.00000,1.00000
-663412.71483,-873876.76906,252.42100,421834271.43162,18.96000,237865.00000,8.18000,0.00000,0.00000,1.00000
-663311.33694,-874263.07577,255.80000,421834271.47842,18.50000,453208.00000,7.89000,0.00000,0.00000,1.00000
-663694.34995,-874424.78608,259.45400,421834271.52523,18.10000,197654.00000,6.81000,0.00000,0.00000,1.00000
-664134.74804,-874559.90374,263.34500,421834271.57204,17.62000,253282.00000,6.74000,0.00000,0.00000,1.00000
-664062.72985,-874932.60615,265.01100,421834271.61884,17.56000,370790.00000,9.93000,0.00000,0.00000,1.00000
-664244.91308,-875187.44386,268.04500,421834271.66565,17.29000,336014.00000,6.53000,0.00000,0.00000,1.00000
-633371.48372,-884551.84213,221.60800,422179576.81540,11.42000,1148127.00000,3.22000,0.00000,0.00000,1.00000
-633349.76797,-884895.12224,222.25300,422179576.86208,11.59000,287208.00000,1.82000,0.00000,0.00000,1.00000
-633364.49543,-885222.82736,221.57300,422179576.90877,11.34000,2069889.00000,2.46000,0.00000,0.00000,1.00000
-633404.19325,-885539.86360,220.27800,422179576.95546,10.88000,937411.00000,2.89000,0.00000,0.00000,1.00000
-633443.20852,-885857.18814,220.11400,422179577.00214,10.84000,790952.00000,3.10000,0.00000,0.00000,1.00000
-633412.70480,-886204.21442,220.40300,422179577.04883,11.16000,801218.00000,2.02000,0.00000,0.00000,1.00000
-637248.21252,-884899.32523,205.90700,422179577.09552,11.79000,834458.00000,1.66000,0.00000,0.00000,1.00000
-637252.82482,-885231.38960,204.55400,422179577.14220,12.39000,473942.00000,2.67000,0.00000,0.00000,1.00000
-637814.91787,-885325.24172,207.66900,422179577.18889,12.72000,1553424.00000,5.96000,0.00000,0.00000,1.00000
-636576.31909,-886188.52959,197.21400,422179577.23558,13.38000,402689.00000,7.65000,0.00000,0.00000,1.00000
-636387.88205,-886603.06345,194.70000,422179577.28227,13.65000,507315.00000,7.09000,0.00000,0.00000,1.00000
-637125.46770,-886621.94767,197.17100,422179577.32895,13.54000,1550020.00000,6.38000,0.00000,0.00000,1.00000
-637935.96642,-886609.68224,199.05500,422179577.37564,14.08000,2822573.00000,5.14000,0.00000,0.00000,1.00000
-636497.54423,-887558.27944,182.38400,422179577.42233,14.75000,1696372.00000,4.97000,0.00000,0.00000,1.00000
-636301.66725,-887975.98750,179.36800,422179577.46901,15.54000,1730255.00000,5.80000,0.00000,0.00000,1.00000
-636632.92841,-888168.47672,179.73700,422179577.51570,15.70000,1946485.00000,4.98000,0.00000,0.00000,1.00000
-636680.70513,-888482.08701,178.16800,422179577.56239,15.78000,2450264.00000,5.09000,0.00000,0.00000,1.00000
-637668.52893,-888728.14058,189.23900,422179577.65576,16.08000,5039132.00000,6.84000,0.00000,0.00000,1.00000
-636054.48540,-889751.64398,179.34000,422179577.70245,16.11000,639411.00000,7.90000,0.00000,0.00000,1.00000
-637469.11141,-889481.38933,185.00000,422179577.74914,16.20000,482569.00000,11.13000,0.00000,0.00000,1.00000
-639767.93001,-888833.39965,204.01400,422179577.79582,16.34000,381797.00000,9.56000,0.00000,0.00000,1.00000
-639087.42479,-889458.14836,193.88100,422179577.84251,16.43000,171710.00000,7.89000,0.00000,0.00000,1.00000
-637516.56976,-890463.19539,178.03600,422179577.88920,16.63000,959836.00000,9.58000,0.00000,0.00000,1.00000
-636508.61466,-891227.74982,169.18900,422179577.93589,17.13000,259397.00000,14.06000,0.00000,0.00000,1.00000
-640194.00599,-892660.00782,186.27300,422179578.35607,14.00000,413843.00000,7.56000,0.00000,0.00000,1.00000
