-646156.93640,-893102.41296,188.49800,362810277.39010,15.46000,373365.00000,7.88000,0.00000,0.00000,0.00000
-646702.38361,-892038.32203,191.27400,362810277.43651,15.12000,494043.00000,8.13000,0.00000,0.00000,0.00000
-646311.44657,-892016.08653,190.18800,362810277.48292,14.64000,464756.00000,8.63000,0.00000,0.00000,0.00000
-646036.27367,-891865.04619,190.34500,362810277.52932,13.95000,611917.00000,7.40000,0.00000,0.00000,0.00000
-645789.92735,-891681.94633,191.31700,362810277.57573,12.95000,752635.00000,3.89000,0.00000,0.00000,0.00000
-646221.55398,-890744.56838,206.24800,362810277.62214,12.35000,4523950.00000,2.76000,0.00000,0.00000,0.00000
-645409.07449,-891191.31539,206.37400,362810277.66855,12.00000,360703.00000,2.63000,0.00000,0.00000,0.00000
-644738.24392,-891480.45289,208.97800,362810277.71495,11.70000,721250.00000,2.70000,0.00000,0.00000,0.00000
-644253.51450,-891562.51765,211.25700,362810277.76136,11.69000,168279.00000,3.30000,0.00000,0.00000,0.00000
-643905.57894,-891492.43503,212.22600,362810277.80777,11.67000,339565.00000,3.61000,0.00000,0.00000,0.00000
-643464.81999,-891525.58264,211.71300,362810277.85418,11.78000,254470.00000,2.92000,0.00000,0.00000,0.00000
-643032.37350,-891549.49937,209.11000,362810277.90059,11.85000,457111.00000,2.57000,0.00000,0.00000,0.00000
-643729.35393,-890317.03852,185.67900,362810277.94699,12.01000,1768886.00000,2.31000,0.00000,0.00000,0.00000
-643056.55186,-890608.31568,186.96300,362810277.99340,12.27000,1497450.00000,3.17000,0.00000,0.00000,0.00000
-642274.32001,-891021.29529,188.50800,362810278.03981,12.67000,1295462.00000,4.85000,0.00000,0.00000,0.00000
-641834.53559,-891053.34388,189.54100,362810278.08622,12.88000,314299.00000,7.80000,0.00000,0.00000,0.00000
-642450.94011,-889910.59396,189.51100,362810278.13263,12.95000,276096.00000,11.46000,0.00000,0.00000,0.00000
-641498.21333,-890513.19466,186.47900,362810278.17904,12.86000,513705.00000,8.67000,0.00000,0.00000,0.00000
-640905.03359,-890715.85568,185.26800,362810278.22544,12.99000,215941.00000,7.27000,0.00000,0.00000,0.00000
-640285.94779,-890947.29996,184.46200,362810278.27185,12.91000,208344.00000,6.81000,0.00000,0.00000,0.00000
-639516.87654,-891345.55371,184.88900,362810278.31826,12.87000,228616.00000,6.36000,0.00000,0.00000,0.00000
-639060.96134,-891395.50319,184.84100,362810278.36467,12.68000,280338.00000,5.05000,0.00000,0.00000,0.00000
-638560.08741,-891495.42798,184.13300,362810278.41107,12.40000,403025.00000,4.55000,0.00000,0.00000,0.00000
-638037.22817,-891619.80816,182.93700,362810278.45748,12.10000,403574.00000,3.62000,0.00000,0.00000,0.00000
-641823.32380,-886951.98696,227.54100,362810278.50389,11.89000,496446.00000,3.36000,0.00000,0.00000,0.00000
-641633.20811,-886706.38478,228.31500,362810278.55030,11.78000,492319.00000,3.75000,0.00000,0.00000,0.00000
-641552.51194,-886339.07504,230.21200,362810278.59671,11.46000,350690.00000,3.47000,0.00000,0.00000,0.00000
-641783.48027,-885625.14505,234.04900,362810278.64312,11.32000,129496.00000,4.27000,0.00000,0.00000,0.00000
-641787.30124,-885163.87159,237.69000,362810278.68952,11.12000,1703161.00000,1.86000,0.00000,0.00000,0.00000
-641595.70765,-884919.94126,245.15900,362810278.73593,11.05000,312066.00000,2.08000,0.00000,0.00000,0.00000
-641382.16046,-884700.41885,245.21200,362810278.78234,11.26000,306426.00000,2.62000,0.00000,0.00000,0.00000
-641131.98933,-884521.63807,242.75200,362810278.82875,11.41000,232617.00000,2.75000,0.00000,0.00000,0.00000
-641099.67672,-884100.55949,244.26800,362810278.87516,11.25000,113312.00000,2.29000,0.00000,0.00000,0.00000
-636376.41131,-888896.03008,174.15500,362810278.92156,10.94000,1157743.00000,1.85000,0.00000,0.00000,0.00000
-635875.06085,-888996.46639,172.49400,362810278.96797,11.23000,618210.00000,3.02000,0.00000,0.00000,0.00000
-635689.84402,-888745.38487,171.82100,362810279.01438,11.69000,1445443.00000,2.82000,0.00000,0.00000,0.00000
-635289.15364,-888733.88949,172.13600,362810279.06079,11.94000,1320066.00000,3.11000,0.00000,0.00000,0.00000
-635139.61383,-888443.13758,172.86700,362810279.10719,11.94000,319302.00000,3.88000,0.00000,0.00000,0.00000
-634608.46459,-888576.68404,174.77900,362810279.15360,11.82000,488202.00000,4.63000,0.00000,0.00000,0.00000
-634213.14885,-888559.17865,177.55600,362810279.20001,11.20000,1065309.00000,3.42000,0.00000,0.00000,0.00000
-637446.67170,-884506.94243,207.74900,362810279.24642,10.62000,2841778.00000,2.32000,0.00000,0.00000,0.00000
-637082.66687,-884454.70878,206.96000,362810279.29283,10.65000,1568079.00000,2.63000,0.00000,0.00000,0.00000
-637200.85763,-883866.31271,214.75100,362810279.33924,10.55000,2921994.00000,3.45000,0.00000,0.00000,0.00000
-636863.73629,-883784.21285,214.50800,362810279.38565,10.43000,2547073.00000,5.99000,0.00000,0.00000,0.00000
-636615.02864,-883603.76453,215.00600,362810279.43206,10.35000,266385.00000,8.29000,0.00000,0.00000,0.00000
-635530.88358,-884352.22218,214.15200,362810279.47847,10.95000,219301.00000,10.16000,0.00000,0.00000,0.00000
-635105.80318,-884367.86450,215.62500,362810279.52488,10.31000,264442.00000,9.77000,0.00000,0.00000,0.00000
-635473.68428,-883501.89367,218.90200,362810279.57129,9.55000,441500.00000,8.39000,0.00000,0.00000,0.00000
-634797.47873,-883796.72919,220.07400,362810279.61770,9.21000,188185.00000,7.68000,0.00000,0.00000,0.00000
-634285.92674,-883908.50304,221.03700,362810279.66411,8.44000,121365.00000,9.13000,0.00000,0.00000,0.00000
-634014.26864,-883753.57140,221.28500,362810279.71052,7.80000,566580.00000,6.02000,0.00000,0.00000,0.00000
-633723.07188,-883620.36621,221.46000,362810279.75693,7.88000,2868483.00000,3.21000,0.00000,0.00000,0.00000
-636207.06229,-880401.85593,207.64100,362810279.80334,8.02000,520286.00000,3.02000,0.00000,0.00000,0.00000
-635905.62511,-880280.08944,207.18000,362810279.84975,8.20000,96384.00000,4.46000,0.00000,0.00000,0.00000
-635732.68415,-880015.45945,207.90600,362810279.89616,8.72000,335759.00000,5.51000,0.00000,0.00000,0.00000
-635184.51975,-880167.98420,204.39200,362810279.94257,9.27000,468824.00000,7.93000,0.00000,0.00000,0.00000
-634703.28733,-880246.09110,202.54600,362810279.98898,9.93000,847107.00000,9.76000,0.00000,0.00000,0.00000
-634746.31089,-879741.38064,204.11800,362810280.03539,10.34000,497940.00000,10.33000,0.00000,0.00000,0.00000
-634276.80081,-879806.43967,202.55400,362810280.08180,10.80000,122315.00000,8.79000,0.00000,0.00000,0.00000
-633793.11716,-879887.24216,201.15300,362810280.12821,11.29000,104117.00000,6.80000,0.00000,0.00000,0.00000
-633217.60770,-879613.22858,200.77600,362810280.22103,11.37000,97546.00000,4.78000,0.00000,0.00000,0.00000
-660183.64373,-846120.72004,256.48500,363030885.19598,15.59000,880988.00000,11.82000,0.00000,0.00000,1.00000
-659707.99694,-846684.72392,255.06200,363030885.24268,15.89000,284280.00000,13.13000,0.00000,0.00000,1.00000
-658768.35414,-847467.58430,252.78800,363030885.28938,15.31000,118548.00000,12.09000,0.00000,0.00000,1.00000
-658360.38391,-847999.61592,254.01900,363030885.33608,14.56000,386372.00000,7.00000,0.00000,0.00000,1.00000
-658331.43530,-848352.86619,256.92900,363030885.38278,14.60000,328083.00000,6.06000,0.00000,0.00000,1.00000
-658437.23512,-848642.55351,257.81800,363030885.42948,14.41000,220408.00000,6.63000,0.00000,0.00000,1.00000
-658549.00930,-848929.42547,257.89900,363030885.47618,14.07000,224982.00000,6.05000,0.00000,0.00000,1.00000
-658668.74379,-849212.53924,258.51700,363030885.52288,13.88000,358435.00000,4.85000,0.00000,0.00000,1.00000
-658779.18746,-849500.04103,258.18900,363030885.56958,13.89000,265385.00000,5.45000,0.00000,0.00000,1.00000
-658875.02306,-849794.43024,257.94800,363030885.61629,13.82000,215064.00000,5.53000,0.00000,0.00000,1.00000
-658957.58353,-850095.08315,256.41400,363030885.66299,13.82000,263519.00000,5.06000,0.00000,0.00000,1.00000
-659131.74969,-850352.53635,255.21600,363030885.70969,13.90000,338571.00000,5.81000,0.00000,0.00000,1.00000
-659440.66641,-850546.43301,255.97800,363030885.75639,13.77000,198472.00000,5.92000,0.00000,0.00000,1.00000
-659669.26676,-850778.22118,255.79300,363030885.80309,13.79000,148051.00000,6.31000,0.00000,0.00000,1.00000
-659752.48149,-851078.57035,255.67300,363030885.84979,14.12000,117238.00000,6.58000,0.00000,0.00000,1.00000
-659688.98703,-851448.10786,255.00800,363030885.89649,14.33000,239369.00000,7.01000,0.00000,0.00000,1.00000
-659667.96854,-851797.60434,254.72000,363030885.94319,14.38000,250984.00000,6.65000,0.00000,0.00000,1.00000
-659877.97237,-852038.16679,255.34500,363030885.98989,14.29000,439153.00000,6.46000,0.00000,0.00000,1.00000
-660133.11737,-852257.44311,255.93800,363030886.03659,14.13000,1114063.00000,5.46000,0.00000,0.00000,1.00000
-660436.72802,-852453.87072,255.88700,363030886.08330,14.16000,3024636.00000,5.09000,0.00000,0.00000,1.00000
-660696.52884,-852670.96818,254.91400,363030886.13000,14.18000,1597991.00000,5.42000,0.00000,0.00000,1.00000
-660923.12806,-852903.71134,254.52600,363030886.17670,14.26000,4332584.00000,5.19000,0.00000,0.00000,1.00000
-661076.69745,-853170.89424,256.11900,363030886.22340,14.08000,3210760.00000,4.32000,0.00000,0.00000,1.00000
-661273.42268,-853417.73531,256.60400,363030886.27010,13.86000,3268984.00000,4.74000,0.00000,0.00000,1.00000
-661733.05889,-853540.61206,253.41200,363030886.31680,13.84000,1317648.00000,5.23000,0.00000,0.00000,1.00000
-661848.78782,-853825.65302,255.39900,363030886.36350,13.80000,224477.00000,8.10000,0.00000,0.00000,1.00000
-661997.70809,-854095.04199,256.32600,363030886.41020,14.11000,268532.00000,8.63000,0.00000,0.00000,1.00000
-662128.70422,-854372.87978,255.87300,363030886.45690,14.06000,221289.00000,10.87000,0.00000,0.00000,1.00000
-661923.76263,-854809.10759,253.07600,363030886.50361,14.03000,223050.00000,8.53000,0.00000,0.00000,1.00000
-662637.68033,-854812.12335,254.03400,363030886.55031,14.27000,106720.00000,10.44000,0.00000,0.00000,1.00000
-663061.45893,-854951.93079,255.93000,363030886.59701,13.69000,235284.00000,7.00000,0.00000,0.00000,1.00000
-662946.13502,-855345.91493,256.47400,363030886.64371,13.13000,453768.00000,4.94000,0.00000,0.00000,1.00000
-662719.92138,-855792.15406,255.96200,363030886.69041,12.96000,745720.00000,5.09000,0.00000,0.00000,1.00000
-662548.81621,-856212.42371,255.12500,363030886.73711,12.88000,678931.00000,5.05000,0.00000,0.00000,1.00000
-662573.57160,-856540.36340,255.92000,363030886.78381,12.50000,519979.00000,4.01000,0.00000,0.00000,1.00000
-662391.83035,-856965.63329,254.24800,363030886.83051,12.06000,655956.00000,5.65000,0.00000,0.00000,1.00000
-661629.11788,-857664.75464,250.06500,363030886.87721,11.80000,2493821.00000,5.68000,0.00000,0.00000,1.00000
-660701.71240,-858441.46321,251.83500,363030886.92391,10.91000,1492976.00000,5.15000,0.00000,0.00000,1.00000
-665042.35493,-856734.98655,234.25100,363030886.97061,10.72000,382837.00000,4.26000,0.00000,0.00000,1.00000
-660932.42978,-859011.84769,261.35800,363030887.01731,10.51000,787745.00000,3.48000,0.00000,0.00000,1.00000
-660066.74927,-859759.41145,263.37300,363030887.06401,9.93000,2114920.00000,2.49000,0.00000,0.00000,1.00000
-659418.81306,-860404.31527,261.23400,363030887.11071,10.00000,3887975.00000,2.28000,0.00000,0.00000,1.00000
-666373.50268,-857465.96021,274.82500,363030887.15741,10.10000,1213363.00000,2.61000,0.00000,0.00000,1.00000
-666234.90683,-857870.91361,274.94700,363030887.20411,10.60000,259622.00000,2.38000,0.00000,0.00000,1.00000
-659721.18313,-861280.44172,234.58700,363030887.25081,10.92000,5125394.00000,2.44000,0.00000,0.00000,1.00000
-666417.22959,-858464.19935,266.19400,363030887.29751,10.82000,1239385.00000,2.97000,0.00000,0.00000,1.00000
-666539.57608,-858746.14387,265.50300,363030887.34421,11.05000,506889.00000,3.78000,0.00000,0.00000,1.00000
-666649.96904,-859033.71612,263.98000,363030887.39090,11.49000,160480.00000,4.29000,0.00000,0.00000,1.00000
-668749.38524,-858383.78765,316.29700,363030887.43760,11.96000,21520.00000,2.81000,0.00000,0.00000,1.00000
-668652.59946,-858769.03443,318.08200,363030887.48430,11.82000,7163.00000,3.25000,0.00000,0.00000,1.00000
-668429.01796,-859214.04825,316.07600,363030887.53100,10.41000,24435.00000,3.90000,0.00000,0.00000,1.00000
-668295.06023,-859616.81410,315.86000,363030887.57770,8.52000,141513.00000,2.37000,0.00000,0.00000,1.00000
-667972.48513,-860108.45988,320.56700,363030887.62439,8.26000,451963.00000,1.39000,0.00000,0.00000,1.00000
-667859.75596,-860501.20905,321.99300,363030887.67109,8.48000,267540.00000,1.32000,0.00000,0.00000,1.00000
-667767.59118,-860884.25360,325.87100,363030887.71779,8.45000,56770.00000,1.38000,0.00000,0.00000,1.00000
-667580.51351,-861312.02565,322.14400,363030887.76449,7.87000,164767.00000,2.84000,0.00000,0.00000,1.00000
-667309.09591,-861779.54187,319.89500,363030887.81119,7.49000,231867.00000,2.47000,0.00000,0.00000,1.00000
-667275.37799,-862135.03745,318.99500,363030887.85788,8.01000,475938.00000,2.11000,0.00000,0.00000,1.00000
-661141.00575,-865364.88587,255.92100,363030887.90458,8.84000,3964355.00000,1.33000,0.00000,0.00000,1.00000
-661363.56298,-865599.58118,256.93800,363030887.95128,9.77000,1183051.00000,1.90000,0.00000,0.00000,1.00000
-661748.14351,-865757.93776,255.92100,363030887.99798,10.37000,343452.00000,2.27000,0.00000,0.00000,1.00000
-662349.88223,-865813.99683,253.16100,363030888.04468,10.97000,244897.00000,3.51000,0.00000,0.00000,1.00000
-667904.34043,-863536.68379,288.34900,363030888.09137,11.29000,227482.00000,4.73000,0.00000,0.00000,1.00000
-668650.86344,-863524.54129,291.52600,363030888.13807,11.12000,310873.00000,5.26000,0.00000,0.00000,1.00000
-669122.46799,-863641.94578,294.15000,363030888.18477,11.06000,571666.00000,3.32000,0.00000,0.00000,1.00000
-663734.14627,-866520.07634,240.14900,363030888.23147,11.40000,434745.00000,3.51000,0.00000,0.00000,1.00000
-663754.79844,-866849.90202,238.54200,363030888.27817,11.95000,278334.00000,5.56000,0.00000,0.00000,1.00000
-663809.32229,-867163.76943,238.72800,363030888.32486,12.52000,233745.00000,8.21000,0.00000,0.00000,1.00000
-664168.02168,-867334.36021,238.73800,363030888.37156,12.51000,244394.00000,7.16000,0.00000,0.00000,1.00000
-664614.39868,-867463.66856,238.26800,363030888.41826,12.62000,298272.00000,8.04000,0.00000,0.00000,1.00000
-664859.52942,-867687.75873,238.52000,363030888.46496,13.20000,396141.00000,9.15000,0.00000,0.00000,1.00000
-665034.26617,-867945.02045,239.25000,363030888.51166,13.45000,201839.00000,7.12000,0.00000,0.00000,1.00000
-665025.69808,-868288.62607,241.25500,363030888.55836,13.19000,339071.00000,7.24000,0.00000,0.00000,1.00000
-664773.37627,-868747.03028,245.51700,363030888.60506,12.72000,786818.00000,5.59000,0.00000,0.00000,1.00000
-665053.71408,-868954.54975,249.57700,363030888.65176,12.39000,1817251.00000,4.89000,0.00000,0.00000,1.00000
-667137.26123,-868312.77674,254.97200,363030888.69846,12.08000,2342964.00000,4.17000,0.00000,0.00000,1.00000
-667843.31960,-868319.79954,261.83900,363030888.74515,11.86000,2221507.00000,3.97000,0.00000,0.00000,1.00000
-667579.71260,-868783.54999,265.27400,363030888.79185,11.91000,3172695.00000,4.30000,0.00000,0.00000,1.00000
-669422.78927,-868255.04362,280.08800,363030888.83855,12.33000,1278850.00000,4.25000,0.00000,0.00000,1.00000
-669386.99890,-868611.50674,279.48000,363030888.88525,12.74000,393082.00000,5.62000,0.00000,0.00000,1.00000
-669047.03221,-869111.25233,277.71700,363030888.93195,12.83000,122424.00000,6.90000,0.00000,0.00000,1.00000
-668851.17471,-869543.10620,276.25800,363030888.97865,12.97000,220680.00000,6.55000,0.00000,0.00000,1.00000
-668489.91762,-870052.82742,274.31400,363030889.02535,13.05000,256418.00000,6.26000,0.00000,0.00000,1.00000
-668367.10085,-870450.26483,275.29000,363030889.07205,13.03000,252292.00000,5.59000,0.00000,0.00000,1.00000
-668751.05251,-870609.04955,278.54200,363030889.11875,12.53000,868131.00000,3.56000,0.00000,0.00000,1.00000
-645896.68279,-859798.05204,236.58000,363203538.82220,14.19000,264193.00000,6.01000,0.00000,0.00000,1.00000
-646383.02723,-859915.33639,238.27400,363203538.86898,14.08000,250098.00000,5.58000,0.00000,0.00000,1.00000
-646802.44024,-860062.94853,239.47600,363203538.91575,13.98000,399552.00000,5.04000,0.00000,0.00000,1.00000
-647240.60417,-860202.08090,239.68600,363203538.96252,14.24000,553442.00000,6.41000,0.00000,0.00000,1.00000
-647490.01672,-860426.72915,239.64300,363203539.00930,14.46000,368814.00000,5.66000,0.00000,0.00000,1.00000
-647171.16232,-860908.83302,238.47400,363203539.05607,14.60000,204080.00000,7.71000,0.00000,0.00000,1.00000
-647213.07725,-861227.49939,240.02100,363203539.10284,14.42000,231735.00000,6.09000,0.00000,0.00000,1.00000
-647394.20742,-861483.07852,240.22200,363203539.14961,14.59000,298253.00000,6.29000,0.00000,0.00000,1.00000
-647663.68658,-861698.62688,239.92700,363203539.19639,14.49000,291948.00000,5.92000,0.00000,0.00000,1.00000
-647722.33166,-862009.70807,238.56200,363203539.24316,14.63000,168902.00000,6.56000,0.00000,0.00000,1.00000
-647728.09143,-862344.73968,236.62200,363203539.28993,14.98000,423758.00000,7.21000,0.00000,0.00000,1.00000
-647132.75188,-862952.06353,233.99500,363203539.33670,15.16000,72591.00000,10.10000,0.00000,0.00000,1.00000
-647426.99210,-863156.40468,236.16900,363203539.38347,14.21000,314912.00000,6.68000,0.00000,0.00000,1.00000
-648452.18604,-863029.64468,240.85300,363203539.43025,13.38000,263206.00000,7.59000,0.00000,0.00000,1.00000
-648929.17362,-863151.22796,243.45500,363203539.47702,13.28000,170477.00000,6.44000,0.00000,0.00000,1.00000
-649092.22318,-863415.02100,245.07600,363203539.52379,12.95000,290397.00000,4.88000,0.00000,0.00000,1.00000
-649261.95895,-863675.78733,248.71300,363203539.57056,12.73000,1542225.00000,3.57000,0.00000,0.00000,1.00000
-649250.29936,-864018.72822,250.38000,363203539.61733,12.40000,1570114.00000,3.29000,0.00000,0.00000,1.00000
-649331.67086,-864319.51846,253.94000,363203539.66411,11.95000,5249379.00000,2.64000,0.00000,0.00000,1.00000
-649407.68447,-864622.73119,256.45800,363203539.71088,12.26000,3924272.00000,2.52000,0.00000,0.00000,1.00000
-649411.42007,-864958.69865,256.47200,363203539.75765,12.58000,4543690.00000,2.45000,0.00000,0.00000,1.00000
-649441.91744,-865282.52723,256.63300,363203539.80442,12.57000,2426438.00000,2.12000,0.00000,0.00000,1.00000
-649582.87837,-865556.33919,254.25200,363203539.85119,12.66000,9716771.00000,2.08000,0.00000,0.00000,1.00000
-649927.99903,-865737.67087,251.78000,363203539.89797,12.81000,3788465.00000,3.03000,0.00000,0.00000,1.00000
-649038.05882,-866478.36053,239.35000,363203539.94474,12.16000,1655560.00000,3.03000,0.00000,0.00000,1.00000
-649062.52226,-866804.92961,239.69100,363203539.99151,11.93000,925833.00000,3.58000,0.00000,0.00000,1.00000
-649050.82229,-867147.85643,239.64600,363203540.03828,12.44000,731943.00000,3.21000,0.00000,0.00000,1.00000
-651384.79107,-866428.53823,259.78100,363203540.08505,12.63000,826723.00000,4.18000,0.00000,0.00000,1.00000
-651340.31145,-866786.33902,258.07900,363203540.13183,11.56000,793927.00000,4.16000,0.00000,0.00000,1.00000
-651356.74790,-867116.55871,257.06000,363203540.17860,10.57000,2887488.00000,2.90000,0.00000,0.00000,1.00000
-651574.67800,-867355.53473,258.51500,363203540.22537,10.68000,2305449.00000,2.47000,0.00000,0.00000,1.00000
-649924.19817,-868440.56765,238.10000,363203540.27214,10.28000,3511851.00000,2.13000,0.00000,0.00000,1.00000
-651543.90154,-868044.78154,264.06800,363203540.31891,9.62000,1216899.00000,2.12000,0.00000,0.00000,1.00000
-651239.65685,-868520.20731,263.52000,363203540.36569,9.70000,4077433.00000,1.74000,0.00000,0.00000,1.00000
-651108.11450,-868917.41167,263.52200,363203540.41246,9.62000,1814500.00000,2.19000,0.00000,0.00000,1.00000
-650961.85318,-869321.29192,260.88200,363203540.45923,9.93000,5167632.00000,1.63000,0.00000,0.00000,1.00000
-650630.14775,-869809.13236,254.63800,363203540.50600,10.58000,4729137.00000,2.00000,0.00000,0.00000,1.00000
-650378.75442,-870260.59263,251.39900,363203540.55277,10.68000,1795895.00000,3.59000,0.00000,0.00000,1.00000
-649508.73558,-870992.09943,251.99400,363203540.59955,10.69000,212892.00000,3.38000,0.00000,0.00000,1.00000
-649108.02743,-871511.13406,254.94200,363203540.64632,11.22000,573047.00000,2.79000,0.00000,0.00000,1.00000
-649080.21798,-871861.34709,255.68000,363203540.69309,11.49000,1116715.00000,2.21000,0.00000,0.00000,1.00000
-648968.04411,-872249.74515,254.79200,363203540.73986,11.67000,1230362.00000,1.63000,0.00000,0.00000,1.00000
-648760.11564,-872681.47707,252.84200,363203540.78663,11.76000,2989509.00000,2.02000,0.00000,0.00000,1.00000
-648558.20702,-873110.48148,251.98500,363203540.83341,11.89000,1375276.00000,1.98000,0.00000,0.00000,1.00000
-654812.82116,-870616.70204,207.59100,363203540.88018,11.99000,638944.00000,2.72000,0.00000,0.00000,1.00000
-655052.17924,-870846.01398,209.07000,363203540.92695,12.16000,1011345.00000,3.81000,0.00000,0.00000,1.00000
-654601.21332,-871387.85256,204.69300,363203540.97372,12.17000,2129580.00000,1.92000,0.00000,0.00000,1.00000
-651073.47448,-873322.45715,213.35400,363203541.02049,12.65000,2102800.00000,3.21000,0.00000,0.00000,1.00000
-650037.25985,-874129.10854,218.19800,363203541.06727,12.85000,711343.00000,3.56000,0.00000,0.00000,1.00000
-650486.82303,-874263.24817,217.49700,363203541.11404,12.88000,347293.00000,6.13000,0.00000,0.00000,1.00000
-650531.29478,-874580.75591,216.01000,363203541.16081,12.22000,583339.00000,4.04000,0.00000,0.00000,1.00000
-650467.94470,-874947.04927,211.04000,363203541.20758,12.64000,688773.00000,5.34000,0.00000,0.00000,1.00000
-649459.12072,-875741.24858,213.35600,363203541.25436,13.56000,368164.00000,5.76000,0.00000,0.00000,1.00000
-649861.13931,-875896.92695,210.45400,363203541.30113,14.44000,255626.00000,7.94000,0.00000,0.00000,1.00000
-650293.30324,-876038.97631,209.29400,363203541.34790,14.77000,462570.00000,9.44000,0.00000,0.00000,1.00000
-650300.25165,-876373.44969,209.03700,363203541.39468,13.88000,324505.00000,5.25000,0.00000,0.00000,1.00000
-655032.63787,-874569.34466,241.21000,363203541.44145,13.17000,208827.00000,4.84000,0.00000,0.00000,1.00000
-654445.02393,-875172.97012,239.42200,363203541.48822,12.92000,297141.00000,4.13000,0.00000,0.00000,1.00000
-654220.99412,-875612.02726,237.46600,363203541.53499,12.87000,250187.00000,5.11000,0.00000,0.00000,1.00000
-653978.87206,-876059.25947,237.51700,363203541.58177,12.71000,314000.00000,4.37000,0.00000,0.00000,1.00000
-653722.67456,-876512.84198,237.91300,363203541.62854,12.90000,643810.00000,5.34000,0.00000,0.00000,1.00000
-653263.58188,-877058.24682,238.58800,363203541.67531,12.86000,344849.00000,6.15000,0.00000,0.00000,1.00000
-652813.85618,-877599.39598,243.27800,363203541.72208,12.37000,1051141.00000,3.15000,0.00000,0.00000,1.00000
-652463.23098,-878095.68861,248.52800,363203541.76886,12.24000,1159292.00000,3.37000,0.00000,0.00000,1.00000
-652628.88056,-878358.37170,249.65000,363203541.81563,12.38000,385630.00000,5.02000,0.00000,0.00000,1.00000
-653527.77122,-878289.27752,248.26400,363203541.86240,12.41000,284011.00000,5.72000,0.00000,0.00000,1.00000
-654997.20368,-877962.00978,245.87400,363203541.90917,12.24000,998574.00000,4.26000,0.00000,0.00000,1.00000
-655012.19644,-878292.88776,244.69500,363203541.95594,12.84000,276206.00000,5.02000,0.00000,0.00000,1.00000
-655017.13332,-878628.30268,245.90400,363203542.00271,12.96000,565875.00000,4.59000,0.00000,0.00000,1.00000
-655179.44698,-878892.53328,245.83600,363203542.04949,12.90000,701296.00000,4.24000,0.00000,0.00000,1.00000
-655090.62426,-879270.36512,245.76500,363203542.09626,12.82000,1374964.00000,3.94000,0.00000,0.00000,1.00000
-655031.26184,-879634.86759,247.81600,363203542.14303,12.70000,1505256.00000,3.66000,0.00000,0.00000,1.00000
-656546.31238,-879287.05732,244.04200,363203542.18980,12.75000,2268706.00000,3.26000,0.00000,0.00000,1.00000
-656842.55051,-879490.68730,245.19800,363203542.23657,12.75000,2912501.00000,3.15000,0.00000,0.00000,1.00000
-656134.93804,-880148.49838,245.23400,363203542.28335,12.78000,887954.00000,3.88000,0.00000,0.00000,1.00000
-656076.91659,-880512.41572,244.87800,363203542.33012,12.89000,838062.00000,5.66000,0.00000,0.00000,1.00000
-656079.15453,-880849.05027,243.87800,363203542.37689,12.92000,231548.00000,6.59000,0.00000,0.00000,1.00000
-656261.55229,-881104.20249,242.06200,363203542.42366,13.57000,89277.00000,6.62000,0.00000,0.00000,1.00000
-656708.46666,-881239.67331,241.84700,363203542.47044,13.76000,121329.00000,10.69000,0.00000,0.00000,1.00000
-657123.91522,-881389.39839,242.54500,363203542.51721,13.98000,232919.00000,10.04000,0.00000,0.00000,1.00000
-656968.76604,-881797.24586,242.08500,363203542.56398,14.30000,156169.00000,11.37000,0.00000,0.00000,1.00000
-657414.34718,-881933.34086,243.59400,363203542.61075,14.43000,148039.00000,12.63000,0.00000,0.00000,1.00000
-658354.85540,-881845.55931,247.06700,363203542.65752,14.16000,218329.00000,9.00000,0.00000,0.00000,1.00000
-658930.35943,-881922.89049,250.99300,363203542.70429,14.09000,538382.00000,6.39000,0.00000,0.00000,1.00000
-658761.83340,-882336.80390,245.97100,363203542.75107,13.80000,3591240.00000,3.97000,0.00000,0.00000,1.00000
-659636.01923,-882279.04649,256.63500,363203542.79784,13.08000,8486189.00000,3.37000,0.00000,0.00000,1.00000
-658501.75903,-883129.80506,241.08300,363203542.84461,12.73000,1069147.00000,3.18000,0.00000,0.00000,1.00000
-658041.86082,-883675.50393,237.92300,363203542.89138,12.90000,1313725.00000,4.35000,0.00000,0.00000,1.00000
-658401.05358,-883850.70303,238.99000,363203542.93816,13.07000,417501.00000,5.43000,0.00000,0.00000,1.00000
-658502.38731,-884142.53286,238.64700,363203542.98493,13.13000,1569185.00000,7.44000,0.00000,0.00000,1.00000
-654645.13885,-887237.51829,222.61300,363203543.17202,11.07000,651117.00000,2.91000,0.00000,0.00000,1.00000
-655985.58673,-886969.01337,219.92500,363203543.21879,10.77000,1302578.00000,3.02000,0.00000,0.00000,1.00000
-656006.50173,-887297.17661,218.71500,363203543.26556,10.27000,1268333.00000,2.83000,0.00000,0.00000,1.00000
-635943.84308,-874756.59796,218.57600,363376192.97824,11.10000,408118.00000,5.98000,0.00000,0.00000,1.00000
-636293.31196,-874940.49740,219.10800,363376193.02508,11.83000,498970.00000,5.75000,0.00000,0.00000,1.00000
-636098.27622,-875361.06946,214.16600,363376193.07193,12.21000,3776660.00000,6.36000,0.00000,0.00000,1.00000
-636606.98293,-875475.76554,216.54200,363376193.11877,12.17000,314548.00000,6.36000,0.00000,0.00000,1.00000
-636507.07501,-875854.98740,213.74900,363376193.16561,12.80000,340097.00000,7.87000,0.00000,0.00000,1.00000
-636376.78681,-876247.40455,212.56900,363376193.21246,12.80000,119256.00000,8.25000,0.00000,0.00000,1.00000
-636522.48050,-876519.88494,212.07500,363376193.25930,12.61000,82032.00000,8.08000,0.00000,0.00000,1.00000
-637039.96885,-876630.78870,213.72800,363376193.30614,12.55000,222635.00000,7.74000,0.00000,0.00000,1.00000
-637068.91668,-876954.00479,215.06800,363376193.35298,12.64000,218733.00000,8.06000,0.00000,0.00000,1.00000
-636976.40472,-877330.00406,214.77300,363376193.39983,12.57000,332362.00000,8.70000,0.00000,0.00000,1.00000
-636863.64806,-877714.80698,214.36100,363376193.44667,12.22000,170975.00000,7.26000,0.00000,0.00000,1.00000
-636726.58773,-878110.15727,214.65700,363376193.49351,11.55000,311405.00000,6.83000,0.00000,0.00000,1.00000
-636848.64299,-878392.90574,215.96900,363376193.54036,10.47000,574159.00000,5.23000,0.00000,0.00000,1.00000
-636957.88140,-878681.23782,217.41600,363376193.58720,10.03000,281886.00000,6.31000,0.00000,0.00000,1.00000
-637210.18034,-878907.41309,217.32200,363376193.63404,10.72000,281253.00000,5.73000,0.00000,0.00000,1.00000
-637536.03320,-879101.62025,216.59500,363376193.68089,10.62000,191852.00000,8.90000,0.00000,0.00000,1.00000
-638103.46806,-879190.86745,217.34400,363376193.72773,9.54000,110983.00000,7.57000,0.00000,0.00000,1.00000
-638908.44087,-879176.91242,221.08700,363376193.77457,8.16000,242292.00000,4.91000,0.00000,0.00000,1.00000
-638896.87278,-879517.74169,223.82300,363376193.82141,8.72000,296351.00000,4.93000,0.00000,0.00000,1.00000
-638933.22848,-879837.74841,222.57100,363376193.86826,11.07000,362455.00000,6.20000,0.00000,0.00000,1.00000
-638697.63156,-880275.92190,219.74100,363376193.91510,11.26000,238509.00000,7.52000,0.00000,0.00000,1.00000
-638509.25428,-880693.55934,218.30200,363376193.96194,10.08000,233126.00000,7.01000,0.00000,0.00000,1.00000
-638121.11885,-881197.98389,218.46600,363376194.00879,8.57000,589935.00000,5.78000,0.00000,0.00000,1.00000
-639567.89666,-880905.24915,220.65900,363376194.05563,8.99000,1861188.00000,6.58000,0.00000,0.00000,1.00000
-638093.23477,-881881.68619,216.54600,363376194.10247,9.81000,1882405.00000,5.80000,0.00000,0.00000,1.00000
-639712.79465,-881513.91965,219.38600,363376194.14931,10.78000,827867.00000,6.41000,0.00000,0.00000,1.00000
-638021.46402,-882584.43801,218.10000,363376194.19616,11.49000,637486.00000,6.42000,0.00000,0.00000,1.00000
-639684.90178,-882197.65563,222.62500,363376194.24300,10.81000,784086.00000,5.89000,0.00000,0.00000,1.00000
-638615.78417,-882997.85128,216.71600,363376194.28984,9.64000,3566057.00000,4.84000,0.00000,0.00000,1.00000
-640773.21512,-882396.49277,232.76800,363376194.33668,8.80000,2679096.00000,3.21000,0.00000,0.00000,1.00000
-641924.43032,-882232.21906,238.64700,363376194.38353,9.02000,157375.00000,5.30000,0.00000,0.00000,1.00000
-642212.48821,-882442.90012,240.00600,363376194.43037,9.67000,1686751.00000,3.23000,0.00000,0.00000,1.00000
-641976.13135,-882881.39901,246.84900,363376194.47721,10.06000,2050865.00000,2.25000,0.00000,0.00000,1.00000
-641748.57490,-883316.06372,248.03400,363376194.52405,10.25000,645592.00000,2.79000,0.00000,0.00000,1.00000
-641633.72944,-883701.76750,247.63200,363376194.57089,10.35000,299667.00000,3.10000,0.00000,0.00000,1.00000
-641452.06896,-884116.48458,245.66100,363376194.61774,10.35000,330894.00000,3.37000,0.00000,0.00000,1.00000
-641563.30023,-884403.98161,245.89800,363376194.66458,10.26000,179517.00000,3.20000,0.00000,0.00000,1.00000
-641644.16419,-884704.68213,246.26700,363376194.71142,10.26000,427978.00000,2.91000,0.00000,0.00000,1.00000
-641466.53944,-885117.62715,243.10000,363376194.75826,10.53000,1205558.00000,2.83000,0.00000,0.00000,1.00000
-641349.66329,-885504.20751,238.66200,363376194.80510,10.73000,3083013.00000,2.07000,0.00000,0.00000,1.00000
-641284.07178,-885868.49377,232.27500,363376194.85195,11.16000,1643061.00000,2.51000,0.00000,0.00000,1.00000
-641323.75683,-886187.06962,230.15500,363376194.89879,11.47000,597355.00000,3.48000,0.00000,0.00000,1.00000
-641396.50245,-886491.27927,228.98900,363376194.94563,11.64000,911108.00000,3.37000,0.00000,0.00000,1.00000
-641456.42477,-886801.06189,227.71900,363376194.99247,11.77000,499825.00000,3.60000,0.00000,0.00000,1.00000
-641652.01053,-887051.93630,226.89200,363376195.03931,11.77000,421001.00000,4.23000,0.00000,0.00000,1.00000
-641966.37730,-887251.22194,227.24600,363376195.08616,11.67000,299988.00000,4.22000,0.00000,0.00000,1.00000
-642325.29585,-887431.17405,229.04500,363376195.13300,11.70000,168263.00000,4.45000,0.00000,0.00000,1.00000
-642484.42699,-887697.88195,228.96900,363376195.17984,11.48000,259324.00000,4.50000,0.00000,0.00000,1.00000
-642542.33032,-888008.56477,226.07200,363376195.22668,11.01000,1130877.00000,2.79000,0.00000,0.00000,1.00000
-642407.19269,-888403.05244,217.65700,363376195.27353,10.86000,1016779.00000,2.17000,0.00000,0.00000,1.00000
-642228.85084,-888816.29983,206.75800,363376195.32037,11.17000,3962366.00000,1.70000,0.00000,0.00000,1.00000
-642358.30372,-889095.90734,197.27300,363376195.36721,11.95000,3037367.00000,2.46000,0.00000,0.00000,1.00000
-642430.36125,-889400.43092,192.92100,363376195.41405,12.83000,2000189.00000,2.85000,0.00000,0.00000,1.00000
-642354.58914,-889769.14952,188.47100,363376195.46090,13.46000,746172.00000,4.07000,0.00000,0.00000,1.00000
-642190.36632,-890176.24956,187.56400,363376195.50774,13.97000,249219.00000,6.10000,0.00000,0.00000,1.00000
-641706.84181,-890721.97442,187.69000,363376195.55458,13.98000,301712.00000,6.15000,0.00000,0.00000,1.00000
-641683.00993,-891068.11368,189.65100,363376195.60143,13.62000,298126.00000,4.75000,0.00000,0.00000,1.00000
-642195.16874,-891181.57739,193.29500,363376195.64827,13.15000,790219.00000,4.10000,0.00000,0.00000,1.00000
-642677.62627,-891307.94285,196.95900,363376195.69511,12.67000,7002105.00000,2.26000,0.00000,0.00000,1.00000
-643110.11632,-891456.01998,208.55900,363376195.74196,12.29000,822140.00000,2.91000,0.00000,0.00000,1.00000
-643292.17216,-891712.79749,211.03200,363376195.78880,12.02000,430438.00000,3.64000,0.00000,0.00000,1.00000
-643537.70028,-891942.04722,210.71700,363376195.83564,11.10000,1319203.00000,2.64000,0.00000,0.00000,1.00000
-643851.42312,-892141.68298,202.44500,363376195.88249,10.72000,3624266.00000,2.02000,0.00000,0.00000,1.00000
-644685.67623,-892115.37560,186.97300,363376195.92933,11.41000,2416987.00000,2.04000,0.00000,0.00000,1.00000
-644275.00282,-892629.46304,189.29400,363376195.97618,12.36000,2922401.00000,3.08000,0.00000,0.00000,1.00000
-644388.22214,-892916.15285,186.39900,363376196.02302,13.16000,2231647.00000,4.03000,0.00000,0.00000,1.00000
-644523.03437,-893193.46635,185.59900,363376196.06986,13.51000,2309996.00000,5.07000,0.00000,0.00000,1.00000
-644562.65104,-893512.09583,185.66400,363376196.11671,13.45000,1495900.00000,5.21000,0.00000,0.00000,1.00000
-665195.20839,-874211.10417,267.80800,364965465.42509,13.40000,501404.00000,5.67000,0.00000,0.00000,0.00000
-665822.15927,-872998.52799,265.52800,364965465.47226,13.59000,488116.00000,6.09000,0.00000,0.00000,0.00000
-665396.79705,-873019.81484,261.37400,364965465.51943,13.96000,640651.00000,6.82000,0.00000,0.00000,0.00000
-665105.84936,-872883.49102,258.65100,364965465.56660,14.00000,376075.00000,7.60000,0.00000,0.00000,0.00000
-664143.25300,-873534.63113,255.55100,364965465.61378,14.01000,1348305.00000,6.19000,0.00000,0.00000,0.00000
-663714.99440,-873559.28176,252.99300,364965465.66095,13.72000,813087.00000,4.95000,0.00000,0.00000,0.00000
-663365.46618,-873491.60837,250.92900,364965465.70812,13.57000,634694.00000,4.46000,0.00000,0.00000,0.00000
-662855.58383,-873611.94028,248.56900,364965465.75530,13.19000,1191377.00000,3.41000,0.00000,0.00000,0.00000
-661944.78011,-874202.24589,246.92400,364965465.80247,12.93000,997127.00000,3.45000,0.00000,0.00000,0.00000
-661666.77846,-874050.69017,244.70500,364965465.84965,12.72000,391903.00000,2.36000,0.00000,0.00000,0.00000
-660948.00534,-874415.83798,242.98000,364965465.89682,12.83000,1166194.00000,2.24000,0.00000,0.00000,0.00000
-660263.31062,-874741.00913,242.46700,364965465.94399,12.93000,1726300.00000,2.36000,0.00000,0.00000,0.00000
-663121.10855,-870913.50893,267.52100,364965465.99117,12.86000,797516.00000,2.36000,0.00000,0.00000,0.00000
-662705.35213,-870923.49876,265.51900,364965466.03834,12.66000,511074.00000,2.61000,0.00000,0.00000,0.00000
-662340.00647,-870874.38143,263.14400,364965466.08551,12.68000,1325392.00000,2.43000,0.00000,0.00000,0.00000
-661967.94308,-870833.15339,260.75700,364965466.13269,12.63000,342602.00000,2.48000,0.00000,0.00000,0.00000
-661624.20070,-870758.70788,257.09200,364965466.17986,12.49000,1924395.00000,2.35000,0.00000,0.00000,0.00000
-661279.01056,-870685.93536,254.03000,364965466.22704,12.65000,822471.00000,2.55000,0.00000,0.00000,0.00000
-660889.65768,-870664.95924,249.86600,364965466.27421,12.95000,709107.00000,3.33000,0.00000,0.00000,0.00000
-660569.91440,-870562.35373,246.18900,364965466.32139,13.27000,434306.00000,4.17000,0.00000,0.00000,0.00000
-660278.02944,-870427.11760,243.33300,364965466.36856,13.81000,151704.00000,6.17000,0.00000,0.00000,0.00000
-660176.76383,-870068.44445,241.18300,364965466.41574,14.22000,133330.00000,7.88000,0.00000,0.00000,0.00000
-659876.23233,-869943.32568,239.69400,364965466.46291,14.79000,221475.00000,8.85000,0.00000,0.00000,0.00000
-658978.38314,-870518.30811,240.92500,364965466.51009,15.21000,229908.00000,9.68000,0.00000,0.00000,0.00000
-658141.49953,-871021.78832,244.45700,364965466.55727,14.81000,690835.00000,7.67000,0.00000,0.00000,0.00000
-659983.47428,-868385.56227,238.77800,364965466.60444,14.43000,1702996.00000,7.53000,0.00000,0.00000,0.00000
-659819.31920,-868100.61472,239.97400,364965466.65162,13.79000,824647.00000,5.89000,0.00000,0.00000,0.00000
-659609.55840,-867869.13834,240.05100,364965466.69879,12.93000,1140784.00000,4.96000,0.00000,0.00000,0.00000
-659744.54481,-867233.58777,241.73900,364965466.74597,11.78000,2482624.00000,3.73000,0.00000,0.00000,0.00000
-657707.73431,-869143.41793,227.21800,364965466.79315,10.49000,993519.00000,2.66000,0.00000,0.00000,0.00000
-657251.13153,-869201.18690,218.01400,364965466.84032,9.99000,3045325.00000,2.98000,0.00000,0.00000,0.00000
-657634.90148,-868274.13035,210.04000,364965466.88750,11.06000,2200624.00000,4.27000,0.00000,0.00000,0.00000
-657580.24551,-867860.85835,204.01800,364965466.93467,13.24000,1168873.00000,8.46000,0.00000,0.00000,0.00000
-658095.59473,-866779.58354,206.48300,364965466.98185,14.16000,382468.00000,10.21000,0.00000,0.00000,0.00000
-657934.35491,-866491.26564,208.22000,364965467.02903,14.06000,575739.00000,8.65000,0.00000,0.00000,0.00000
-657585.34797,-866422.96901,208.31900,364965467.07621,14.21000,2151921.00000,7.30000,0.00000,0.00000,0.00000
-656689.38301,-866995.63507,206.92200,364965467.12338,14.51000,2248941.00000,6.45000,0.00000,0.00000,0.00000
-656260.18301,-867021.29601,214.77600,364965467.17056,14.50000,1221307.00000,6.56000,0.00000,0.00000,0.00000
-656262.21688,-866541.62735,215.45000,364965467.21774,14.50000,327284.00000,6.52000,0.00000,0.00000,0.00000
-656247.44799,-866081.66724,219.26500,364965467.26491,14.60000,689207.00000,6.33000,0.00000,0.00000,0.00000
-656183.21772,-865679.66791,223.05900,364965467.31209,14.42000,298570.00000,6.92000,0.00000,0.00000,0.00000
-655728.57798,-865735.14484,228.06800,364965467.35927,14.08000,335002.00000,7.05000,0.00000,0.00000,0.00000
-655426.16284,-865612.23977,232.06300,364965467.40644,13.88000,1773916.00000,5.80000,0.00000,0.00000,0.00000
-655353.30230,-865220.37960,235.97100,364965467.45362,14.07000,1238498.00000,5.93000,0.00000,0.00000,0.00000
-655480.20593,-864594.45000,240.40000,364965467.50080,13.99000,489212.00000,4.51000,0.00000,0.00000,0.00000
-656221.75892,-863248.30760,244.16800,364965467.54797,13.72000,367336.00000,4.49000,0.00000,0.00000,0.00000
-656400.04530,-862562.18872,245.34200,364965467.59515,13.40000,276935.00000,7.11000,0.00000,0.00000,0.00000
-655592.50722,-863031.22190,241.31100,364965467.64232,13.21000,212984.00000,7.99000,0.00000,0.00000,0.00000
-654862.74434,-863409.09818,239.79900,364965467.68950,13.31000,90715.00000,7.61000,0.00000,0.00000,0.00000
-654419.65552,-863451.04696,239.59200,364965467.73668,13.50000,290744.00000,8.35000,0.00000,0.00000,0.00000
-653922.29630,-863556.56796,239.81200,364965467.78385,13.58000,292607.00000,9.81000,0.00000,0.00000,0.00000
-653378.35375,-863716.65519,241.03800,364965467.83103,13.61000,209197.00000,9.66000,0.00000,0.00000,0.00000
-653614.29646,-862963.02930,243.12800,364965467.87821,13.60000,338480.00000,7.47000,0.00000,0.00000,0.00000
-652836.48920,-863397.10770,244.25200,364965467.92538,13.71000,797269.00000,7.32000,0.00000,0.00000,0.00000
-652086.52401,-863798.53153,244.69600,364965467.97256,13.73000,1079166.00000,6.72000,0.00000,0.00000,0.00000
-652103.50759,-863301.47182,246.12000,364965468.01974,13.48000,321226.00000,7.69000,0.00000,0.00000,0.00000
-651961.52829,-862990.63219,248.06500,364965468.06692,13.25000,430306.00000,8.43000,0.00000,0.00000,0.00000
-651918.96610,-862563.34368,249.99700,364965468.11409,12.77000,655521.00000,6.93000,0.00000,0.00000,0.00000
-651419.69121,-862671.06396,251.20300,364965468.16127,12.55000,2260478.00000,5.72000,0.00000,0.00000,0.00000
-650976.60306,-862712.96020,250.72800,364965468.20845,12.72000,3552339.00000,6.18000,0.00000,0.00000,0.00000
-650719.84966,-862536.58224,244.21600,364965468.25562,13.19000,1208043.00000,6.27000,0.00000,0.00000,0.00000
-650596.13243,-862204.36241,244.62300,364965468.30280,13.67000,268380.00000,7.19000,0.00000,0.00000,0.00000
-651238.43071,-860974.86011,245.04000,364965468.34998,13.60000,314278.00000,7.29000,0.00000,0.00000,0.00000
-651369.25258,-860344.49573,246.53100,364965468.39715,13.47000,740478.00000,5.42000,0.00000,0.00000,0.00000
-650967.96659,-860337.44908,246.47200,364965468.44433,13.29000,1535563.00000,5.45000,0.00000,0.00000,0.00000
-650592.61796,-860300.02653,246.01500,364965468.49151,13.22000,1168199.00000,4.90000,0.00000,0.00000,0.00000
-650206.21192,-860275.52378,245.47300,364965468.53869,13.32000,354448.00000,5.22000,0.00000,0.00000,0.00000
-649939.87967,-860110.38929,244.41300,364965468.58586,13.51000,119181.00000,6.99000,0.00000,0.00000,0.00000
-649957.38078,-859612.79368,244.85100,364965468.63304,13.56000,191964.00000,7.55000,0.00000,0.00000,0.00000
-649860.10914,-859249.65514,245.09900,364965468.68022,13.66000,452670.00000,5.44000,0.00000,0.00000,0.00000
-649492.91961,-859202.63739,244.47000,364965468.72740,13.75000,423922.00000,5.31000,0.00000,0.00000,0.00000
-649040.72738,-859255.19361,244.03300,364965468.77457,13.69000,290693.00000,4.84000,0.00000,0.00000,0.00000
-648655.30102,-859229.55913,242.45100,364965468.82175,13.79000,221757.00000,5.06000,0.00000,0.00000,0.00000
-648387.05632,-859066.66063,241.12200,364965468.86893,13.71000,649320.00000,6.00000,0.00000,0.00000,0.00000
-648206.22682,-858801.39134,240.23600,364965468.91611,13.65000,421429.00000,7.43000,0.00000,0.00000,0.00000
-648220.39394,-858307.73722,239.91600,364965468.96329,13.55000,314227.00000,6.26000,0.00000,0.00000,0.00000
-648284.52201,-857755.60113,239.31100,364965469.01047,13.82000,196620.00000,8.66000,0.00000,0.00000,0.00000
-648321.75197,-857234.95866,239.06000,364965469.05764,14.17000,423797.00000,8.45000,0.00000,0.00000,0.00000
-648330.65296,-856747.51729,240.11400,364965469.10482,14.35000,431130.00000,7.13000,0.00000,0.00000,0.00000
-655822.57564,-887614.47742,220.21500,365138117.56873,10.69000,167188.00000,4.73000,0.00000,0.00000,0.00000
-655710.98226,-887271.88694,218.54300,365138117.61594,11.03000,358346.00000,6.21000,0.00000,0.00000,0.00000
-657079.99417,-885245.52831,233.66300,365138117.66314,11.11000,4880336.00000,3.11000,0.00000,0.00000,0.00000
-656650.20156,-885264.83193,231.23900,365138117.71034,11.42000,3242326.00000,4.02000,0.00000,0.00000,0.00000
-656147.56023,-885366.95553,232.84700,365138117.75754,11.58000,592356.00000,4.64000,0.00000,0.00000,0.00000
-655663.50479,-885447.94996,230.71900,365138117.80475,11.70000,587259.00000,4.38000,0.00000,0.00000,0.00000
-655193.12659,-885513.36704,230.48700,365138117.85195,11.98000,382381.00000,5.21000,0.00000,0.00000,0.00000
-654747.68149,-885550.43424,229.43600,365138117.89916,12.40000,383279.00000,6.01000,0.00000,0.00000,0.00000
-654516.83918,-885343.48360,228.03300,365138117.94636,12.70000,222237.00000,8.55000,0.00000,0.00000,0.00000
-655169.29938,-884132.10518,229.13500,365138117.99356,13.42000,370463.00000,7.48000,0.00000,0.00000,0.00000
-654188.10387,-884778.36434,224.59000,365138118.04077,13.44000,275483.00000,7.28000,0.00000,0.00000,0.00000
-653508.50546,-885081.66165,221.58400,365138118.08797,13.44000,359060.00000,6.96000,0.00000,0.00000,0.00000
-653025.90575,-885160.95156,219.80500,365138118.13518,13.63000,339406.00000,6.71000,0.00000,0.00000,0.00000
-652437.21176,-885360.84037,218.05000,365138118.18238,13.81000,280678.00000,7.46000,0.00000,0.00000,0.00000
-652267.47267,-885084.38027,217.05100,365138118.22959,13.46000,331824.00000,5.81000,0.00000,0.00000,0.00000
-654496.99140,-882080.00753,233.53300,365138118.27679,13.08000,3560663.00000,4.01000,0.00000,0.00000,0.00000
-653911.76997,-882276.01130,228.85000,365138118.32400,12.83000,1231575.00000,3.72000,0.00000,0.00000,0.00000
-653088.96287,-882742.13337,223.12200,365138118.37120,12.63000,256062.00000,3.99000,0.00000,0.00000,0.00000
-652529.14233,-882909.21870,219.67100,365138118.41841,12.55000,743901.00000,4.75000,0.00000,0.00000,0.00000
-652051.44431,-882982.92712,215.44100,365138118.46561,12.39000,290686.00000,5.62000,0.00000,0.00000,0.00000
-651943.33012,-882636.44921,212.75000,365138118.51282,12.15000,659237.00000,4.97000,0.00000,0.00000,0.00000
-651876.77420,-882242.72989,209.25600,365138118.56002,12.15000,379553.00000,4.69000,0.00000,0.00000,0.00000
-651817.06265,-881841.22166,206.50300,365138118.60723,12.45000,356164.00000,4.73000,0.00000,0.00000,0.00000
-651773.98093,-881420.82946,205.51100,365138118.65443,13.07000,343656.00000,4.28000,0.00000,0.00000,0.00000
-651109.53893,-881706.83942,201.73600,365138118.70164,13.29000,1618349.00000,4.56000,0.00000,0.00000,0.00000
-650724.72904,-881674.93314,201.13400,365138118.74884,13.16000,1680221.00000,3.90000,0.00000,0.00000,0.00000
-650078.36536,-881940.36540,199.36800,365138118.79605,13.22000,1108249.00000,4.66000,0.00000,0.00000,0.00000
-649638.30368,-881971.24691,198.59400,365138118.84325,13.44000,1460326.00000,5.82000,0.00000,0.00000,0.00000
-649688.61961,-881444.70280,200.73800,365138118.89046,13.67000,328551.00000,5.15000,0.00000,0.00000,0.00000
-648610.53610,-882200.82858,202.52800,365138118.93766,13.51000,1829822.00000,4.28000,0.00000,0.00000,0.00000
-647797.91428,-882655.14736,206.57000,365138118.98487,13.52000,2471115.00000,3.92000,0.00000,0.00000,0.00000
-647049.34167,-883036.64451,211.51400,365138119.03207,13.41000,1125607.00000,4.85000,0.00000,0.00000,0.00000
-646227.91136,-883500.91670,218.43200,365138119.07928,13.15000,3214701.00000,4.40000,0.00000,0.00000,0.00000
-645561.47890,-883789.00706,225.54300,365138119.12648,13.13000,10830953.00000,3.72000,0.00000,0.00000,0.00000
-646145.23405,-882656.24112,213.69600,365138119.17369,13.36000,722424.00000,4.63000,0.00000,0.00000,0.00000
-645967.23839,-882389.20477,213.58900,365138119.22089,13.41000,286222.00000,5.43000,0.00000,0.00000,0.00000
-646100.71038,-881768.21026,211.89800,365138119.26810,13.84000,769838.00000,6.76000,0.00000,0.00000,0.00000
-646173.06471,-881216.67645,210.96900,365138119.31530,13.91000,2211439.00000,4.65000,0.00000,0.00000,0.00000
-645401.02888,-881624.77141,220.59600,365138119.36251,13.52000,1026718.00000,4.08000,0.00000,0.00000,0.00000
-645908.55891,-880578.70821,221.66400,365138119.40971,13.09000,337035.00000,3.96000,0.00000,0.00000,0.00000
-645001.57491,-881140.16482,225.88000,365138119.45692,12.67000,745613.00000,3.87000,0.00000,0.00000,0.00000
-645076.89706,-880585.30554,231.98400,365138119.50412,12.08000,2390659.00000,2.40000,0.00000,0.00000,0.00000
-644779.63952,-880453.84741,237.49100,365138119.55133,11.69000,4149609.00000,2.01000,0.00000,0.00000,0.00000
-644888.67760,-879860.66608,238.64600,365138119.59853,11.29000,1921671.00000,1.84000,0.00000,0.00000,0.00000
-645080.85660,-879173.01399,258.24600,365138119.64573,10.64000,870994.00000,2.29000,0.00000,0.00000,0.00000
-644871.11801,-878942.12291,258.06800,365138119.69294,10.03000,599313.00000,2.56000,0.00000,0.00000,0.00000
-644936.14854,-878398.97534,254.69400,365138119.74015,9.51000,477877.00000,3.07000,0.00000,0.00000,0.00000
-645746.77979,-877008.54156,253.34000,365138119.78735,9.32000,374922.00000,4.87000,0.00000,0.00000,0.00000
-645658.80108,-876639.31944,252.61000,365138119.83455,8.81000,1652917.00000,3.15000,0.00000,0.00000,0.00000
-645269.16668,-876612.89045,246.44600,365138119.88176,8.44000,335665.00000,2.98000,0.00000,0.00000,0.00000
-645667.67094,-875690.84116,244.60700,365138119.92896,8.14000,589028.00000,3.05000,0.00000,0.00000,0.00000
-645004.71825,-875975.01497,252.91600,365138119.97617,7.65000,1326457.00000,2.54000,0.00000,0.00000,0.00000
-644893.76628,-875631.89302,249.34800,365138120.02337,7.37000,931306.00000,2.85000,0.00000,0.00000,0.00000
-644691.39143,-875392.66184,244.73800,365138120.07058,7.38000,4869292.00000,2.33000,0.00000,0.00000,0.00000
-643360.55900,-876435.71305,230.74600,365138120.11778,7.51000,5792222.00000,2.28000,0.00000,0.00000,0.00000
-643393.85748,-875928.69551,231.05700,365138120.16499,7.53000,1208830.00000,3.58000,0.00000,0.00000,0.00000
-643870.14288,-874918.32924,231.88400,365138120.21219,7.67000,465397.00000,3.71000,0.00000,0.00000,0.00000
-643369.52012,-875018.00046,230.14600,365138120.25940,8.14000,964974.00000,4.72000,0.00000,0.00000,0.00000
-643009.22917,-874958.22794,229.33500,365138120.30660,8.82000,812223.00000,4.73000,0.00000,0.00000,0.00000
-642682.67370,-874860.11599,228.14300,365138120.35381,9.26000,953350.00000,5.26000,0.00000,0.00000,0.00000
-642343.89053,-874775.87860,227.92400,365138120.40101,9.97000,1101909.00000,6.19000,0.00000,0.00000,0.00000
-641748.39802,-874983.30430,229.62400,365138120.44822,10.36000,495986.00000,5.90000,0.00000,0.00000,0.00000
-642228.14200,-873969.08539,230.41100,365138120.49542,10.95000,220573.00000,8.08000,0.00000,0.00000,0.00000
-642114.29403,-873629.30639,229.51800,365138120.54263,11.17000,485757.00000,6.42000,0.00000,0.00000,0.00000
-641448.39811,-873916.71030,226.37300,365138120.58984,11.29000,829038.00000,5.14000,0.00000,0.00000,0.00000
-641179.05551,-873753.57511,224.60800,365138120.63704,11.40000,523475.00000,4.85000,0.00000,0.00000,0.00000
-641148.34361,-873319.35685,224.15200,365138120.68425,11.47000,1493736.00000,4.10000,0.00000,0.00000,0.00000
-640659.44365,-873405.64086,224.03500,365138120.73145,11.59000,1058851.00000,5.18000,0.00000,0.00000,0.00000
-640216.02441,-873440.26339,223.05500,365138120.77866,11.85000,588335.00000,7.19000,0.00000,0.00000,0.00000
-639755.00007,-873494.87525,223.58500,365138120.82587,11.75000,261932.00000,6.15000,0.00000,0.00000,0.00000
-639296.41618,-873546.70126,221.94200,365138120.87308,11.68000,480046.00000,6.12000,0.00000,0.00000,0.00000
-638832.45276,-873604.63736,219.67400,365138120.92028,11.66000,633894.00000,6.22000,0.00000,0.00000,0.00000
-638645.76029,-873347.61072,216.62900,365138120.96749,11.75000,1392793.00000,6.25000,0.00000,0.00000,0.00000
-638509.43949,-873033.37008,214.53200,365138121.01470,12.13000,668129.00000,7.79000,0.00000,0.00000,0.00000
-638512.48589,-872560.80458,213.65700,365138121.06191,12.60000,563767.00000,8.66000,0.00000,0.00000,0.00000
-638344.87730,-872282.11475,215.45900,365138121.10911,12.65000,347484.00000,6.61000,0.00000,0.00000,0.00000
-638586.57182,-871538.48740,213.23100,365138121.15632,12.58000,2463400.00000,5.57000,0.00000,0.00000,0.00000
-638161.74685,-871551.97597,210.01200,365138121.20353,12.23000,2940735.00000,4.04000,0.00000,0.00000,0.00000
-637921.77052,-871355.49656,223.91000,365138121.25073,12.14000,627537.00000,3.87000,0.00000,0.00000,0.00000
-637834.57707,-892436.73817,191.88600,365310772.55885,11.73000,369526.00000,4.07000,0.00000,0.00000,0.00000
-638345.70528,-891411.69269,193.40100,365310772.60609,11.66000,2429865.00000,3.53000,0.00000,0.00000,0.00000
-640402.63041,-888682.64203,209.78000,365310772.65332,11.58000,900993.00000,3.97000,0.00000,0.00000,0.00000
-638623.32753,-889720.89054,192.31300,365310772.74778,12.02000,4192137.00000,3.06000,0.00000,0.00000,0.00000
-636495.86514,-889296.45028,175.88100,365310773.03117,13.21000,1614151.00000,5.56000,0.00000,0.00000,0.00000
-635465.56512,-889970.43833,172.59300,365310773.07841,13.61000,683318.00000,8.65000,0.00000,0.00000,0.00000
-635356.20228,-888706.34214,173.98200,365310773.22010,12.15000,1687207.00000,5.27000,0.00000,0.00000,0.00000
-636444.28532,-886584.10638,193.27700,365310773.31457,11.92000,580240.00000,6.82000,0.00000,0.00000,0.00000
-635929.02256,-886690.49494,191.14900,365310773.36180,11.49000,856915.00000,6.73000,0.00000,0.00000,0.00000
-635191.31732,-887041.99222,192.45500,365310773.40903,10.71000,297277.00000,6.11000,0.00000,0.00000,0.00000
-634443.16796,-887404.99083,193.55200,365310773.45626,10.15000,211062.00000,5.68000,0.00000,0.00000,0.00000
-634036.84558,-887391.25448,198.59600,365310773.50349,9.59000,558643.00000,3.90000,0.00000,0.00000,0.00000
