-663265.16867,-849722.52701,263.94100,619319804.23054,14.19000,1989229.00000,5.87000,0.00000,0.00000,0.00000
-662817.50219,-849782.05934,262.85500,619319804.27718,14.25000,2576173.00000,3.81000,0.00000,0.00000,0.00000
-661866.14848,-850449.73792,253.20700,619319804.32381,14.67000,1543348.00000,4.27000,0.00000,0.00000,0.00000
-662063.89745,-849730.03878,260.81400,619319804.37045,15.14000,5139316.00000,4.57000,0.00000,0.00000,0.00000
-661658.80096,-849738.18388,259.61200,619319804.41708,15.03000,4155770.00000,4.54000,0.00000,0.00000,0.00000
-661327.13345,-849657.67840,258.07900,619319804.46372,15.07000,464330.00000,6.32000,0.00000,0.00000,0.00000
-661579.62783,-848871.94445,257.48600,619319804.51035,15.04000,205813.00000,9.68000,0.00000,0.00000,0.00000
-661990.19500,-847895.36776,259.84200,619319804.55699,15.21000,147002.00000,9.02000,0.00000,0.00000,0.00000
-662086.47480,-847298.23567,262.34200,619319804.60363,14.81000,246552.00000,8.75000,0.00000,0.00000,0.00000
-662138.32566,-846754.74765,264.67000,619319804.65026,14.56000,297267.00000,8.07000,0.00000,0.00000,0.00000
-661847.83169,-846624.56302,264.74900,619319804.69690,14.85000,293802.00000,7.65000,0.00000,0.00000,0.00000
-661653.21336,-846378.62147,265.07100,619319804.74353,14.99000,231476.00000,7.51000,0.00000,0.00000,0.00000
-661345.89247,-846268.75759,264.20300,619319804.79017,14.79000,268804.00000,7.88000,0.00000,0.00000,0.00000
-661202.26774,-845961.28550,264.18100,619319804.83681,14.96000,155077.00000,7.86000,0.00000,0.00000,0.00000
-660659.69394,-846135.40287,261.42100,619319804.88344,14.80000,538819.00000,7.15000,0.00000,0.00000,0.00000
-665709.08542,-874033.07217,265.42900,619492454.40033,12.94000,4734835.00000,3.99000,0.00000,0.00000,0.00000
-664896.10769,-874512.53854,267.43200,619492454.44702,13.34000,573474.00000,5.27000,0.00000,0.00000,0.00000
-664768.75366,-874188.67680,264.78500,619492454.49370,13.41000,679549.00000,5.99000,0.00000,0.00000,0.00000
-665801.56456,-872505.47016,264.08700,619492454.54037,13.81000,511810.00000,6.15000,0.00000,0.00000,0.00000
-664585.99258,-873456.64789,258.69000,619492454.58705,14.22000,360084.00000,7.43000,0.00000,0.00000,0.00000
-664117.49533,-873532.48816,255.87000,619492454.63373,13.96000,662723.00000,5.80000,0.00000,0.00000,0.00000
-663504.61216,-873777.45996,253.51600,619492454.68042,13.81000,236659.00000,5.67000,0.00000,0.00000,0.00000
-663043.72803,-873844.35389,251.03800,619492454.72710,13.76000,414515.00000,5.46000,0.00000,0.00000,0.00000
-662553.76792,-873945.28677,249.16300,619492454.77378,13.42000,339421.00000,4.73000,0.00000,0.00000,0.00000
-662203.89787,-873882.10533,246.34900,619492454.82046,13.07000,996958.00000,3.50000,0.00000,0.00000,0.00000
-661666.75688,-874038.29563,244.55500,619492454.86714,13.13000,864820.00000,2.96000,0.00000,0.00000,0.00000
-661102.44997,-874226.30118,243.06200,619492454.91382,13.12000,948665.00000,2.58000,0.00000,0.00000,0.00000
-660374.20569,-874606.32589,241.67900,619492454.96050,13.18000,2072630.00000,2.43000,0.00000,0.00000,0.00000
-659672.63600,-874955.07195,242.22500,619492455.00718,12.98000,2537913.00000,2.10000,0.00000,0.00000,0.00000
-662689.86501,-870947.59299,265.72400,619492455.05387,12.99000,482765.00000,2.61000,0.00000,0.00000,0.00000
-662289.52225,-870943.57720,263.68300,619492455.10055,13.01000,610282.00000,2.26000,0.00000,0.00000,0.00000
-661933.48177,-870887.62928,260.98200,619492455.14723,13.10000,448415.00000,2.37000,0.00000,0.00000,0.00000
-661588.40211,-870818.84380,257.53000,619492455.19391,13.22000,240371.00000,2.66000,0.00000,0.00000,0.00000
-661270.96022,-870717.68299,254.05500,619492455.24059,13.41000,309049.00000,2.93000,0.00000,0.00000,0.00000
-660889.67651,-870691.32905,249.91100,619492455.28728,13.62000,784586.00000,3.80000,0.00000,0.00000,0.00000
-660480.26884,-870697.89364,246.67800,619492455.33396,13.88000,458352.00000,4.12000,0.00000,0.00000,0.00000
-660138.52502,-870625.19156,243.35200,619492455.38064,14.37000,145911.00000,6.02000,0.00000,0.00000,0.00000
-659834.43374,-870508.39987,241.14900,619492455.42732,15.05000,140176.00000,9.16000,0.00000,0.00000,0.00000
-659396.42431,-870548.43946,239.65100,619492455.47400,15.81000,467454.00000,14.83000,0.00000,0.00000,0.00000
-658447.55255,-871186.78729,242.73400,619492455.52069,15.96000,195524.00000,9.30000,0.00000,0.00000,0.00000
-659623.12717,-869336.94223,236.80900,619492455.56737,15.85000,327653.00000,10.81000,0.00000,0.00000,0.00000
-660454.61722,-867890.07926,239.73700,619492455.61405,14.88000,648008.00000,8.05000,0.00000,0.00000,0.00000
-659895.11662,-868072.44793,238.84000,619492455.66074,14.42000,979206.00000,7.41000,0.00000,0.00000,0.00000
-659713.02540,-867812.76338,239.12500,619492455.70742,13.79000,1307441.00000,7.30000,0.00000,0.00000,0.00000
-659832.58353,-867199.77852,240.15300,619492455.75410,12.43000,1902747.00000,4.88000,0.00000,0.00000,0.00000
-659770.59301,-866799.45163,239.09400,619492455.80079,10.83000,5858671.00000,2.85000,0.00000,0.00000,0.00000
-657884.37933,-868535.61871,221.26100,619492455.84747,10.20000,980498.00000,2.51000,0.00000,0.00000,0.00000
-656876.84347,-869242.61300,207.68200,619492455.89416,11.65000,3274491.00000,4.46000,0.00000,0.00000,0.00000
-657175.16489,-868420.31675,204.25400,619492455.94084,14.08000,970201.00000,9.31000,0.00000,0.00000,0.00000
-657972.46636,-867013.65769,205.02100,619492455.98752,15.54000,285935.00000,13.25000,0.00000,0.00000,0.00000
-657916.69086,-866606.06617,207.40800,619492456.03421,15.98000,139699.00000,10.86000,0.00000,0.00000,0.00000
-657620.23974,-866480.31609,208.09800,619492456.08089,16.49000,474780.00000,13.74000,0.00000,0.00000,0.00000
-657075.49477,-866645.34682,207.68100,619492456.12758,16.73000,1760199.00000,10.03000,0.00000,0.00000,0.00000
-656121.35109,-867289.76516,214.48800,619492456.17426,16.62000,2927354.00000,7.31000,0.00000,0.00000,0.00000
-656191.87986,-866734.27206,215.29000,619492456.22095,16.05000,597867.00000,8.81000,0.00000,0.00000,0.00000
-656120.86359,-866344.53553,216.49700,619492456.26763,15.42000,2376536.00000,6.32000,0.00000,0.00000,0.00000
-655732.91240,-866325.91532,222.63300,619492456.31432,14.66000,1173284.00000,6.34000,0.00000,0.00000,0.00000
-655430.75797,-866206.84638,226.73200,619492456.36100,13.95000,1031724.00000,5.90000,0.00000,0.00000,0.00000
-655309.23240,-865876.26708,229.26400,619492456.40769,13.51000,3360162.00000,5.14000,0.00000,0.00000,0.00000
-655566.11396,-865102.59450,233.20000,619492456.45437,13.33000,2540594.00000,4.89000,0.00000,0.00000,0.00000
-656478.28453,-863561.62021,238.75500,619492456.50106,13.34000,1226276.00000,5.93000,0.00000,0.00000,0.00000
-656648.41906,-862889.55926,245.16000,619492456.54774,13.21000,668096.00000,4.78000,0.00000,0.00000,0.00000
-656705.14590,-862350.29878,245.97500,619492456.59443,13.27000,179835.00000,6.21000,0.00000,0.00000,0.00000
-656098.49738,-862587.82197,242.21200,619492456.64111,13.35000,205574.00000,9.63000,0.00000,0.00000,0.00000
-655036.23151,-863358.81600,237.88000,619492456.68779,13.19000,178304.00000,8.25000,0.00000,0.00000,0.00000
-654763.18299,-863205.71347,237.46000,619492456.73448,13.24000,252714.00000,7.70000,0.00000,0.00000,0.00000
-654338.57009,-863230.05210,236.82100,619492456.78116,13.21000,667014.00000,10.54000,0.00000,0.00000,0.00000
-653565.56551,-863662.29256,237.75200,619492456.82785,13.34000,260508.00000,9.78000,0.00000,0.00000,0.00000
-653166.68286,-863656.47609,239.68500,619492456.87453,13.43000,143183.00000,10.60000,0.00000,0.00000,0.00000
-652737.77830,-863685.81596,241.91100,619492456.92121,13.58000,282003.00000,8.60000,0.00000,0.00000,0.00000
-653126.26347,-862758.21223,244.76400,619492456.96790,13.84000,284410.00000,7.59000,0.00000,0.00000,0.00000
-652411.39279,-863122.32478,244.30000,619492457.01458,13.50000,2064490.00000,7.85000,0.00000,0.00000,0.00000
-652380.45935,-862685.74238,246.55100,619492457.06127,13.16000,421445.00000,8.05000,0.00000,0.00000,0.00000
-651905.81154,-862768.63365,249.07700,619492457.10795,13.00000,296893.00000,7.61000,0.00000,0.00000,0.00000
-650913.53872,-863457.44151,250.75500,619492457.15464,12.80000,403528.00000,7.23000,0.00000,0.00000,0.00000
-650558.02905,-863400.81165,250.53100,619492457.20132,13.04000,856991.00000,9.00000,0.00000,0.00000,0.00000
-650502.32352,-862993.24372,248.71600,619492457.24801,13.22000,1487312.00000,6.97000,0.00000,0.00000,0.00000
-650336.99746,-862714.00134,246.91000,619492457.29469,13.53000,866377.00000,5.19000,0.00000,0.00000,0.00000
-650355.18385,-862219.96249,243.77100,619492457.34138,13.84000,176819.00000,6.86000,0.00000,0.00000,0.00000
-651215.10790,-860740.61773,244.51900,619492457.38806,13.61000,442576.00000,5.23000,0.00000,0.00000,0.00000
-651069.34027,-860438.51554,245.95100,619492457.43475,13.54000,1233734.00000,4.07000,0.00000,0.00000,0.00000
-650725.29459,-860368.50575,245.55100,619492457.48143,13.64000,5886413.00000,4.93000,0.00000,0.00000,0.00000
-650329.78155,-860358.75517,245.48600,619492457.52812,13.48000,1042295.00000,3.77000,0.00000,0.00000,0.00000
-649948.07977,-860332.80986,244.66800,619492457.57480,13.54000,304043.00000,4.76000,0.00000,0.00000,0.00000
-649666.48058,-860189.70749,243.43600,619492457.62149,13.61000,211138.00000,6.94000,0.00000,0.00000,0.00000
-649672.29285,-859710.17826,243.71900,619492457.66817,13.68000,259367.00000,7.48000,0.00000,0.00000,0.00000
-649509.85856,-859427.60071,243.71000,619492457.71486,13.62000,79984.00000,6.50000,0.00000,0.00000,0.00000
-649186.79048,-859333.02212,244.00400,619492457.76155,13.36000,445901.00000,4.98000,0.00000,0.00000,0.00000
-648732.64756,-859391.86718,242.68500,619492457.80823,13.32000,303687.00000,4.57000,0.00000,0.00000,0.00000
-648393.38096,-859316.25571,241.30600,619492457.85492,13.41000,245495.00000,4.92000,0.00000,0.00000,0.00000
-648027.41690,-859271.87836,240.07200,619492457.90160,13.30000,750558.00000,6.38000,0.00000,0.00000,0.00000
-647779.19128,-859089.70423,238.81400,619492457.94829,13.41000,360377.00000,7.58000,0.00000,0.00000,0.00000
-647706.85951,-858701.67943,238.19900,619492457.99498,13.71000,217335.00000,8.09000,0.00000,0.00000,0.00000
-647864.29270,-858044.77130,237.61700,619492458.04166,13.96000,266011.00000,9.01000,0.00000,0.00000,0.00000
-647982.63762,-857433.60564,238.01300,619492458.08835,14.08000,210137.00000,9.67000,0.00000,0.00000,0.00000
-655589.87870,-887816.43536,220.18800,619665107.01169,12.80000,325185.00000,6.34000,0.00000,0.00000,0.00000
-655453.23997,-887506.35826,218.02500,619665107.05842,13.08000,1222451.00000,6.26000,0.00000,0.00000,0.00000
-655365.62261,-887140.58943,218.85500,619665107.10514,13.16000,1693985.00000,4.20000,0.00000,0.00000,0.00000
-656618.84103,-885251.12967,229.53800,619665107.15188,12.97000,2156186.00000,3.58000,0.00000,0.00000,0.00000
-655942.09164,-885554.85698,232.65500,619665107.19861,12.76000,1418597.00000,4.40000,0.00000,0.00000,0.00000
-655511.38290,-885578.97429,231.52800,619665107.24533,12.83000,1146571.00000,3.66000,0.00000,0.00000,0.00000
-655037.96880,-885651.60750,230.49800,619665107.29207,12.99000,727242.00000,5.15000,0.00000,0.00000,0.00000
-654466.04068,-885836.18191,228.87600,619665107.33880,13.43000,587479.00000,5.71000,0.00000,0.00000,0.00000
-653923.22227,-885987.65482,226.32900,619665107.38553,13.93000,508549.00000,8.10000,0.00000,0.00000,0.00000
-654251.53023,-885149.31973,226.88100,619665107.43226,14.32000,180173.00000,8.11000,0.00000,0.00000,0.00000
-654254.20150,-884680.99313,225.91100,619665107.47899,14.86000,735721.00000,7.09000,0.00000,0.00000,0.00000
-653107.65307,-885518.41520,221.98900,619665107.52572,15.12000,151712.00000,7.61000,0.00000,0.00000,0.00000
-652827.87292,-885371.00777,220.10100,619665107.57245,15.16000,228818.00000,7.95000,0.00000,0.00000,0.00000
-652260.77839,-885550.02557,218.23300,619665107.61918,15.14000,215967.00000,9.42000,0.00000,0.00000,0.00000
-652077.09323,-885293.43039,216.48600,619665107.66591,14.80000,314973.00000,9.84000,0.00000,0.00000,0.00000
-652099.68012,-884802.48860,216.48300,619665107.71264,14.34000,466740.00000,4.97000,0.00000,0.00000,0.00000
-653060.90528,-883245.17275,220.78900,619665107.75937,13.80000,851693.00000,3.60000,0.00000,0.00000,0.00000
-652872.36943,-882994.09417,222.08500,619665107.80611,13.42000,296121.00000,4.45000,0.00000,0.00000,0.00000
-652313.55084,-883163.73504,218.37800,619665107.85284,13.13000,559739.00000,5.06000,0.00000,0.00000,0.00000
-651899.35157,-883169.04581,214.32500,619665107.89957,12.98000,681627.00000,5.50000,0.00000,0.00000,0.00000
-651902.05837,-882700.72092,212.07400,619665107.94630,12.73000,768640.00000,4.99000,0.00000,0.00000,0.00000
-651729.55919,-882431.43433,207.84900,619665107.99303,12.86000,314858.00000,5.54000,0.00000,0.00000,0.00000
-651571.63619,-882145.62659,204.38800,619665108.03977,13.48000,300450.00000,7.92000,0.00000,0.00000,0.00000
-651786.93350,-881435.79708,204.71500,619665108.08650,14.35000,158225.00000,6.90000,0.00000,0.00000,0.00000
-651800.82206,-880954.81089,205.48100,619665108.13323,14.73000,435078.00000,7.33000,0.00000,0.00000,0.00000
-650986.70808,-881414.44584,201.56700,619665108.17996,14.58000,1903013.00000,6.58000,0.00000,0.00000,0.00000
-650076.96031,-881982.68502,198.60500,619665108.22669,14.24000,1031801.00000,8.82000,0.00000,0.00000,0.00000
-649884.08543,-881736.55496,198.68300,619665108.27342,13.91000,2190963.00000,6.49000,0.00000,0.00000,0.00000
-649632.00741,-881557.70349,199.79900,619665108.32016,14.00000,300375.00000,9.22000,0.00000,0.00000,0.00000
-648751.35828,-882092.81946,199.96500,619665108.36689,13.65000,1128056.00000,5.27000,0.00000,0.00000,0.00000
-647238.69446,-883345.74439,198.97900,619665108.41362,13.87000,3055287.00000,5.02000,0.00000,0.00000,0.00000
-647210.41301,-882912.67884,211.04300,619665108.46035,13.37000,2220629.00000,5.18000,0.00000,0.00000,0.00000
-646541.37518,-883207.34772,216.04200,619665108.50709,12.90000,1518276.00000,5.11000,0.00000,0.00000,0.00000
-645635.45850,-883771.00872,224.50200,619665108.55382,12.85000,1544334.00000,4.00000,0.00000,0.00000,0.00000
-646130.41120,-882743.71967,215.42500,619665108.60055,13.12000,1834216.00000,4.08000,0.00000,0.00000,0.00000
-645376.91167,-883134.27247,221.92200,619665108.64728,13.30000,506583.00000,5.40000,0.00000,0.00000,0.00000
-645351.52940,-882697.93970,220.95400,619665108.69401,13.33000,1206564.00000,4.31000,0.00000,0.00000,0.00000
-645452.84450,-882117.72786,219.81600,619665108.74074,13.41000,739220.00000,6.03000,0.00000,0.00000,0.00000
-645123.61897,-882026.47283,226.07900,619665108.78747,13.16000,531948.00000,5.15000,0.00000,0.00000,0.00000
-646139.93361,-880407.16846,223.44300,619665108.83421,13.15000,636235.00000,5.50000,0.00000,0.00000,0.00000
-645224.82001,-880981.28988,226.31000,619665108.88094,12.65000,1577102.00000,4.61000,0.00000,0.00000,0.00000
-645502.84187,-880200.43555,234.32400,619665108.92767,12.00000,2354302.00000,2.72000,0.00000,0.00000,0.00000
-644787.23152,-880547.95960,238.07400,619665108.97440,11.60000,4773540.00000,2.28000,0.00000,0.00000,0.00000
-645136.13861,-879686.66205,251.48900,619665109.02113,11.22000,3828795.00000,2.02000,0.00000,0.00000,0.00000
-645077.76740,-879287.83239,256.88200,619665109.06786,10.48000,1156352.00000,2.59000,0.00000,0.00000,0.00000
-644899.02260,-879025.71633,258.50200,619665109.11459,10.03000,902312.00000,2.91000,0.00000,0.00000,0.00000
-644766.39840,-878711.24573,255.76100,619665109.16132,9.71000,1061435.00000,3.75000,0.00000,0.00000,0.00000
-644851.22486,-878149.83416,253.33700,619665109.20805,9.58000,438468.00000,5.37000,0.00000,0.00000,0.00000
-645912.16456,-876479.99835,255.95100,619665109.25478,9.00000,542526.00000,4.07000,0.00000,0.00000,0.00000
-644933.53618,-877126.23912,244.80900,619665109.30151,8.56000,1905158.00000,3.44000,0.00000,0.00000,0.00000
-645234.38019,-876319.55839,244.05200,619665109.34825,8.45000,534859.00000,4.08000,0.00000,0.00000,0.00000
-644143.59894,-877093.12479,237.12000,619665109.39498,8.01000,2013080.00000,2.84000,0.00000,0.00000,0.00000
-644909.94359,-875757.88922,249.43100,619665109.44171,7.64000,890301.00000,3.27000,0.00000,0.00000,0.00000
-644771.02059,-875450.57396,248.04400,619665109.48844,7.36000,513589.00000,2.53000,0.00000,0.00000,0.00000
-644235.06769,-875594.11932,239.60400,619665109.53517,7.21000,6144655.00000,2.22000,0.00000,0.00000,0.00000
-643729.67218,-875702.93165,234.81100,619665109.58191,7.21000,1794940.00000,2.62000,0.00000,0.00000,0.00000
-643015.06056,-876049.29661,230.00800,619665109.62864,7.21000,1408693.00000,2.88000,0.00000,0.00000,0.00000
-642844.60594,-875777.81330,227.19700,619665109.67537,7.44000,1389611.00000,3.59000,0.00000,0.00000,0.00000
-642612.98782,-875575.77096,225.71500,619665109.72210,8.15000,717251.00000,4.28000,0.00000,0.00000,0.00000
-642942.53447,-874736.59969,225.46800,619665109.76883,8.89000,1509340.00000,5.10000,0.00000,0.00000,0.00000
-642763.34132,-874475.03062,225.71300,619665109.81557,9.63000,888785.00000,6.91000,0.00000,0.00000,0.00000
-642401.63137,-874420.69624,226.46400,619665109.86230,10.13000,339988.00000,5.61000,0.00000,0.00000,0.00000
-641698.66173,-874753.80904,226.94700,619665109.90903,10.34000,549904.00000,5.16000,0.00000,0.00000,0.00000
-641837.92284,-874130.69248,228.68400,619665109.95577,10.65000,1215963.00000,5.38000,0.00000,0.00000,0.00000
-641840.30173,-873663.00745,227.79300,619665110.00250,10.94000,1654918.00000,4.82000,0.00000,0.00000,0.00000
-641332.48212,-873774.54327,225.63600,619665110.04923,11.36000,823507.00000,4.03000,0.00000,0.00000,0.00000
-640689.21253,-874039.83109,221.24200,619665110.09597,11.78000,1299336.00000,4.28000,0.00000,0.00000,0.00000
-640629.45879,-873642.68076,221.72600,619665110.14270,12.19000,570049.00000,4.66000,0.00000,0.00000,0.00000
-640426.98057,-873407.54922,221.02000,619665110.18943,12.34000,1399996.00000,4.88000,0.00000,0.00000,0.00000
-639977.40838,-873452.93495,220.17400,619665110.23617,12.12000,4301182.00000,4.52000,0.00000,0.00000,0.00000
-639421.52050,-873619.01026,219.56800,619665110.28290,11.86000,1556135.00000,6.03000,0.00000,0.00000,0.00000
-639071.94447,-873550.84894,217.87100,619665110.32964,11.87000,2612438.00000,4.83000,0.00000,0.00000,0.00000
-638463.61167,-873776.41697,218.31600,619665110.37637,11.98000,1014620.00000,4.06000,0.00000,0.00000,0.00000
-638660.70005,-873087.74637,213.08000,619665110.42310,12.20000,1640579.00000,4.56000,0.00000,0.00000,0.00000
-638616.99222,-872672.40909,211.92300,619665110.46984,12.38000,1436833.00000,6.96000,0.00000,0.00000,0.00000
-638063.51518,-872835.69090,212.84700,619665110.51657,12.40000,363146.00000,6.83000,0.00000,0.00000,0.00000
-638187.31540,-872230.24463,214.57000,619665110.56331,12.62000,299877.00000,6.34000,0.00000,0.00000,0.00000
-638518.90306,-871388.94488,213.62900,619665110.61004,12.31000,879522.00000,4.99000,0.00000,0.00000,0.00000
-637512.95728,-872065.80804,209.80300,619665110.65677,12.11000,1118826.00000,4.27000,0.00000,0.00000,0.00000
-643505.11874,-893838.81141,180.33600,619837760.59748,10.96000,651771.00000,5.09000,0.00000,0.00000,0.00000
-637981.25333,-888480.75390,187.70300,619837761.76700,13.88000,1332692.00000,5.75000,0.00000,0.00000,0.00000
-637484.68043,-888570.05795,184.07600,619837761.81379,14.02000,844057.00000,7.45000,0.00000,0.00000,0.00000
-637384.38329,-888222.84885,185.04200,619837761.86057,14.16000,317699.00000,9.66000,0.00000,0.00000,0.00000
-635933.70383,-888447.73473,175.09500,619837762.00091,12.85000,986044.00000,5.77000,0.00000,0.00000,0.00000
-634874.33916,-887783.83684,185.85700,619837762.18804,11.63000,267871.00000,8.73000,0.00000,0.00000,0.00000
-634674.74322,-887546.03261,189.20900,619837762.23482,10.68000,316668.00000,5.23000,0.00000,0.00000,0.00000
-634204.35224,-887606.46043,193.00400,619837762.28160,10.63000,1187634.00000,3.36000,0.00000,0.00000,0.00000
-633869.84683,-887517.22186,198.02800,619837762.32838,10.65000,1685855.00000,2.98000,0.00000,0.00000,0.00000
-653729.61746,-852143.15418,243.49200,620058369.27604,15.65000,149850.00000,11.46000,0.00000,0.00000,1.00000
-654437.07681,-852154.00594,243.81000,620058369.32300,15.63000,156290.00000,11.63000,0.00000,0.00000,1.00000
-654863.96571,-852295.56341,244.32600,620058369.36995,15.36000,93201.00000,8.39000,0.00000,0.00000,1.00000
-655115.81700,-852518.63650,244.31500,620058369.41691,15.09000,117384.00000,8.88000,0.00000,0.00000,1.00000
-655361.65844,-852744.51744,245.57400,620058369.46386,15.02000,123913.00000,9.51000,0.00000,0.00000,1.00000
-655619.51547,-852964.79081,246.72000,620058369.51081,14.87000,299717.00000,7.37000,0.00000,0.00000,1.00000
-655886.73426,-853180.72062,246.90900,620058369.55777,14.76000,374121.00000,5.67000,0.00000,0.00000,1.00000
-656139.92138,-853403.18159,246.65400,620058369.60472,14.93000,376656.00000,7.41000,0.00000,0.00000,1.00000
-656381.75041,-853630.93579,246.55800,620058369.65168,14.76000,328808.00000,6.24000,0.00000,0.00000,1.00000
-656479.28081,-853925.90703,245.89500,620058369.69863,14.89000,305145.00000,7.05000,0.00000,0.00000,1.00000
-656499.96454,-854256.64507,244.68200,620058369.74559,14.84000,298997.00000,6.59000,0.00000,0.00000,1.00000
-656391.70115,-854647.43718,243.13900,620058369.79254,15.12000,136829.00000,8.45000,0.00000,0.00000,1.00000
-655940.68657,-855197.82040,241.59800,620058369.83950,15.05000,198204.00000,10.04000,0.00000,0.00000,1.00000
-655674.72599,-855662.01747,241.64100,620058369.88645,15.11000,339380.00000,8.30000,0.00000,0.00000,1.00000
-655631.24921,-856022.62443,241.95900,620058369.93340,14.96000,231276.00000,9.05000,0.00000,0.00000,1.00000
-655637.21006,-856360.20800,242.22900,620058369.98036,14.99000,423672.00000,11.32000,0.00000,0.00000,1.00000
-655719.33744,-856662.32646,244.03100,620058370.02731,14.85000,359235.00000,6.46000,0.00000,0.00000,1.00000
-655874.27975,-856930.53203,247.00200,620058370.07427,14.64000,336815.00000,6.55000,0.00000,0.00000,1.00000
-655967.76486,-857227.37168,248.14700,620058370.12122,14.59000,401857.00000,5.92000,0.00000,0.00000,1.00000
-655753.89148,-857667.29519,249.18200,620058370.16817,14.30000,505024.00000,5.51000,0.00000,0.00000,1.00000
-655731.77246,-858017.93914,249.41500,620058370.21513,13.97000,451867.00000,4.86000,0.00000,0.00000,1.00000
-655839.27561,-858308.24538,248.88600,620058370.26208,13.97000,556832.00000,5.67000,0.00000,0.00000,1.00000
-656064.37672,-858543.81107,248.19000,620058370.30904,14.03000,574919.00000,5.45000,0.00000,0.00000,1.00000
-656382.34930,-858736.13793,247.37100,620058370.35599,14.18000,331263.00000,5.22000,0.00000,0.00000,1.00000
-656739.75676,-858910.12765,246.04900,620058370.40294,13.92000,299184.00000,4.79000,0.00000,0.00000,1.00000
-657181.34504,-859044.91740,245.21700,620058370.44990,13.69000,288725.00000,6.46000,0.00000,0.00000,1.00000
-657338.95630,-859311.90901,247.13600,620058370.49685,12.63000,731199.00000,5.48000,0.00000,0.00000,1.00000
-657555.37280,-859551.54059,250.94200,620058370.54381,11.43000,4157742.00000,2.89000,0.00000,0.00000,1.00000
-657930.81966,-859717.12767,245.18500,620058370.59076,10.87000,2372515.00000,2.99000,0.00000,0.00000,1.00000
-658500.03373,-859792.53636,252.50500,620058370.63771,11.59000,2366850.00000,3.87000,0.00000,0.00000,1.00000
-658110.38389,-860314.27502,256.71000,620058370.68467,12.04000,466875.00000,5.20000,0.00000,0.00000,1.00000
-658680.93780,-860389.06926,258.64100,620058370.73162,11.64000,214704.00000,6.04000,0.00000,0.00000,1.00000
-658729.63017,-860706.77828,260.05600,620058370.77857,11.27000,287503.00000,4.93000,0.00000,0.00000,1.00000
-658566.50442,-861123.07807,256.67000,620058370.82553,11.25000,471347.00000,2.75000,0.00000,0.00000,1.00000
-658089.29827,-861685.54392,253.84500,620058370.87248,11.48000,592846.00000,3.08000,0.00000,0.00000,1.00000
-657943.51503,-862093.73749,252.39700,620058370.91944,11.82000,609129.00000,2.25000,0.00000,0.00000,1.00000
-656045.53238,-863317.36331,230.46600,620058370.96639,11.62000,2282098.00000,2.35000,0.00000,0.00000,1.00000
-656392.91457,-863496.05150,233.10600,620058371.01335,11.70000,995453.00000,3.13000,0.00000,0.00000,1.00000
-656336.65040,-863862.56145,235.00900,620058371.06030,11.92000,1504853.00000,4.91000,0.00000,0.00000,1.00000
-656392.64787,-864176.83788,234.87200,620058371.10725,12.00000,324495.00000,4.80000,0.00000,0.00000,1.00000
-656136.53869,-864636.33452,231.70500,620058371.15421,11.93000,464237.00000,5.29000,0.00000,0.00000,1.00000
-655756.79637,-865153.35757,231.95500,620058371.20116,11.82000,567875.00000,5.63000,0.00000,0.00000,1.00000
-655723.88547,-865508.99192,230.02200,620058371.24811,11.85000,852314.00000,5.25000,0.00000,0.00000,1.00000
-656837.10527,-865331.36253,219.05100,620058371.29507,12.78000,1177651.00000,6.18000,0.00000,0.00000,1.00000
-657480.52057,-865372.31450,211.79200,620058371.34202,14.66000,269305.00000,10.60000,0.00000,0.00000,1.00000
-658130.65570,-865410.16690,210.85500,620058371.38898,15.29000,275362.00000,14.76000,0.00000,0.00000,1.00000
-659088.89944,-865304.66858,210.30600,620058371.43593,14.30000,696415.00000,8.49000,0.00000,0.00000,1.00000
-658140.36853,-866086.33242,208.02900,620058371.48289,13.85000,1053355.00000,7.58000,0.00000,0.00000,1.00000
-658043.97001,-866471.53228,208.41100,620058371.52984,13.43000,295186.00000,13.00000,0.00000,0.00000,1.00000
-658019.74869,-866823.13403,209.84000,620058371.57679,11.84000,267296.00000,5.44000,0.00000,0.00000,1.00000
-662236.71235,-865201.46378,258.53500,620058371.62374,12.06000,516753.00000,4.67000,0.00000,0.00000,1.00000
-661787.48122,-865750.86160,256.52100,620058371.67070,12.70000,296824.00000,5.05000,0.00000,0.00000,1.00000
-661653.02552,-866153.80394,253.43500,620058371.71765,13.06000,856453.00000,3.65000,0.00000,0.00000,1.00000
-661735.09213,-866455.98780,248.81100,620058371.76460,13.51000,5406676.00000,4.64000,0.00000,0.00000,1.00000
-661744.98150,-866791.75427,242.61200,620058371.81156,13.67000,1764067.00000,5.44000,0.00000,0.00000,1.00000
-661678.66300,-867162.96948,241.26300,620058371.85851,13.81000,688094.00000,8.42000,0.00000,0.00000,1.00000
-661397.80554,-867634.00366,239.80400,620058371.90546,14.35000,257173.00000,10.80000,0.00000,0.00000,1.00000
-661430.39369,-867959.20386,240.37200,620058371.95242,14.31000,225448.00000,6.91000,0.00000,0.00000,1.00000
-661649.45102,-868197.66424,241.42700,620058371.99937,14.40000,196675.00000,5.06000,0.00000,0.00000,1.00000
-661769.58937,-868482.14077,242.02000,620058372.04632,14.53000,718408.00000,5.80000,0.00000,0.00000,1.00000
-661760.72791,-868826.61511,242.85700,620058372.09328,14.52000,523070.00000,6.24000,0.00000,0.00000,1.00000
-661747.19479,-869173.28698,244.18500,620058372.14023,14.50000,2943456.00000,4.57000,0.00000,0.00000,1.00000
-660366.80470,-870155.71487,237.00800,620058372.18718,14.32000,1597131.00000,4.90000,0.00000,0.00000,1.00000
-666822.57891,-867492.99617,245.70000,620058372.23413,13.96000,857961.00000,4.16000,0.00000,0.00000,1.00000
-662162.38115,-870001.23399,254.43500,620058372.28109,13.38000,963129.00000,3.24000,0.00000,0.00000,1.00000
-662410.83435,-870226.03274,258.86800,620058372.32804,12.80000,1027462.00000,2.98000,0.00000,0.00000,1.00000
-662694.04631,-870434.67067,262.35600,620058372.37499,12.76000,520952.00000,3.49000,0.00000,0.00000,1.00000
-662966.55136,-870648.27418,265.49600,620058372.42194,12.88000,1704991.00000,3.19000,0.00000,0.00000,1.00000
-663232.37609,-870864.99094,267.97300,620058372.46890,13.00000,569188.00000,3.37000,0.00000,0.00000,1.00000
-663535.63375,-871064.30655,268.90100,620058372.51585,13.01000,313956.00000,3.73000,0.00000,0.00000,1.00000
-663893.03942,-871238.44932,268.61300,620058372.56280,12.98000,366549.00000,3.97000,0.00000,0.00000,1.00000
-664256.45964,-871409.78962,267.18300,620058372.60975,13.18000,543586.00000,4.24000,0.00000,0.00000,1.00000
-664552.37424,-871612.53707,266.06700,620058372.65670,13.32000,350767.00000,4.14000,0.00000,0.00000,1.00000
-664885.72164,-871797.87508,265.21400,620058372.70366,13.39000,199657.00000,4.95000,0.00000,0.00000,1.00000
-665374.14293,-871911.10179,265.53300,620058372.75061,13.30000,278501.00000,5.02000,0.00000,0.00000,1.00000
-665974.18845,-871972.41095,266.17600,620058372.79756,13.50000,241517.00000,4.93000,0.00000,0.00000,1.00000
-666585.60036,-872028.43643,267.24800,620058372.84451,14.24000,325584.00000,6.53000,0.00000,0.00000,1.00000
-666514.56830,-872401.87173,265.24700,620058372.89146,14.87000,306636.00000,9.68000,0.00000,0.00000,1.00000
-665538.45408,-873196.18323,261.58200,620058372.93842,14.52000,196914.00000,8.01000,0.00000,0.00000,1.00000
-665524.20428,-873543.18754,264.51700,620058372.98537,13.98000,344707.00000,5.65000,0.00000,0.00000,1.00000
-665740.55710,-873782.95250,268.52100,620058373.03232,13.46000,516758.00000,4.50000,0.00000,0.00000,1.00000
-641971.66036,-864415.95851,226.29700,620231023.11990,14.71000,700279.00000,9.72000,0.00000,0.00000,1.00000
-642445.70142,-864542.16567,227.15800,620231023.16688,14.47000,192588.00000,7.12000,0.00000,0.00000,1.00000
-643110.92471,-864582.90224,228.84500,620231023.21387,14.35000,283687.00000,10.20000,0.00000,0.00000,1.00000
-643740.48119,-864639.59629,230.22700,620231023.26086,14.20000,242005.00000,7.01000,0.00000,0.00000,1.00000
-644135.09998,-864801.33441,229.69000,620231023.30784,14.09000,242250.00000,5.50000,0.00000,0.00000,1.00000
-644130.54389,-865141.58438,227.38500,620231023.35483,14.31000,288803.00000,5.86000,0.00000,0.00000,1.00000
-643919.98947,-865573.94170,225.44600,620231023.40182,14.41000,168115.00000,7.18000,0.00000,0.00000,1.00000
-643711.44739,-866005.39795,224.40100,620231023.44880,14.65000,178461.00000,7.11000,0.00000,0.00000,1.00000
-643659.74874,-866366.72252,224.12900,620231023.49579,14.79000,475741.00000,7.50000,0.00000,0.00000,1.00000
-643880.00948,-866606.43732,224.56000,620231023.54278,14.99000,291760.00000,9.47000,0.00000,0.00000,1.00000
-644004.00212,-866889.19577,224.51700,620231023.58977,15.55000,653406.00000,9.33000,0.00000,0.00000,1.00000
-644309.08901,-867091.00273,226.23700,620231023.63675,15.81000,302810.00000,10.36000,0.00000,0.00000,1.00000
-645098.87523,-867076.10577,229.92600,620231023.68374,15.61000,131330.00000,10.24000,0.00000,0.00000,1.00000
-645286.15880,-867330.59587,230.77100,620231023.73073,15.14000,181926.00000,10.32000,0.00000,0.00000,1.00000
-645180.58331,-867715.99750,230.74800,620231023.77771,14.53000,141377.00000,8.14000,0.00000,0.00000,1.00000
-644786.87136,-868230.22062,230.20100,620231023.82470,13.98000,107677.00000,8.11000,0.00000,0.00000,1.00000
-644659.07540,-868625.56118,231.77300,620231023.87169,13.62000,152830.00000,6.20000,0.00000,0.00000,1.00000
-644538.00276,-869017.88282,232.82700,620231023.91867,13.70000,153275.00000,8.43000,0.00000,0.00000,1.00000
-644379.22784,-869427.05770,232.94300,620231023.96566,13.45000,108278.00000,7.35000,0.00000,0.00000,1.00000
-644407.60614,-869752.57087,232.96300,620231024.01265,12.56000,167797.00000,4.87000,0.00000,0.00000,1.00000
-644244.10122,-870163.83365,231.08400,620231024.05964,12.22000,297898.00000,5.51000,0.00000,0.00000,1.00000
-643911.61335,-870650.63999,230.23500,620231024.10662,12.86000,322736.00000,5.79000,0.00000,0.00000,1.00000
-644016.05344,-870942.14482,230.15500,620231024.15361,13.33000,686939.00000,5.50000,0.00000,0.00000,1.00000
-644351.41592,-871130.43020,230.00600,620231024.20059,13.57000,438224.00000,7.17000,0.00000,0.00000,1.00000
-644754.11150,-871288.63449,230.46700,620231024.24758,13.59000,178153.00000,8.16000,0.00000,0.00000,1.00000
-645498.14926,-871294.27573,231.24400,620231024.29456,13.57000,215071.00000,11.69000,0.00000,0.00000,1.00000
-645774.94509,-871508.76267,233.42900,620231024.34155,13.26000,223012.00000,8.53000,0.00000,0.00000,1.00000
-646209.28232,-871652.83875,237.09100,620231024.38854,13.18000,1009505.00000,6.43000,0.00000,0.00000,1.00000
-646381.71731,-871913.96968,239.14800,620231024.43552,12.75000,4970245.00000,5.14000,0.00000,0.00000,1.00000
-646745.37025,-872089.64675,238.78900,620231024.48251,11.09000,1364614.00000,2.97000,0.00000,0.00000,1.00000
-647449.68336,-872113.09585,248.65900,620231024.52950,10.58000,336491.00000,4.04000,0.00000,0.00000,1.00000
-647782.35866,-872302.62640,250.87000,620231024.57648,10.26000,120280.00000,8.49000,0.00000,0.00000,1.00000
-647919.11182,-872579.71307,251.28400,620231024.62347,9.88000,250862.00000,7.66000,0.00000,0.00000,1.00000
-647530.02361,-873091.79348,250.39100,620231024.67045,10.00000,146149.00000,7.80000,0.00000,0.00000,1.00000
-647037.91597,-873649.90197,250.43500,620231024.71744,9.92000,222999.00000,6.44000,0.00000,0.00000,1.00000
-646835.99247,-874078.33369,251.98000,620231024.76442,9.86000,79600.00000,6.66000,0.00000,0.00000,1.00000
-646659.65091,-874495.32792,253.08600,620231024.81141,9.95000,159948.00000,7.30000,0.00000,0.00000,1.00000
-646253.02478,-875015.19791,254.47200,620231024.85839,10.08000,211305.00000,4.26000,0.00000,0.00000,1.00000
-646073.29734,-875433.67814,256.97000,620231024.90538,10.30000,299179.00000,3.27000,0.00000,0.00000,1.00000
-645946.08943,-875828.69932,259.43500,620231024.95236,10.74000,734481.00000,1.66000,0.00000,0.00000,1.00000
-649747.16912,-874468.48997,224.16900,620231024.99935,10.83000,5919978.00000,1.36000,0.00000,0.00000,1.00000
-645955.58992,-876500.80296,256.98800,620231025.04633,10.55000,3451979.00000,1.18000,0.00000,0.00000,1.00000
-651304.20370,-874449.17784,212.55000,620231025.09332,10.92000,1912087.00000,1.45000,0.00000,0.00000,1.00000
-645817.61329,-877238.79609,250.45800,620231025.14030,11.68000,2999629.00000,2.22000,0.00000,0.00000,1.00000
-645497.80238,-877719.84148,252.60400,620231025.18729,11.97000,634268.00000,2.17000,0.00000,0.00000,1.00000
-652790.59389,-874799.69811,212.01100,620231025.23427,12.53000,1397041.00000,2.06000,0.00000,0.00000,1.00000
-652412.86141,-875306.73978,211.62500,620231025.28126,12.82000,798645.00000,3.13000,0.00000,0.00000,1.00000
-652702.45382,-875515.57861,214.94800,620231025.32824,12.68000,463029.00000,3.15000,0.00000,0.00000,1.00000
-650742.20643,-876729.65912,209.61700,620231025.37523,12.61000,1257223.00000,2.23000,0.00000,0.00000,1.00000
-650841.90201,-877023.33984,210.82100,620231025.42221,12.74000,2113871.00000,3.33000,0.00000,0.00000,1.00000
-651107.91270,-877242.71337,214.23000,620231025.46920,12.74000,2732270.00000,3.68000,0.00000,0.00000,1.00000
-650631.20594,-877793.89675,202.24800,620231025.51618,12.70000,798320.00000,4.09000,0.00000,0.00000,1.00000
-650346.37580,-878259.36217,200.44300,620231025.56317,12.43000,1054325.00000,2.65000,0.00000,0.00000,1.00000
-644794.00938,-881077.61153,231.00300,620231025.61015,12.24000,3883567.00000,1.87000,0.00000,0.00000,1.00000
-652266.20821,-878078.14653,233.64600,620231025.65714,12.23000,2472359.00000,2.38000,0.00000,0.00000,1.00000
-649228.51170,-879773.32790,187.85300,620231025.70412,12.66000,853550.00000,2.36000,0.00000,0.00000,1.00000
-645015.43379,-881993.17836,220.56800,620231025.75111,13.34000,317786.00000,5.22000,0.00000,0.00000,1.00000
-653390.28971,-878928.97264,234.34800,620231025.84508,14.36000,122004.00000,5.99000,0.00000,0.00000,1.00000
-654508.18837,-878767.84958,243.88500,620231025.89207,15.20000,932327.00000,4.23000,0.00000,0.00000,1.00000
-650301.96848,-880984.88963,202.05700,620231025.93905,15.83000,1828509.00000,4.43000,0.00000,0.00000,1.00000
-651189.59392,-880926.66983,205.99600,620231025.98604,16.60000,285060.00000,8.97000,0.00000,0.00000,1.00000
-650980.14687,-881358.43706,203.83500,620231026.03302,16.71000,295089.00000,10.85000,0.00000,0.00000,1.00000
-650873.05072,-881744.46832,201.43700,620231026.08001,16.96000,275438.00000,12.33000,0.00000,0.00000,1.00000
-651061.61374,-881998.47005,201.52700,620231026.12700,16.47000,270227.00000,10.83000,0.00000,0.00000,1.00000
-650894.57926,-882411.29070,200.13900,620231026.17398,16.35000,874771.00000,8.29000,0.00000,0.00000,1.00000
-650905.33465,-882744.70385,199.92900,620231026.22097,15.87000,1019697.00000,6.43000,0.00000,0.00000,1.00000
-649666.06105,-883636.31851,197.20700,620231026.26796,15.47000,2090765.00000,6.13000,0.00000,0.00000,1.00000
-654760.26015,-881699.57433,235.99800,620231026.31494,14.96000,3410398.00000,3.72000,0.00000,0.00000,1.00000
-653927.19294,-882409.89042,227.63900,620231026.36193,14.67000,171961.00000,7.44000,0.00000,0.00000,1.00000
-653363.46479,-882999.88219,225.99900,620231026.40892,14.31000,193469.00000,7.15000,0.00000,0.00000,1.00000
-653899.53621,-883098.73175,231.36700,620231026.45590,14.42000,239575.00000,5.90000,0.00000,0.00000,1.00000
-654038.94029,-883374.72198,230.73900,620231026.50289,14.53000,1525723.00000,5.90000,0.00000,0.00000,1.00000
-654052.40665,-883706.95586,228.60000,620231026.54988,14.46000,157417.00000,8.50000,0.00000,0.00000,1.00000
-652768.01068,-884618.71325,219.89100,620231026.59687,14.68000,400674.00000,10.29000,0.00000,0.00000,1.00000
-651678.21864,-885443.52357,214.45300,620231026.64385,15.08000,1040353.00000,9.76000,0.00000,0.00000,1.00000
-651386.52852,-885911.96438,217.19000,620231026.69084,14.74000,596975.00000,7.25000,0.00000,0.00000,1.00000
-651656.55873,-886129.60264,218.92100,620231026.73782,14.53000,294603.00000,6.67000,0.00000,0.00000,1.00000
-651954.88010,-886334.61877,221.44500,620231026.78481,14.20000,288352.00000,6.45000,0.00000,0.00000,1.00000
-652112.43715,-886602.49684,224.12300,620231026.83180,13.78000,199876.00000,6.86000,0.00000,0.00000,1.00000
-652164.23861,-886917.57412,225.17000,620231026.87878,13.99000,210662.00000,9.25000,0.00000,0.00000,1.00000
-652069.88036,-887297.90062,225.20600,620231026.92577,14.36000,209885.00000,10.93000,0.00000,0.00000,1.00000
-652019.97254,-887658.38017,225.16400,620231026.97275,13.90000,138434.00000,7.41000,0.00000,0.00000,1.00000
-652312.23788,-887866.12947,223.30100,620231027.01974,13.35000,130500.00000,6.11000,0.00000,0.00000,1.00000
-652678.58699,-888040.79117,219.65400,620231027.06673,13.17000,317950.00000,4.62000,0.00000,0.00000,1.00000
-653383.08002,-888064.51406,216.72600,620231027.11371,13.51000,1815772.00000,4.96000,0.00000,0.00000,1.00000
-654165.04760,-888053.67130,216.20100,620231027.16070,14.30000,615306.00000,5.33000,0.00000,0.00000,1.00000
-654852.03097,-888085.21821,218.31400,620231027.20768,14.81000,2235086.00000,6.01000,0.00000,0.00000,1.00000
-633051.91764,-879769.00825,199.94800,620403677.62093,12.53000,276810.00000,4.92000,0.00000,0.00000,1.00000
-633107.20319,-880081.43673,199.66500,620403677.66795,12.14000,318579.00000,4.82000,0.00000,0.00000,1.00000
-633223.51531,-880367.69425,197.74500,620403677.71496,12.14000,452543.00000,8.06000,0.00000,0.00000,1.00000
-633478.83554,-880594.35281,197.33500,620403677.76198,12.20000,484030.00000,8.14000,0.00000,0.00000,1.00000
-633696.87452,-880837.01586,195.05800,620403677.80899,12.65000,781049.00000,10.10000,0.00000,0.00000,1.00000
-633632.79831,-881200.61400,193.66300,620403677.85601,12.40000,1053024.00000,8.30000,0.00000,0.00000,1.00000
-633357.80954,-881654.63100,195.31800,620403677.90302,11.25000,636252.00000,8.02000,0.00000,0.00000,1.00000
-633938.61849,-881741.76182,199.60000,620403677.95004,10.84000,577548.00000,6.44000,0.00000,0.00000,1.00000
-633652.75563,-882200.42786,205.94800,620403677.99705,11.63000,1657605.00000,3.86000,0.00000,0.00000,1.00000
-633582.55239,-882566.64412,209.93900,620403678.04407,12.35000,107826.00000,3.32000,0.00000,0.00000,1.00000
-633484.54883,-882944.79086,214.40500,620403678.09108,11.53000,236950.00000,3.89000,0.00000,0.00000,1.00000
-633456.38747,-883292.98161,216.75500,620403678.13810,10.89000,72726.00000,4.92000,0.00000,0.00000,1.00000
-633485.85265,-883616.44914,221.03100,620403678.18511,9.88000,294937.00000,3.71000,0.00000,0.00000,1.00000
-633533.64410,-883932.08510,220.82900,620403678.23213,9.08000,832026.00000,5.55000,0.00000,0.00000,1.00000
-633491.23069,-884286.36763,221.16000,620403678.27914,9.13000,2822774.00000,4.53000,0.00000,0.00000,1.00000
-633482.73014,-884626.12851,222.74400,620403678.32615,9.57000,1235679.00000,2.93000,0.00000,0.00000,1.00000
-633469.47199,-884967.91624,222.23900,620403678.37317,9.41000,1883805.00000,2.81000,0.00000,0.00000,1.00000
-633440.61582,-885316.38828,220.45400,620403678.42018,8.61000,1343639.00000,3.24000,0.00000,0.00000,1.00000
-633461.94465,-885643.36248,219.47200,620403678.46720,7.81000,2661249.00000,3.72000,0.00000,0.00000,1.00000
-633468.34479,-885976.72653,219.64800,620403678.51421,7.81000,1229554.00000,2.83000,0.00000,0.00000,1.00000
-637223.14411,-884703.61558,206.06400,620403678.56122,9.27000,1998213.00000,2.72000,0.00000,0.00000,1.00000
-636931.15434,-885164.90247,203.85500,620403678.60824,11.41000,1349063.00000,4.41000,0.00000,0.00000,1.00000
-636909.75594,-885510.20772,203.40000,620403678.65525,12.75000,270421.00000,7.56000,0.00000,0.00000,1.00000
-637312.91974,-885673.57322,205.15600,620403678.70227,13.55000,1302757.00000,7.54000,0.00000,0.00000,1.00000
-637166.05707,-886072.64724,202.32500,620403678.74928,13.99000,294908.00000,9.49000,0.00000,0.00000,1.00000
-636783.85739,-886572.58107,196.49400,620403678.79629,13.59000,1575074.00000,6.54000,0.00000,0.00000,1.00000
-636766.52313,-886916.14203,194.02600,620403678.84331,12.90000,1282137.00000,4.54000,0.00000,0.00000,1.00000
-636079.11299,-887546.85546,182.51200,620403678.89032,13.25000,1132578.00000,4.42000,0.00000,0.00000,1.00000
-635493.38682,-888133.95866,176.18100,620403678.93734,13.90000,637379.00000,5.64000,0.00000,0.00000,1.00000
-635514.68325,-888460.95100,175.26100,620403678.98435,14.30000,435554.00000,6.63000,0.00000,0.00000,1.00000
-635597.70931,-888761.51664,174.43900,620403679.03137,14.32000,1407396.00000,6.27000,0.00000,0.00000,1.00000
-635498.26365,-889140.24192,174.37500,620403679.07838,14.46000,2914493.00000,6.07000,0.00000,0.00000,1.00000
-634906.38827,-889729.95073,176.39400,620403679.12540,15.04000,1521503.00000,7.49000,0.00000,0.00000,1.00000
-635566.61362,-889783.20497,176.44400,620403679.17241,15.21000,1520908.00000,11.62000,0.00000,0.00000,1.00000
-636021.99828,-889924.22247,177.12100,620403679.21943,14.55000,715996.00000,6.82000,0.00000,0.00000,1.00000
-637121.08712,-889789.47113,179.89000,620403679.26644,14.20000,513382.00000,4.58000,0.00000,0.00000,1.00000
-637589.37090,-889924.97798,180.85800,620403679.31345,13.76000,3632503.00000,3.23000,0.00000,0.00000,1.00000
-637609.83312,-890924.62836,172.94700,620403679.45450,14.83000,1073714.00000,6.85000,0.00000,0.00000,1.00000
-639112.91583,-892969.91146,182.06100,620403679.83062,12.56000,957338.00000,8.34000,0.00000,0.00000,1.00000
-640862.58671,-892556.61397,193.69200,620403679.87764,11.89000,2003304.00000,4.75000,0.00000,0.00000,1.00000
