-670997.93779,-867180.09711,273.65800,455412072.05648,14.78000,2759767.00000,3.97000,0.00000,0.00000,0.00000
-670750.85433,-866995.30662,275.32200,455412072.10333,14.61000,1094721.00000,3.76000,0.00000,0.00000,0.00000
-670263.74216,-867097.19346,273.39500,455412072.15019,14.59000,2053480.00000,5.04000,0.00000,0.00000,0.00000
-670268.97155,-866611.04430,272.15000,455412072.19704,14.52000,408526.00000,6.40000,0.00000,0.00000,0.00000
-669939.20611,-866525.00867,269.92400,455412072.24390,14.23000,1181068.00000,3.95000,0.00000,0.00000,0.00000
-669842.85986,-866160.19691,269.84400,455412072.29075,13.93000,2625270.00000,2.27000,0.00000,0.00000,0.00000
-671110.09322,-864166.81893,296.95600,455412072.33761,13.76000,4368905.00000,1.99000,0.00000,0.00000,0.00000
-670941.46971,-863888.35255,292.53000,455412072.38446,13.62000,3059113.00000,2.19000,0.00000,0.00000,0.00000
-670658.96805,-863745.89868,295.08500,455412072.43132,13.60000,2390498.00000,2.39000,0.00000,0.00000,0.00000
-670071.24940,-863967.96846,297.12000,455412072.47817,13.55000,670330.00000,3.54000,0.00000,0.00000,0.00000
-670022.63851,-863546.19039,298.40500,455412072.52503,13.63000,172305.00000,5.31000,0.00000,0.00000,0.00000
-670230.57718,-862818.01015,300.92500,455412072.57188,13.87000,168895.00000,5.35000,0.00000,0.00000,0.00000
-665140.86854,-868416.03648,243.23100,455412072.61874,14.08000,1206606.00000,3.33000,0.00000,0.00000,0.00000
-664848.40763,-868285.38506,240.73900,455412072.66559,14.34000,1453839.00000,3.50000,0.00000,0.00000,0.00000
-664496.41006,-868225.83390,239.29000,455412072.71245,14.26000,2200327.00000,3.06000,0.00000,0.00000,0.00000
-665194.54433,-866912.41177,234.64200,455412072.75930,13.98000,1226988.00000,3.22000,0.00000,0.00000,0.00000
-664779.23000,-866928.46485,234.77300,455412072.80616,13.85000,572727.00000,4.89000,0.00000,0.00000,0.00000
-664468.37037,-866819.81132,235.07000,455412072.85301,13.59000,288828.00000,3.95000,0.00000,0.00000,0.00000
-663982.16854,-866920.48756,236.56700,455412072.89987,13.15000,1424882.00000,4.21000,0.00000,0.00000,0.00000
-663639.17699,-866850.18755,238.25900,455412072.94672,12.58000,729534.00000,2.79000,0.00000,0.00000,0.00000
-667713.30467,-861505.90371,320.07500,455412072.99358,12.06000,214094.00000,2.13000,0.00000,0.00000,0.00000
-668881.88675,-859630.69871,314.60100,455412073.04043,11.54000,737172.00000,1.85000,0.00000,0.00000,0.00000
-663751.13118,-865277.13164,246.80700,455412073.08729,11.02000,474842.00000,3.27000,0.00000,0.00000,0.00000
-663301.80263,-865333.78601,246.60400,455412073.13414,10.66000,351343.00000,4.31000,0.00000,0.00000,0.00000
-662612.87032,-865676.48266,250.55600,455412073.18100,10.72000,437046.00000,4.39000,0.00000,0.00000,0.00000
-662156.45449,-865741.56891,252.84100,455412073.22785,10.54000,401846.00000,3.97000,0.00000,0.00000,0.00000
-661837.09856,-865643.03850,253.43500,455412073.27471,10.45000,272374.00000,6.98000,0.00000,0.00000,0.00000
-661599.97782,-865446.32667,253.79700,455412073.32156,10.09000,224464.00000,5.42000,0.00000,0.00000,0.00000
-661276.83848,-865352.31176,253.37800,455412073.36842,9.60000,1040267.00000,2.31000,0.00000,0.00000,0.00000
-666888.97103,-858172.50875,267.87000,455412073.41528,9.58000,547633.00000,3.23000,0.00000,0.00000,0.00000
-661758.59735,-863817.71794,206.60700,455412073.46213,10.33000,1149976.00000,4.10000,0.00000,0.00000,0.00000
-661681.71689,-863429.75924,203.30800,455412073.50899,11.29000,1483671.00000,4.09000,0.00000,0.00000,0.00000
-662503.35514,-861969.20584,200.27400,455412073.55584,12.48000,656852.00000,4.60000,0.00000,0.00000,0.00000
-662569.69079,-861410.28263,198.37600,455412073.60270,13.81000,655453.00000,7.20000,0.00000,0.00000,0.00000
-662653.05400,-860831.05896,198.68400,455412073.64956,14.40000,269291.00000,7.93000,0.00000,0.00000,0.00000
-662644.72649,-860361.29054,201.70000,455412073.69642,14.38000,496606.00000,10.36000,0.00000,0.00000,0.00000
-662426.07536,-860142.59855,206.26500,455412073.74327,14.37000,5371624.00000,3.84000,0.00000,0.00000,0.00000
-662080.76366,-860075.10272,215.23000,455412073.79013,14.43000,728251.00000,3.93000,0.00000,0.00000,0.00000
-661740.64421,-860001.39576,220.78500,455412073.83699,14.07000,1059425.00000,4.61000,0.00000,0.00000,0.00000
-661151.44891,-860224.99468,226.56200,455412073.88385,13.49000,951350.00000,4.38000,0.00000,0.00000,0.00000
-660222.88740,-860853.62805,233.42100,455412073.93070,13.13000,1060445.00000,3.82000,0.00000,0.00000,0.00000
-662134.39899,-858092.32177,250.27000,455412073.97756,13.53000,1626247.00000,2.33000,0.00000,0.00000,0.00000
-661884.08748,-857911.42487,250.92400,455412074.02442,14.14000,1396546.00000,3.67000,0.00000,0.00000,0.00000
-660873.33911,-858638.20939,251.58100,455412074.07128,14.75000,1218037.00000,5.16000,0.00000,0.00000,0.00000
-660078.09203,-859107.73356,251.95500,455412074.11814,15.72000,767965.00000,7.71000,0.00000,0.00000,0.00000
-659919.93832,-858816.81473,250.92700,455412074.16500,16.26000,128314.00000,12.76000,0.00000,0.00000,0.00000
-659911.14290,-858347.63546,249.61400,455412074.21186,16.02000,204355.00000,11.53000,0.00000,0.00000,0.00000
-659938.74557,-857835.02777,248.39700,455412074.25872,16.10000,291798.00000,10.71000,0.00000,0.00000,0.00000
-659656.77613,-857691.91183,247.77700,455412074.30558,16.62000,201220.00000,8.35000,0.00000,0.00000,0.00000
-659610.17287,-857267.86026,246.12100,455412074.35244,17.69000,142767.00000,13.60000,0.00000,0.00000,0.00000
-660296.63882,-855968.91238,248.27100,455412074.39930,17.41000,225577.00000,12.69000,0.00000,0.00000,0.00000
-660322.83326,-855458.01525,250.13900,455412074.44616,17.25000,428648.00000,8.72000,0.00000,0.00000,0.00000
-659802.67210,-855599.19584,247.39800,455412074.49302,17.30000,1043779.00000,10.52000,0.00000,0.00000,0.00000
-659332.60802,-855680.58585,247.27000,455412074.53988,16.90000,588769.00000,8.44000,0.00000,0.00000,0.00000
-658846.46357,-855781.13738,247.25600,455412074.58674,17.04000,606218.00000,8.33000,0.00000,0.00000,0.00000
-658269.57569,-855989.98920,247.35100,455412074.63361,16.95000,329186.00000,7.52000,0.00000,0.00000,0.00000
-657685.10623,-856207.84035,247.01300,455412074.68047,17.00000,232612.00000,9.95000,0.00000,0.00000,0.00000
-657530.77912,-855912.42337,246.03400,455412074.72733,17.34000,83402.00000,11.09000,0.00000,0.00000,0.00000
-657983.33763,-854892.74110,245.83300,455412074.77419,17.50000,146195.00000,12.20000,0.00000,0.00000,0.00000
-658607.47664,-853668.33769,248.70600,455412074.82105,16.73000,256369.00000,8.48000,0.00000,0.00000,0.00000
-658435.66759,-853393.79568,249.54300,455412074.86791,16.52000,652060.00000,5.86000,0.00000,0.00000,0.00000
-658033.66939,-853393.92498,248.30200,455412074.91477,16.40000,2029232.00000,4.60000,0.00000,0.00000,0.00000
-657750.31358,-853252.49186,249.78000,455412074.96163,16.20000,4504032.00000,5.22000,0.00000,0.00000,0.00000
-657518.00742,-853050.13882,249.99100,455412075.00850,16.30000,3835414.00000,4.43000,0.00000,0.00000,0.00000
-657213.85346,-852933.50283,249.61600,455412075.05536,16.51000,9519821.00000,4.22000,0.00000,0.00000,0.00000
-656927.67135,-852795.44843,249.64700,455412075.10222,16.30000,1792837.00000,4.14000,0.00000,0.00000,0.00000
-656646.22029,-852651.75300,249.72000,455412075.14908,16.37000,2576871.00000,4.42000,0.00000,0.00000,0.00000
-656240.92753,-852655.81863,248.73400,455412075.19594,16.34000,1347322.00000,3.89000,0.00000,0.00000,0.00000
-655927.80493,-852549.89716,247.52500,455412075.24280,16.29000,583438.00000,4.64000,0.00000,0.00000,0.00000
-655699.29313,-852343.01514,246.78300,455412075.28967,16.20000,422487.00000,5.63000,0.00000,0.00000,0.00000
-655554.44969,-852036.30961,246.23600,455412075.33653,16.31000,503817.00000,6.23000,0.00000,0.00000,0.00000
-655306.08577,-851853.11213,245.61200,455412075.38339,16.39000,457700.00000,6.96000,0.00000,0.00000,0.00000
-655045.91116,-851684.01671,245.57600,455412075.43025,16.50000,477871.00000,6.40000,0.00000,0.00000,0.00000
-654659.53332,-851665.50837,244.81000,455412075.47711,16.63000,549860.00000,6.80000,0.00000,0.00000,0.00000
-654249.03980,-851675.74669,243.98800,455412075.52398,16.78000,610264.00000,7.35000,0.00000,0.00000,0.00000
-653870.22077,-851648.19859,243.51900,455412075.57084,17.03000,391292.00000,6.41000,0.00000,0.00000,0.00000
-661593.42254,-879642.76287,259.76900,455584724.77419,15.10000,768232.00000,6.37000,0.00000,0.00000,0.00000
-661948.28451,-878759.82156,261.83800,455584724.82109,15.09000,286536.00000,8.29000,0.00000,0.00000,0.00000
-662113.94080,-878096.02808,264.89400,455584724.86800,14.90000,666039.00000,4.46000,0.00000,0.00000,0.00000
-661730.31360,-878068.48333,265.10300,455584724.91491,14.76000,2102540.00000,3.48000,0.00000,0.00000,0.00000
-661310.58731,-878082.76458,264.91800,455584724.96182,14.69000,1983733.00000,3.66000,0.00000,0.00000,0.00000
-660945.25641,-878034.02007,263.80600,455584725.00873,14.75000,752987.00000,4.00000,0.00000,0.00000,0.00000
-660605.43860,-877955.71403,262.12400,455584725.05564,14.70000,879194.00000,3.53000,0.00000,0.00000,0.00000
-660282.47847,-877857.89253,259.99000,455584725.10255,14.87000,286649.00000,4.56000,0.00000,0.00000,0.00000
-659958.07256,-877761.74405,257.83900,455584725.14945,15.05000,252553.00000,5.33000,0.00000,0.00000,0.00000
-659700.58413,-877588.08369,255.72800,455584725.19636,15.26000,416612.00000,5.08000,0.00000,0.00000,0.00000
-659432.51251,-877426.69403,253.38300,455584725.24327,15.56000,328147.00000,5.73000,0.00000,0.00000,0.00000
-659244.36032,-877172.74072,251.15800,455584725.29018,15.99000,224119.00000,7.14000,0.00000,0.00000,0.00000
-659142.87262,-876818.42762,250.03800,455584725.33709,16.30000,359697.00000,6.53000,0.00000,0.00000,0.00000
-658957.60950,-876561.12793,249.18000,455584725.38400,16.76000,783182.00000,5.76000,0.00000,0.00000,0.00000
-658501.76338,-876617.17014,247.28500,455584725.43091,16.79000,1371621.00000,6.29000,0.00000,0.00000,0.00000
-657899.08063,-876843.28019,245.23500,455584725.47782,16.66000,2948018.00000,5.39000,0.00000,0.00000,0.00000
-657512.08747,-876819.58618,244.47200,455584725.52473,16.62000,3269241.00000,5.14000,0.00000,0.00000,0.00000
-658157.85636,-875599.92721,236.61400,455584725.57164,16.84000,740356.00000,5.90000,0.00000,0.00000,0.00000
-658096.83238,-875198.78270,238.04400,455584725.61855,16.94000,945772.00000,6.37000,0.00000,0.00000,0.00000
-657484.51873,-875436.03436,238.38200,455584725.66546,17.08000,166762.00000,9.69000,0.00000,0.00000,0.00000
-656994.97894,-875531.09898,239.43800,455584725.71237,17.34000,306928.00000,9.72000,0.00000,0.00000,0.00000
-655779.34023,-876466.89946,241.12900,455584725.75928,17.49000,280364.00000,13.05000,0.00000,0.00000,0.00000
-656432.86058,-875238.37991,240.57900,455584725.80619,17.92000,204378.00000,14.25000,0.00000,0.00000,0.00000
-656426.73171,-874773.66087,239.38900,455584725.85311,17.63000,1666682.00000,10.93000,0.00000,0.00000,0.00000
-656740.30751,-873938.76420,245.24700,455584725.90002,17.07000,5339732.00000,7.58000,0.00000,0.00000,0.00000
-654735.98070,-875787.73933,236.78400,455584725.94693,16.53000,1055902.00000,6.62000,0.00000,0.00000,0.00000
-656470.46977,-873307.64636,249.61100,455584725.99384,15.90000,3072411.00000,4.21000,0.00000,0.00000,0.00000
-656426.32197,-872887.01533,252.59200,455584726.04075,14.79000,4205303.00000,3.47000,0.00000,0.00000,0.00000
-656417.79706,-872425.12114,255.96500,455584726.08766,13.44000,440092.00000,4.34000,0.00000,0.00000,0.00000
-656370.27803,-872008.38993,258.32400,455584726.13457,12.09000,117361.00000,3.94000,0.00000,0.00000,0.00000
-654056.84796,-874215.13849,226.22800,455584726.18148,11.34000,2217546.00000,1.61000,0.00000,0.00000,0.00000
-651142.05714,-877117.74931,202.78800,455584726.22839,12.07000,2206246.00000,1.99000,0.00000,0.00000,0.00000
-652647.67362,-874903.02492,199.53600,455584726.27530,13.43000,2191262.00000,4.68000,0.00000,0.00000,0.00000
-652554.92011,-874538.63532,204.15400,455584726.32222,15.03000,1842265.00000,6.20000,0.00000,0.00000,0.00000
-652766.03273,-873822.48894,205.25800,455584726.36913,15.86000,1043044.00000,4.98000,0.00000,0.00000,0.00000
-652719.99128,-873404.05529,199.90000,455584726.41604,16.78000,648907.00000,5.08000,0.00000,0.00000,0.00000
-652825.16768,-872810.56627,200.50900,455584726.46295,17.06000,731013.00000,6.84000,0.00000,0.00000,0.00000
-652538.82852,-872670.29766,204.77300,455584726.50987,17.11000,1154040.00000,4.71000,0.00000,0.00000,0.00000
-651261.92277,-873676.71218,214.74000,455584726.55678,17.00000,828713.00000,4.99000,0.00000,0.00000,0.00000
-651868.42517,-872502.93916,213.04200,455584726.60369,17.37000,149482.00000,7.96000,0.00000,0.00000,0.00000
-651315.30370,-872671.48980,214.17400,455584726.65060,17.15000,1233054.00000,6.83000,0.00000,0.00000,0.00000
-650996.71548,-872568.56402,216.41400,455584726.69751,16.78000,985497.00000,5.37000,0.00000,0.00000,0.00000
-649405.30779,-873938.88706,225.02800,455584726.74443,16.34000,996957.00000,4.36000,0.00000,0.00000,0.00000
-650555.55294,-872135.80678,233.07700,455584726.79134,15.89000,2089980.00000,5.08000,0.00000,0.00000,0.00000
-650136.32924,-872149.36502,238.46900,455584726.83825,15.11000,771137.00000,3.85000,0.00000,0.00000,0.00000
-649996.41226,-871839.62184,242.41600,455584726.88516,14.56000,1324999.00000,4.97000,0.00000,0.00000,0.00000
-650130.03075,-871213.29345,248.77700,455584726.93207,14.20000,466047.00000,5.10000,0.00000,0.00000,0.00000
-650290.12644,-870556.32354,251.20500,455584726.97899,14.09000,176340.00000,7.21000,0.00000,0.00000,0.00000
-650525.34055,-869812.40745,252.44800,455584727.02590,13.17000,762593.00000,4.56000,0.00000,0.00000,0.00000
-649466.14687,-870566.71090,249.21700,455584727.07281,12.40000,593484.00000,3.76000,0.00000,0.00000,0.00000
-648948.20121,-870694.51713,244.32900,455584727.11972,12.11000,1443822.00000,4.71000,0.00000,0.00000,0.00000
-648158.15799,-871137.21741,243.01600,455584727.16663,12.09000,2179981.00000,5.36000,0.00000,0.00000,0.00000
-651172.98881,-867176.25093,252.44100,455584727.21355,11.97000,1614499.00000,4.57000,0.00000,0.00000,0.00000
-651257.48208,-866606.82981,257.43600,455584727.26046,11.81000,6978322.00000,3.65000,0.00000,0.00000,0.00000
-648658.78273,-869142.94940,236.43900,455584727.30737,12.44000,403289.00000,5.17000,0.00000,0.00000,0.00000
-648412.46472,-868956.40409,233.80300,455584727.35428,13.09000,928870.00000,5.37000,0.00000,0.00000,0.00000
-647943.16368,-869027.89515,231.64900,455584727.40120,13.89000,305600.00000,4.75000,0.00000,0.00000,0.00000
-647040.89987,-869600.43240,229.92800,455584727.44811,14.30000,1941610.00000,4.39000,0.00000,0.00000,0.00000
-649399.97241,-866398.70578,242.39800,455584727.49502,14.39000,2199317.00000,3.86000,0.00000,0.00000,0.00000
-648694.24549,-866743.85362,239.76800,455584727.54194,14.27000,534476.00000,6.02000,0.00000,0.00000,0.00000
-648027.04431,-867044.41140,238.27700,455584727.58885,14.15000,270764.00000,5.85000,0.00000,0.00000,0.00000
-647774.47979,-866865.10463,238.26500,455584727.63576,14.17000,278352.00000,6.49000,0.00000,0.00000,0.00000
-647523.36694,-866684.13054,238.18700,455584727.68267,14.02000,351513.00000,6.08000,0.00000,0.00000,0.00000
-647497.15016,-866242.88045,238.95900,455584727.72959,14.04000,2649018.00000,3.56000,0.00000,0.00000,0.00000
-647885.09853,-865322.37039,243.77900,455584727.77650,14.24000,1452197.00000,3.90000,0.00000,0.00000,0.00000
-647180.82687,-865665.80589,238.54100,455584727.82341,14.39000,460184.00000,4.88000,0.00000,0.00000,0.00000
-646748.64672,-865694.37044,235.62100,455584727.87033,14.73000,603039.00000,7.07000,0.00000,0.00000,0.00000
-646550.03294,-865452.63172,233.05300,455584727.91724,14.86000,257797.00000,8.67000,0.00000,0.00000,0.00000
-646354.79387,-865206.99361,231.25700,455584727.96416,14.82000,118124.00000,7.10000,0.00000,0.00000,0.00000
-646513.54343,-864551.76325,232.42900,455584728.01107,14.85000,197371.00000,6.16000,0.00000,0.00000,0.00000
-646491.20529,-864106.07251,234.32100,455584728.05798,14.92000,1310192.00000,4.64000,0.00000,0.00000,0.00000
-645594.27299,-864672.38478,228.55400,455584728.10490,15.00000,2421101.00000,3.46000,0.00000,0.00000,0.00000
-645237.70494,-864613.43276,226.51200,455584728.15181,15.01000,877309.00000,4.08000,0.00000,0.00000,0.00000
-645168.18338,-864222.35625,228.85800,455584728.19873,15.01000,1509556.00000,3.56000,0.00000,0.00000,0.00000
-644917.08766,-864041.36029,229.47900,455584728.24564,14.96000,3186717.00000,4.12000,0.00000,0.00000,0.00000
-644434.33205,-864128.40747,232.45800,455584728.29255,14.80000,780770.00000,3.64000,0.00000,0.00000,0.00000
-644135.56262,-864002.57116,230.73100,455584728.33947,15.12000,253767.00000,6.65000,0.00000,0.00000,0.00000
-644056.89600,-863622.07326,231.04700,455584728.38638,15.03000,160457.00000,7.44000,0.00000,0.00000,0.00000
-644129.95355,-863066.05932,231.79000,455584728.43330,14.95000,1175340.00000,5.92000,0.00000,0.00000,0.00000
-643926.55541,-862829.89495,232.06500,455584728.48021,15.37000,901879.00000,6.93000,0.00000,0.00000,0.00000
-643561.33348,-862780.95858,231.84100,455584728.52713,15.43000,673251.00000,4.94000,0.00000,0.00000,0.00000
-650276.23127,-889928.74256,205.13600,455757377.81999,15.53000,374224.00000,4.77000,0.00000,0.00000,0.00000
-649387.22997,-890463.13525,201.68700,455757377.86695,15.38000,322269.00000,5.43000,0.00000,0.00000,0.00000
-650105.17889,-888728.17693,224.54300,455757377.96088,14.89000,764416.00000,2.15000,0.00000,0.00000,0.00000
-649718.22978,-888698.60929,224.70100,455757378.00784,14.68000,299596.00000,2.72000,0.00000,0.00000,0.00000
-649240.10203,-888771.47107,222.54700,455757378.05480,14.60000,283769.00000,4.59000,0.00000,0.00000,0.00000
-648786.47127,-888816.77249,219.95900,455757378.10176,14.51000,565791.00000,4.27000,0.00000,0.00000,0.00000
-648360.31428,-888831.25174,216.66400,455757378.14872,14.13000,353382.00000,3.53000,0.00000,0.00000,0.00000
-647879.22794,-888907.38515,212.31000,455757378.19568,13.97000,738681.00000,3.52000,0.00000,0.00000,0.00000
-647172.60658,-889236.83934,207.02800,455757378.24264,14.24000,654025.00000,5.79000,0.00000,0.00000,0.00000
-645908.48076,-890192.39967,206.52000,455757378.28960,14.35000,1321055.00000,4.97000,0.00000,0.00000,0.00000
-647121.91757,-888365.38770,195.38000,455757378.33657,14.32000,967491.00000,5.42000,0.00000,0.00000,0.00000
-646871.76866,-888182.14779,191.46100,455757378.38353,14.46000,547944.00000,5.10000,0.00000,0.00000,0.00000
-646650.55001,-887966.41680,188.01600,455757378.43049,15.42000,498186.00000,7.38000,0.00000,0.00000,0.00000
-646132.19533,-888084.39522,186.45000,455757378.47745,16.61000,425751.00000,9.86000,0.00000,0.00000,0.00000
-645611.87924,-888204.57341,186.55200,455757378.52441,17.22000,177117.00000,10.80000,0.00000,0.00000,0.00000
-645741.25110,-887595.10992,187.59800,455757378.57137,16.68000,277806.00000,9.62000,0.00000,0.00000,0.00000
-645740.70028,-887131.59578,190.42200,455757378.61833,15.64000,1674332.00000,5.78000,0.00000,0.00000,0.00000
-645545.95981,-886886.11760,192.22600,455757378.66529,14.63000,6562671.00000,3.18000,0.00000,0.00000,0.00000
-643765.94760,-888420.89647,183.99600,455757378.71225,13.88000,2494868.00000,2.48000,0.00000,0.00000,0.00000
-646531.40437,-884851.18927,194.14300,455757378.75921,13.17000,4412601.00000,1.70000,0.00000,0.00000,0.00000
-644137.06142,-887075.88629,227.31800,455757378.80617,12.65000,625536.00000,2.25000,0.00000,0.00000,0.00000
-643731.00897,-887067.71449,230.46100,455757378.85313,12.49000,859854.00000,4.12000,0.00000,0.00000,0.00000
-643455.39132,-886913.08896,231.01300,455757378.90009,12.86000,382727.00000,3.93000,0.00000,0.00000,0.00000
-643307.74927,-886614.75939,229.57500,455757378.94705,13.46000,180638.00000,6.74000,0.00000,0.00000,0.00000
-643904.43186,-885480.66809,229.83000,455757378.99401,13.76000,150959.00000,8.60000,0.00000,0.00000,0.00000
-644086.78564,-884811.81930,233.79600,455757379.04097,13.65000,1066114.00000,5.56000,0.00000,0.00000,0.00000
-643854.81372,-884608.19967,235.65900,455757379.08793,13.19000,731199.00000,3.73000,0.00000,0.00000,0.00000
-643387.50475,-884668.85811,233.67000,455757379.13489,12.94000,1977332.00000,3.61000,0.00000,0.00000,0.00000
-643084.44022,-884545.07153,239.95600,455757379.18185,12.68000,3645829.00000,2.44000,0.00000,0.00000,0.00000
-642721.07377,-884488.99762,242.75900,455757379.22881,12.25000,1249757.00000,2.98000,0.00000,0.00000,0.00000
-642436.15858,-884344.82859,245.72800,455757379.27577,12.09000,292493.00000,3.73000,0.00000,0.00000,0.00000
-642135.07298,-884218.83299,247.35300,455757379.32273,11.93000,476992.00000,3.42000,0.00000,0.00000,0.00000
-642104.15832,-883789.49437,247.13100,455757379.36969,11.90000,531931.00000,5.78000,0.00000,0.00000,0.00000
-642186.01957,-883233.54008,249.60700,455757379.41665,12.05000,466661.00000,4.79000,0.00000,0.00000,0.00000
-641919.26529,-883069.00062,248.20100,455757379.46361,11.67000,2071929.00000,3.45000,0.00000,0.00000,0.00000
-641759.42301,-882784.43739,236.04900,455757379.51057,10.94000,2820992.00000,3.35000,0.00000,0.00000,0.00000
-641355.37889,-882774.04406,233.43900,455757379.55753,10.53000,2339321.00000,4.20000,0.00000,0.00000,0.00000
-641413.23401,-882245.05542,232.04900,455757379.60449,9.99000,281297.00000,4.63000,0.00000,0.00000,0.00000
-641225.43012,-881991.87949,231.53900,455757379.65146,9.81000,659887.00000,2.88000,0.00000,0.00000,0.00000
-640880.71454,-881914.86446,231.16600,455757379.69842,9.78000,983111.00000,2.52000,0.00000,0.00000,0.00000
-641107.26845,-881196.51129,229.06900,455757379.74538,9.83000,995658.00000,3.11000,0.00000,0.00000,0.00000
-640757.66656,-881125.00540,226.48500,455757379.79234,9.86000,483128.00000,4.42000,0.00000,0.00000,0.00000
-640521.32554,-880926.31986,224.92300,455757379.83930,10.23000,987358.00000,6.50000,0.00000,0.00000,0.00000
-639621.52999,-881472.44845,220.21200,455757379.88626,10.50000,3139312.00000,4.46000,0.00000,0.00000,0.00000
-639307.21669,-881361.28029,218.97500,455757379.93322,11.21000,2335154.00000,4.38000,0.00000,0.00000,0.00000
-638912.48201,-881340.39232,219.91900,455757379.98019,11.61000,2384747.00000,5.14000,0.00000,0.00000,0.00000
-638226.45898,-881646.47283,222.07200,455757380.02715,11.77000,1908254.00000,4.68000,0.00000,0.00000,0.00000
-637959.22573,-881482.44956,222.02200,455757380.07411,12.06000,569730.00000,5.05000,0.00000,0.00000,0.00000
-638302.04703,-880633.66835,219.94500,455757380.12107,12.44000,2010547.00000,5.68000,0.00000,0.00000,0.00000
-637849.45651,-880677.72059,217.70500,455757380.16803,12.84000,712066.00000,6.81000,0.00000,0.00000,0.00000
-637749.94265,-880325.43681,215.74400,455757380.21500,13.10000,426328.00000,7.62000,0.00000,0.00000,0.00000
-637699.96975,-879917.56941,213.00400,455757380.26196,13.75000,1213001.00000,9.67000,0.00000,0.00000,0.00000
-636155.70205,-881186.86755,210.34000,455757380.30892,13.60000,820500.00000,8.26000,0.00000,0.00000,0.00000
-635786.46147,-881137.31803,208.52100,455757380.35589,13.83000,514970.00000,9.43000,0.00000,0.00000,0.00000
-634669.30115,-881927.14840,209.95300,455757380.40285,13.65000,1044010.00000,6.97000,0.00000,0.00000,0.00000
-634730.17144,-881394.87742,205.37700,455757380.44981,13.42000,629839.00000,4.92000,0.00000,0.00000,0.00000
-637107.83807,-878262.44527,212.29000,455757380.49678,12.97000,2256529.00000,4.70000,0.00000,0.00000,0.00000
-636363.93969,-878633.41959,214.29300,455757380.54374,12.98000,628237.00000,4.47000,0.00000,0.00000,0.00000
-636209.03590,-878343.34293,213.00900,455757380.59070,12.84000,597504.00000,5.88000,0.00000,0.00000,0.00000
-636118.38293,-877981.16276,212.01900,455757380.63767,12.76000,355776.00000,8.39000,0.00000,0.00000,0.00000
-636029.69056,-877616.78472,212.06300,455757380.68463,12.71000,697238.00000,6.01000,0.00000,0.00000,0.00000
-635669.30373,-877557.31098,210.03900,455757380.73159,13.08000,264281.00000,6.89000,0.00000,0.00000,0.00000
-635513.92093,-877267.78741,209.11200,455757380.77856,13.54000,334475.00000,10.88000,0.00000,0.00000,0.00000
-635564.03195,-876747.65246,210.09500,455757380.82552,13.33000,361789.00000,9.63000,0.00000,0.00000,0.00000
-635627.38603,-876212.66620,211.74200,455757380.87249,12.88000,291765.00000,10.44000,0.00000,0.00000,0.00000
-635491.13880,-875901.68289,212.42300,455757380.91945,12.73000,237896.00000,11.62000,0.00000,0.00000,0.00000
-635216.59492,-875745.90844,213.02900,455757380.96641,12.37000,115734.00000,7.54000,0.00000,0.00000,0.00000
-649594.83422,-855194.45457,248.06900,456150639.82094,15.29000,1482202.00000,3.01000,0.00000,0.00000,1.00000
-649781.69732,-855449.28235,246.18200,456150639.86807,15.57000,1127456.00000,4.49000,0.00000,0.00000,1.00000
-649859.06003,-855754.36555,245.09900,456150639.91521,15.73000,885757.00000,3.94000,0.00000,0.00000,1.00000
-649972.69629,-856042.80119,245.02600,456150639.96235,15.68000,591756.00000,4.30000,0.00000,0.00000,1.00000
-650118.57220,-856316.44063,244.72200,456150640.00948,15.81000,508710.00000,4.49000,0.00000,0.00000,1.00000
-650183.16155,-856627.38103,245.07100,456150640.05662,15.70000,566523.00000,3.91000,0.00000,0.00000,1.00000
-650282.00583,-856922.59642,245.25800,456150640.10376,15.72000,629206.00000,3.66000,0.00000,0.00000,1.00000
-650468.86568,-857177.44676,245.04500,456150640.15089,15.72000,568778.00000,3.88000,0.00000,0.00000,1.00000
-650638.92668,-857440.00463,245.43900,456150640.19803,15.83000,1382680.00000,4.26000,0.00000,0.00000,1.00000
-650751.20497,-857729.06971,246.17900,456150640.24517,15.73000,902157.00000,4.37000,0.00000,0.00000,1.00000
-650872.88468,-858013.81192,246.55900,456150640.29230,15.61000,624952.00000,4.77000,0.00000,0.00000,1.00000
-650874.98075,-858353.43309,246.63000,456150640.33944,15.59000,657493.00000,5.39000,0.00000,0.00000,1.00000
-650913.35489,-858676.41115,246.35500,456150640.38658,15.70000,598682.00000,4.79000,0.00000,0.00000,1.00000
-651068.62390,-858945.75232,245.46300,456150640.43371,15.85000,550515.00000,4.61000,0.00000,0.00000,1.00000
-651326.68900,-859167.94650,244.76300,456150640.48085,16.15000,348751.00000,5.27000,0.00000,0.00000,1.00000
-651523.62440,-859418.20317,245.47600,456150640.52799,16.00000,279943.00000,5.63000,0.00000,0.00000,1.00000
-651641.93186,-859704.50015,246.95000,456150640.57513,15.79000,130857.00000,5.75000,0.00000,0.00000,1.00000
-651895.29275,-859928.86518,246.91800,456150640.62226,15.60000,274508.00000,6.34000,0.00000,0.00000,1.00000
-652168.13889,-860144.29010,246.59500,456150640.66940,15.82000,322989.00000,8.54000,0.00000,0.00000,1.00000
-652250.84010,-860446.93402,245.25700,456150640.71654,15.94000,223241.00000,7.12000,0.00000,0.00000,1.00000
-652557.28360,-860646.95902,243.76300,456150640.76367,15.61000,267909.00000,6.09000,0.00000,0.00000,1.00000
-652180.39893,-861160.40207,242.50300,456150640.81081,14.88000,282493.00000,5.63000,0.00000,0.00000,1.00000
-652195.22977,-861494.17493,247.40100,456150640.85795,13.47000,1567069.00000,3.39000,0.00000,0.00000,1.00000
-652562.13343,-861666.47228,250.56300,456150640.90508,12.29000,543204.00000,4.44000,0.00000,0.00000,1.00000
-652765.76467,-861913.65286,250.51000,456150640.95222,12.09000,274183.00000,6.17000,0.00000,0.00000,1.00000
-652831.65730,-862224.01009,249.93700,456150640.99935,12.99000,321627.00000,6.51000,0.00000,0.00000,1.00000
-652343.87466,-862788.27862,246.88800,456150641.04649,13.86000,975356.00000,8.09000,0.00000,0.00000,1.00000
-651134.41562,-863683.46459,248.02000,456150641.09363,14.47000,3231795.00000,7.19000,0.00000,0.00000,1.00000
-655413.36312,-862061.74941,242.01800,456150641.14076,15.48000,1087367.00000,7.06000,0.00000,0.00000,1.00000
-655651.95287,-862292.93065,241.45900,456150641.18790,16.26000,1448478.00000,7.63000,0.00000,0.00000,1.00000
-654810.04288,-863019.63202,237.31900,456150641.23503,16.29000,1344250.00000,8.35000,0.00000,0.00000,1.00000
-654442.51436,-863528.76353,236.94800,456150641.28217,16.30000,811295.00000,8.29000,0.00000,0.00000,1.00000
-655101.05742,-863567.34890,237.63200,456150641.32931,15.82000,892322.00000,7.79000,0.00000,0.00000,1.00000
-655377.94453,-863780.97664,236.89900,456150641.37644,14.28000,462692.00000,5.77000,0.00000,0.00000,1.00000
-655314.13454,-864150.83080,235.70700,456150641.42358,13.34000,1454856.00000,3.04000,0.00000,0.00000,1.00000
-652794.25626,-865646.83002,262.26700,456150641.47071,13.00000,265022.00000,2.53000,0.00000,0.00000,1.00000
-653011.97318,-865887.56611,262.07500,456150641.51785,12.58000,526233.00000,2.27000,0.00000,0.00000,1.00000
-653034.14460,-866217.96347,259.02400,456150641.56499,12.37000,393271.00000,2.79000,0.00000,0.00000,1.00000
-652838.58740,-866648.17401,256.95900,456150641.61212,12.31000,327265.00000,2.72000,0.00000,0.00000,1.00000
-652295.62357,-867237.65374,260.24400,456150641.65926,12.36000,937378.00000,1.92000,0.00000,0.00000,1.00000
-658339.09051,-864807.37838,209.25400,456150641.70639,12.54000,4720612.00000,1.88000,0.00000,0.00000,1.00000
-657640.17513,-865468.46244,207.90100,456150641.75353,13.57000,1047450.00000,1.83000,0.00000,0.00000,1.00000
-657527.94054,-865860.52257,208.96700,456150641.80067,13.99000,2854943.00000,2.78000,0.00000,0.00000,1.00000
-656264.48029,-866780.39707,212.07000,456150641.84780,14.56000,4434880.00000,2.61000,0.00000,0.00000,1.00000
-654987.58009,-867706.38257,214.92700,456150641.89494,15.21000,1158907.00000,3.20000,0.00000,0.00000,1.00000
-654253.00515,-868383.69478,217.58300,456150641.94207,15.29000,1053951.00000,3.80000,0.00000,0.00000,1.00000
-654472.73606,-868623.53535,214.07700,456150641.98921,15.26000,3035440.00000,3.33000,0.00000,0.00000,1.00000
-653007.59638,-869635.67119,219.46400,456150642.03635,16.37000,1404496.00000,3.52000,0.00000,0.00000,1.00000
-653326.10754,-869830.23054,216.80600,456150642.08348,17.12000,2158184.00000,6.32000,0.00000,0.00000,1.00000
-653590.18059,-870049.74607,214.75100,456150642.13062,17.47000,1127314.00000,9.71000,0.00000,0.00000,1.00000
-652742.63844,-870778.75813,218.86600,456150642.17775,17.65000,277716.00000,9.13000,0.00000,0.00000,1.00000
-654352.21859,-870381.57373,210.73700,456150642.22489,17.47000,216278.00000,7.33000,0.00000,0.00000,1.00000
-653615.54182,-871059.77252,210.39400,456150642.27203,16.52000,918037.00000,4.98000,0.00000,0.00000,1.00000
-658942.46406,-868958.73412,234.36200,456150642.31916,15.50000,425263.00000,4.33000,0.00000,0.00000,1.00000
-658221.98309,-869629.60176,230.38600,456150642.36630,15.04000,266314.00000,5.57000,0.00000,0.00000,1.00000
-658410.13454,-869883.95731,231.55000,456150642.41343,15.10000,240784.00000,4.09000,0.00000,0.00000,1.00000
-659152.08300,-869884.46973,233.70600,456150642.46057,14.86000,452579.00000,4.29000,0.00000,0.00000,1.00000
-659271.01284,-870170.57160,235.76900,456150642.50771,14.29000,503990.00000,3.66000,0.00000,0.00000,1.00000
-659564.67325,-870376.57477,239.08400,456150642.55484,13.89000,1347570.00000,2.84000,0.00000,0.00000,1.00000
-659152.64184,-870906.04692,241.10200,456150642.60198,14.20000,2089984.00000,3.09000,0.00000,0.00000,1.00000
-659114.95161,-871263.90610,242.27000,456150642.64911,14.99000,564660.00000,5.31000,0.00000,0.00000,1.00000
-659356.86714,-871493.64025,244.12100,456150642.69625,15.66000,832613.00000,6.17000,0.00000,0.00000,1.00000
-657570.35637,-872652.96868,245.84900,456150642.74338,16.31000,907120.00000,5.98000,0.00000,0.00000,1.00000
-657613.98346,-872973.55126,247.80700,456150642.79052,17.06000,154179.00000,11.40000,0.00000,0.00000,1.00000
-659321.74909,-872531.51463,250.46500,456150642.83765,17.71000,186022.00000,12.45000,0.00000,0.00000,1.00000
-659847.29068,-872631.27451,252.07200,456150642.88479,17.61000,128573.00000,9.29000,0.00000,0.00000,1.00000
-659832.45021,-872978.66292,250.55000,456150642.93192,17.50000,230662.00000,10.73000,0.00000,0.00000,1.00000
-659813.58105,-873327.91529,248.80200,456150642.97906,17.08000,195228.00000,6.40000,0.00000,0.00000,1.00000
-660165.72600,-873507.14106,245.88600,456150643.02619,17.58000,404558.00000,6.77000,0.00000,0.00000,1.00000
-660059.47722,-873896.43280,242.40900,456150643.07333,18.36000,161910.00000,12.86000,0.00000,0.00000,1.00000
-658830.71761,-874800.05064,238.54300,456150643.12046,18.70000,105622.00000,13.93000,0.00000,0.00000,1.00000
-658040.84726,-875502.52431,240.42100,456150643.16760,18.32000,152444.00000,8.54000,0.00000,0.00000,1.00000
-658235.68447,-875753.82479,244.05800,456150643.21473,17.68000,530882.00000,6.37000,0.00000,0.00000,1.00000
-658736.36045,-875865.01596,247.02600,456150643.26187,17.17000,265869.00000,7.46000,0.00000,0.00000,1.00000
-659358.01549,-875920.76967,249.71000,456150643.30900,16.71000,127704.00000,7.31000,0.00000,0.00000,1.00000
-659917.84088,-876004.86768,252.00000,456150643.35614,16.96000,253035.00000,9.06000,0.00000,0.00000,1.00000
-660483.71770,-876086.20075,254.70300,456150643.40327,16.94000,489970.00000,6.03000,0.00000,0.00000,1.00000
-661052.94594,-876165.98823,257.44800,456150643.45041,16.57000,406834.00000,4.97000,0.00000,0.00000,1.00000
-661095.19883,-876487.21640,258.49700,456150643.49754,16.37000,231719.00000,5.94000,0.00000,0.00000,1.00000
-661165.68304,-876795.51930,261.05300,456150643.54468,16.35000,558421.00000,5.14000,0.00000,0.00000,1.00000
-661172.97519,-877132.75671,262.03500,456150643.59181,16.12000,319699.00000,5.41000,0.00000,0.00000,1.00000
-661120.45396,-877497.41983,263.18200,456150643.63894,15.91000,2860687.00000,4.47000,0.00000,0.00000,1.00000
-661225.87544,-877789.69769,264.52400,456150643.68608,15.67000,755334.00000,4.41000,0.00000,0.00000,1.00000
-661260.73168,-878114.32184,264.53900,456150643.73321,15.73000,261739.00000,5.88000,0.00000,0.00000,1.00000
-661334.56033,-878421.07140,264.04400,456150643.78034,15.71000,391709.00000,5.45000,0.00000,0.00000,1.00000
-661423.18109,-878721.05476,262.18300,456150643.82748,15.61000,1114756.00000,4.67000,0.00000,0.00000,1.00000
-661503.72823,-879024.73158,260.75800,456150643.87461,15.54000,3123609.00000,3.96000,0.00000,0.00000,1.00000
-661533.19380,-879351.82428,260.30200,456150643.92174,15.68000,2589966.00000,5.34000,0.00000,0.00000,1.00000
-640752.47618,-865816.66841,219.92500,456323293.43161,13.88000,5429940.00000,2.24000,0.00000,0.00000,1.00000
-639029.05964,-867252.53889,211.91400,456323293.52591,14.25000,1193767.00000,2.58000,0.00000,0.00000,1.00000
-638604.43116,-867777.91200,211.30200,456323293.57306,14.64000,1554101.00000,3.72000,0.00000,0.00000,1.00000
-638272.11283,-868600.95620,210.24900,456323293.66737,16.41000,153325.00000,10.78000,0.00000,0.00000,1.00000
-638842.16074,-868688.24853,211.92700,456323293.71452,16.60000,202751.00000,8.21000,0.00000,0.00000,1.00000
-638791.31374,-869387.33128,217.69800,456323293.80882,16.00000,804410.00000,6.78000,0.00000,0.00000,1.00000
-638516.86917,-869846.52397,221.16400,456323293.85597,15.91000,2574822.00000,4.53000,0.00000,0.00000,1.00000
-638276.26217,-870290.82781,222.09700,456323293.90312,16.05000,1624228.00000,4.93000,0.00000,0.00000,1.00000
-641837.26329,-869060.98986,217.33100,456323293.95027,16.25000,2860030.00000,3.70000,0.00000,0.00000,1.00000
-641272.52149,-869648.06403,215.97000,456323293.99743,15.90000,3096504.00000,4.19000,0.00000,0.00000,1.00000
-639980.99812,-870555.16864,214.88600,456323294.04458,15.76000,892079.00000,6.05000,0.00000,0.00000,1.00000
-640111.88046,-870835.88653,215.09800,456323294.09173,16.44000,793054.00000,14.77000,0.00000,0.00000,1.00000
-640834.87482,-870855.87858,217.84300,456323294.13888,16.70000,121103.00000,14.83000,0.00000,0.00000,1.00000
-642180.42056,-870601.72129,224.72800,456323294.18603,15.46000,376693.00000,10.44000,0.00000,0.00000,1.00000
-641759.79460,-871125.32016,224.13200,456323294.23318,14.72000,1752186.00000,5.78000,0.00000,0.00000,1.00000
-641711.34767,-871485.02335,225.77400,456323294.28033,14.41000,1471833.00000,5.23000,0.00000,0.00000,1.00000
-641831.39861,-871770.52202,226.42300,456323294.32748,14.67000,1090549.00000,6.99000,0.00000,0.00000,1.00000
-641517.67783,-872247.01689,224.38500,456323294.37463,14.77000,291495.00000,9.97000,0.00000,0.00000,1.00000
-640810.76626,-872896.61455,224.18300,456323294.42178,14.53000,290969.00000,6.62000,0.00000,0.00000,1.00000
-640915.91085,-873188.66520,226.41300,456323294.46893,13.89000,632871.00000,4.25000,0.00000,0.00000,1.00000
-641408.82149,-873310.00378,230.30600,456323294.51608,13.40000,605102.00000,4.58000,0.00000,0.00000,1.00000
-641633.07476,-873549.62531,230.72200,456323294.56323,14.24000,458812.00000,5.04000,0.00000,0.00000,1.00000
-641998.09345,-873727.27765,229.05600,456323294.61038,14.80000,299998.00000,5.26000,0.00000,0.00000,1.00000
-641684.34138,-874203.75712,226.24100,456323294.65754,14.43000,399824.00000,7.61000,0.00000,0.00000,1.00000
-641185.14757,-874761.86477,226.10300,456323294.70468,14.12000,949597.00000,5.71000,0.00000,0.00000,1.00000
-642623.49480,-874467.01910,225.21600,456323294.75183,14.06000,1896086.00000,5.25000,0.00000,0.00000,1.00000
-641619.41698,-875247.37417,230.37200,456323294.79899,12.63000,2161244.00000,4.49000,0.00000,0.00000,1.00000
-642298.44152,-875286.81344,232.04000,456323294.84614,11.70000,241124.00000,5.23000,0.00000,0.00000,1.00000
-643686.71393,-875014.04968,236.98400,456323294.89329,11.29000,205383.00000,5.18000,0.00000,0.00000,1.00000
-644185.73051,-875132.74105,238.41000,456323294.94044,10.66000,944926.00000,4.63000,0.00000,0.00000,1.00000
-644445.86078,-875356.61201,238.94800,456323294.98759,10.33000,1216933.00000,3.61000,0.00000,0.00000,1.00000
-644622.73353,-875617.10875,239.17700,456323295.03473,11.19000,1641002.00000,3.89000,0.00000,0.00000,1.00000
-645262.47067,-875673.87699,252.43900,456323295.08188,10.89000,2839779.00000,3.70000,0.00000,0.00000,1.00000
-645446.78548,-875931.12993,255.56800,456323295.12903,10.02000,3699680.00000,2.75000,0.00000,0.00000,1.00000
-645424.69691,-876279.22788,253.96300,456323295.17618,9.02000,4433227.00000,1.85000,0.00000,0.00000,1.00000
-645318.01230,-876664.56657,252.11100,456323295.22333,9.44000,3583875.00000,2.05000,0.00000,0.00000,1.00000
-645325.71029,-876999.55314,248.17700,456323295.27048,11.73000,1081498.00000,3.53000,0.00000,0.00000,1.00000
-645362.47479,-877321.73226,249.29400,456323295.31763,11.66000,457960.00000,3.94000,0.00000,0.00000,1.00000
-644754.93217,-877927.49144,248.27300,456323295.36478,10.44000,680619.00000,2.49000,0.00000,0.00000,1.00000
-644139.24933,-878536.81232,250.85400,456323295.41193,10.01000,262884.00000,3.70000,0.00000,0.00000,1.00000
-644577.34642,-878682.36441,253.61600,456323295.45908,10.47000,115567.00000,5.71000,0.00000,0.00000,1.00000
-644670.93894,-878979.51680,256.95100,456323295.50623,10.66000,332280.00000,2.79000,0.00000,0.00000,1.00000
-644686.71301,-879310.93037,258.05700,456323295.55338,10.95000,362210.00000,3.46000,0.00000,0.00000,1.00000
-644672.71306,-879655.45689,257.17300,456323295.60053,11.33000,457767.00000,3.18000,0.00000,0.00000,1.00000
-644606.58816,-880022.90562,255.40900,456323295.64767,11.27000,424403.00000,2.74000,0.00000,0.00000,1.00000
-644434.19606,-880437.10853,252.88600,456323295.69482,11.14000,832281.00000,3.19000,0.00000,0.00000,1.00000
-644142.00321,-880904.03039,250.30300,456323295.74197,11.13000,1097582.00000,2.87000,0.00000,0.00000,1.00000
-643559.42963,-881498.70113,249.28700,456323295.78912,11.57000,292729.00000,3.08000,0.00000,0.00000,1.00000
-643103.41420,-882037.67524,249.20300,456323295.83627,11.94000,935885.00000,2.57000,0.00000,0.00000,1.00000
-642771.25148,-882522.14196,250.06600,456323295.88342,12.26000,259104.00000,2.26000,0.00000,0.00000,1.00000
-642531.80487,-882965.80419,249.39300,456323295.93057,12.81000,457303.00000,2.10000,0.00000,0.00000,1.00000
-642350.56001,-883383.85775,248.44800,456323295.97772,13.08000,366077.00000,1.74000,0.00000,0.00000,1.00000
-642299.94973,-883744.44790,247.15900,456323296.02487,12.96000,717276.00000,2.54000,0.00000,0.00000,1.00000
-642410.42968,-884034.15571,247.33900,456323296.07202,13.31000,283803.00000,2.11000,0.00000,0.00000,1.00000
-642472.16459,-884345.30997,244.84500,456323296.11917,13.33000,497005.00000,2.11000,0.00000,0.00000,1.00000
-642735.61589,-884567.74365,242.08500,456323296.16631,13.38000,237800.00000,2.97000,0.00000,0.00000,1.00000
-643470.86888,-884582.64262,238.26400,456323296.21346,13.37000,441685.00000,2.81000,0.00000,0.00000,1.00000
-643958.37045,-884706.50688,234.98400,456323296.26061,13.49000,266715.00000,2.67000,0.00000,0.00000,1.00000
-644075.62603,-884993.27223,233.16000,456323296.30776,13.84000,400654.00000,2.10000,0.00000,0.00000,1.00000
-643958.64715,-885383.04189,229.84000,456323296.35491,14.32000,291955.00000,3.05000,0.00000,0.00000,1.00000
-643892.44624,-885750.49278,228.69700,456323296.40206,14.61000,332910.00000,2.70000,0.00000,0.00000,1.00000
-647213.70332,-884627.90496,194.07800,456323296.44921,14.83000,1058684.00000,2.67000,0.00000,0.00000,1.00000
-647018.20059,-885052.26120,194.92800,456323296.49636,14.94000,2124731.00000,2.96000,0.00000,0.00000,1.00000
-647004.80668,-885396.51973,194.91500,456323296.54351,15.20000,1785271.00000,3.14000,0.00000,0.00000,1.00000
-648844.97155,-884925.43466,197.70800,456323296.59066,15.95000,1579575.00000,8.91000,0.00000,0.00000,1.00000
-649052.95147,-885172.33797,199.71400,456323296.63781,16.30000,595293.00000,9.20000,0.00000,0.00000,1.00000
-649800.47608,-885181.89348,203.61700,456323296.68496,16.28000,678827.00000,7.46000,0.00000,0.00000,1.00000
-647801.50968,-886399.55748,190.31100,456323296.73211,16.02000,1168512.00000,7.45000,0.00000,0.00000,1.00000
-647182.18291,-887010.31965,189.77900,456323296.77926,15.94000,783950.00000,6.73000,0.00000,0.00000,1.00000
-646683.35054,-887568.05797,187.49900,456323296.82641,15.97000,989308.00000,6.73000,0.00000,0.00000,1.00000
-646717.32047,-887891.47558,186.54900,456323296.87356,15.72000,622647.00000,4.93000,0.00000,0.00000,1.00000
-649684.02086,-886925.06550,213.14000,456323296.92071,15.46000,350036.00000,4.28000,0.00000,0.00000,1.00000
-649446.52002,-887367.90528,214.05300,456323296.96786,15.05000,235886.00000,5.39000,0.00000,0.00000,1.00000
-649426.33236,-887715.17626,217.21900,456323297.01501,14.60000,284548.00000,5.56000,0.00000,0.00000,1.00000
-649242.30479,-888134.49093,219.26500,456323297.06216,14.62000,225140.00000,5.16000,0.00000,0.00000,1.00000
-649167.27247,-888505.86203,220.85300,456323297.10931,14.73000,241114.00000,5.79000,0.00000,0.00000,1.00000
-649241.86054,-888811.43831,222.81100,456323297.15646,15.04000,290890.00000,5.32000,0.00000,0.00000,1.00000
-649325.24696,-889113.13632,222.54500,456323297.20361,14.94000,1207611.00000,4.25000,0.00000,0.00000,1.00000
-648130.44327,-889976.90967,206.75800,456323297.25076,14.25000,1503376.00000,3.77000,0.00000,0.00000,1.00000
-649094.64354,-889891.28848,207.14100,456323297.29791,14.03000,1196606.00000,3.59000,0.00000,0.00000,1.00000
-649123.18991,-890217.10284,203.47300,456323297.34506,14.65000,2200900.00000,4.17000,0.00000,0.00000,1.00000
-648943.87027,-890634.31484,200.36900,456323297.39221,15.53000,1713065.00000,5.07000,0.00000,0.00000,1.00000
-648950.73933,-890969.66631,201.00000,456323297.43936,15.81000,851986.00000,4.85000,0.00000,0.00000,1.00000
-649164.10340,-891214.22418,202.87600,456323297.48651,15.79000,677519.00000,4.17000,0.00000,0.00000,1.00000
-649472.93483,-891416.80924,203.87100,456323297.53366,15.71000,204578.00000,4.86000,0.00000,0.00000,1.00000
-650080.36156,-891488.12254,203.65300,456323297.58081,15.26000,659564.00000,4.41000,0.00000,0.00000,1.00000
-647717.43874,-892865.35095,182.71500,456323297.62796,15.04000,437338.00000,2.93000,0.00000,0.00000,1.00000
-641300.28775,-885933.74999,269.00700,456495949.76377,14.77000,3998764.00000,3.16000,0.00000,0.00000,1.00000
-646363.80091,-884469.09704,395.92800,456495949.85809,14.49000,1293265.00000,3.01000,0.00000,0.00000,1.00000
