2010.625	2.02538997913
2010.70833333	2.06527521782
2010.79166667	1.80632004269
2010.875	1.98391273255
2010.95833333	1.8808705701
2011.04166667	2.30487550662
2011.125	2.21660083644
2011.20833333	2.51535475459
2011.29166667	2.43036505814
2011.375	2.52442944107
2011.45833333	2.68682504815
2011.54166667	2.68660676106
2011.625	2.85950974466
2011.70833333	2.89520700439
2011.79166667	2.98229457441
2011.875	3.08466801425
2011.95833333	3.22650688174
2012.04166667	3.25767457274
2012.125	3.27845167928
2012.20833333	3.44521002811
2012.29166667	3.86851568738
2012.375	4.04675127226
2012.45833333	4.14774111084
2012.54166667	4.28155295231
2012.625	4.00198265926
2012.70833333	3.11494104966
2012.79166667	1.73267017969
2012.875	0.896924731881
2012.95833333	-0.376365653855
2013.04166667	-1.18714040396
2013.125	-1.52545052513
2013.20833333	-1.82593647796
2013.29166667	-1.87233208249
2013.375	-1.89473215376
2013.45833333	-1.60985693696
2013.45833333	-1.67950956054
2013.375	-1.96061150918
2013.29166667	-1.93212238945
2013.20833333	-1.88733627256
2013.125	-1.58566571031
2013.04166667	-1.25354910202
2012.95833333	-0.439929013365
2012.875	0.817374862139
2012.79166667	1.66702936256
2012.70833333	3.04623962776
2012.625	3.93409711942
2012.54166667	4.21403134843
2012.45833333	4.08207644576
2012.375	3.98122568608
2012.29166667	3.80288918738
2012.20833333	3.38122283026
2012.125	3.22044136779
2012.04166667	3.20122772426
2011.95833333	3.16936521308
2011.875	3.02187416887
2011.79166667	2.91816312327
2011.70833333	2.83031072052
2011.625	2.79361101237
2011.54166667	2.62059650239
2011.45833333	2.61989924775
2011.375	2.45809455814
2011.29166667	2.36459335842
2011.20833333	2.45102573647
2011.125	2.14944516415
2011.04166667	2.24453064522
2010.95833333	1.82234512584
2010.875	1.91773594756
2010.79166667	1.72827345259
2010.70833333	1.97974521803
2010.625	1.93990047689
