-341481.77734,-523003.93320,138.33400,434890171.91349,14.31000,2527893.00000,4.81000,0.00000,0.00000,0.00000
-341076.51828,-523047.28303,138.95100,434890171.95972,14.10000,2119188.00000,5.16000,0.00000,0.00000,0.00000
-341835.82027,-521479.33487,133.67600,434890172.00595,14.36000,1935186.00000,7.35000,0.00000,0.00000,0.00000
-340578.47184,-522701.63541,135.42100,434890172.05218,14.48000,1387809.00000,7.20000,0.00000,0.00000,0.00000
-340424.97342,-522396.62783,136.07000,434890172.09842,14.60000,1895552.00000,8.61000,0.00000,0.00000,0.00000
-340479.95505,-521803.22057,135.78800,434890172.14465,14.38000,3370038.00000,5.71000,0.00000,0.00000,0.00000
-341156.07873,-520350.43281,136.23200,434890172.19088,14.20000,3097144.00000,4.81000,0.00000,0.00000,0.00000
-340626.43329,-520565.88331,136.59200,434890172.23711,14.15000,471045.00000,4.38000,0.00000,0.00000,0.00000
-339664.55947,-521379.28635,139.08400,434890172.28334,13.97000,766049.00000,4.49000,0.00000,0.00000,0.00000
-339385.41273,-521248.16271,142.22200,434890172.32958,13.80000,1794572.00000,4.69000,0.00000,0.00000,0.00000
-339100.31131,-521125.24296,142.98200,434890172.37581,13.79000,1500731.00000,4.33000,0.00000,0.00000,0.00000
-341526.16165,-517251.91349,147.33000,434890172.42204,13.69000,609806.00000,4.35000,0.00000,0.00000,0.00000
-338848.99620,-520438.30520,144.61200,434890172.46827,13.75000,3600427.00000,5.25000,0.00000,0.00000,0.00000
-338612.31183,-520248.42781,146.18800,434890172.51450,13.65000,3383315.00000,5.45000,0.00000,0.00000,0.00000
-338411.29618,-520009.21893,146.52300,434890172.56073,13.43000,4452423.00000,6.42000,0.00000,0.00000,0.00000
-339966.83203,-517340.09013,144.79800,434890172.60697,13.31000,338145.00000,5.62000,0.00000,0.00000,0.00000
-337307.39939,-520501.67348,152.16500,434890172.65320,13.29000,916835.00000,5.82000,0.00000,0.00000,0.00000
-337295.76190,-520000.49949,153.03300,434890172.69943,13.10000,440997.00000,5.52000,0.00000,0.00000,0.00000
-339635.58453,-516246.59960,148.01300,434890172.74566,12.91000,310526.00000,5.29000,0.00000,0.00000,0.00000
-339619.29075,-515751.90789,150.17300,434890172.79189,12.43000,471282.00000,3.71000,0.00000,0.00000,0.00000
-338969.93292,-516132.93934,145.98100,434890172.83813,12.06000,861891.00000,3.78000,0.00000,0.00000,0.00000
-338337.55041,-516490.46887,141.77700,434890172.88436,11.70000,1095897.00000,4.18000,0.00000,0.00000,0.00000
-336982.44968,-517847.64391,137.16200,434890172.93059,11.81000,2104334.00000,4.35000,0.00000,0.00000,0.00000
-336537.29269,-517946.13884,136.06600,434890172.97682,12.07000,875007.00000,5.63000,0.00000,0.00000,0.00000
-336174.08963,-517931.27489,134.64100,434890173.02305,12.05000,734935.00000,4.47000,0.00000,0.00000,0.00000
-335737.85130,-518017.43708,133.57800,434890173.06929,12.00000,877492.00000,3.70000,0.00000,0.00000,0.00000
-335944.94406,-517213.78898,131.72800,434890173.11552,12.21000,3157699.00000,3.36000,0.00000,0.00000,0.00000
-335512.09642,-517295.23718,130.88000,434890173.16175,12.14000,2023671.00000,3.81000,0.00000,0.00000,0.00000
-335716.65381,-516495.11706,129.24400,434890173.20798,12.03000,3217162.00000,4.23000,0.00000,0.00000,0.00000
-335726.73646,-515963.98706,123.35500,434890173.25422,12.18000,1040094.00000,5.36000,0.00000,0.00000,0.00000
-335692.22803,-515494.54505,125.56300,434890173.30045,12.35000,1446174.00000,3.56000,0.00000,0.00000,0.00000
-335143.45160,-515736.31936,123.82500,434890173.34668,12.53000,3176516.00000,4.91000,0.00000,0.00000,0.00000
-335682.24438,-514474.00796,127.86900,434890173.39292,12.77000,4255407.00000,3.85000,0.00000,0.00000,0.00000
-333349.40878,-517183.05747,109.74900,434890173.43915,13.06000,2722372.00000,4.05000,0.00000,0.00000,0.00000
-334003.75396,-515760.97283,115.24800,434890173.48538,13.60000,2039633.00000,4.50000,0.00000,0.00000,0.00000
-333776.03078,-515558.74073,116.41000,434890173.53162,13.82000,344047.00000,6.02000,0.00000,0.00000,0.00000
-333523.24667,-515391.14898,116.13900,434890173.57785,13.74000,332088.00000,5.79000,0.00000,0.00000,0.00000
-333681.56841,-514655.06100,116.93100,434890173.62408,13.83000,246105.00000,7.26000,0.00000,0.00000,0.00000
-333891.71155,-513847.33877,119.20000,434890173.67032,13.97000,764188.00000,6.76000,0.00000,0.00000,0.00000
-327325.13793,-522409.96169,174.59200,434890173.71655,13.77000,4031537.00000,3.96000,0.00000,0.00000,0.00000
-331985.49470,-515449.00413,116.64300,434890173.76279,13.83000,9810086.00000,3.37000,0.00000,0.00000,0.00000
-332502.71637,-514216.65751,108.76300,434890173.80902,14.18000,2969291.00000,3.76000,0.00000,0.00000,0.00000
-331719.03740,-514783.14870,113.89500,434890173.85525,14.41000,3319456.00000,5.10000,0.00000,0.00000,0.00000
-331264.93570,-514893.89832,115.07500,434890173.90149,14.65000,2051169.00000,6.22000,0.00000,0.00000,0.00000
-333686.98742,-511027.74458,131.43400,434890173.94772,14.69000,1092822.00000,5.72000,0.00000,0.00000,0.00000
-331035.88556,-514176.38325,115.82300,434890173.99396,15.03000,704159.00000,9.19000,0.00000,0.00000,0.00000
-330492.17011,-514411.03718,115.53900,434890174.04019,15.31000,407862.00000,8.00000,0.00000,0.00000,0.00000
-330281.01920,-514185.86995,114.38400,434890174.08643,15.63000,505505.00000,7.71000,0.00000,0.00000,0.00000
-330714.62621,-513069.26457,114.11600,434890174.13267,16.05000,760114.00000,9.70000,0.00000,0.00000,0.00000
-330685.27853,-512592.77051,115.99700,434890174.17890,16.10000,2274915.00000,8.58000,0.00000,0.00000,0.00000
-329929.19183,-513121.02650,116.07900,434890174.22513,15.65000,1280968.00000,7.65000,0.00000,0.00000,0.00000
-329846.75419,-512717.93353,117.28500,434890174.27137,15.46000,1283521.00000,6.86000,0.00000,0.00000,0.00000
-330070.98456,-511890.86322,120.24300,434890174.31760,15.46000,3828480.00000,6.25000,0.00000,0.00000,0.00000
-330199.65541,-511195.92645,121.46200,434890174.36384,15.39000,5084633.00000,5.55000,0.00000,0.00000,0.00000
-327493.89045,-514419.49523,110.59400,434890174.41008,15.47000,1312882.00000,7.23000,0.00000,0.00000,0.00000
-327264.06098,-514220.14231,111.51700,434890174.45631,15.21000,787162.00000,6.10000,0.00000,0.00000,0.00000
-329530.60486,-510569.78158,126.43900,434890174.50254,14.93000,685030.00000,6.82000,0.00000,0.00000,0.00000
-329511.04903,-510079.79389,128.53700,434890174.54878,14.79000,2762697.00000,5.94000,0.00000,0.00000,0.00000
-327305.65120,-512611.51666,112.28300,434890174.59502,14.68000,682685.00000,8.62000,0.00000,0.00000,0.00000
-326905.49914,-512647.64070,113.59100,434890174.64125,14.30000,374199.00000,7.40000,0.00000,0.00000,0.00000
-327055.44168,-511923.33276,114.10100,434890174.68748,14.56000,576142.00000,6.95000,0.00000,0.00000,0.00000
-328689.54581,-509147.45434,133.56300,434890174.73372,14.44000,1539438.00000,7.83000,0.00000,0.00000,0.00000
-326871.94189,-511142.97213,115.91600,434890174.77996,13.96000,1363777.00000,5.83000,0.00000,0.00000,0.00000
-326934.39272,-510539.64391,118.30300,434890174.82619,13.54000,1048653.00000,4.79000,0.00000,0.00000,0.00000
-327580.92063,-509128.99982,132.03800,434890174.87243,13.55000,2926403.00000,4.03000,0.00000,0.00000,0.00000
-324222.00357,-513254.75925,108.49900,434890174.91866,13.69000,780413.00000,3.74000,0.00000,0.00000,0.00000
-327028.74467,-508858.32780,130.95500,434890174.96489,13.86000,520666.00000,4.58000,0.00000,0.00000,0.00000
-326841.86388,-508599.69026,131.56700,434890175.01113,14.01000,215605.00000,5.31000,0.00000,0.00000,0.00000
-326990.56488,-507877.19658,134.22600,434890175.05737,14.02000,125569.00000,6.05000,0.00000,0.00000,0.00000
-326920.93708,-507456.51587,135.79700,434890175.10360,14.09000,241137.00000,5.95000,0.00000,0.00000,0.00000
-326776.54221,-507139.15696,136.65200,434890175.14983,14.10000,308973.00000,8.22000,0.00000,0.00000,0.00000
-326588.82932,-506881.69321,136.39600,434890175.19607,13.89000,896207.00000,9.21000,0.00000,0.00000,0.00000
-322669.78380,-504028.04887,149.34000,434890175.93582,13.70000,152512.00000,6.82000,0.00000,0.00000,0.00000
-322116.84542,-503758.50273,151.92200,434890176.02829,12.93000,1140517.00000,3.23000,0.00000,0.00000,0.00000
-321687.12430,-503318.71157,156.11400,434890176.12076,12.64000,453658.00000,4.38000,0.00000,0.00000,0.00000
-321174.87154,-503509.72928,153.46700,434890176.16699,12.50000,152957.00000,6.56000,0.00000,0.00000,0.00000
-320689.36919,-503663.74680,152.32800,434890176.21323,12.42000,179434.00000,8.33000,0.00000,0.00000,0.00000
-320821.20710,-502964.83623,157.31900,434890176.25946,12.01000,234432.00000,7.12000,0.00000,0.00000,0.00000
-320366.02593,-502560.26872,161.55300,434890176.35193,11.72000,863470.00000,4.18000,0.00000,0.00000,0.00000
-319892.43276,-502697.84210,160.43400,434890176.39816,11.62000,1034542.00000,4.31000,0.00000,0.00000,0.00000
-319582.41748,-502609.41960,160.87400,434890176.44439,11.41000,1480831.00000,3.37000,0.00000,0.00000,0.00000
-319331.89327,-502438.82428,161.82800,434890176.49062,11.28000,1089943.00000,3.66000,0.00000,0.00000,0.00000
-308590.11314,-503696.67176,118.81300,434943927.46319,11.31000,1671038.00000,3.19000,0.00000,0.00000,1.00000
-308138.95811,-504073.52804,114.12500,434943927.50950,11.68000,2487615.00000,4.25000,0.00000,0.00000,1.00000
-308141.63417,-504380.16068,113.42500,434943927.55580,12.01000,1231210.00000,5.56000,0.00000,0.00000,1.00000
-307711.25346,-504753.79262,110.13300,434943927.60211,12.12000,616401.00000,6.02000,0.00000,0.00000,1.00000
-308037.27000,-505010.38137,111.15100,434943927.64842,12.21000,321867.00000,7.76000,0.00000,0.00000,1.00000
-303176.68554,-506069.36651,95.82500,434943927.69472,12.13000,370098.00000,8.41000,0.00000,0.00000,1.00000
-307988.10403,-505632.06307,109.34600,434943927.74103,12.25000,316650.00000,7.80000,0.00000,0.00000,1.00000
-307758.46209,-505974.62667,107.02100,434943927.78734,12.28000,272349.00000,6.89000,0.00000,0.00000,1.00000
-307738.17330,-506284.79715,105.95100,434943927.83364,12.61000,292241.00000,8.07000,0.00000,0.00000,1.00000
-307129.95685,-506685.91524,101.33500,434943927.87995,12.15000,251824.00000,8.03000,0.00000,0.00000,1.00000
-307277.44104,-506970.13136,100.03100,434943927.92626,11.60000,475699.00000,8.72000,0.00000,0.00000,1.00000
-306585.31764,-507384.21488,97.21400,434943927.97256,11.23000,479825.00000,5.56000,0.00000,0.00000,1.00000
-307604.66797,-507533.59228,99.46800,434943928.01887,11.10000,2593011.00000,6.67000,0.00000,0.00000,1.00000
-307276.76055,-507891.33890,99.54800,434943928.06518,10.66000,870039.00000,4.89000,0.00000,0.00000,1.00000
-306984.69772,-508243.53410,100.14700,434943928.11149,10.52000,936240.00000,4.77000,0.00000,0.00000,1.00000
-306731.35626,-508589.73679,100.00600,434943928.15779,10.54000,920779.00000,5.58000,0.00000,0.00000,1.00000
-305132.18684,-509144.01770,100.10800,434943928.20410,10.87000,807272.00000,3.40000,0.00000,0.00000,1.00000
-303913.03563,-509639.50572,105.73700,434943928.25041,11.02000,838975.00000,3.32000,0.00000,0.00000,1.00000
-304389.59008,-509872.84735,106.52900,434943928.29671,11.10000,398169.00000,5.97000,0.00000,0.00000,1.00000
-304224.42495,-510205.38360,108.95400,434943928.34302,11.42000,183361.00000,5.18000,0.00000,0.00000,1.00000
-303834.12306,-510572.72318,110.88000,434943928.38933,11.38000,331658.00000,4.52000,0.00000,0.00000,1.00000
-303251.65806,-510969.74205,113.34900,434943928.43564,11.55000,510880.00000,4.82000,0.00000,0.00000,1.00000
-307020.01219,-510694.29514,100.04400,434943928.48194,11.78000,425846.00000,5.12000,0.00000,0.00000,1.00000
-302623.04534,-511680.88241,118.75700,434943928.52825,11.76000,208000.00000,6.17000,0.00000,0.00000,1.00000
-302793.41670,-511961.54493,118.53000,434943928.57456,11.85000,914720.00000,6.47000,0.00000,0.00000,1.00000
-302975.26118,-512240.44497,117.08800,434943928.62086,11.93000,1358028.00000,7.34000,0.00000,0.00000,1.00000
-303447.48772,-512474.46781,115.18200,434943928.66717,11.87000,128999.00000,5.84000,0.00000,0.00000,1.00000
-308660.67804,-511975.86897,110.00000,434943928.71347,11.90000,945650.00000,4.22000,0.00000,0.00000,1.00000
-304363.98034,-512946.83931,109.99800,434943928.75978,12.18000,5531450.00000,4.11000,0.00000,0.00000,1.00000
-305396.92738,-513094.24701,110.59800,434943928.80609,12.36000,704237.00000,5.26000,0.00000,0.00000,1.00000
-306288.62544,-513263.49404,112.94000,434943928.85239,12.28000,1105463.00000,6.47000,0.00000,0.00000,1.00000
-305871.74996,-513634.91077,115.43000,434943928.89870,12.28000,3878895.00000,6.67000,0.00000,0.00000,1.00000
-305423.32766,-514011.20141,119.87200,434943928.94500,12.16000,672716.00000,7.70000,0.00000,0.00000,1.00000
-306484.94258,-514154.20946,123.11300,434943928.99131,11.33000,166599.00000,7.73000,0.00000,0.00000,1.00000
-306464.57296,-514464.37600,127.87900,434943929.03762,9.93000,1025907.00000,3.11000,0.00000,0.00000,1.00000
-305408.11294,-514934.56902,131.69800,434943929.08392,9.58000,1903942.00000,1.89000,0.00000,0.00000,1.00000
-304612.65371,-515364.42974,136.13600,434943929.13023,9.68000,1009178.00000,1.49000,0.00000,0.00000,1.00000
-304249.55176,-515727.51059,136.85300,434943929.17654,10.19000,452832.00000,1.71000,0.00000,0.00000,1.00000
-306776.78038,-515644.21594,113.50600,434943929.22284,10.50000,3322488.00000,1.88000,0.00000,0.00000,1.00000
-307762.43776,-515799.00867,110.36100,434943929.26915,10.62000,1923569.00000,2.15000,0.00000,0.00000,1.00000
-305844.73756,-516402.18053,114.66400,434943929.31545,10.91000,5887727.00000,1.92000,0.00000,0.00000,1.00000
-303362.77727,-517092.41344,127.50700,434943929.36176,11.29000,2115024.00000,3.57000,0.00000,0.00000,1.00000
-303728.86610,-517342.89048,125.71000,434943929.40807,11.53000,279215.00000,4.21000,0.00000,0.00000,1.00000
-304317.23243,-517559.04404,124.11100,434943929.45437,12.00000,180622.00000,5.95000,0.00000,0.00000,1.00000
-305796.17477,-517637.72090,123.77100,434943929.50068,12.34000,114606.00000,7.68000,0.00000,0.00000,1.00000
-306353.71842,-517858.65232,124.53100,434943929.54698,12.24000,849395.00000,5.90000,0.00000,0.00000,1.00000
-306273.81653,-518178.00956,123.33100,434943929.59329,12.49000,675659.00000,5.27000,0.00000,0.00000,1.00000
-306198.20714,-518496.68939,120.46300,434943929.63959,12.83000,218581.00000,6.64000,0.00000,0.00000,1.00000
-306048.73676,-518826.76890,119.10900,434943929.68590,13.48000,131360.00000,8.34000,0.00000,0.00000,1.00000
-305858.39581,-519163.16581,118.29500,434943929.73221,13.53000,97945.00000,9.57000,0.00000,0.00000,1.00000
-306064.58268,-519438.35402,118.71200,434943929.77851,13.75000,88665.00000,8.75000,0.00000,0.00000,1.00000
-306353.22793,-519700.81365,120.51600,434943929.82482,13.76000,197794.00000,6.72000,0.00000,0.00000,1.00000
-306292.66414,-520017.17604,122.09100,434943929.87112,13.53000,289136.00000,6.52000,0.00000,0.00000,1.00000
-306323.88096,-520319.37064,124.23900,434943929.91743,13.34000,467948.00000,5.23000,0.00000,0.00000,1.00000
-306382.34665,-520617.36473,124.37900,434943929.96374,13.36000,355613.00000,4.40000,0.00000,0.00000,1.00000
-306278.03452,-520940.47461,123.52800,434943930.01004,13.42000,346106.00000,5.92000,0.00000,0.00000,1.00000
-306085.51651,-521277.18657,124.29900,434943930.05635,13.80000,279067.00000,7.66000,0.00000,0.00000,1.00000
-306323.24377,-521547.52254,126.61200,434943930.10265,13.66000,144595.00000,5.88000,0.00000,0.00000,1.00000
-306859.97826,-521771.70981,129.09300,434943930.14896,13.44000,161676.00000,5.80000,0.00000,0.00000,1.00000
-307073.31987,-522045.81411,132.12100,434943930.19526,13.56000,419808.00000,5.71000,0.00000,0.00000,1.00000
-306832.75380,-522389.94381,133.91300,434943930.24157,13.49000,298500.00000,6.93000,0.00000,0.00000,1.00000
-306584.28835,-522735.27181,135.82600,434943930.28787,13.14000,257294.00000,5.08000,0.00000,0.00000,1.00000
-306453.43091,-523062.47120,138.18400,434943930.33418,13.11000,850212.00000,3.37000,0.00000,0.00000,1.00000
-306431.55660,-523372.84430,139.99400,434943930.38048,13.26000,346776.00000,4.33000,0.00000,0.00000,1.00000
-306487.13246,-523671.28548,139.88100,434943930.42679,13.42000,909298.00000,3.41000,0.00000,0.00000,1.00000
-306609.39382,-523959.44350,138.27500,434943930.47309,13.31000,2514177.00000,2.83000,0.00000,0.00000,1.00000
-306613.33207,-524265.84396,135.20400,434943930.51940,13.40000,2119990.00000,3.24000,0.00000,0.00000,1.00000
-306620.84975,-524571.68591,134.47200,434943930.56570,13.59000,371564.00000,5.11000,0.00000,0.00000,1.00000
-306772.50671,-524855.31662,134.15400,434943930.61201,13.57000,394943.00000,4.58000,0.00000,0.00000,1.00000
-307086.22186,-525113.95023,133.81200,434943930.65831,13.46000,1428433.00000,3.65000,0.00000,0.00000,1.00000
-307227.11579,-525399.23721,132.72700,434943930.70462,13.28000,3502367.00000,3.30000,0.00000,0.00000,1.00000
-307493.50554,-525665.17656,129.76600,434943930.75092,13.26000,640919.00000,3.57000,0.00000,0.00000,1.00000
-307518.23047,-525968.38210,127.04700,434943930.79723,13.55000,203036.00000,5.58000,0.00000,0.00000,1.00000
-307268.29555,-526313.92357,125.64800,434943930.84353,14.10000,140520.00000,10.37000,0.00000,0.00000,1.00000
-307068.55572,-526651.73307,125.79100,434943930.88984,13.91000,113782.00000,9.27000,0.00000,0.00000,1.00000
-306907.54187,-526983.57948,126.82500,434943930.93615,13.82000,355449.00000,6.87000,0.00000,0.00000,1.00000
-306898.54607,-527291.97185,127.60300,434943930.98245,13.78000,148915.00000,6.87000,0.00000,0.00000,1.00000
-306794.88686,-527614.95348,128.10600,434943931.02876,13.56000,235223.00000,7.30000,0.00000,0.00000,1.00000
-306615.93310,-527949.54806,128.35100,434943931.07506,13.48000,172486.00000,5.88000,0.00000,0.00000,1.00000
-306389.64270,-528291.43443,128.15000,434943931.12137,13.64000,168461.00000,7.98000,0.00000,0.00000,1.00000
-305870.76430,-528678.39934,129.41300,434943931.16767,13.70000,163290.00000,8.39000,0.00000,0.00000,1.00000
-305827.33751,-528992.09930,130.54400,434943931.21398,13.42000,527965.00000,5.60000,0.00000,0.00000,1.00000
-306119.51461,-529254.07497,130.06100,434943931.26028,13.17000,206032.00000,6.18000,0.00000,0.00000,1.00000
-306348.58834,-529525.78609,129.71200,434943931.30659,13.02000,264933.00000,5.18000,0.00000,0.00000,1.00000
-306725.38711,-529774.73711,128.04800,434943931.35289,13.32000,312806.00000,5.49000,0.00000,0.00000,1.00000
-306936.52956,-530049.21484,126.95100,434943931.39920,13.51000,339179.00000,8.20000,0.00000,0.00000,1.00000
-306855.80254,-530368.67116,128.08200,434943931.44550,13.49000,233707.00000,8.09000,0.00000,0.00000,1.00000
-306628.76873,-530710.64605,130.10600,434943931.49181,13.40000,392199.00000,7.20000,0.00000,0.00000,1.00000
-306428.26986,-531048.53550,132.57900,434943931.53811,13.35000,966763.00000,5.37000,0.00000,0.00000,1.00000
-306642.98609,-531322.46361,132.09000,434943931.58442,13.07000,3538736.00000,4.05000,0.00000,0.00000,1.00000
-305964.16727,-531734.03393,139.69500,434943931.63072,12.86000,1781809.00000,4.01000,0.00000,0.00000,1.00000
-305816.00435,-532063.84380,140.18900,434943931.67703,12.84000,1380560.00000,4.00000,0.00000,0.00000,1.00000
-305679.31890,-532391.90124,140.22900,434943931.72333,12.85000,806571.00000,4.83000,0.00000,0.00000,1.00000
-305486.69011,-532728.56694,140.00100,434943931.76964,12.91000,1848974.00000,4.06000,0.00000,0.00000,1.00000
-305780.98845,-532990.23501,138.37000,434943931.81594,13.11000,474462.00000,5.24000,0.00000,0.00000,1.00000
-306571.56713,-533175.50225,137.27100,434943931.86225,12.77000,477989.00000,5.17000,0.00000,0.00000,1.00000
-307001.42411,-533416.32578,138.05300,434943931.90855,12.48000,742747.00000,4.64000,0.00000,0.00000,1.00000
-307155.89352,-533699.55539,139.63400,434943931.95486,12.34000,762224.00000,3.63000,0.00000,0.00000,1.00000
-307379.20742,-533972.18788,140.79900,434943932.00116,12.13000,319629.00000,4.47000,0.00000,0.00000,1.00000
-307569.52769,-534249.89939,141.04500,434943932.04747,12.11000,135271.00000,6.02000,0.00000,0.00000,1.00000
-308109.81869,-534473.73454,141.44300,434943932.09377,12.05000,76157.00000,10.24000,0.00000,0.00000,1.00000
-308820.08068,-534671.41444,143.26600,434943932.14008,11.77000,306781.00000,6.17000,0.00000,0.00000,1.00000
-308813.89748,-534979.38893,142.67800,434943932.18638,11.76000,2365029.00000,5.95000,0.00000,0.00000,1.00000
-308895.20078,-535273.89278,147.21700,434943932.23269,11.81000,5707308.00000,4.79000,0.00000,0.00000,1.00000
-308970.77247,-535569.27891,144.52000,434943932.27899,12.03000,1891367.00000,5.39000,0.00000,0.00000,1.00000
-309037.01691,-535866.10978,145.23400,434943932.32529,12.17000,107820.00000,8.60000,0.00000,0.00000,1.00000
-309567.26192,-536091.50939,146.33900,434943932.37160,11.96000,162678.00000,9.14000,0.00000,0.00000,1.00000
-309759.72584,-536368.91907,147.82700,434943932.41790,11.77000,433067.00000,4.81000,0.00000,0.00000,1.00000
-309715.51705,-536682.75031,149.07900,434943932.46421,11.85000,3793906.00000,5.38000,0.00000,0.00000,1.00000
-335578.74375,-530979.48660,157.73700,435062825.27908,14.12000,915884.00000,6.00000,0.00000,0.00000,0.00000
-335582.45477,-530467.40361,153.13800,435062825.32535,14.12000,3520092.00000,5.51000,0.00000,0.00000,0.00000
-335227.49904,-530435.99623,153.86700,435062825.37161,14.01000,2435695.00000,6.33000,0.00000,0.00000,0.00000
-334961.45748,-530285.43807,154.02800,435062825.41788,13.73000,2155270.00000,5.96000,0.00000,0.00000,0.00000
-334547.07626,-530333.64033,155.61300,435062825.46415,13.85000,1179290.00000,6.32000,0.00000,0.00000,0.00000
-334322.24002,-530127.85807,155.72000,435062825.51041,13.60000,873745.00000,6.42000,0.00000,0.00000,0.00000
-334242.70715,-529727.37674,154.80100,435062825.55668,13.63000,690920.00000,8.62000,0.00000,0.00000,0.00000
-334131.50665,-529369.30905,154.11200,435062825.60295,13.86000,405847.00000,8.05000,0.00000,0.00000,0.00000
-334192.50612,-528780.51021,152.59800,435062825.64921,13.88000,182545.00000,8.22000,0.00000,0.00000,0.00000
-334139.43297,-528344.56194,151.73900,435062825.69548,14.14000,212542.00000,10.04000,0.00000,0.00000,0.00000
-334160.53856,-527809.23518,150.96100,435062825.74175,14.24000,203299.00000,11.93000,0.00000,0.00000,0.00000
-334399.82251,-526981.57559,151.58200,435062825.78802,13.77000,360325.00000,9.18000,0.00000,0.00000,0.00000
-334425.27711,-526440.45142,153.20700,435062825.83428,13.32000,1123483.00000,6.83000,0.00000,0.00000,0.00000
-334272.03637,-526138.77887,153.22600,435062825.88055,13.47000,1814610.00000,6.47000,0.00000,0.00000,0.00000
-333772.23667,-526301.47233,152.35800,435062825.92682,13.16000,1560959.00000,5.68000,0.00000,0.00000,0.00000
-332440.92686,-527578.29704,146.73800,435062825.97308,13.06000,1109131.00000,7.04000,0.00000,0.00000,0.00000
-332151.03854,-527459.67035,146.01800,435062826.01935,12.70000,1316211.00000,4.74000,0.00000,0.00000,0.00000
-332118.82174,-526995.83657,145.11600,435062826.06562,12.28000,1034378.00000,4.23000,0.00000,0.00000,0.00000
-332336.45266,-526197.23764,150.66400,435062826.11189,12.18000,4181498.00000,3.82000,0.00000,0.00000,0.00000
-331293.97836,-527086.95259,142.84000,435062826.15815,12.30000,1704732.00000,4.24000,0.00000,0.00000,0.00000
-330987.17952,-526990.98751,141.74500,435062826.20442,12.01000,3687099.00000,3.23000,0.00000,0.00000,0.00000
-330722.46391,-526838.65428,140.40400,435062826.25069,11.94000,2634085.00000,4.21000,0.00000,0.00000,0.00000
-330246.92247,-526968.76268,139.72300,435062826.29696,11.82000,7589762.00000,3.15000,0.00000,0.00000,0.00000
-330783.86253,-525742.43210,141.87700,435062826.34323,11.80000,2089777.00000,4.27000,0.00000,0.00000,0.00000
-329700.13552,-526687.32398,137.04500,435062826.38950,11.84000,6630749.00000,3.44000,0.00000,0.00000,0.00000
-330260.95323,-525429.03887,139.75800,435062826.43576,11.84000,576537.00000,3.78000,0.00000,0.00000,0.00000
-329972.38882,-525308.66341,138.20200,435062826.48203,11.73000,1186003.00000,3.21000,0.00000,0.00000,0.00000
-329702.03912,-525163.86822,136.96000,435062826.52830,11.66000,639832.00000,3.65000,0.00000,0.00000,0.00000
-329463.35641,-524976.64387,136.00500,435062826.57457,11.70000,978740.00000,3.50000,0.00000,0.00000,0.00000
-329184.77233,-524842.89347,135.46000,435062826.62084,11.59000,1747237.00000,3.05000,0.00000,0.00000,0.00000
-328876.68977,-524748.66083,134.44900,435062826.66711,11.46000,749254.00000,3.86000,0.00000,0.00000,0.00000
-328615.45585,-524591.65254,134.41500,435062826.71338,11.48000,941415.00000,3.14000,0.00000,0.00000,0.00000
-328299.99973,-524507.29244,133.39000,435062826.75965,11.49000,971417.00000,3.11000,0.00000,0.00000,0.00000
-327991.04192,-524414.20108,133.07100,435062826.80592,11.60000,2218270.00000,2.99000,0.00000,0.00000,0.00000
-327681.65223,-524321.69213,132.56700,435062826.85219,11.62000,1252762.00000,3.31000,0.00000,0.00000,0.00000
-327369.65830,-524232.66208,132.43000,435062826.89846,11.59000,1492160.00000,2.77000,0.00000,0.00000,0.00000
-327088.90056,-524101.78942,131.95100,435062826.94473,11.68000,1677258.00000,2.57000,0.00000,0.00000,0.00000
-326727.01974,-524079.59083,131.08800,435062826.99100,11.84000,1836964.00000,3.18000,0.00000,0.00000,0.00000
-326442.79864,-523953.37083,130.57800,435062827.03727,11.76000,444333.00000,2.95000,0.00000,0.00000,0.00000
-326093.05943,-523914.88504,130.00300,435062827.08354,11.69000,1467215.00000,3.19000,0.00000,0.00000,0.00000
-325784.10605,-523821.77778,129.48100,435062827.12981,11.87000,1329263.00000,3.28000,0.00000,0.00000,0.00000
-325476.02112,-523727.50605,128.91800,435062827.17608,11.86000,1494602.00000,3.32000,0.00000,0.00000,0.00000
-325220.00877,-523563.51375,127.87600,435062827.22235,11.93000,2363778.00000,2.97000,0.00000,0.00000,0.00000
-324924.07106,-523452.96348,126.93900,435062827.26862,12.13000,599288.00000,4.18000,0.00000,0.00000,0.00000
-324619.89290,-523353.45171,127.22500,435062827.31489,12.13000,1369260.00000,2.97000,0.00000,0.00000,0.00000
-324338.69974,-523223.13444,125.52500,435062827.36116,12.22000,1130116.00000,3.22000,0.00000,0.00000,0.00000
-324043.19716,-523112.00366,123.96100,435062827.40743,12.23000,1114008.00000,3.48000,0.00000,0.00000,0.00000
-323732.94570,-523020.62685,123.21700,435062827.45370,11.98000,3858076.00000,2.82000,0.00000,0.00000,0.00000
-323446.12235,-522897.85707,123.46300,435062827.49997,11.93000,475496.00000,3.35000,0.00000,0.00000,0.00000
-323234.79691,-522673.99264,120.76100,435062827.54624,12.19000,2676978.00000,4.15000,0.00000,0.00000,0.00000
-325465.52283,-519179.88005,104.80800,435062827.59251,12.22000,962802.00000,3.77000,0.00000,0.00000,0.00000
-322710.63022,-522362.21965,119.82500,435062827.63879,12.42000,1349076.00000,4.99000,0.00000,0.00000,0.00000
-322442.03667,-522215.03902,119.59300,435062827.68506,12.55000,1900751.00000,6.13000,0.00000,0.00000,0.00000
-322301.02016,-521897.03568,118.21000,435062827.73133,12.54000,1227412.00000,7.10000,0.00000,0.00000,0.00000
-322240.71804,-521470.95611,116.42700,435062827.77760,12.81000,919308.00000,8.79000,0.00000,0.00000,0.00000
-322132.26071,-521109.38060,115.60800,435062827.82387,12.78000,762841.00000,8.47000,0.00000,0.00000,0.00000
-321997.33045,-520783.23553,115.14500,435062827.87014,12.93000,587966.00000,8.37000,0.00000,0.00000,0.00000
-321810.76144,-520526.23699,114.61700,435062827.91641,13.14000,396743.00000,7.65000,0.00000,0.00000,0.00000
-321559.97686,-520355.23563,114.52700,435062827.96268,13.20000,416120.00000,7.56000,0.00000,0.00000,0.00000
-321264.92282,-520243.48267,114.82500,435062828.00896,12.99000,669717.00000,5.95000,0.00000,0.00000,0.00000
-320973.78003,-520126.50697,115.17000,435062828.05523,12.76000,1612873.00000,5.85000,0.00000,0.00000,0.00000
-320742.09228,-519929.92968,115.26300,435062828.10150,12.97000,2280561.00000,5.20000,0.00000,0.00000,0.00000
-320677.03729,-519510.25565,108.63700,435062828.14777,13.21000,2002730.00000,7.39000,0.00000,0.00000,0.00000
-320181.50862,-519666.91707,114.83900,435062828.19404,12.90000,1882048.00000,5.62000,0.00000,0.00000,0.00000
-320233.19746,-519090.94927,108.33300,435062828.24032,12.76000,2449494.00000,5.70000,0.00000,0.00000,0.00000
-319983.72827,-518918.19601,108.24400,435062828.28659,12.91000,2257053.00000,6.03000,0.00000,0.00000,0.00000
-319870.08600,-518563.57236,107.01700,435062828.33286,13.26000,2626571.00000,6.30000,0.00000,0.00000,0.00000
-319526.87707,-518516.30657,107.31800,435062828.37913,13.71000,2801752.00000,7.96000,0.00000,0.00000,0.00000
-319000.09181,-518714.78794,109.07100,435062828.42540,13.81000,1225227.00000,7.49000,0.00000,0.00000,0.00000
-318825.70862,-518441.51865,108.43400,435062828.47168,13.71000,1297537.00000,9.68000,0.00000,0.00000,0.00000
-318481.63327,-518395.39610,109.95100,435062828.51795,13.60000,313856.00000,10.25000,0.00000,0.00000,0.00000
-318391.44560,-518009.40529,109.51600,435062828.56422,13.78000,168564.00000,10.33000,0.00000,0.00000,0.00000
-318606.36364,-517214.99559,107.66800,435062828.61049,13.68000,129158.00000,12.86000,0.00000,0.00000,0.00000
-318867.29498,-516359.01207,107.71800,435062828.65676,13.54000,178829.00000,11.30000,0.00000,0.00000,0.00000
-318869.12920,-515849.86494,108.26200,435062828.70304,13.57000,544987.00000,8.12000,0.00000,0.00000,0.00000
-318469.95286,-515877.52937,106.87200,435062828.74931,13.52000,2888145.00000,7.06000,0.00000,0.00000,0.00000
-317961.40593,-516051.59496,106.41000,435062828.79558,13.50000,1538041.00000,7.49000,0.00000,0.00000,0.00000
-317525.76799,-516128.05677,106.65300,435062828.84185,13.26000,593512.00000,5.85000,0.00000,0.00000,0.00000
-317101.83668,-516188.80790,106.72400,435062828.88813,13.13000,508701.00000,5.47000,0.00000,0.00000,0.00000
-316445.26808,-516560.94797,107.64300,435062828.93440,12.64000,802248.00000,4.47000,0.00000,0.00000,0.00000
-316064.31406,-516564.20124,107.95900,435062828.98067,12.70000,521958.00000,5.21000,0.00000,0.00000,0.00000
-315823.97771,-516379.20749,107.44100,435062829.02694,12.77000,313803.00000,4.30000,0.00000,0.00000,0.00000
-317422.19957,-513733.39488,114.63200,435062829.07322,12.93000,4403930.00000,4.07000,0.00000,0.00000,0.00000
-317097.25472,-513661.70104,113.02300,435062829.11949,12.87000,3442311.00000,4.59000,0.00000,0.00000,0.00000
-316843.92106,-513494.15444,112.55500,435062829.16576,13.05000,3585327.00000,4.84000,0.00000,0.00000,0.00000
-316362.28485,-513632.16328,111.35200,435062829.21203,13.08000,888318.00000,5.73000,0.00000,0.00000,0.00000
-316342.02987,-513152.65934,111.12100,435062829.25831,13.53000,342877.00000,9.37000,0.00000,0.00000,0.00000
-316271.86521,-512739.96068,111.09200,435062829.30458,13.95000,563431.00000,9.57000,0.00000,0.00000,0.00000
-315848.82819,-512799.54337,110.50700,435062829.35085,13.40000,837015.00000,7.08000,0.00000,0.00000,0.00000
-315495.66595,-512765.58538,111.24100,435062829.39713,13.24000,762374.00000,4.56000,0.00000,0.00000,0.00000
-315095.63702,-512794.37497,110.48900,435062829.44340,13.27000,663513.00000,5.34000,0.00000,0.00000,0.00000
-314664.78716,-512864.40509,109.56400,435062829.48967,13.14000,448991.00000,5.08000,0.00000,0.00000,0.00000
-314130.61973,-513072.66950,109.29100,435062829.53594,13.08000,454227.00000,6.33000,0.00000,0.00000,0.00000
-313654.18258,-513203.67579,109.66400,435062829.58222,13.21000,794425.00000,5.33000,0.00000,0.00000,0.00000
-313457.28679,-512960.59125,107.17700,435062829.62849,13.49000,3656318.00000,6.82000,0.00000,0.00000,0.00000
-312924.41103,-513167.08519,111.08800,435062829.67476,13.32000,1822358.00000,5.16000,0.00000,0.00000,0.00000
-312758.77630,-512882.17634,111.51700,435062829.72104,12.98000,562212.00000,6.96000,0.00000,0.00000,0.00000
-312614.41211,-512568.79923,112.30700,435062829.76731,13.21000,273837.00000,7.39000,0.00000,0.00000,0.00000
-312630.22611,-512041.08053,113.95300,435062829.81358,12.72000,409105.00000,6.63000,0.00000,0.00000,0.00000
-312413.80532,-511824.12222,116.60100,435062829.85986,12.37000,958176.00000,5.65000,0.00000,0.00000,0.00000
-312048.06220,-511806.97466,118.19300,435062829.90613,12.16000,718606.00000,5.45000,0.00000,0.00000,0.00000
-311404.93503,-512160.99032,119.85300,435062829.95240,12.27000,1026188.00000,7.33000,0.00000,0.00000,0.00000
-310896.80433,-512334.34486,121.86500,435062829.99867,12.15000,1569179.00000,6.66000,0.00000,0.00000,0.00000
-310439.46513,-512439.74463,123.77100,435062830.04495,12.09000,939295.00000,5.56000,0.00000,0.00000,0.00000
-310040.72254,-512466.71639,124.99800,435062830.09122,12.14000,148081.00000,4.97000,0.00000,0.00000,0.00000
-310524.52131,-511312.90865,107.40100,435062830.13749,12.26000,416799.00000,5.53000,0.00000,0.00000,0.00000
-310101.90459,-511371.83034,108.48200,435062830.18377,12.61000,1167432.00000,6.02000,0.00000,0.00000,0.00000
-309142.26834,-512149.22386,112.35800,435062830.23004,13.26000,1210885.00000,9.91000,0.00000,0.00000,0.00000
-309460.71203,-511216.68216,109.50300,435062830.27631,13.87000,164642.00000,12.53000,0.00000,0.00000,0.00000
-313115.31766,-505820.58185,127.05300,435062830.32258,13.71000,1118504.00000,6.96000,0.00000,0.00000,0.00000
-309420.36626,-510257.68718,102.45200,435062830.36886,13.62000,438796.00000,7.16000,0.00000,0.00000,0.00000
-309226.98089,-510009.93550,100.12600,435062830.41513,13.44000,344828.00000,7.49000,0.00000,0.00000,0.00000
-308587.73366,-510358.68455,100.74300,435062830.46140,13.17000,327459.00000,7.43000,0.00000,0.00000,0.00000
-308156.87215,-510428.62753,102.22000,435062830.50768,13.13000,712731.00000,5.95000,0.00000,0.00000,0.00000
-307946.54987,-510203.50530,101.10600,435062830.55395,13.15000,534355.00000,5.13000,0.00000,0.00000,0.00000
-307590.79887,-510172.97735,100.04500,435062830.60022,13.49000,538480.00000,5.57000,0.00000,0.00000,0.00000
-306587.24461,-511008.96197,102.89800,435062830.64650,13.66000,1027740.00000,6.72000,0.00000,0.00000,0.00000
-306187.18400,-511037.64313,102.47400,435062830.69277,13.72000,113578.00000,9.74000,0.00000,0.00000,0.00000
-306534.36024,-510066.78848,99.61700,435062830.73904,13.26000,309385.00000,7.23000,0.00000,0.00000,0.00000
-306937.54845,-509021.00746,100.70700,435062830.78532,13.07000,2604367.00000,4.86000,0.00000,0.00000,0.00000
-306531.87200,-509057.24309,103.25200,435062830.83159,13.54000,110561.00000,7.52000,0.00000,0.00000,0.00000
-305876.52834,-509427.41002,104.48900,435062830.87787,13.47000,1157964.00000,7.25000,0.00000,0.00000,0.00000
-305729.17849,-509118.07310,102.91800,435062830.92414,13.51000,253266.00000,8.45000,0.00000,0.00000,0.00000
-306142.37937,-508058.97468,100.30500,435062830.97041,13.15000,681264.00000,7.64000,0.00000,0.00000,0.00000
-305861.30862,-507928.51343,98.92700,435062831.01669,12.71000,2081901.00000,5.98000,0.00000,0.00000,0.00000
-305828.17309,-507466.44649,99.42000,435062831.06296,12.24000,2296883.00000,5.94000,0.00000,0.00000,0.00000
-305366.04413,-507578.15288,99.91700,435062831.10924,11.36000,4488685.00000,6.09000,0.00000,0.00000,0.00000
-304589.12345,-508110.89430,104.85500,435062831.15551,9.77000,836464.00000,6.33000,0.00000,0.00000,0.00000
-303565.12501,-508974.05427,111.50500,435062831.20178,8.51000,1927216.00000,5.02000,0.00000,0.00000,0.00000
-303328.78030,-508783.75422,112.15600,435062831.24806,8.05000,453556.00000,5.19000,0.00000,0.00000,0.00000
-303109.80987,-508570.22496,113.16400,435062831.29433,8.42000,385684.00000,5.93000,0.00000,0.00000,0.00000
-305626.82388,-504697.55605,104.87100,435062831.34061,8.94000,1377213.00000,5.48000,0.00000,0.00000,0.00000
-304539.45053,-505645.49881,103.61500,435062831.38688,9.54000,1435747.00000,6.61000,0.00000,0.00000,0.00000
-303783.79965,-506149.75136,106.58000,435062831.43315,10.31000,775775.00000,4.73000,0.00000,0.00000,0.00000
-303832.32851,-505578.52042,104.08600,435062831.47943,10.86000,1426809.00000,4.87000,0.00000,0.00000,0.00000
-303232.55643,-505874.27785,107.08800,435062831.52570,11.50000,623002.00000,4.64000,0.00000,0.00000,0.00000
-302998.84604,-505680.50642,109.05000,435062831.57198,11.66000,1550934.00000,6.55000,0.00000,0.00000,0.00000
-331638.10560,-534736.71485,158.79300,435235478.83429,13.17000,5293071.00000,2.80000,0.00000,0.00000,0.00000
-329904.46061,-536490.36064,141.04000,435235478.88060,13.21000,645295.00000,2.57000,0.00000,0.00000,0.00000
-329527.16656,-536482.83682,138.78300,435235478.92691,13.15000,715871.00000,2.80000,0.00000,0.00000,0.00000
-330897.75280,-534205.90397,155.53100,435235478.97322,13.22000,3425566.00000,3.04000,0.00000,0.00000,0.00000
-330780.42381,-533860.87646,153.98300,435235479.01953,13.40000,3069063.00000,3.50000,0.00000,0.00000,0.00000
-330713.13435,-533450.87406,153.53400,435235479.06584,13.42000,2554507.00000,3.34000,0.00000,0.00000,0.00000
-330563.48982,-533147.82894,152.60600,435235479.11215,13.44000,2585548.00000,3.07000,0.00000,0.00000,0.00000
-329185.40142,-534439.69139,134.87000,435235479.15846,13.66000,3606485.00000,2.90000,0.00000,0.00000,0.00000
-328786.85880,-534459.75062,132.21600,435235479.20477,13.64000,3056638.00000,3.32000,0.00000,0.00000,0.00000
-328497.70452,-534337.79391,130.25300,435235479.25108,13.65000,2190043.00000,3.59000,0.00000,0.00000,0.00000
-328077.02050,-534386.60255,128.13900,435235479.29739,13.73000,2001899.00000,4.41000,0.00000,0.00000,0.00000
-327694.85648,-534385.37707,126.91200,435235479.34370,13.94000,2404490.00000,3.90000,0.00000,0.00000,0.00000
-327105.41981,-534653.22724,125.98700,435235479.39001,13.84000,2136358.00000,3.65000,0.00000,0.00000,0.00000
-326905.72899,-534415.12482,124.61600,435235479.43632,13.92000,1446501.00000,5.18000,0.00000,0.00000,0.00000
-326539.50696,-534393.19141,124.30500,435235479.48263,13.79000,1877753.00000,3.85000,0.00000,0.00000,0.00000
-326179.03901,-534363.77399,124.01700,435235479.52895,13.95000,420570.00000,4.53000,0.00000,0.00000,0.00000
-327831.54620,-531721.32114,137.99300,435235479.57526,14.04000,3147008.00000,5.30000,0.00000,0.00000,0.00000
-325416.03561,-534359.56620,124.15200,435235479.62157,13.98000,377399.00000,5.79000,0.00000,0.00000,0.00000
-325261.52729,-534062.80231,124.21000,435235479.66788,14.01000,556019.00000,6.66000,0.00000,0.00000,0.00000
-324968.82921,-533945.41585,124.35000,435235479.71419,13.99000,628173.00000,4.80000,0.00000,0.00000,0.00000
-326620.08501,-531304.73438,134.45400,435235479.76050,14.08000,4135845.00000,4.66000,0.00000,0.00000,0.00000
-326315.00690,-531203.45711,133.37600,435235479.80681,14.37000,5137541.00000,5.68000,0.00000,0.00000,0.00000
-324746.27684,-532742.37509,124.12700,435235479.85313,14.32000,1081818.00000,6.88000,0.00000,0.00000,0.00000
-324610.82430,-532420.88730,124.02400,435235479.89944,14.06000,1204055.00000,7.78000,0.00000,0.00000,0.00000
-325534.85173,-530724.24697,132.01600,435235479.94575,13.79000,1606337.00000,5.14000,0.00000,0.00000,0.00000
-325260.78280,-530582.72072,131.22200,435235479.99206,13.54000,1485906.00000,5.17000,0.00000,0.00000,0.00000
-324774.10826,-530717.13262,128.93400,435235480.03837,13.50000,1560717.00000,7.17000,0.00000,0.00000,0.00000
-324576.21588,-530476.70969,130.19900,435235480.08469,13.56000,1418851.00000,5.48000,0.00000,0.00000,0.00000
-324248.55507,-530404.73959,130.09800,435235480.13100,13.65000,1166820.00000,5.20000,0.00000,0.00000,0.00000
-323905.83332,-530352.31026,130.13600,435235480.17731,13.66000,1407666.00000,6.08000,0.00000,0.00000,0.00000
-323309.73770,-530628.68829,128.11600,435235480.22362,13.47000,2544416.00000,5.88000,0.00000,0.00000,0.00000
-322956.82760,-530589.47391,127.88100,435235480.26993,13.43000,2917797.00000,6.73000,0.00000,0.00000,0.00000
-322663.70376,-530472.62950,126.44900,435235480.31625,13.71000,1362410.00000,7.49000,0.00000,0.00000,0.00000
-322367.92946,-530359.24067,126.94500,435235480.36256,13.92000,241691.00000,8.22000,0.00000,0.00000,0.00000
-321930.41196,-530429.81174,126.97200,435235480.40887,14.03000,306269.00000,7.86000,0.00000,0.00000,0.00000
-321695.77189,-530237.09547,126.18300,435235480.45518,13.95000,349783.00000,8.77000,0.00000,0.00000,0.00000
-321508.08577,-529983.43687,126.13500,435235480.50149,14.25000,587740.00000,8.68000,0.00000,0.00000,0.00000
-321555.62548,-529424.53828,125.19400,435235480.54781,14.39000,263341.00000,7.94000,0.00000,0.00000,0.00000
-321485.34110,-529018.55480,124.77700,435235480.59412,14.76000,457183.00000,11.10000,0.00000,0.00000,0.00000
-321282.16129,-528785.01750,124.82000,435235480.64043,14.73000,385188.00000,10.11000,0.00000,0.00000,0.00000
-320948.74378,-528720.48114,124.48400,435235480.68674,14.52000,1069566.00000,9.06000,0.00000,0.00000,0.00000
-320564.82234,-528721.46417,124.63900,435235480.73306,14.52000,838007.00000,8.55000,0.00000,0.00000,0.00000
-320246.02480,-528637.95341,125.18400,435235480.77937,14.50000,1510969.00000,8.08000,0.00000,0.00000,0.00000
-319991.46243,-528471.08764,124.53300,435235480.82568,14.58000,1127297.00000,8.99000,0.00000,0.00000,0.00000
-319751.96005,-528284.67434,124.52700,435235480.87199,14.51000,1002226.00000,9.62000,0.00000,0.00000,0.00000
-319559.86198,-528036.75099,124.43500,435235480.91831,14.43000,1286877.00000,8.00000,0.00000,0.00000,0.00000
-319354.92295,-527805.50647,124.45600,435235480.96462,14.11000,1734011.00000,6.86000,0.00000,0.00000,0.00000
-319139.35038,-527588.04637,123.78100,435235481.01093,13.94000,1706333.00000,6.68000,0.00000,0.00000,0.00000
-318896.31784,-527406.23475,123.44600,435235481.05725,13.93000,916403.00000,6.56000,0.00000,0.00000,0.00000
-318654.17091,-527223.26587,123.62800,435235481.10356,14.01000,810659.00000,6.56000,0.00000,0.00000,0.00000
-318385.44303,-527074.78081,123.74500,435235481.14987,13.75000,624704.00000,8.88000,0.00000,0.00000,0.00000
-318148.61967,-526884.91624,124.49300,435235481.19619,13.66000,422731.00000,5.97000,0.00000,0.00000,0.00000
-317883.88098,-526731.25335,124.74000,435235481.24250,13.51000,386755.00000,6.13000,0.00000,0.00000,0.00000
-317721.49123,-526444.82343,124.49700,435235481.28881,13.13000,236257.00000,5.72000,0.00000,0.00000,0.00000
-317534.29135,-526190.57771,124.61000,435235481.33513,13.08000,220917.00000,7.86000,0.00000,0.00000,0.00000
-317295.69905,-526003.00111,124.79800,435235481.38144,13.13000,267590.00000,8.99000,0.00000,0.00000,0.00000
-317051.79278,-525822.32089,124.87800,435235481.42775,13.43000,198628.00000,8.13000,0.00000,0.00000,0.00000
-316783.52131,-525673.24973,124.86600,435235481.47406,13.29000,210500.00000,7.52000,0.00000,0.00000,0.00000
-316478.47787,-525571.88354,125.23200,435235481.52038,13.20000,280692.00000,8.38000,0.00000,0.00000,0.00000
-316215.97006,-525415.33742,125.32700,435235481.56669,13.14000,294244.00000,7.47000,0.00000,0.00000,0.00000
-315882.56283,-525350.73746,125.40300,435235481.61300,13.18000,284813.00000,7.52000,0.00000,0.00000,0.00000
-315639.55405,-525168.90930,125.30500,435235481.65932,13.30000,231819.00000,7.82000,0.00000,0.00000,0.00000
-315342.04102,-525057.75636,125.36400,435235481.70563,13.17000,405479.00000,9.65000,0.00000,0.00000,0.00000
-315114.09092,-524856.36671,125.50500,435235481.75195,13.14000,198377.00000,7.09000,0.00000,0.00000,0.00000
-314818.35215,-524742.91108,125.30400,435235481.79826,13.26000,278562.00000,6.91000,0.00000,0.00000,0.00000
-314582.43702,-524551.87503,124.79500,435235481.84457,13.01000,288167.00000,5.47000,0.00000,0.00000,0.00000
-314207.39008,-524541.29318,123.45900,435235481.89089,13.03000,236557.00000,7.00000,0.00000,0.00000,0.00000
-313948.43266,-524380.12977,124.13300,435235481.93720,13.06000,268540.00000,5.08000,0.00000,0.00000,0.00000
-313652.24984,-524267.23206,122.70000,435235481.98352,13.22000,557824.00000,6.37000,0.00000,0.00000,0.00000
-313371.14336,-524134.80558,123.47900,435235482.02983,13.51000,431061.00000,4.88000,0.00000,0.00000,0.00000
-313053.69776,-524049.49314,123.39000,435235482.07614,13.88000,823919.00000,6.09000,0.00000,0.00000,0.00000
-312793.85895,-523889.47387,122.72900,435235482.12246,13.94000,653508.00000,7.02000,0.00000,0.00000,0.00000
-312512.31143,-523757.61453,122.33400,435235482.16877,14.10000,1063409.00000,6.36000,0.00000,0.00000,0.00000
-312211.70392,-523650.45160,122.02500,435235482.21509,14.22000,345509.00000,5.92000,0.00000,0.00000,0.00000
-311950.54549,-523492.15839,121.72000,435235482.26140,14.37000,193791.00000,6.96000,0.00000,0.00000,0.00000
-311630.44554,-523410.28329,121.61300,435235482.30771,14.07000,205475.00000,7.27000,0.00000,0.00000,0.00000
-311399.42255,-523212.90464,121.46000,435235482.35403,14.47000,218903.00000,10.75000,0.00000,0.00000,0.00000
-311082.42481,-523126.99865,121.53000,435235482.40034,14.92000,202630.00000,12.01000,0.00000,0.00000,0.00000
-310881.09148,-522891.10734,121.73800,435235482.44666,14.69000,198129.00000,10.35000,0.00000,0.00000,0.00000
-310747.11326,-522567.85854,122.05800,435235482.49297,15.00000,155461.00000,9.14000,0.00000,0.00000,0.00000
-310536.04022,-522344.61329,122.82800,435235482.53929,14.89000,323507.00000,6.95000,0.00000,0.00000,0.00000
-310235.00537,-522238.01380,124.06300,435235482.58560,14.69000,693206.00000,6.25000,0.00000,0.00000,0.00000
-309942.84184,-522119.92665,126.04700,435235482.63191,14.55000,1647783.00000,6.79000,0.00000,0.00000,0.00000
-309570.90338,-522105.25930,128.54000,435235482.67823,14.32000,1829506.00000,5.71000,0.00000,0.00000,0.00000
-309198.08249,-522091.73800,130.88700,435235482.72454,14.13000,2081527.00000,4.27000,0.00000,0.00000,0.00000
-308927.62041,-521945.47618,128.70600,435235482.77086,13.87000,4366105.00000,4.43000,0.00000,0.00000,0.00000
-308462.18607,-522052.04802,133.37600,435235482.81717,13.98000,483035.00000,5.02000,0.00000,0.00000,0.00000
-308088.47318,-522039.67290,132.34500,435235482.86348,14.04000,510562.00000,6.90000,0.00000,0.00000,0.00000
-307616.82226,-522154.29229,132.40100,435235482.90980,13.96000,367361.00000,7.26000,0.00000,0.00000,0.00000
-307278.99935,-522095.35738,131.84800,435235482.95611,14.15000,88017.00000,8.81000,0.00000,0.00000,0.00000
-307341.38156,-521517.56694,128.84300,435235483.00243,13.90000,364564.00000,8.39000,0.00000,0.00000,0.00000
-307648.84586,-520622.01827,124.43200,435235483.04874,13.72000,173577.00000,6.53000,0.00000,0.00000,0.00000
-307484.76632,-520337.84835,121.48500,435235483.09505,14.01000,940701.00000,8.00000,0.00000,0.00000,0.00000
-307287.00429,-520097.33616,120.41700,435235483.14137,13.80000,1364396.00000,7.92000,0.00000,0.00000,0.00000
-307045.38189,-519913.72510,121.18700,435235483.18768,13.45000,413824.00000,7.47000,0.00000,0.00000,0.00000
-306929.61741,-519566.91081,121.18000,435235483.23400,13.63000,159561.00000,9.07000,0.00000,0.00000,0.00000
-307366.52989,-518503.59213,120.57300,435235483.28031,13.25000,326292.00000,5.85000,0.00000,0.00000,0.00000
-306853.22350,-518672.19336,118.63100,435235483.32663,13.07000,759882.00000,5.20000,0.00000,0.00000,0.00000
-306266.34028,-518936.16970,117.74000,435235483.37294,12.90000,679370.00000,5.21000,0.00000,0.00000,0.00000
-306009.20965,-518772.65906,116.96100,435235483.41926,13.03000,720530.00000,3.75000,0.00000,0.00000,0.00000
-305911.63428,-518402.29091,117.15300,435235483.46557,13.02000,4824176.00000,2.92000,0.00000,0.00000,0.00000
-305199.75162,-518828.28745,114.34200,435235483.51189,12.98000,1090900.00000,2.98000,0.00000,0.00000,0.00000
-305480.26381,-517967.81308,116.84400,435235483.55820,12.96000,742861.00000,3.69000,0.00000,0.00000,0.00000
-305376.04492,-517606.05508,116.92800,435235483.60452,12.81000,1099575.00000,4.02000,0.00000,0.00000,0.00000
-305120.25367,-517440.81125,116.49000,435235483.65083,12.34000,2866541.00000,3.79000,0.00000,0.00000,0.00000
-304944.69154,-517171.56819,123.02200,435235483.69715,11.94000,485827.00000,3.93000,0.00000,0.00000,0.00000
-304750.51503,-516926.45962,123.80300,435235483.74346,11.59000,410638.00000,4.93000,0.00000,0.00000,0.00000
-304820.50377,-516338.92103,124.40300,435235483.78978,11.16000,265281.00000,5.33000,0.00000,0.00000,0.00000
-304412.25095,-516371.31717,125.64000,435235483.83609,10.78000,428079.00000,4.26000,0.00000,0.00000,0.00000
-303752.23180,-516730.03491,126.02900,435235483.88241,10.58000,1282545.00000,2.63000,0.00000,0.00000,0.00000
-303172.87243,-516984.17528,126.77000,435235483.92872,10.48000,1381558.00000,2.44000,0.00000,0.00000,0.00000
-302516.37532,-517338.28994,123.01700,435235483.97504,10.38000,2757530.00000,2.59000,0.00000,0.00000,0.00000
-302603.67560,-516728.35239,120.66500,435235484.02135,10.35000,1197171.00000,2.84000,0.00000,0.00000,0.00000
-302509.67859,-516353.37606,121.14000,435235484.06767,10.40000,1276887.00000,2.72000,0.00000,0.00000,0.00000
-302988.83011,-515235.56446,118.21300,435235484.11398,10.47000,2196489.00000,3.05000,0.00000,0.00000,0.00000
-301471.95335,-516704.76900,125.58000,435235484.16030,10.82000,324306.00000,3.36000,0.00000,0.00000,0.00000
-301600.48104,-516041.39730,121.40300,435235484.20662,11.01000,774115.00000,4.66000,0.00000,0.00000,0.00000
-301418.73069,-515780.18838,119.61300,435235484.25293,11.46000,1577472.00000,3.89000,0.00000,0.00000,0.00000
-301529.98702,-515139.23499,111.61800,435235484.29925,11.99000,2075004.00000,5.74000,0.00000,0.00000,0.00000
-301748.08835,-514359.81643,113.69400,435235484.34556,11.84000,872164.00000,5.61000,0.00000,0.00000,0.00000
-300097.69651,-516001.92110,108.92600,435235484.39188,11.72000,698223.00000,4.31000,0.00000,0.00000,0.00000
-299643.75828,-516093.43725,108.82700,435235484.43820,11.73000,293366.00000,4.36000,0.00000,0.00000,0.00000
-299501.90626,-515780.49848,107.44900,435235484.48451,11.32000,571369.00000,4.03000,0.00000,0.00000,0.00000
-299825.54835,-514864.35228,105.28300,435235484.53083,11.07000,1849262.00000,3.98000,0.00000,0.00000,0.00000
-298658.31324,-515880.19685,110.35100,435235484.57714,10.98000,458796.00000,4.34000,0.00000,0.00000,0.00000
-298379.03154,-515745.35004,108.69300,435235484.62346,10.89000,289729.00000,4.71000,0.00000,0.00000,0.00000
-298174.23232,-515513.98960,106.78600,435235484.66978,10.82000,524840.00000,4.92000,0.00000,0.00000,0.00000
-298999.75170,-513947.54606,103.67800,435235484.71610,10.59000,1839051.00000,2.42000,0.00000,0.00000,0.00000
-299773.39602,-512448.33519,104.51500,435235484.76241,10.71000,2341537.00000,2.94000,0.00000,0.00000,0.00000
-299404.14782,-512430.10681,102.16100,435235484.80873,11.13000,1146687.00000,4.53000,0.00000,0.00000,0.00000
-300172.47642,-510937.81947,108.80000,435235484.85505,11.34000,7197757.00000,3.96000,0.00000,0.00000,0.00000
-299191.89492,-511711.76712,102.18300,435235484.90136,11.30000,2824606.00000,4.07000,0.00000,0.00000,0.00000
-299180.86506,-511229.37627,105.18700,435235484.94768,11.40000,1311698.00000,4.11000,0.00000,0.00000,0.00000
-299120.18786,-510811.32693,106.09300,435235484.99400,11.52000,712490.00000,4.56000,0.00000,0.00000,0.00000
-298839.61676,-510678.20429,107.72000,435235485.04031,11.56000,4537811.00000,4.20000,0.00000,0.00000,0.00000
-298960.72063,-510024.65223,110.03600,435235485.08663,11.56000,1819862.00000,4.22000,0.00000,0.00000,0.00000
-298155.23757,-510571.64348,102.31600,435235485.13295,11.75000,2164683.00000,2.81000,0.00000,0.00000,0.00000
-298257.27448,-509942.78439,109.44900,435235485.17927,12.08000,4575150.00000,2.68000,0.00000,0.00000,0.00000
-297817.10252,-510016.43510,105.52500,435235485.22558,12.39000,1934137.00000,3.14000,0.00000,0.00000,0.00000
-297500.62446,-509929.82394,102.92500,435235485.27190,12.83000,518052.00000,4.58000,0.00000,0.00000,0.00000
-297440.41462,-509511.20039,101.90200,435235485.31822,13.35000,409599.00000,5.27000,0.00000,0.00000,0.00000
-315072.24067,-537261.31937,130.54200,435408133.80385,13.10000,1431364.00000,5.55000,0.00000,0.00000,0.00000
-314914.04528,-536972.21776,130.61200,435408133.85020,13.49000,1344711.00000,8.98000,0.00000,0.00000,0.00000
-314039.37256,-537584.12524,133.98500,435408133.89656,13.43000,2181869.00000,7.34000,0.00000,0.00000,0.00000
-313834.61448,-537353.55934,134.54300,435408133.94292,13.18000,1691902.00000,5.38000,0.00000,0.00000,0.00000
-313652.92386,-537094.01692,135.05700,435408133.98928,13.17000,886458.00000,4.95000,0.00000,0.00000,0.00000
-313479.81451,-536823.66159,135.15300,435408134.03564,12.95000,841290.00000,5.58000,0.00000,0.00000,0.00000
-313197.76512,-536690.29693,136.72100,435408134.08199,12.89000,605579.00000,5.78000,0.00000,0.00000,0.00000
-312938.77440,-536527.94353,138.41100,435408134.12835,12.70000,1498691.00000,5.09000,0.00000,0.00000,0.00000
-312523.83034,-536561.69563,142.24100,435408134.17471,12.57000,496763.00000,6.03000,0.00000,0.00000,0.00000
-312561.84940,-536025.88099,143.96700,435408134.22107,12.41000,566152.00000,5.09000,0.00000,0.00000,0.00000
-312391.45651,-535752.10788,142.09900,435408134.26743,12.14000,2126799.00000,3.37000,0.00000,0.00000,0.00000
-314681.64895,-532384.38586,124.32700,435408134.31378,12.27000,461528.00000,5.62000,0.00000,0.00000,0.00000
-314300.17690,-532376.09940,123.77200,435408134.36014,12.36000,439940.00000,5.64000,0.00000,0.00000,0.00000
-313800.72065,-532516.17862,123.38900,435408134.40650,12.39000,250540.00000,4.47000,0.00000,0.00000,0.00000
-313553.51004,-532339.05948,123.78400,435408134.45286,12.46000,405220.00000,4.85000,0.00000,0.00000,0.00000
-313185.59524,-532313.70367,123.94100,435408134.49922,12.59000,364981.00000,4.74000,0.00000,0.00000,0.00000
-312815.42463,-532291.19282,124.10400,435408134.54557,12.92000,393112.00000,6.13000,0.00000,0.00000,0.00000
-312537.02786,-532153.29040,124.51100,435408134.59193,13.11000,331750.00000,6.80000,0.00000,0.00000,0.00000
-311874.35836,-532498.53436,124.71000,435408134.63829,12.95000,455286.00000,6.19000,0.00000,0.00000,0.00000
-311418.73020,-532583.42424,125.52100,435408134.68465,12.87000,375807.00000,5.47000,0.00000,0.00000,0.00000
-311477.59203,-532021.48737,126.31400,435408134.73101,13.08000,426409.00000,6.78000,0.00000,0.00000,0.00000
-311068.53654,-532047.83392,126.97200,435408134.77737,13.16000,525753.00000,6.69000,0.00000,0.00000,0.00000
-310173.45855,-532685.17005,128.76300,435408134.82373,13.36000,1162968.00000,5.67000,0.00000,0.00000,0.00000
-309074.47617,-533578.84393,132.59500,435408134.87008,13.58000,1269265.00000,5.99000,0.00000,0.00000,0.00000
-308463.76566,-533858.65041,135.99600,435408134.91644,13.79000,1317933.00000,6.05000,0.00000,0.00000,0.00000
-308145.56215,-533770.70909,136.72900,435408134.96280,13.85000,397982.00000,6.86000,0.00000,0.00000,0.00000
-307912.81869,-533575.36198,135.87000,435408135.00916,14.11000,674306.00000,7.93000,0.00000,0.00000,0.00000
-307622.65692,-533452.18652,136.59400,435408135.05552,14.32000,550479.00000,8.17000,0.00000,0.00000,0.00000
-307768.34743,-532781.12085,133.82300,435408135.10188,14.29000,427746.00000,7.93000,0.00000,0.00000,0.00000
-308085.85968,-531894.09280,131.18800,435408135.14824,13.88000,201463.00000,8.90000,0.00000,0.00000,0.00000
-307821.93040,-531737.95544,130.52200,435408135.19460,13.78000,1229654.00000,8.93000,0.00000,0.00000,0.00000
-307515.95502,-531634.67308,131.08800,435408135.24096,13.82000,1804540.00000,6.32000,0.00000,0.00000,0.00000
-307051.72970,-531730.30331,132.26400,435408135.28732,13.70000,1426453.00000,5.66000,0.00000,0.00000,0.00000
-306832.12040,-531518.47890,130.67800,435408135.33368,13.79000,743809.00000,6.19000,0.00000,0.00000,0.00000
-306640.08751,-531271.96588,130.20100,435408135.38003,13.85000,1048733.00000,5.28000,0.00000,0.00000,0.00000
-306432.69104,-531044.78986,129.89100,435408135.42639,13.76000,1834840.00000,6.68000,0.00000,0.00000,0.00000
-306123.55249,-530945.46705,130.45800,435408135.47275,13.83000,1062249.00000,7.17000,0.00000,0.00000,0.00000
-305557.13247,-531169.51233,132.73600,435408135.51911,14.23000,457162.00000,7.93000,0.00000,0.00000,0.00000
-305254.32519,-531062.21922,134.31000,435408135.56547,14.14000,306243.00000,7.64000,0.00000,0.00000,0.00000
-305783.51231,-529909.27097,127.94400,435408135.61183,14.31000,1474527.00000,11.85000,0.00000,0.00000,0.00000
-306050.90785,-529085.36738,127.23100,435408135.65819,14.21000,791064.00000,8.57000,0.00000,0.00000,0.00000
-305943.00107,-528733.15673,125.22100,435408135.70455,14.28000,1483521.00000,6.75000,0.00000,0.00000,0.00000
-305357.14659,-528981.63685,124.35500,435408135.75091,14.21000,2614223.00000,5.11000,0.00000,0.00000,0.00000
-305538.18519,-528266.27431,122.76100,435408135.79727,14.19000,455750.00000,7.76000,0.00000,0.00000,0.00000
-306025.36090,-527166.19385,124.34300,435408135.84363,14.14000,534953.00000,5.46000,0.00000,0.00000,0.00000
-304549.15627,-528533.60823,131.50200,435408135.88999,13.93000,6583626.00000,5.52000,0.00000,0.00000,0.00000
-304211.09939,-528470.65117,131.48600,435408135.93635,13.90000,3352858.00000,5.10000,0.00000,0.00000,0.00000
-304122.64393,-528093.99827,126.84300,435408135.98271,14.11000,2003949.00000,6.42000,0.00000,0.00000,0.00000
-303747.50098,-528077.61746,128.23300,435408136.02907,14.40000,811300.00000,8.09000,0.00000,0.00000,0.00000
-303657.25678,-527703.24523,127.77100,435408136.07543,14.60000,239128.00000,10.29000,0.00000,0.00000,0.00000
-303862.75030,-526957.21759,127.11400,435408136.12179,14.48000,100708.00000,13.02000,0.00000,0.00000,0.00000
-304061.47373,-526219.73578,127.43200,435408136.16815,14.38000,90710.00000,14.10000,0.00000,0.00000,0.00000
-303855.47247,-525990.83683,127.55000,435408136.21451,14.33000,126799.00000,11.68000,0.00000,0.00000,0.00000
-303392.16266,-526085.26305,126.96100,435408136.26087,14.40000,351642.00000,10.84000,0.00000,0.00000,0.00000
-303039.64920,-526040.47623,127.50800,435408136.30723,14.14000,1003940.00000,7.57000,0.00000,0.00000,0.00000
-302681.24743,-526003.05956,127.94800,435408136.35359,14.12000,666798.00000,6.63000,0.00000,0.00000,0.00000
-302320.13361,-525969.04984,128.10500,435408136.39995,14.02000,530197.00000,6.47000,0.00000,0.00000,0.00000
-301913.79913,-525991.86124,128.11400,435408136.44631,13.86000,144896.00000,7.51000,0.00000,0.00000,0.00000
-301644.04443,-525843.07209,128.47100,435408136.49267,13.90000,230056.00000,6.75000,0.00000,0.00000,0.00000
-301428.10280,-525626.66212,128.26600,435408136.53903,13.93000,159523.00000,7.79000,0.00000,0.00000,0.00000
-301269.59561,-525338.08059,128.16000,435408136.58539,13.84000,356130.00000,7.60000,0.00000,0.00000,0.00000
-301153.14819,-524996.65266,128.08400,435408136.63176,13.77000,146045.00000,7.11000,0.00000,0.00000,0.00000
-301090.07506,-524588.18831,128.14600,435408136.67812,13.79000,234888.00000,7.88000,0.00000,0.00000,0.00000
-300836.60055,-524418.92356,128.02700,435408136.72448,13.69000,184493.00000,6.24000,0.00000,0.00000,0.00000
-300527.05591,-524320.12732,127.74400,435408136.77084,13.70000,465016.00000,5.66000,0.00000,0.00000,0.00000
-300162.32821,-524290.63430,127.10700,435408136.81720,13.84000,727272.00000,5.64000,0.00000,0.00000,0.00000
-299779.06609,-524284.44931,127.01900,435408136.86356,13.84000,362032.00000,4.69000,0.00000,0.00000,0.00000
-299469.97070,-524185.06665,126.56400,435408136.90992,13.69000,1053931.00000,5.23000,0.00000,0.00000,0.00000
-299242.73940,-523982.84952,125.70900,435408136.95628,13.60000,459089.00000,6.40000,0.00000,0.00000,0.00000
-298989.72896,-523813.01086,124.75600,435408137.00264,13.56000,556775.00000,7.41000,0.00000,0.00000,0.00000
-298826.27196,-523530.67385,124.07500,435408137.04900,13.48000,184637.00000,7.17000,0.00000,0.00000,0.00000
-298746.04080,-523143.79285,123.91500,435408137.09536,13.24000,368903.00000,8.31000,0.00000,0.00000,0.00000
-298545.95531,-522907.47760,124.04800,435408137.14173,13.18000,987192.00000,7.05000,0.00000,0.00000,0.00000
-298332.75513,-522687.63296,124.45900,435408137.18809,13.35000,3644914.00000,4.81000,0.00000,0.00000,0.00000
-297935.47284,-522699.03433,123.84000,435408137.23445,13.31000,1118033.00000,3.76000,0.00000,0.00000,0.00000
-297609.64883,-522620.65903,122.87900,435408137.28081,13.09000,3252146.00000,4.79000,0.00000,0.00000,0.00000
-297353.48379,-522454.78322,123.05500,435408137.32717,12.90000,2387002.00000,6.60000,0.00000,0.00000,0.00000
-296990.87368,-521934.97368,125.76700,435408137.41990,12.96000,450454.00000,7.09000,0.00000,0.00000,0.00000
-296814.32439,-521669.11072,126.81800,435408137.46626,12.80000,616667.00000,7.28000,0.00000,0.00000,0.00000
-296423.22483,-521185.08285,127.67100,435408137.55898,13.28000,717900.00000,8.76000,0.00000,0.00000,0.00000
-296322.67087,-520823.77320,128.27700,435408137.60534,12.84000,742895.00000,6.59000,0.00000,0.00000,0.00000
-296145.22365,-520559.03715,129.68500,435408137.65171,12.62000,999662.00000,4.24000,0.00000,0.00000,0.00000
-295861.01699,-518478.06481,113.21300,435408137.88351,11.69000,1788621.00000,2.65000,0.00000,0.00000,0.00000
-305983.99493,-522415.75176,265.56000,435580789.42736,12.80000,340619.00000,6.33000,0.00000,0.00000,0.00000
