-341259.08780,-518322.79633,141.08000,363292769.95295,11.29000,663549.00000,7.51000,0.00000,0.00000,1.00000
-341332.83375,-519246.67574,137.44000,363292770.09336,10.92000,1474612.00000,5.38000,0.00000,0.00000,1.00000
-340459.91785,-519748.39969,136.21500,363292770.14017,10.57000,2750899.00000,4.83000,0.00000,0.00000,1.00000
-338915.50205,-520395.07625,142.85800,363292770.18697,10.12000,2481646.00000,3.76000,0.00000,0.00000,1.00000
-338460.93531,-520806.44378,147.18800,363292770.23378,9.76000,4338967.00000,3.14000,0.00000,0.00000,1.00000
-339827.78705,-520824.64814,141.45500,363292770.28058,9.53000,2186556.00000,3.95000,0.00000,0.00000,1.00000
-340259.97382,-521044.61588,139.96100,363292770.32739,9.16000,1765895.00000,3.46000,0.00000,0.00000,1.00000
-338713.64194,-522004.88528,155.09200,363292770.42100,8.56000,1917411.00000,2.30000,0.00000,0.00000,1.00000
-339563.45178,-522134.73190,150.71000,363292770.46781,8.35000,412615.00000,3.10000,0.00000,0.00000,1.00000
-340591.34302,-522226.15029,146.56000,363292770.51461,8.09000,271115.00000,3.37000,0.00000,0.00000,1.00000
-341171.56209,-522414.19112,143.02200,363292770.56142,7.98000,297136.00000,4.04000,0.00000,0.00000,1.00000
-341303.84971,-523325.44633,137.17000,363292770.70184,7.85000,290310.00000,8.20000,0.00000,0.00000,1.00000
-340266.36730,-523862.58621,138.21100,363292770.74864,7.57000,227079.00000,5.25000,0.00000,0.00000,1.00000
-339617.22007,-524315.91812,140.18700,363292770.79545,7.54000,425301.00000,4.54000,0.00000,0.00000,1.00000
-340075.85739,-524530.21299,139.06100,363292770.84225,7.49000,534556.00000,4.14000,0.00000,0.00000,1.00000
-331393.04232,-506712.51224,141.47900,363465420.62175,12.84000,3696939.00000,6.14000,0.00000,0.00000,1.00000
-332405.42345,-506822.24789,147.88800,363465420.66862,12.98000,248303.00000,6.87000,0.00000,0.00000,1.00000
-332225.84883,-507170.91475,145.97200,363465420.71550,12.91000,367671.00000,6.06000,0.00000,0.00000,1.00000
-331677.90722,-507593.41615,142.56800,363465420.76237,12.82000,572713.00000,5.92000,0.00000,0.00000,1.00000
-331698.66299,-507901.92755,141.55000,363465420.80925,12.74000,542987.00000,6.51000,0.00000,0.00000,1.00000
-331614.57932,-508231.45315,139.84800,363465420.85612,12.91000,915346.00000,6.01000,0.00000,0.00000,1.00000
-331246.13694,-508617.96793,137.13300,363465420.90300,12.89000,545266.00000,6.89000,0.00000,0.00000,1.00000
-331241.75103,-508931.51375,135.26500,363465420.94987,12.97000,188164.00000,8.23000,0.00000,0.00000,1.00000
-331659.59824,-509160.45710,135.04900,363465420.99675,12.67000,164259.00000,7.83000,0.00000,0.00000,1.00000
-332594.46429,-509285.79247,136.68200,363465421.04363,12.44000,303098.00000,8.77000,0.00000,0.00000,1.00000
-333183.22441,-509480.50853,138.09100,363465421.09050,12.52000,263876.00000,7.34000,0.00000,0.00000,1.00000
-333774.13474,-509674.78846,139.88100,363465421.13738,12.46000,235385.00000,6.92000,0.00000,0.00000,1.00000
-333534.93398,-510035.40982,136.58800,363465421.18426,12.56000,379404.00000,7.87000,0.00000,0.00000,1.00000
-332839.73430,-510487.39307,131.41400,363465421.23113,12.64000,282227.00000,9.53000,0.00000,0.00000,1.00000
-332827.44086,-510802.53955,129.59300,363465421.27801,12.60000,192999.00000,7.30000,0.00000,0.00000,1.00000
-333193.58978,-511041.87255,129.15100,363465421.32489,12.74000,176481.00000,7.49000,0.00000,0.00000,1.00000
-334315.91339,-511129.72490,133.68500,363465421.37176,12.79000,167873.00000,7.73000,0.00000,0.00000,1.00000
-334300.03634,-511445.60767,130.88500,363465421.41864,13.10000,103900.00000,8.86000,0.00000,0.00000,1.00000
-333279.49377,-511962.73823,123.33600,363465421.46552,12.90000,146298.00000,9.84000,0.00000,0.00000,1.00000
-330315.65125,-512869.05580,114.07000,363465421.51239,12.57000,778801.00000,6.81000,0.00000,0.00000,1.00000
-331008.54383,-513042.95939,112.74800,363465421.55927,12.47000,672734.00000,7.39000,0.00000,0.00000,1.00000
-331502.51140,-513256.70799,111.90000,363465421.60615,12.42000,557543.00000,6.42000,0.00000,0.00000,1.00000
-330901.30160,-513689.78182,110.00500,363465421.65302,12.25000,462954.00000,5.79000,0.00000,0.00000,1.00000
-332038.01560,-513774.82206,109.87200,363465421.69990,12.04000,932875.00000,4.87000,0.00000,0.00000,1.00000
-318854.73484,-516726.80559,215.35300,363465421.74678,12.17000,823832.00000,5.47000,0.00000,0.00000,1.00000
-331698.07696,-514468.24495,105.58900,363465421.79366,12.19000,516912.00000,5.93000,0.00000,0.00000,1.00000
-329691.39889,-515182.71846,105.28200,363465421.84054,12.05000,500432.00000,4.92000,0.00000,0.00000,1.00000
-335412.16791,-514349.90525,120.64400,363465421.88741,11.43000,634206.00000,5.45000,0.00000,0.00000,1.00000
-330608.93794,-515624.35138,112.93500,363465421.93429,11.56000,1134811.00000,7.00000,0.00000,0.00000,1.00000
-330807.73259,-515897.23133,111.37300,363465421.98117,11.57000,176948.00000,8.68000,0.00000,0.00000,1.00000
-331473.32838,-516076.64141,109.12800,363465422.02805,11.54000,750292.00000,6.36000,0.00000,0.00000,1.00000
-332375.93770,-516208.63179,108.81900,363465422.07493,11.60000,678050.00000,6.23000,0.00000,0.00000,1.00000
-332302.54259,-516536.00464,107.03300,363465422.12180,11.42000,1574044.00000,5.77000,0.00000,0.00000,1.00000
-332490.56652,-516811.05670,106.60600,363465422.16868,11.15000,1106252.00000,5.94000,0.00000,0.00000,1.00000
-332880.38875,-517045.70111,107.20200,363465422.21556,11.03000,2048665.00000,6.14000,0.00000,0.00000,1.00000
-332307.13376,-517473.14702,104.58000,363465422.26244,10.98000,3476714.00000,6.22000,0.00000,0.00000,1.00000
-331904.79322,-517866.36277,103.54700,363465422.30932,10.98000,2976272.00000,6.74000,0.00000,0.00000,1.00000
-331733.69988,-518213.27826,103.10700,363465422.35619,10.69000,1423462.00000,5.90000,0.00000,0.00000,1.00000
-331977.00763,-518477.26347,103.81100,363465422.40307,10.16000,372713.00000,6.68000,0.00000,0.00000,1.00000
-331632.82518,-518858.82032,103.35200,363465422.44995,9.75000,332973.00000,4.84000,0.00000,0.00000,1.00000
-331547.90991,-519188.48562,103.01500,363465422.49683,9.48000,324095.00000,6.33000,0.00000,0.00000,1.00000
-331429.23488,-519524.90777,103.14000,363465422.54370,9.15000,274782.00000,6.03000,0.00000,0.00000,1.00000
-331362.98998,-519850.84021,104.13500,363465422.59058,8.52000,329609.00000,4.66000,0.00000,0.00000,1.00000
-331408.77364,-520154.33666,104.53600,363465422.63746,8.04000,819121.00000,4.33000,0.00000,0.00000,1.00000
-331578.09269,-520433.12747,104.51900,363465422.68434,7.70000,257686.00000,3.87000,0.00000,0.00000,1.00000
-331754.59342,-520710.48160,104.78900,363465422.73121,7.32000,283062.00000,5.19000,0.00000,0.00000,1.00000
-331195.63457,-521134.97699,107.07000,363465422.77809,7.09000,621902.00000,4.32000,0.00000,0.00000,1.00000
-331943.83486,-521297.96298,110.77800,363465422.82497,6.86000,585069.00000,3.56000,0.00000,0.00000,1.00000
-332699.93362,-521459.37586,113.84800,363465422.87184,6.31000,1395062.00000,2.51000,0.00000,0.00000,1.00000
-328302.08099,-522651.75184,119.22600,363465422.91872,6.02000,725615.00000,2.14000,0.00000,0.00000,1.00000
-336232.41809,-521378.04541,137.55000,363465422.96560,5.51000,3481045.00000,2.22000,0.00000,0.00000,1.00000
-329747.46591,-522987.94658,119.97000,363465423.01248,5.08000,2048439.00000,2.41000,0.00000,0.00000,1.00000
-330711.11902,-523107.86332,120.24500,363465423.05935,4.91000,3606303.00000,2.71000,0.00000,0.00000,1.00000
-330708.76435,-523420.98611,123.08000,363465423.10623,5.07000,280862.00000,4.43000,0.00000,0.00000,1.00000
-330253.72808,-524137.29567,129.49000,363465423.19998,4.63000,796053.00000,3.70000,0.00000,0.00000,1.00000
-330553.73516,-524389.94017,132.71100,363465423.24686,4.43000,2722896.00000,2.88000,0.00000,0.00000,1.00000
-331236.55726,-524566.04945,135.58000,363465423.29373,4.28000,788850.00000,2.93000,0.00000,0.00000,1.00000
-331614.13560,-524803.21352,138.27400,363465423.34061,4.26000,715614.00000,3.14000,0.00000,0.00000,1.00000
-332013.25625,-525036.06735,141.52500,363465423.38748,4.45000,374584.00000,4.26000,0.00000,0.00000,1.00000
-332885.67618,-525174.28564,143.99800,363465423.43436,4.59000,378221.00000,4.67000,0.00000,0.00000,1.00000
-333610.86293,-525341.95520,147.42900,363465423.48124,4.93000,344058.00000,5.29000,0.00000,0.00000,1.00000
-333955.38230,-525585.73041,149.83200,363465423.52811,5.10000,408251.00000,3.91000,0.00000,0.00000,1.00000
-334054.28468,-525878.64513,150.96500,363465423.57499,5.21000,1072384.00000,4.28000,0.00000,0.00000,1.00000
-333336.55549,-526334.81017,149.96000,363465423.62186,5.34000,672495.00000,4.67000,0.00000,0.00000,1.00000
-333403.13002,-526634.18098,150.56700,363465423.66874,5.49000,446850.00000,4.44000,0.00000,0.00000,1.00000
-333402.90171,-526946.89397,150.34000,363465423.71562,5.75000,743432.00000,4.92000,0.00000,0.00000,1.00000
-333445.76270,-527250.99108,150.59900,363465423.76249,5.96000,779688.00000,3.62000,0.00000,0.00000,1.00000
-333653.81312,-527522.06025,150.48500,363465423.80937,6.25000,1530165.00000,3.48000,0.00000,0.00000,1.00000
-333804.42036,-527804.64070,146.42100,363465423.85624,6.54000,3298745.00000,4.24000,0.00000,0.00000,1.00000
-334085.00858,-528061.21969,149.91400,363465423.90312,6.73000,950308.00000,4.29000,0.00000,0.00000,1.00000
-333949.02423,-528401.07971,150.20800,363465423.94999,6.87000,98832.00000,6.05000,0.00000,0.00000,1.00000
-333402.19612,-528823.04380,150.02300,363465423.99687,6.98000,139418.00000,8.29000,0.00000,0.00000,1.00000
-333052.88332,-529205.52408,151.23300,363465424.04375,6.85000,348668.00000,4.80000,0.00000,0.00000,1.00000
-333151.03249,-529498.57305,152.92000,363465424.09062,6.93000,531392.00000,3.42000,0.00000,0.00000,1.00000
-333413.66298,-529758.75543,154.63200,363465424.13750,6.86000,3214652.00000,3.09000,0.00000,0.00000,1.00000
-333623.14134,-530029.56654,155.26400,363465424.18437,6.96000,6646064.00000,3.30000,0.00000,0.00000,1.00000
-333777.31324,-530311.43214,156.29000,363465424.23125,6.93000,1516712.00000,3.36000,0.00000,0.00000,1.00000
-333902.02845,-530599.17264,157.25600,363465424.27812,7.13000,827918.00000,3.35000,0.00000,0.00000,1.00000
-334123.70910,-530867.54688,157.71800,363465424.32500,7.17000,1505641.00000,3.13000,0.00000,0.00000,1.00000
-334382.74373,-531128.46508,157.60200,363465424.37188,7.25000,3758584.00000,3.34000,0.00000,0.00000,1.00000
-334661.16546,-531385.50382,157.37000,363465424.41875,7.40000,5139046.00000,3.66000,0.00000,0.00000,1.00000
-334833.29215,-531663.79594,156.30400,363465424.46563,7.68000,612024.00000,4.34000,0.00000,0.00000,1.00000
-334996.06681,-531943.93690,155.80500,363465424.51250,7.81000,274546.00000,4.76000,0.00000,0.00000,1.00000
-334197.24609,-533041.54599,153.52700,363465424.65313,8.34000,297275.00000,10.38000,0.00000,0.00000,1.00000
-333197.11246,-533553.97934,153.88000,363465424.70000,8.25000,367270.00000,9.20000,0.00000,0.00000,1.00000
-333757.80352,-533754.64920,152.26900,363465424.74688,8.22000,1097172.00000,6.51000,0.00000,0.00000,1.00000
-320198.68595,-502991.83620,155.06300,363638072.48530,9.62000,1908943.00000,3.58000,0.00000,0.00000,1.00000
-319917.09736,-503355.97271,154.87400,363638072.53224,10.09000,276295.00000,5.87000,0.00000,0.00000,1.00000
-320214.37042,-503613.13639,153.79700,363638072.57919,10.05000,943226.00000,5.31000,0.00000,0.00000,1.00000
-320459.01964,-503880.02714,152.24200,363638072.62613,10.07000,569819.00000,5.04000,0.00000,0.00000,1.00000
-320423.96240,-504198.60522,149.95700,363638072.67307,9.93000,1757831.00000,5.39000,0.00000,0.00000,1.00000
-320231.03279,-504546.36492,147.65900,363638072.72001,10.19000,1061023.00000,4.92000,0.00000,0.00000,1.00000
-320246.42945,-504855.61252,145.48300,363638072.76695,10.30000,900756.00000,4.47000,0.00000,0.00000,1.00000
-321179.53685,-504995.29048,138.66800,363638072.81390,10.34000,2845486.00000,4.35000,0.00000,0.00000,1.00000
-320435.82224,-505444.82339,140.31100,363638072.86084,10.44000,531942.00000,5.14000,0.00000,0.00000,1.00000
-320834.73661,-505683.21775,136.58900,363638072.90778,10.55000,1582872.00000,5.19000,0.00000,0.00000,1.00000
-321073.61189,-505951.19597,135.65400,363638072.95472,10.62000,403715.00000,6.64000,0.00000,0.00000,1.00000
-321194.25946,-506241.02139,133.91200,363638073.00167,10.70000,863368.00000,5.90000,0.00000,0.00000,1.00000
-321333.64247,-506527.37780,132.59100,363638073.04861,10.77000,336864.00000,6.71000,0.00000,0.00000,1.00000
-321357.68493,-506835.05521,131.07300,363638073.09555,10.70000,683006.00000,6.12000,0.00000,0.00000,1.00000
-321620.34935,-507098.64709,129.41400,363638073.14250,10.48000,264508.00000,6.11000,0.00000,0.00000,1.00000
-321547.77772,-507424.17097,126.96800,363638073.18944,10.69000,123803.00000,7.67000,0.00000,0.00000,1.00000
-321454.30116,-507753.56729,125.71200,363638073.23638,10.78000,195776.00000,5.49000,0.00000,0.00000,1.00000
-321304.57792,-508093.33485,125.14600,363638073.28333,10.85000,325385.00000,4.36000,0.00000,0.00000,1.00000
-321334.37344,-508399.95538,123.75800,363638073.33027,10.77000,302074.00000,3.72000,0.00000,0.00000,1.00000
-321827.73261,-508620.94525,120.86100,363638073.37722,10.79000,700236.00000,3.46000,0.00000,0.00000,1.00000
-321511.46621,-508991.49109,121.27900,363638073.42416,10.92000,1448337.00000,3.39000,0.00000,0.00000,1.00000
-322943.55033,-509039.14205,112.91600,363638073.47111,10.97000,2861197.00000,3.80000,0.00000,0.00000,1.00000
-322380.67930,-509455.22354,118.93800,363638073.51805,11.26000,2352076.00000,5.10000,0.00000,0.00000,1.00000
-322755.09183,-509698.22109,118.12600,363638073.56500,11.55000,637359.00000,5.07000,0.00000,0.00000,1.00000
-322941.33723,-509975.97727,115.63800,363638073.61194,11.60000,627505.00000,6.34000,0.00000,0.00000,1.00000
-322689.22289,-510334.67556,113.17000,363638073.65889,11.70000,258049.00000,7.36000,0.00000,0.00000,1.00000
-321853.81766,-510801.04805,111.28100,363638073.70583,11.55000,678795.00000,5.80000,0.00000,0.00000,1.00000
-322070.33281,-511073.20598,107.74900,363638073.75278,11.37000,465101.00000,5.61000,0.00000,0.00000,1.00000
-321939.31743,-511409.51902,106.62800,363638073.79972,11.12000,1794966.00000,4.39000,0.00000,0.00000,1.00000
-321638.87019,-511777.11468,105.62400,363638073.84667,10.78000,2776181.00000,4.34000,0.00000,0.00000,1.00000
-325043.66475,-511460.69871,109.35800,363638073.89362,10.70000,1429176.00000,3.82000,0.00000,0.00000,1.00000
-325502.44658,-511688.16747,110.55300,363638073.94056,10.82000,1193961.00000,4.63000,0.00000,0.00000,1.00000
-322160.03837,-512617.32178,108.93600,363638073.98751,10.59000,1529697.00000,3.98000,0.00000,0.00000,1.00000
-321390.19693,-513071.53491,103.91700,363638074.03445,10.52000,3847131.00000,3.79000,0.00000,0.00000,1.00000
-320977.25003,-513459.88308,100.51800,363638074.08140,10.56000,4677059.00000,4.05000,0.00000,0.00000,1.00000
-322610.54565,-513470.58241,101.93800,363638074.12835,10.42000,3036933.00000,4.90000,0.00000,0.00000,1.00000
-320021.55318,-514260.49024,104.25100,363638074.17529,10.29000,1364626.00000,5.94000,0.00000,0.00000,1.00000
-321684.40676,-514265.76631,102.76000,363638074.22224,10.30000,1667003.00000,5.13000,0.00000,0.00000,1.00000
-322461.85215,-514434.43176,102.88200,363638074.26918,10.20000,1016054.00000,5.30000,0.00000,0.00000,1.00000
-324027.38461,-514457.67063,104.87400,363638074.31613,10.18000,1427372.00000,4.26000,0.00000,0.00000,1.00000
-323709.59950,-514828.46530,103.24900,363638074.36308,9.81000,1284353.00000,4.77000,0.00000,0.00000,1.00000
-322895.01357,-515290.92038,102.45200,363638074.41002,9.65000,2334415.00000,4.88000,0.00000,0.00000,1.00000
-322228.94747,-515725.94330,103.09700,363638074.45697,9.66000,2492973.00000,6.61000,0.00000,0.00000,1.00000
-321861.39617,-516105.89779,103.92400,363638074.50391,9.28000,1586938.00000,5.36000,0.00000,0.00000,1.00000
-321935.82610,-516404.29112,104.59600,363638074.55086,9.29000,1387002.00000,6.66000,0.00000,0.00000,1.00000
-322163.11954,-516674.49331,108.20300,363638074.59781,9.11000,2569241.00000,5.94000,0.00000,0.00000,1.00000
-323431.60423,-516752.63519,105.16300,363638074.64475,8.87000,2592162.00000,5.26000,0.00000,0.00000,1.00000
-323241.39786,-517099.85496,110.04000,363638074.69170,8.36000,952107.00000,5.46000,0.00000,0.00000,1.00000
-323099.52016,-517438.17437,109.12100,363638074.73864,8.04000,182793.00000,6.07000,0.00000,0.00000,1.00000
-322598.55049,-517842.71566,108.58300,363638074.78559,7.98000,172099.00000,6.35000,0.00000,0.00000,1.00000
-321610.86405,-518337.00529,109.20300,363638074.83254,7.74000,91151.00000,7.63000,0.00000,0.00000,1.00000
-321109.16689,-518741.66064,111.59400,363638074.87948,7.60000,567988.00000,5.58000,0.00000,0.00000,1.00000
-321068.93781,-519061.20840,112.94800,363638074.92643,7.45000,602250.00000,5.37000,0.00000,0.00000,1.00000
-321257.27046,-519338.59282,113.73900,363638074.97337,7.25000,348126.00000,7.15000,0.00000,0.00000,1.00000
-321529.96885,-519600.43128,114.33000,363638075.02032,7.16000,289005.00000,6.00000,0.00000,0.00000,1.00000
-321711.82001,-519879.03382,115.18200,363638075.06727,7.25000,277705.00000,4.91000,0.00000,0.00000,1.00000
-321991.72511,-520139.54563,115.79600,363638075.11421,7.49000,259320.00000,5.12000,0.00000,0.00000,1.00000
-322193.03358,-520414.55642,116.27100,363638075.16116,7.55000,263526.00000,5.28000,0.00000,0.00000,1.00000
-322309.98410,-520705.13310,116.37100,363638075.20810,7.86000,276718.00000,6.87000,0.00000,0.00000,1.00000
-322345.44434,-521010.71882,116.59000,363638075.25505,7.80000,149704.00000,5.88000,0.00000,0.00000,1.00000
-322385.23234,-521315.51690,116.74300,363638075.30199,7.80000,394547.00000,6.59000,0.00000,0.00000,1.00000
-322430.78823,-521619.25472,117.49100,363638075.34894,7.97000,349708.00000,8.81000,0.00000,0.00000,1.00000
-322203.04870,-521973.35746,118.47800,363638075.39589,7.80000,841924.00000,6.13000,0.00000,0.00000,1.00000
-322202.44818,-522285.59692,119.40500,363638075.44283,7.73000,739206.00000,6.64000,0.00000,0.00000,1.00000
-322491.71586,-522544.40595,120.20700,363638075.48978,7.45000,2118880.00000,5.07000,0.00000,0.00000,1.00000
-322985.77535,-522765.47942,119.18400,363638075.53672,7.30000,3514124.00000,4.30000,0.00000,0.00000,1.00000
-323063.04422,-523063.36281,124.56500,363638075.58367,7.57000,505539.00000,4.81000,0.00000,0.00000,1.00000
-323402.78824,-523312.88472,125.06900,363638075.63061,7.67000,269698.00000,7.84000,0.00000,0.00000,1.00000
-323362.51606,-523632.43549,125.56300,363638075.67756,7.64000,133228.00000,9.68000,0.00000,0.00000,1.00000
-323453.47597,-523927.79728,126.12900,363638075.72450,8.00000,98599.00000,10.84000,0.00000,0.00000,1.00000
-323695.15255,-524195.40386,126.97500,363638075.77145,8.28000,176421.00000,9.35000,0.00000,0.00000,1.00000
-324013.97466,-524448.78465,127.52900,363638075.81839,8.20000,192180.00000,9.19000,0.00000,0.00000,1.00000
-324306.84079,-524706.95808,128.26900,363638075.86534,8.41000,751675.00000,6.25000,0.00000,0.00000,1.00000
-324518.22183,-524980.14610,127.96200,363638075.91228,8.51000,2100512.00000,6.28000,0.00000,0.00000,1.00000
-324768.54629,-525246.16954,127.45700,363638075.95923,8.53000,418215.00000,6.04000,0.00000,0.00000,1.00000
-324922.95676,-525529.85319,125.96700,363638076.00617,8.82000,190752.00000,8.42000,0.00000,0.00000,1.00000
-324494.71980,-525920.89800,125.07600,363638076.05312,9.38000,92534.00000,10.87000,0.00000,0.00000,1.00000
-324086.65868,-526308.20098,124.72300,363638076.10006,9.14000,203697.00000,9.48000,0.00000,0.00000,1.00000
-323719.70685,-526687.94341,125.41900,363638076.14701,9.02000,276157.00000,7.94000,0.00000,0.00000,1.00000
-323627.48675,-527017.06164,125.89100,363638076.19395,9.26000,257390.00000,7.07000,0.00000,0.00000,1.00000
-323682.36864,-527319.07926,126.34500,363638076.24090,9.15000,373023.00000,5.71000,0.00000,0.00000,1.00000
-323779.79684,-527613.26480,126.75100,363638076.28784,9.26000,915576.00000,5.54000,0.00000,0.00000,1.00000
-323826.74648,-527916.75100,126.90800,363638076.33479,9.34000,752150.00000,5.17000,0.00000,0.00000,1.00000
-324030.89622,-528191.28337,127.23900,363638076.38173,9.30000,675655.00000,4.83000,0.00000,0.00000,1.00000
-324219.18483,-528468.74859,127.54200,363638076.42868,9.34000,3645604.00000,5.02000,0.00000,0.00000,1.00000
-324567.55307,-528716.72080,127.37800,363638076.47562,9.18000,1226938.00000,4.84000,0.00000,0.00000,1.00000
-324843.81926,-528977.99400,127.89700,363638076.52257,8.99000,578346.00000,5.83000,0.00000,0.00000,1.00000
-324786.91785,-529300.61494,128.44600,363638076.56951,9.09000,390226.00000,6.98000,0.00000,0.00000,1.00000
-324768.22580,-529616.18607,128.89100,363638076.61646,9.01000,822356.00000,6.64000,0.00000,0.00000,1.00000
-324885.11143,-529906.80588,129.84700,363638076.66340,8.90000,1793510.00000,4.11000,0.00000,0.00000,1.00000
-325189.49099,-530162.90269,131.07000,363638076.71035,9.13000,1965666.00000,3.83000,0.00000,0.00000,1.00000
-325536.41694,-530411.17229,131.65300,363638076.75729,9.32000,4270416.00000,3.92000,0.00000,0.00000,1.00000
-326321.81562,-530578.72228,126.49400,363638076.80424,9.60000,744840.00000,4.12000,0.00000,0.00000,1.00000
-325703.12354,-531004.77543,124.75800,363638076.85118,9.65000,1125759.00000,6.14000,0.00000,0.00000,1.00000
-326145.95715,-531235.39179,127.24800,363638076.89813,9.41000,1697091.00000,6.96000,0.00000,0.00000,1.00000
-326342.88124,-531511.29195,128.47900,363638076.94507,9.39000,4147223.00000,6.12000,0.00000,0.00000,1.00000
-327192.45004,-531667.05503,132.63400,363638076.99202,9.52000,2758933.00000,7.32000,0.00000,0.00000,1.00000
-327695.13237,-531886.67607,137.12300,363638077.03896,9.33000,562050.00000,7.36000,0.00000,0.00000,1.00000
-328109.12440,-532122.62642,138.26900,363638077.08591,9.71000,368728.00000,8.28000,0.00000,0.00000,1.00000
-328238.26942,-532411.03327,138.03200,363638077.13285,9.91000,436076.00000,8.65000,0.00000,0.00000,1.00000
-328508.02603,-532673.54506,139.62000,363638077.17980,9.63000,481366.00000,7.69000,0.00000,0.00000,1.00000
-328751.82060,-532940.83474,140.44200,363638077.22674,9.84000,975714.00000,6.30000,0.00000,0.00000,1.00000
-328927.83618,-533220.61331,140.00000,363638077.27369,10.02000,852013.00000,6.93000,0.00000,0.00000,1.00000
-328243.50223,-533658.72473,132.51600,363638077.32063,10.12000,1801321.00000,8.59000,0.00000,0.00000,1.00000
-328318.54400,-533957.08108,131.97700,363638077.36758,10.28000,1674684.00000,7.98000,0.00000,0.00000,1.00000
-327298.82658,-534456.89408,127.40200,363638077.41452,10.43000,376799.00000,8.55000,0.00000,0.00000,1.00000
-325761.27614,-535051.94998,124.76000,363638077.46147,10.45000,478612.00000,10.94000,0.00000,0.00000,1.00000
-326516.38147,-535225.16620,125.82400,363638077.50841,10.63000,143259.00000,11.49000,0.00000,0.00000,1.00000
-327800.11993,-535301.12752,129.36000,363638077.55536,10.80000,219442.00000,13.74000,0.00000,0.00000,1.00000
-328807.63994,-535427.91729,134.66400,363638077.60230,10.27000,292257.00000,10.11000,0.00000,0.00000,1.00000
-330265.17143,-535471.91931,145.08700,363638077.64925,10.13000,1139842.00000,7.78000,0.00000,0.00000,1.00000
-328028.79030,-536195.53717,130.24900,363638077.69619,9.96000,4668784.00000,6.58000,0.00000,0.00000,1.00000
-330195.97608,-536109.01309,145.40600,363638077.74314,10.15000,1562878.00000,7.47000,0.00000,0.00000,1.00000
-329123.59019,-536618.47782,137.56200,363638077.79008,10.18000,526408.00000,9.82000,0.00000,0.00000,1.00000
-327860.05119,-537163.06409,132.64900,363638077.83703,10.45000,129900.00000,12.43000,0.00000,0.00000,1.00000
-327736.72784,-537497.91119,133.47000,363638077.88397,10.40000,142621.00000,11.26000,0.00000,0.00000,1.00000
-331451.07650,-509109.82663,126.39600,363756971.76612,9.61000,1202936.00000,2.52000,0.00000,0.00000,0.00000
-314247.93239,-501565.64864,158.44400,363810724.86309,8.59000,193082.00000,6.29000,0.00000,0.00000,1.00000
-313983.76087,-501921.99840,155.23400,363810724.91009,8.54000,282609.00000,5.93000,0.00000,0.00000,1.00000
-313783.96930,-502267.43749,152.68900,363810724.95710,8.34000,310777.00000,4.61000,0.00000,0.00000,1.00000
-313674.62155,-502597.58465,150.99600,363810725.00411,8.76000,456558.00000,4.31000,0.00000,0.00000,1.00000
-313577.56522,-502925.63645,149.10800,363810725.05111,8.96000,489845.00000,4.45000,0.00000,0.00000,1.00000
-313520.30295,-503246.96010,147.05000,363810725.09812,8.91000,1103329.00000,3.94000,0.00000,0.00000,1.00000
-313405.15789,-503578.07772,144.30300,363810725.14513,8.97000,3138789.00000,4.07000,0.00000,0.00000,1.00000
-313370.31373,-503895.59601,142.42700,363810725.19214,9.05000,912258.00000,4.59000,0.00000,0.00000,1.00000
-313265.28401,-504224.99591,140.10500,363810725.23914,9.00000,737251.00000,4.25000,0.00000,0.00000,1.00000
-313174.72527,-504551.95427,137.92100,363810725.28615,9.10000,1014587.00000,4.45000,0.00000,0.00000,1.00000
-313283.86731,-504845.13144,136.69800,363810725.33316,9.28000,1945372.00000,3.90000,0.00000,0.00000,1.00000
-313374.18917,-505141.48181,135.17000,363810725.38017,9.30000,2243402.00000,2.93000,0.00000,0.00000,1.00000
-313273.49107,-505470.15178,132.78400,363810725.42717,9.45000,3142141.00000,3.21000,0.00000,0.00000,1.00000
-313290.01104,-505778.99476,130.00100,363810725.47418,9.40000,1360031.00000,3.46000,0.00000,0.00000,1.00000
-313464.99335,-506061.03245,127.25300,363810725.52119,9.43000,323395.00000,3.92000,0.00000,0.00000,1.00000
-313632.02025,-506344.43792,125.21000,363810725.56820,9.50000,360711.00000,4.27000,0.00000,0.00000,1.00000
-313816.40361,-506624.89409,123.62100,363810725.61521,9.59000,312808.00000,4.87000,0.00000,0.00000,1.00000
-313975.46093,-506909.63857,122.02400,363810725.66222,9.41000,251956.00000,5.33000,0.00000,0.00000,1.00000
-314203.98949,-507182.64321,120.05800,363810725.70923,9.20000,264994.00000,4.59000,0.00000,0.00000,1.00000
-314528.03320,-507439.49449,118.25600,363810725.75624,9.33000,405975.00000,3.63000,0.00000,0.00000,1.00000
-314700.85567,-507721.92873,113.91700,363810725.80325,9.71000,302723.00000,5.70000,0.00000,0.00000,1.00000
-314392.46061,-508085.72925,109.57400,363810725.85025,9.83000,146333.00000,7.57000,0.00000,0.00000,1.00000
-313369.09867,-508570.39166,105.84800,363810725.89726,9.79000,248009.00000,5.39000,0.00000,0.00000,1.00000
-312640.23829,-509005.24510,105.57400,363810725.94427,9.67000,2265853.00000,3.99000,0.00000,0.00000,1.00000
-312251.48626,-509382.59600,102.34700,363810725.99128,9.52000,4528760.00000,4.45000,0.00000,0.00000,1.00000
-312658.72849,-509625.39889,104.66100,363810726.03829,9.48000,432629.00000,5.86000,0.00000,0.00000,1.00000
-313506.66267,-509793.71171,107.70400,363810726.08530,9.26000,475120.00000,5.02000,0.00000,0.00000,1.00000
-312690.23413,-510243.35667,104.28200,363810726.13231,9.04000,1435514.00000,4.16000,0.00000,0.00000,1.00000
-312375.99626,-510608.10014,104.26500,363810726.17932,8.95000,2956460.00000,4.34000,0.00000,0.00000,1.00000
-312165.23750,-510955.35200,106.73900,363810726.22633,8.62000,1390220.00000,3.29000,0.00000,0.00000,1.00000
-316279.78316,-510571.62753,107.11100,363810726.27334,8.48000,851793.00000,2.72000,0.00000,0.00000,1.00000
-315686.94112,-510983.50276,104.95400,363810726.32035,8.60000,1904179.00000,4.24000,0.00000,0.00000,1.00000
-315652.03380,-511301.07093,105.04900,363810726.36736,8.54000,3307202.00000,4.22000,0.00000,0.00000,1.00000
-315798.76028,-511587.93853,105.66900,363810726.41437,8.45000,3368458.00000,3.68000,0.00000,0.00000,1.00000
-314089.98737,-512188.33089,104.45400,363810726.46138,8.39000,1479296.00000,4.15000,0.00000,0.00000,1.00000
-313885.00314,-512534.61927,105.54900,363810726.50839,8.20000,1850592.00000,3.82000,0.00000,0.00000,1.00000
-313282.00026,-512948.14513,106.41100,363810726.55540,7.96000,1495563.00000,4.08000,0.00000,0.00000,1.00000
-312168.08350,-513447.96498,108.33000,363810726.60241,7.96000,3928690.00000,3.55000,0.00000,0.00000,1.00000
-311599.80798,-513855.59343,109.39400,363810726.64942,7.97000,4694437.00000,4.94000,0.00000,0.00000,1.00000
-311912.22715,-514114.44608,110.04100,363810726.69643,8.22000,1538123.00000,6.61000,0.00000,0.00000,1.00000
-311938.79791,-514421.59809,109.60400,363810726.74344,8.03000,7503676.00000,4.92000,0.00000,0.00000,1.00000
-312254.11903,-514679.99249,109.40200,363810726.79045,7.94000,1615565.00000,4.94000,0.00000,0.00000,1.00000
-312654.82158,-514923.94597,109.23600,363810726.83746,7.97000,300577.00000,5.57000,0.00000,0.00000,1.00000
-312912.24487,-515192.11535,109.56500,363810726.88447,7.78000,207211.00000,6.19000,0.00000,0.00000,1.00000
-313195.71821,-515455.88812,109.71600,363810726.93148,7.85000,82975.00000,8.63000,0.00000,0.00000,1.00000
-312994.31348,-515801.52919,109.68800,363810726.97849,7.90000,121766.00000,8.67000,0.00000,0.00000,1.00000
-312488.24100,-516198.62481,110.76100,363810727.02550,7.97000,220436.00000,7.45000,0.00000,0.00000,1.00000
-312550.26023,-516499.79418,112.20600,363810727.07251,8.00000,959029.00000,5.33000,0.00000,0.00000,1.00000
-312648.45948,-516794.85174,112.62800,363810727.11952,7.87000,436932.00000,5.72000,0.00000,0.00000,1.00000
-312631.59210,-517109.34116,113.10000,363810727.16653,7.80000,351444.00000,6.06000,0.00000,0.00000,1.00000
-312631.36108,-517421.00928,114.22100,363810727.21354,8.04000,323039.00000,6.22000,0.00000,0.00000,1.00000
-312810.61006,-517702.39368,114.95200,363810727.26055,8.20000,226466.00000,5.56000,0.00000,0.00000,1.00000
-312909.52057,-517997.32792,115.64600,363810727.30756,8.13000,294535.00000,5.37000,0.00000,0.00000,1.00000
-313081.53339,-518279.94385,116.19300,363810727.35457,8.27000,176313.00000,6.74000,0.00000,0.00000,1.00000
-313244.84985,-518564.00991,117.03900,363810727.40158,8.34000,223718.00000,5.49000,0.00000,0.00000,1.00000
-313286.57891,-518868.59569,117.12900,363810727.44859,8.58000,316579.00000,6.07000,0.00000,0.00000,1.00000
-313447.73178,-519153.05213,117.75500,363810727.49560,8.53000,275985.00000,6.38000,0.00000,0.00000,1.00000
-313526.37209,-519451.42196,117.84200,363810727.54261,8.55000,135112.00000,6.60000,0.00000,0.00000,1.00000
-313560.14108,-519757.36542,117.97800,363810727.58962,8.54000,224168.00000,7.29000,0.00000,0.00000,1.00000
-313636.60463,-520056.09780,118.53300,363810727.63663,8.70000,199400.00000,6.50000,0.00000,0.00000,1.00000
-313615.36392,-520371.31642,118.42700,363810727.68364,8.89000,229406.00000,6.99000,0.00000,0.00000,1.00000
-313751.89251,-520659.91482,118.97700,363810727.73065,8.69000,174386.00000,5.68000,0.00000,0.00000,1.00000
-313706.04290,-520979.29036,119.47100,363810727.77766,8.63000,295548.00000,6.36000,0.00000,0.00000,1.00000
-313682.62925,-521294.88564,119.82800,363810727.82467,8.79000,188283.00000,7.29000,0.00000,0.00000,1.00000
-313709.14337,-521602.04581,120.24200,363810727.87168,8.69000,314175.00000,5.96000,0.00000,0.00000,1.00000
-313737.82853,-521908.84472,120.59000,363810727.91869,8.74000,270903.00000,6.03000,0.00000,0.00000,1.00000
-313904.74040,-522192.31800,120.82300,363810727.96570,8.68000,477045.00000,6.33000,0.00000,0.00000,1.00000
-314102.05369,-522470.68029,121.02400,363810728.01271,8.65000,234051.00000,6.17000,0.00000,0.00000,1.00000
-314197.31706,-522766.25853,121.47600,363810728.05972,8.60000,199836.00000,6.18000,0.00000,0.00000,1.00000
-314175.33243,-523081.61226,121.39400,363810728.10673,8.70000,106589.00000,7.72000,0.00000,0.00000,1.00000
-314149.00334,-523397.69512,121.63700,363810728.15373,8.89000,209640.00000,8.25000,0.00000,0.00000,1.00000
-314100.23413,-523717.55894,122.12200,363810728.20074,8.95000,116821.00000,7.32000,0.00000,0.00000,1.00000
-314215.02923,-524009.83689,123.01400,363810728.24775,8.98000,245172.00000,6.43000,0.00000,0.00000,1.00000
-314334.89231,-524301.26885,124.10200,363810728.29476,8.90000,399757.00000,5.31000,0.00000,0.00000,1.00000
-314554.62539,-524575.85463,124.70100,363810728.34177,8.99000,590093.00000,5.25000,0.00000,0.00000,1.00000
-314774.36122,-524850.44827,124.89600,363810728.38878,9.05000,878746.00000,5.09000,0.00000,0.00000,1.00000
-314821.11850,-525154.21510,124.19600,363810728.43579,9.14000,350544.00000,7.24000,0.00000,0.00000,1.00000
-314521.91074,-525516.30546,124.58400,363810728.48280,9.14000,214724.00000,6.05000,0.00000,0.00000,1.00000
-314405.81956,-525847.52720,125.11400,363810728.52981,9.04000,293864.00000,5.84000,0.00000,0.00000,1.00000
-314323.01065,-526173.12840,125.48600,363810728.57682,9.03000,297558.00000,6.66000,0.00000,0.00000,1.00000
-314329.94869,-526483.60596,125.53000,363810728.62383,8.91000,248027.00000,5.47000,0.00000,0.00000,1.00000
-314394.06377,-526784.44639,125.35900,363810728.67084,9.03000,246554.00000,5.90000,0.00000,0.00000,1.00000
-314644.90682,-527053.80717,124.54000,363810728.71785,9.19000,317222.00000,5.10000,0.00000,0.00000,1.00000
-314998.52777,-527305.85322,123.47100,363810728.76486,9.36000,243212.00000,5.71000,0.00000,0.00000,1.00000
-315142.97722,-527593.16103,122.38900,363810728.81187,9.46000,200325.00000,6.63000,0.00000,0.00000,1.00000
-314848.08677,-527954.51071,121.75400,363810728.85888,9.62000,111508.00000,7.46000,0.00000,0.00000,1.00000
-314784.07636,-528276.94086,122.16200,363810728.90589,9.51000,394858.00000,5.80000,0.00000,0.00000,1.00000
-314966.88436,-528557.79459,122.43500,363810728.95290,9.53000,280269.00000,5.78000,0.00000,0.00000,1.00000
-315180.07848,-528833.50976,122.21900,363810728.99991,9.54000,154752.00000,7.30000,0.00000,0.00000,1.00000
-315422.95332,-529104.23391,121.34000,363810729.04692,9.66000,130027.00000,9.26000,0.00000,0.00000,1.00000
-314864.58743,-529509.97821,120.80500,363810729.09393,9.96000,83461.00000,11.07000,0.00000,0.00000,1.00000
-313662.76213,-530024.12048,122.93200,363810729.14094,9.98000,141880.00000,9.76000,0.00000,0.00000,1.00000
-313396.07756,-530380.69249,124.74600,363810729.18795,9.82000,357264.00000,6.67000,0.00000,0.00000,1.00000
-313931.35340,-530602.15384,124.39200,363810729.23496,9.60000,342765.00000,5.65000,0.00000,0.00000,1.00000
-314666.39737,-530789.96122,123.43400,363810729.28197,9.27000,401924.00000,6.62000,0.00000,0.00000,1.00000
-315232.79491,-531006.17748,123.88400,363810729.32897,9.02000,161887.00000,5.73000,0.00000,0.00000,1.00000
-315473.48692,-531277.28111,124.94400,363810729.37598,9.03000,209624.00000,5.87000,0.00000,0.00000,1.00000
-315733.71249,-531545.08436,125.57200,363810729.42299,9.00000,244271.00000,5.58000,0.00000,0.00000,1.00000
-315818.05799,-531842.53337,125.31000,363810729.47000,9.05000,439059.00000,5.38000,0.00000,0.00000,1.00000
-316269.38087,-532078.18232,123.96700,363810729.51701,9.31000,869793.00000,5.73000,0.00000,0.00000,1.00000
-316308.12218,-532383.31240,122.04500,363810729.56402,9.77000,412827.00000,8.13000,0.00000,0.00000,1.00000
-315657.77924,-532804.49882,121.79300,363810729.61103,9.98000,437095.00000,8.69000,0.00000,0.00000,1.00000
-315018.29527,-533223.85093,124.26800,363810729.65804,9.68000,1438968.00000,6.13000,0.00000,0.00000,1.00000
-314078.42398,-533693.76820,127.89600,363810729.70505,9.21000,1353588.00000,6.87000,0.00000,0.00000,1.00000
-313332.53844,-534130.99742,133.02400,363810729.75206,8.68000,584475.00000,4.22000,0.00000,0.00000,1.00000
-313923.52671,-534343.11843,130.74800,363810729.79907,8.65000,2319558.00000,3.28000,0.00000,0.00000,1.00000
-314138.85656,-534618.49688,129.76200,363810729.84608,8.73000,2364367.00000,3.45000,0.00000,0.00000,1.00000
-318264.35586,-534235.49239,117.16800,363810729.89309,8.68000,608795.00000,2.73000,0.00000,0.00000,1.00000
-319228.90210,-534384.76352,117.89900,363810729.94010,8.63000,3057507.00000,3.11000,0.00000,0.00000,1.00000
-313391.47531,-535679.22759,134.63300,363810729.98711,8.58000,1264239.00000,3.97000,0.00000,0.00000,1.00000
-313332.47333,-536000.80283,135.26500,363810730.03412,8.62000,547261.00000,5.11000,0.00000,0.00000,1.00000
-314274.51044,-536153.84749,131.56400,363810730.08113,8.73000,964551.00000,5.87000,0.00000,0.00000,1.00000
-314485.49047,-536429.97866,130.65200,363810730.12814,8.97000,1967095.00000,5.93000,0.00000,0.00000,1.00000
-313297.28725,-536941.59389,136.27700,363810730.17514,9.05000,931840.00000,5.71000,0.00000,0.00000,1.00000
-313718.17084,-537182.39113,134.45300,363810730.22215,9.20000,835565.00000,4.34000,0.00000,0.00000,1.00000
-313752.53069,-537488.24459,135.76600,363810730.26916,9.24000,1057027.00000,4.25000,0.00000,0.00000,1.00000
-313814.38875,-537789.46187,136.95500,363810730.31617,9.02000,2706255.00000,4.27000,0.00000,0.00000,1.00000
-313582.37028,-538140.13511,140.16100,363810730.36318,8.87000,1824565.00000,4.41000,0.00000,0.00000,1.00000
-313786.83347,-538417.35950,142.88200,363810730.41019,8.82000,487656.00000,2.92000,0.00000,0.00000,1.00000
-314007.93776,-538691.79085,144.20400,363810730.45720,8.76000,2324676.00000,2.34000,0.00000,0.00000,1.00000
-321353.66211,-538702.37021,123.62800,363810730.64523,9.11000,1729522.00000,2.06000,0.00000,0.00000,1.00000
-341427.19384,-523048.94576,137.71600,363929621.99993,8.84000,2951333.00000,4.63000,0.00000,0.00000,0.00000
-340670.48722,-523046.87351,138.09500,363929622.09383,8.94000,4969073.00000,4.27000,0.00000,0.00000,0.00000
-342011.44808,-520672.23450,134.15300,363929622.14078,9.03000,3788781.00000,4.22000,0.00000,0.00000,0.00000
-339489.65418,-522060.18477,142.79200,363929622.32859,9.05000,9239370.00000,3.45000,0.00000,0.00000,0.00000
-339164.90478,-521461.80325,142.58300,363929622.42250,8.98000,3540905.00000,3.29000,0.00000,0.00000,0.00000
-338705.03028,-521573.28003,143.90600,363929622.46945,9.02000,3756753.00000,4.21000,0.00000,0.00000,0.00000
-341575.11361,-517088.12629,148.40700,363929622.51640,8.89000,838347.00000,3.63000,0.00000,0.00000,0.00000
-338810.10566,-520381.62018,144.19300,363929622.56335,8.90000,6291302.00000,3.56000,0.00000,0.00000,0.00000
-340522.06980,-517495.23293,144.59200,363929622.61030,8.90000,374244.00000,3.88000,0.00000,0.00000,0.00000
-340504.92182,-516995.61979,146.23800,363929622.65726,8.68000,442187.00000,4.70000,0.00000,0.00000,0.00000
-340031.31761,-517126.11747,144.53700,363929622.70421,8.51000,281460.00000,4.26000,0.00000,0.00000,0.00000
-337187.02923,-520528.73965,151.24600,363929622.75116,8.36000,296689.00000,5.71000,0.00000,0.00000,0.00000
-339836.57588,-516348.42724,147.31600,363929622.79811,7.87000,275537.00000,4.20000,0.00000,0.00000,0.00000
-339588.84783,-516167.13672,147.17400,363929622.84506,7.76000,249511.00000,4.14000,0.00000,0.00000,0.00000
-339641.43453,-515571.33908,148.75300,363929622.89202,7.46000,1731098.00000,3.34000,0.00000,0.00000,0.00000
-338828.79350,-516169.75607,143.56300,363929622.93897,7.19000,480344.00000,3.15000,0.00000,0.00000,0.00000
-339014.76426,-515389.85577,145.08300,363929622.98592,7.31000,1662182.00000,3.05000,0.00000,0.00000,0.00000
-338760.16110,-515218.04791,142.96600,363929623.03287,7.47000,1450362.00000,3.35000,0.00000,0.00000,0.00000
-336460.89920,-517868.15558,133.73400,363929623.07983,7.91000,803918.00000,4.11000,0.00000,0.00000,0.00000
-336089.65985,-517857.24869,132.00700,363929623.12678,8.22000,753543.00000,4.45000,0.00000,0.00000,0.00000
-335548.03466,-518081.51651,130.91700,363929623.17373,8.32000,2111866.00000,3.79000,0.00000,0.00000,0.00000
-335684.98128,-517369.30727,128.73000,363929623.22069,8.27000,2704146.00000,3.25000,0.00000,0.00000,0.00000
-335552.56795,-517028.83528,127.71100,363929623.26764,8.22000,1994764.00000,3.40000,0.00000,0.00000,0.00000
-335887.89965,-516042.87711,125.81600,363929623.31459,8.31000,807578.00000,3.51000,0.00000,0.00000,0.00000
-335706.87606,-515769.50385,123.50100,363929623.36155,8.65000,1009611.00000,3.73000,0.00000,0.00000,0.00000
-335789.19764,-515132.71911,124.33700,363929623.40850,8.89000,2704773.00000,3.66000,0.00000,0.00000,0.00000
-334335.29556,-516615.83359,111.16600,363929623.45545,9.21000,1489958.00000,3.69000,0.00000,0.00000,0.00000
-334614.72530,-515707.08310,112.91500,363929623.50241,9.51000,1144117.00000,4.74000,0.00000,0.00000,0.00000
-334419.92671,-515452.70642,113.98700,363929623.54936,9.61000,1791807.00000,4.37000,0.00000,0.00000,0.00000
-334106.78892,-515361.62644,115.38800,363929623.59632,9.66000,913557.00000,4.86000,0.00000,0.00000,0.00000
-333791.50095,-515273.51263,115.30700,363929623.64327,9.81000,586772.00000,4.53000,0.00000,0.00000,0.00000
-333557.97662,-515072.57423,115.76900,363929623.69023,9.81000,371879.00000,4.57000,0.00000,0.00000,0.00000
-334321.98275,-513495.23206,121.58300,363929623.73718,9.95000,1015147.00000,4.61000,0.00000,0.00000,0.00000
-330677.90722,-518000.03561,119.81700,363929623.78413,10.35000,4243610.00000,4.78000,0.00000,0.00000,0.00000
-330278.23488,-518028.24916,121.33200,363929623.83109,10.54000,5008612.00000,4.02000,0.00000,0.00000,0.00000
-332423.79108,-514544.89606,106.81300,363929623.87805,10.92000,931105.00000,4.42000,0.00000,0.00000,0.00000
-332323.25255,-514160.46166,106.89000,363929623.92500,10.83000,799468.00000,4.54000,0.00000,0.00000,0.00000
-332055.73528,-514006.42053,108.12800,363929623.97196,10.80000,1221827.00000,4.69000,0.00000,0.00000,0.00000
-331316.10061,-514503.75362,114.56500,363929624.01891,10.94000,1724948.00000,4.66000,0.00000,0.00000,0.00000
-331295.18798,-514009.46384,110.49400,363929624.06587,11.23000,2637892.00000,5.24000,0.00000,0.00000,0.00000
-330488.40157,-514599.39249,114.55900,363929624.11283,11.44000,687649.00000,5.97000,0.00000,0.00000,0.00000
-330322.02747,-514305.80246,114.12600,363929624.15978,11.67000,724153.00000,5.75000,0.00000,0.00000,0.00000
-330159.96181,-514006.27426,112.05900,363929624.20674,12.05000,363408.00000,8.58000,0.00000,0.00000,0.00000
-330744.63019,-512676.60170,114.12100,363929624.25370,12.39000,144834.00000,9.19000,0.00000,0.00000,0.00000
-330045.01705,-513118.67201,113.83100,363929624.30065,12.32000,383642.00000,8.06000,0.00000,0.00000,0.00000
-330066.30520,-512566.20927,115.64000,363929624.34761,12.15000,792800.00000,6.86000,0.00000,0.00000,0.00000
-329815.16074,-512389.59242,117.46900,363929624.39456,12.04000,1237310.00000,5.54000,0.00000,0.00000,0.00000
-330133.86654,-511426.88044,120.55700,363929624.44152,11.85000,3276395.00000,5.60000,0.00000,0.00000,0.00000
-327611.00254,-514383.92561,109.60800,363929624.48847,12.07000,164314.00000,6.50000,0.00000,0.00000,0.00000
-327547.08314,-513949.01131,108.67500,363929624.53543,11.75000,187768.00000,6.20000,0.00000,0.00000,0.00000
-329480.73843,-510758.68716,124.15600,363929624.58239,11.62000,3681715.00000,5.69000,0.00000,0.00000,0.00000
-328061.04383,-512193.97812,111.23300,363929624.62934,11.46000,403722.00000,5.15000,0.00000,0.00000,0.00000
-327526.67983,-512407.99948,111.42300,363929624.67630,11.32000,467812.00000,5.04000,0.00000,0.00000,0.00000
-327215.71264,-512313.88822,112.37800,363929624.72326,11.17000,602800.00000,4.72000,0.00000,0.00000,0.00000
-327502.18698,-511395.70614,114.39600,363929624.77021,11.11000,821125.00000,5.26000,0.00000,0.00000,0.00000
-327502.43851,-510872.36431,116.08900,363929624.81717,11.04000,576961.00000,5.92000,0.00000,0.00000,0.00000
-327474.28201,-510388.20008,117.40000,363929624.86412,10.76000,318624.00000,4.56000,0.00000,0.00000,0.00000
-327847.71804,-509350.13184,122.41100,363929624.91108,10.56000,590135.00000,4.08000,0.00000,0.00000,0.00000
-327789.01144,-508908.13633,124.67200,363929624.95804,10.51000,4218219.00000,3.64000,0.00000,0.00000,0.00000
-325321.93247,-511787.72748,109.76500,363929625.00499,10.55000,2431617.00000,3.20000,0.00000,0.00000,0.00000
-327129.23604,-508772.17478,130.28200,363929625.05195,10.78000,1014154.00000,3.58000,0.00000,0.00000,0.00000
-326724.46096,-508807.47756,129.64900,363929625.09890,10.87000,480918.00000,4.98000,0.00000,0.00000,0.00000
-326632.18579,-508411.77391,130.42500,363929625.14586,10.93000,180310.00000,5.90000,0.00000,0.00000,0.00000
-326551.53981,-508000.05463,132.07100,363929625.19282,10.79000,135236.00000,7.66000,0.00000,0.00000,0.00000
-326490.70336,-507561.03308,133.70000,363929625.23977,10.62000,160504.00000,5.60000,0.00000,0.00000,0.00000
-326411.78492,-507146.93508,135.14600,363929625.28673,10.46000,269507.00000,6.64000,0.00000,0.00000,0.00000
-326132.71121,-507008.88377,135.04800,363929625.33368,10.21000,135512.00000,6.22000,0.00000,0.00000,0.00000
-325821.78861,-506914.76447,134.83600,363929625.38064,9.98000,178576.00000,6.82000,0.00000,0.00000,0.00000
-325736.85953,-506508.99046,136.98500,363929625.42760,10.01000,165019.00000,5.60000,0.00000,0.00000,0.00000
-322548.70139,-504630.79127,144.30500,363929625.99107,9.49000,1105946.00000,4.89000,0.00000,0.00000,0.00000
-322415.59766,-504291.51240,147.21300,363929626.03802,9.37000,303213.00000,5.58000,0.00000,0.00000,0.00000
-322379.35314,-503818.67679,151.28000,363929626.08498,9.18000,3587123.00000,3.70000,0.00000,0.00000,0.00000
-321455.25321,-503524.33651,154.11700,363929626.22585,8.85000,512279.00000,3.69000,0.00000,0.00000,0.00000
-320799.07749,-503906.17814,150.42200,363929626.27280,8.80000,257768.00000,5.28000,0.00000,0.00000,0.00000
-320496.35652,-503800.73348,151.08500,363929626.31976,8.85000,281570.00000,6.76000,0.00000,0.00000,0.00000
-320598.33814,-503137.38553,156.33600,363929626.36672,8.54000,189432.00000,4.86000,0.00000,0.00000,0.00000
-320560.39028,-502666.92634,160.47900,363929626.41367,8.31000,676649.00000,4.12000,0.00000,0.00000,0.00000
-320211.18949,-502625.58921,161.10700,363929626.46063,8.11000,1701811.00000,3.57000,0.00000,0.00000,0.00000
-309580.90135,-503936.13138,127.21000,363983377.83603,9.19000,658488.00000,3.38000,0.00000,0.00000,1.00000
-308045.83565,-504794.43754,111.38000,363983377.93017,8.83000,239788.00000,3.47000,0.00000,0.00000,1.00000
-307834.07493,-505138.20680,109.00900,363983377.97724,8.83000,148771.00000,4.13000,0.00000,0.00000,1.00000
-307437.15697,-505510.39711,105.27500,363983378.02431,8.74000,281121.00000,4.61000,0.00000,0.00000,1.00000
-307414.89073,-505825.05660,104.06400,363983378.07138,8.72000,184233.00000,5.38000,0.00000,0.00000,1.00000
-307619.14555,-506104.91984,104.68100,363983378.11845,8.76000,170636.00000,5.21000,0.00000,0.00000,1.00000
-307161.95345,-506486.35580,100.71900,363983378.16552,9.02000,240281.00000,5.59000,0.00000,0.00000,1.00000
-307271.09669,-506780.82383,99.51600,363983378.21259,8.54000,841976.00000,5.36000,0.00000,0.00000,1.00000
-307240.10033,-507096.81995,98.98900,363983378.25966,8.05000,1537349.00000,3.43000,0.00000,0.00000,1.00000
-306286.23237,-507554.50173,96.46800,363983378.30673,7.71000,1314527.00000,2.59000,0.00000,0.00000,1.00000
-307517.89540,-507676.61496,98.79500,363983378.35380,7.52000,2277052.00000,2.67000,0.00000,0.00000,1.00000
-307066.47328,-508057.15796,98.54600,363983378.40087,7.39000,686148.00000,3.39000,0.00000,0.00000,1.00000
-306814.71735,-508407.02266,98.78900,363983378.44794,7.33000,876821.00000,3.97000,0.00000,0.00000,1.00000
-306114.96609,-508825.66759,97.95300,363983378.49501,7.33000,1287998.00000,2.74000,0.00000,0.00000,1.00000
-304508.31772,-509383.48723,99.13400,363983378.54208,7.56000,2260879.00000,2.52000,0.00000,0.00000,1.00000
-303640.82949,-509827.81468,103.90000,363983378.58915,7.70000,618354.00000,3.08000,0.00000,0.00000,1.00000
-304022.21305,-510080.49128,105.93100,363983378.63622,7.87000,315285.00000,4.05000,0.00000,0.00000,1.00000
-304073.22077,-510383.85984,107.25100,363983378.68329,8.12000,815520.00000,6.33000,0.00000,0.00000,1.00000
-303368.37654,-510803.21715,109.87800,363983378.73036,7.94000,526954.00000,4.06000,0.00000,0.00000,1.00000
-302903.86646,-511185.68570,112.65600,363983378.77743,8.18000,322618.00000,3.77000,0.00000,0.00000,1.00000
-302434.99820,-511568.81264,115.87600,363983378.82450,8.23000,1006185.00000,2.85000,0.00000,0.00000,1.00000
-302186.85577,-511918.07203,117.74600,363983378.87157,8.05000,1122834.00000,3.65000,0.00000,0.00000,1.00000
-301993.88090,-512258.84508,118.97900,363983378.91864,8.02000,1199534.00000,3.24000,0.00000,0.00000,1.00000
-302282.30293,-512525.79081,117.35600,363983378.96570,8.04000,945267.00000,3.50000,0.00000,0.00000,1.00000
-302762.40593,-512763.33032,114.71700,363983379.01277,7.98000,262552.00000,5.43000,0.00000,0.00000,1.00000
-304049.20936,-512877.14471,113.03200,363983379.05984,8.14000,599016.00000,4.36000,0.00000,0.00000,1.00000
-304358.69101,-513140.86975,112.46300,363983379.10691,8.42000,2703963.00000,4.60000,0.00000,0.00000,1.00000
-304507.70991,-513429.22190,112.09500,363983379.15398,8.34000,7315726.00000,3.57000,0.00000,0.00000,1.00000
-304356.10936,-513763.66886,116.62800,363983379.20105,8.07000,3230008.00000,4.47000,0.00000,0.00000,1.00000
-304330.85132,-514078.73751,117.92300,363983379.24812,7.70000,2096227.00000,5.75000,0.00000,0.00000,1.00000
-304670.09269,-514337.90667,119.46900,363983379.29519,7.39000,863232.00000,5.88000,0.00000,0.00000,1.00000
-305847.26496,-514468.60064,122.35800,363983379.34226,6.77000,417412.00000,4.10000,0.00000,0.00000,1.00000
-304805.45429,-514939.55141,116.47200,363983379.38933,6.31000,767113.00000,2.31000,0.00000,0.00000,1.00000
-304899.26958,-515236.36642,117.74100,363983379.43639,6.13000,4320150.00000,1.58000,0.00000,0.00000,1.00000
-304135.54962,-515664.66391,135.63100,363983379.48346,6.45000,4444206.00000,1.48000,0.00000,0.00000,1.00000
-305521.13209,-515763.43826,111.29200,363983379.53053,6.72000,6172367.00000,1.68000,0.00000,0.00000,1.00000
-305676.66440,-516050.80091,112.99500,363983379.57760,6.71000,4740613.00000,1.70000,0.00000,0.00000,1.00000
-306026.07676,-516308.44674,112.24000,363983379.62467,6.88000,2459261.00000,1.92000,0.00000,0.00000,1.00000
-302405.77282,-517174.57963,129.19600,363983379.67174,7.24000,2737031.00000,2.49000,0.00000,0.00000,1.00000
-302732.64465,-517435.66427,126.49800,363983379.71881,7.62000,866960.00000,4.78000,0.00000,0.00000,1.00000
-303172.79618,-517679.39044,125.72300,363983379.76588,8.07000,278716.00000,4.45000,0.00000,0.00000,1.00000
-303368.96812,-517960.51462,123.79500,363983379.81295,8.28000,350516.00000,7.63000,0.00000,0.00000,1.00000
-304077.79219,-518163.08672,121.87100,363983379.86002,8.49000,115432.00000,9.38000,0.00000,0.00000,1.00000
-304621.06080,-518391.03164,120.90400,363983379.90708,8.61000,167379.00000,8.06000,0.00000,0.00000,1.00000
-304653.85141,-518697.19825,118.63600,363983379.95415,9.10000,176576.00000,9.24000,0.00000,0.00000,1.00000
-304359.15635,-519053.55234,118.09800,363983380.00122,9.20000,203686.00000,7.16000,0.00000,0.00000,1.00000
-304413.00664,-519356.50441,117.42200,363983380.04829,9.39000,150776.00000,7.31000,0.00000,0.00000,1.00000
-304869.86190,-519597.70205,117.11900,363983380.09536,9.48000,214469.00000,6.56000,0.00000,0.00000,1.00000
-305503.17441,-519811.87565,118.15900,363983380.14243,9.40000,185360.00000,6.64000,0.00000,0.00000,1.00000
-305835.13299,-520072.22262,119.96300,363983380.18950,9.45000,275428.00000,6.42000,0.00000,0.00000,1.00000
-305903.50252,-520372.96398,121.55000,363983380.23657,9.34000,222196.00000,4.55000,0.00000,0.00000,1.00000
-305802.67301,-520699.62045,121.79300,363983380.28364,9.39000,310356.00000,6.15000,0.00000,0.00000,1.00000
-305498.51062,-521057.40694,122.23200,363983380.33071,9.47000,473942.00000,5.20000,0.00000,0.00000,1.00000
-305509.50365,-521366.93219,123.42700,363983380.37778,9.29000,762926.00000,4.22000,0.00000,0.00000,1.00000
-305946.02074,-521611.28038,125.56900,363983380.42484,9.32000,1563641.00000,4.25000,0.00000,0.00000,1.00000
-306429.01755,-521848.52317,127.46200,363983380.47191,9.31000,1075032.00000,5.22000,0.00000,0.00000,1.00000
-306565.62404,-522138.80299,130.11500,363983380.51898,9.02000,796680.00000,4.30000,0.00000,0.00000,1.00000
-306364.56477,-522480.79895,132.25200,363983380.56605,8.75000,896451.00000,4.06000,0.00000,0.00000,1.00000
-306263.71568,-522807.45036,134.68300,363983380.61312,8.41000,3154412.00000,3.21000,0.00000,0.00000,1.00000
-306278.32270,-523116.41623,136.89400,363983380.66018,8.36000,3436405.00000,2.75000,0.00000,0.00000,1.00000
-306326.33145,-523420.26898,138.18600,363983380.70725,8.49000,3449554.00000,2.79000,0.00000,0.00000,1.00000
-306382.32665,-523722.89594,137.81900,363983380.75432,8.44000,5120429.00000,2.26000,0.00000,0.00000,1.00000
-306416.54479,-524028.87652,135.91500,363983380.80139,8.57000,2372875.00000,2.98000,0.00000,0.00000,1.00000
-306329.47870,-524353.40487,134.17900,363983380.84846,8.75000,3778822.00000,2.93000,0.00000,0.00000,1.00000
-306339.72413,-524663.04542,133.21300,363983380.89552,8.78000,3729896.00000,2.91000,0.00000,0.00000,1.00000
-306505.36448,-524948.89587,132.47200,363983380.94259,8.82000,1566454.00000,3.51000,0.00000,0.00000,1.00000
-306666.64664,-525235.41292,131.43900,363983380.98966,8.88000,451534.00000,4.10000,0.00000,0.00000,1.00000
-306777.82405,-525529.60614,129.62000,363983381.03673,9.03000,363248.00000,3.87000,0.00000,0.00000,1.00000
-306814.20414,-525835.25319,126.46900,363983381.08380,9.44000,215299.00000,5.49000,0.00000,0.00000,1.00000
-306265.99173,-526230.36948,124.45800,363983381.13087,9.66000,161441.00000,7.73000,0.00000,0.00000,1.00000
-305947.97114,-526590.24034,124.30300,363983381.17794,9.72000,151576.00000,7.87000,0.00000,0.00000,1.00000
-305916.07977,-526906.33953,124.74900,363983381.22500,9.73000,106588.00000,6.64000,0.00000,0.00000,1.00000
-305922.66358,-527216.53048,125.85800,363983381.27207,9.47000,270089.00000,7.10000,0.00000,0.00000,1.00000
-305762.94733,-527552.17199,126.91100,363983381.31914,9.27000,105831.00000,6.09000,0.00000,0.00000,1.00000
-305546.59041,-527896.48953,127.82400,363983381.36621,9.33000,237328.00000,5.89000,0.00000,0.00000,1.00000
-305379.60816,-528233.24120,128.56400,363983381.41328,9.34000,285123.00000,5.18000,0.00000,0.00000,1.00000
-305103.68309,-528586.64072,129.33900,363983381.46035,9.35000,285516.00000,4.77000,0.00000,0.00000,1.00000
-305116.79432,-528895.83692,130.16300,363983381.50742,9.27000,291403.00000,4.53000,0.00000,0.00000,1.00000
-305350.67702,-529171.27689,130.37300,363983381.55449,9.07000,981022.00000,3.97000,0.00000,0.00000,1.00000
-305667.33981,-529434.04517,129.52100,363983381.60156,8.97000,604885.00000,3.83000,0.00000,0.00000,1.00000
-305880.14896,-529712.68985,128.63300,363983381.64862,8.97000,451628.00000,4.94000,0.00000,0.00000,1.00000
-306004.36165,-530004.90309,126.96000,363983381.69569,8.96000,431188.00000,5.18000,0.00000,0.00000,1.00000
-305901.26215,-530331.86956,127.57800,363983381.74276,8.99000,632144.00000,5.66000,0.00000,0.00000,1.00000
-305931.78945,-530638.40999,128.51500,363983381.78983,8.91000,410373.00000,5.92000,0.00000,0.00000,1.00000
-305927.45591,-530950.27750,130.59100,363983381.83690,8.71000,563366.00000,5.11000,0.00000,0.00000,1.00000
-305878.09776,-531269.03426,134.15800,363983381.88397,8.32000,3656317.00000,3.42000,0.00000,0.00000,1.00000
-305755.39153,-531599.01299,137.68400,363983381.93104,8.04000,2378674.00000,3.12000,0.00000,0.00000,1.00000
-305552.78253,-531941.17280,139.54000,363983381.97811,7.93000,797303.00000,4.18000,0.00000,0.00000,1.00000
-305303.70168,-532290.45503,140.43900,363983382.02517,8.12000,1932970.00000,3.73000,0.00000,0.00000,1.00000
-305058.24889,-532639.18148,141.48700,363983382.07224,8.45000,2108776.00000,2.63000,0.00000,0.00000,1.00000
-304962.38578,-532965.02722,140.55600,363983382.11931,8.75000,1180025.00000,2.75000,0.00000,0.00000,1.00000
-305429.34676,-533204.83594,137.94500,363983382.16638,8.90000,412849.00000,3.47000,0.00000,0.00000,1.00000
-306329.15950,-533378.49904,136.77700,363983382.21345,8.83000,542853.00000,4.08000,0.00000,0.00000,1.00000
-306831.72335,-533612.89338,137.85700,363983382.26051,8.75000,1393404.00000,3.18000,0.00000,0.00000,1.00000
-306922.50378,-533910.22448,139.68000,363983382.30758,8.46000,3827941.00000,2.92000,0.00000,0.00000,1.00000
-306996.57284,-534210.10443,140.65900,363983382.35465,8.04000,799606.00000,3.36000,0.00000,0.00000,1.00000
-306915.95936,-534533.64102,140.74200,363983382.40172,7.93000,337706.00000,4.05000,0.00000,0.00000,1.00000
-307189.02405,-534803.12572,141.23300,363983382.44879,7.51000,213267.00000,5.74000,0.00000,0.00000,1.00000
-308150.56935,-534967.39366,142.61800,363983382.49585,7.06000,326038.00000,6.15000,0.00000,0.00000,1.00000
-308600.83881,-535209.80962,144.42400,363983382.54292,7.07000,387286.00000,4.85000,0.00000,0.00000,1.00000
-308592.10790,-535522.35951,145.39400,363983382.58999,7.29000,2112626.00000,3.94000,0.00000,0.00000,1.00000
-308528.19289,-535843.34937,141.35000,363983382.63706,7.77000,1594831.00000,4.93000,0.00000,0.00000,1.00000
-308500.57551,-536158.78631,142.87700,363983382.68413,7.81000,261153.00000,6.82000,0.00000,0.00000,1.00000
-308850.62248,-536416.53879,143.83200,363983382.73119,7.94000,128499.00000,7.84000,0.00000,0.00000,1.00000
-309258.75891,-536665.40104,145.45000,363983382.77826,7.89000,179148.00000,7.68000,0.00000,0.00000,1.00000
-309389.46889,-536956.66816,146.27700,363983382.82533,7.76000,339171.00000,6.44000,0.00000,0.00000,1.00000
-335576.99430,-530778.47276,151.96200,364102274.71273,7.33000,4340116.00000,3.44000,0.00000,0.00000,0.00000
-335280.26477,-530661.99651,152.60400,364102274.75974,7.29000,4648814.00000,2.97000,0.00000,0.00000,0.00000
-335096.97362,-530393.85993,151.93600,364102274.80676,7.12000,3513363.00000,3.97000,0.00000,0.00000,0.00000
-334791.46029,-530289.14533,152.48400,364102274.85377,7.05000,2598380.00000,4.75000,0.00000,0.00000,0.00000
-334405.93659,-530291.42884,153.86100,364102274.90078,7.12000,2222428.00000,4.73000,0.00000,0.00000,0.00000
-334110.09720,-530173.77387,154.77700,364102274.94780,7.08000,2714186.00000,4.75000,0.00000,0.00000,0.00000
-333999.78885,-529808.03532,153.41400,364102274.99481,7.14000,558804.00000,6.03000,0.00000,0.00000,0.00000
-333852.98786,-529491.08106,152.86700,364102275.04183,6.99000,234214.00000,5.63000,0.00000,0.00000,0.00000
-333898.76039,-528916.63707,151.98800,364102275.08884,6.94000,266348.00000,5.42000,0.00000,0.00000,0.00000
-333752.41426,-528599.10740,150.93400,364102275.13586,7.06000,193691.00000,6.99000,0.00000,0.00000,0.00000
-333718.62352,-528131.07972,149.73000,364102275.18287,7.01000,266177.00000,8.16000,0.00000,0.00000,0.00000
-333976.76766,-527272.69996,149.94700,364102275.22989,6.75000,252962.00000,6.98000,0.00000,0.00000,0.00000
-334146.54885,-526532.49678,151.39200,364102275.27690,6.48000,554376.00000,5.32000,0.00000,0.00000,0.00000
-333910.08565,-526335.47891,151.46700,364102275.32392,6.34000,1344283.00000,4.48000,0.00000,0.00000,0.00000
-333316.18095,-526616.39174,148.34200,364102275.37093,6.17000,729627.00000,3.99000,0.00000,0.00000,0.00000
-332774.59142,-526827.34994,145.58700,364102275.41795,5.98000,2207382.00000,3.58000,0.00000,0.00000,0.00000
-332279.59220,-526975.97487,144.35000,364102275.46496,5.88000,1146932.00000,3.27000,0.00000,0.00000,0.00000
-332124.47475,-526670.19399,143.85000,364102275.51198,5.78000,897730.00000,2.71000,0.00000,0.00000,0.00000
-331782.49005,-526614.24660,142.96000,364102275.55899,5.53000,1279334.00000,2.55000,0.00000,0.00000,0.00000
-331539.00500,-526426.62945,142.30900,364102275.60601,5.55000,803894.00000,2.30000,0.00000,0.00000,0.00000
-331063.34621,-526549.38101,139.47900,364102275.65302,5.59000,2397129.00000,2.62000,0.00000,0.00000,0.00000
-331114.02002,-525968.48642,141.76200,364102275.70004,5.67000,2263914.00000,2.03000,0.00000,0.00000,0.00000
-330677.49424,-526038.90706,139.59300,364102275.74706,5.66000,3863553.00000,2.37000,0.00000,0.00000,0.00000
-330535.57812,-525715.47872,139.12500,364102275.79407,5.56000,1488969.00000,2.42000,0.00000,0.00000,0.00000
-330375.63931,-525416.15476,138.55700,364102275.84109,5.66000,687213.00000,3.01000,0.00000,0.00000,0.00000
-330081.15045,-525296.70780,137.37000,364102275.88810,5.74000,673216.00000,2.89000,0.00000,0.00000,0.00000
-329756.31632,-525217.81591,136.01400,364102275.93512,5.77000,1066016.00000,3.27000,0.00000,0.00000,0.00000
-329500.51356,-525046.62386,135.26300,364102275.98214,5.79000,1618055.00000,2.49000,0.00000,0.00000,0.00000
-329186.22722,-524953.60657,133.85500,364102276.02916,5.88000,1386667.00000,2.50000,0.00000,0.00000,0.00000
-328896.13625,-524828.27035,133.16900,364102276.07617,5.88000,601136.00000,2.99000,0.00000,0.00000,0.00000
-328635.94488,-524662.95564,132.77200,364102276.12319,5.95000,1172145.00000,2.84000,0.00000,0.00000,0.00000
-328300.12207,-524598.74639,131.89200,364102276.17021,6.03000,1245931.00000,2.91000,0.00000,0.00000,0.00000
-328018.82493,-524461.64390,131.79000,364102276.21722,6.04000,1541895.00000,2.57000,0.00000,0.00000,0.00000
-327696.63333,-524379.20231,131.38700,364102276.26424,6.19000,1555194.00000,2.60000,0.00000,0.00000,0.00000
-327373.55823,-524297.93149,130.58400,364102276.31126,6.21000,2126957.00000,2.41000,0.00000,0.00000,0.00000
-327059.71315,-524204.30542,130.60900,364102276.35828,6.28000,3086536.00000,2.20000,0.00000,0.00000,0.00000
-326714.64984,-524152.42011,130.00900,364102276.40529,6.39000,604555.00000,2.57000,0.00000,0.00000,0.00000
-326373.98652,-524094.65871,129.07700,364102276.45231,6.45000,5440177.00000,2.21000,0.00000,0.00000,0.00000
-326090.48922,-523960.47178,129.06300,364102276.49933,6.53000,944550.00000,2.39000,0.00000,0.00000,0.00000
-325787.20458,-523852.73471,128.08900,364102276.54635,6.64000,1571697.00000,2.45000,0.00000,0.00000,0.00000
-325465.89095,-523769.10125,127.35300,364102276.59337,6.80000,3847146.00000,2.49000,0.00000,0.00000,0.00000
-325192.51058,-523621.38793,126.67900,364102276.64038,6.71000,2021742.00000,2.53000,0.00000,0.00000,0.00000
-324894.94067,-523505.99864,125.35200,364102276.68740,6.85000,1164461.00000,2.85000,0.00000,0.00000,0.00000
-324605.29411,-523380.03806,124.94700,364102276.73442,7.08000,831856.00000,3.03000,0.00000,0.00000,0.00000
-324294.97213,-523281.69316,123.92900,364102276.78144,7.05000,621269.00000,3.49000,0.00000,0.00000,0.00000
-324010.15811,-523149.24994,123.72400,364102276.82846,7.08000,751040.00000,3.30000,0.00000,0.00000,0.00000
-323761.84999,-522968.02339,122.74000,364102276.87548,7.14000,276484.00000,3.31000,0.00000,0.00000,0.00000
-323441.85106,-522882.59662,121.90000,364102276.92250,7.19000,310931.00000,3.97000,0.00000,0.00000,0.00000
-323225.22514,-522659.06558,120.89200,364102276.96951,7.29000,431505.00000,4.53000,0.00000,0.00000,0.00000
-323032.34190,-522403.77823,119.95400,364102277.01653,7.32000,201224.00000,5.62000,0.00000,0.00000,0.00000
-322849.57873,-522134.97278,119.16700,364102277.06355,7.43000,343687.00000,6.72000,0.00000,0.00000,0.00000
-322671.66423,-521859.71281,118.44100,364102277.11057,7.58000,346647.00000,8.15000,0.00000,0.00000,0.00000
-322483.63009,-521597.95754,118.27600,364102277.15759,7.37000,352813.00000,6.16000,0.00000,0.00000,0.00000
-322418.32079,-521172.23460,117.24800,364102277.20461,7.47000,1135865.00000,5.48000,0.00000,0.00000,0.00000
-322306.83208,-520808.22568,116.47200,364102277.25163,7.60000,1278113.00000,5.60000,0.00000,0.00000,0.00000
-322058.11213,-520627.58463,116.10000,364102277.29865,7.66000,715587.00000,5.99000,0.00000,0.00000,0.00000
-321775.95977,-520491.59584,116.41400,364102277.34567,7.71000,2155231.00000,4.89000,0.00000,0.00000,0.00000
-321526.36389,-520312.12499,116.14100,364102277.39269,7.73000,1450672.00000,4.29000,0.00000,0.00000,0.00000
-321264.44636,-520149.09649,116.18500,364102277.43971,7.84000,1070948.00000,4.09000,0.00000,0.00000,0.00000
-321006.93401,-519980.20302,115.94100,364102277.48672,7.84000,581796.00000,4.46000,0.00000,0.00000,0.00000
-320693.11112,-519886.51824,115.89900,364102277.53374,7.94000,1641747.00000,4.57000,0.00000,0.00000,0.00000
-320419.32222,-519739.35667,115.83500,364102277.58076,7.86000,801753.00000,4.62000,0.00000,0.00000,0.00000
-320133.21859,-519608.65206,115.64900,364102277.62779,8.00000,475890.00000,4.39000,0.00000,0.00000,0.00000
-319834.35499,-519494.97881,115.40800,364102277.67480,8.21000,484033.00000,5.35000,0.00000,0.00000,0.00000
-319617.31396,-519271.99792,114.94400,364102277.72183,8.29000,604110.00000,4.67000,0.00000,0.00000,0.00000
-319340.45639,-519128.95224,114.59200,364102277.76884,8.38000,845109.00000,4.88000,0.00000,0.00000,0.00000
-319106.25943,-518928.88150,114.36800,364102277.81587,8.46000,497075.00000,4.74000,0.00000,0.00000,0.00000
-318792.89035,-518834.60208,114.12000,364102277.86288,8.41000,979018.00000,4.90000,0.00000,0.00000,0.00000
-318571.01500,-518618.07585,113.50700,364102277.90991,8.30000,1148726.00000,4.70000,0.00000,0.00000,0.00000
-318355.31321,-518393.33912,112.95000,364102277.95692,8.41000,682315.00000,5.35000,0.00000,0.00000,0.00000
-318099.13352,-518222.65567,112.62300,364102278.00395,8.53000,603054.00000,5.39000,0.00000,0.00000,0.00000
-317900.14258,-517975.56541,112.26100,364102278.05097,8.74000,264093.00000,5.95000,0.00000,0.00000,0.00000
-317752.19868,-517660.33167,111.69800,364102278.09799,8.78000,294152.00000,7.27000,0.00000,0.00000,0.00000
-317652.19917,-517281.02746,110.84200,364102278.14500,8.97000,97251.00000,7.51000,0.00000,0.00000,0.00000
-317697.82322,-516707.21924,110.10100,364102278.19203,9.05000,266451.00000,7.13000,0.00000,0.00000,0.00000
-317749.17884,-516125.78654,109.64400,364102278.23904,9.05000,439176.00000,6.07000,0.00000,0.00000,0.00000
-317617.52252,-515788.80161,109.15900,364102278.28607,8.99000,408091.00000,7.10000,0.00000,0.00000,0.00000
-317535.13911,-515386.00157,109.17900,364102278.33309,8.94000,791096.00000,5.10000,0.00000,0.00000,0.00000
-317391.16717,-515065.47262,110.84100,364102278.38011,8.74000,792957.00000,4.75000,0.00000,0.00000,0.00000
-317231.36336,-514766.09524,111.80700,364102278.42713,8.72000,723953.00000,4.34000,0.00000,0.00000,0.00000
-316773.27943,-514865.11904,108.16500,364102278.47415,8.98000,3116011.00000,4.14000,0.00000,0.00000,0.00000
-316571.24926,-514622.15618,108.20000,364102278.52117,8.98000,1730302.00000,4.33000,0.00000,0.00000,0.00000
-316286.50793,-514489.66065,107.69500,364102278.56819,9.10000,1294602.00000,4.77000,0.00000,0.00000,0.00000
-316139.47678,-514173.24253,108.07700,364102278.61521,9.16000,946168.00000,5.44000,0.00000,0.00000,0.00000
-315529.59520,-514474.96714,108.56500,364102278.66223,9.34000,193181.00000,6.28000,0.00000,0.00000,0.00000
-315372.44010,-514172.05342,108.13000,364102278.70925,9.39000,207280.00000,6.70000,0.00000,0.00000,0.00000
-315310.76711,-513741.63845,108.20000,364102278.75627,9.58000,178789.00000,6.49000,0.00000,0.00000,0.00000
-315195.41996,-513382.90937,108.46200,364102278.80329,9.36000,410755.00000,5.77000,0.00000,0.00000,0.00000
-314946.31569,-513202.79541,108.95000,364102278.85031,9.27000,963138.00000,6.29000,0.00000,0.00000,0.00000
-314584.14939,-513173.70192,108.09000,364102278.89733,9.45000,663751.00000,6.12000,0.00000,0.00000,0.00000
-314152.01621,-513238.01756,108.12000,364102278.94435,9.31000,321052.00000,6.15000,0.00000,0.00000,0.00000
-313683.80189,-513350.51117,107.97600,364102278.99137,9.42000,490490.00000,5.08000,0.00000,0.00000,0.00000
-313268.82409,-513391.89885,108.46900,364102279.03840,9.46000,782496.00000,4.39000,0.00000,0.00000,0.00000
-312974.40624,-513272.29322,108.75100,364102279.08542,9.47000,879565.00000,4.33000,0.00000,0.00000,0.00000
-312984.92509,-512745.52780,105.64000,364102279.13244,9.42000,4001510.00000,4.89000,0.00000,0.00000,0.00000
-312463.91361,-512928.51179,111.42500,364102279.17946,9.22000,1803964.00000,5.27000,0.00000,0.00000,0.00000
-312491.15465,-512379.40951,111.96900,364102279.22648,8.94000,194823.00000,4.71000,0.00000,0.00000,0.00000
-312433.47130,-511943.69966,114.61400,364102279.27350,8.88000,158761.00000,4.52000,0.00000,0.00000,0.00000
-312132.03167,-511833.49691,116.57000,364102279.32052,8.84000,639035.00000,4.11000,0.00000,0.00000,0.00000
-311617.18064,-512008.23339,118.70800,364102279.36754,8.68000,1198497.00000,3.61000,0.00000,0.00000,0.00000
-313217.09214,-509359.31109,106.09300,364102279.41456,8.59000,1103560.00000,3.34000,0.00000,0.00000,0.00000
-310620.03027,-512314.20438,122.63500,364102279.46158,8.71000,838444.00000,3.33000,0.00000,0.00000,0.00000
-311288.85901,-510908.53269,104.43500,364102279.50861,8.91000,650608.00000,4.38000,0.00000,0.00000,0.00000
-310734.39018,-511136.12828,104.94600,364102279.55563,9.22000,649305.00000,4.70000,0.00000,0.00000,0.00000
-310748.02974,-510605.25408,104.83600,364102279.60265,9.52000,1088131.00000,6.70000,0.00000,0.00000,0.00000
-310044.38835,-511032.01525,105.86500,364102279.64967,9.84000,2041365.00000,7.87000,0.00000,0.00000,0.00000
-308607.15353,-512438.11125,112.80300,364102279.69669,10.46000,268443.00000,9.32000,0.00000,0.00000,0.00000
-310514.82515,-509378.65973,106.99400,364102279.74371,10.58000,247925.00000,9.13000,0.00000,0.00000,0.00000
-309023.45477,-510857.00786,103.16100,364102279.79073,10.79000,2999533.00000,6.56000,0.00000,0.00000,0.00000
-308722.89596,-510745.60020,100.73500,364102279.83775,11.02000,828715.00000,8.69000,0.00000,0.00000,0.00000
-308301.32190,-510795.75242,100.48100,364102279.88478,10.76000,531079.00000,7.87000,0.00000,0.00000,0.00000
-308307.50722,-510274.85874,101.27100,364102279.93180,10.46000,817469.00000,6.15000,0.00000,0.00000,0.00000
-307670.71200,-510612.27120,98.52400,364102279.97882,10.47000,2151129.00000,6.51000,0.00000,0.00000,0.00000
-307889.03046,-509808.21250,98.84600,364102280.02584,10.56000,499428.00000,5.58000,0.00000,0.00000,0.00000
-306621.56427,-510987.46819,98.79000,364102280.07286,10.37000,3422247.00000,5.48000,0.00000,0.00000,0.00000
-306189.86125,-511051.09414,102.09900,364102280.11989,10.36000,519036.00000,5.97000,0.00000,0.00000,0.00000
-306413.47559,-510239.99149,99.17300,364102280.16691,10.36000,283887.00000,6.39000,0.00000,0.00000,0.00000
-308276.92457,-507240.02305,102.70200,364102280.21393,10.16000,603871.00000,5.54000,0.00000,0.00000,0.00000
-306681.16174,-508857.47426,101.51800,364102280.26095,10.28000,797291.00000,6.26000,0.00000,0.00000,0.00000
-305874.04441,-509422.19529,102.48800,364102280.30797,10.40000,1843910.00000,6.03000,0.00000,0.00000,0.00000
-305873.21682,-508910.70878,100.03100,364102280.35500,10.55000,1687909.00000,10.10000,0.00000,0.00000,0.00000
-306401.86635,-507692.53180,99.10600,364102280.40202,10.88000,720312.00000,6.81000,0.00000,0.00000,0.00000
-306052.91608,-507645.71401,97.70200,364102280.44904,10.72000,728613.00000,8.43000,0.00000,0.00000,0.00000
-305873.85910,-507372.14791,98.14500,364102280.49606,9.75000,1136600.00000,7.42000,0.00000,0.00000,0.00000
-305367.33938,-507535.61622,100.49300,364102280.54308,8.35000,1843833.00000,6.65000,0.00000,0.00000,0.00000
-304094.53852,-508721.77458,107.13600,364102280.59011,6.49000,691370.00000,4.43000,0.00000,0.00000,0.00000
-303154.45351,-509463.82141,111.03300,364102280.63713,5.15000,456174.00000,3.78000,0.00000,0.00000,0.00000
-303087.62118,-509040.44622,108.69300,364102280.68415,4.58000,1129894.00000,4.60000,0.00000,0.00000,0.00000
-303690.27887,-507723.62842,105.10300,364102280.73118,4.85000,1272958.00000,5.86000,0.00000,0.00000,0.00000
-304724.81054,-505317.92057,103.30400,364102280.82522,6.50000,3259664.00000,4.66000,0.00000,0.00000,0.00000
-304039.15842,-505720.44312,105.39000,364102280.87225,7.34000,1466119.00000,3.54000,0.00000,0.00000,0.00000
-296844.31281,-518249.56829,114.35100,364156032.42545,9.34000,6107739.00000,5.10000,0.00000,0.00000,1.00000
-296491.55789,-518608.95901,115.98300,364156032.47257,9.59000,2503410.00000,5.43000,0.00000,0.00000,1.00000
-296065.97175,-518978.38475,118.94000,364156032.51970,10.18000,525460.00000,8.83000,0.00000,0.00000,1.00000
-295882.44584,-519936.05067,124.36400,364156032.66106,8.71000,2309493.00000,2.89000,0.00000,0.00000,1.00000
-330483.94912,-536345.09927,142.95100,364274927.48021,7.00000,1186360.00000,2.25000,0.00000,0.00000,0.00000
-330028.90705,-536431.10452,140.11300,364274927.52728,7.15000,619988.00000,2.54000,0.00000,0.00000,0.00000
-329849.96519,-536159.33973,138.20200,364274927.57435,7.34000,1417742.00000,2.23000,0.00000,0.00000,0.00000
-329205.00378,-536491.40339,135.99900,364274927.62143,7.54000,1509052.00000,2.26000,0.00000,0.00000,0.00000
-328838.40161,-536462.80592,134.13900,364274927.66850,7.63000,1526485.00000,2.11000,0.00000,0.00000,0.00000
-330624.53835,-533644.90215,151.96600,364274927.71557,7.69000,3946820.00000,2.29000,0.00000,0.00000,0.00000
-328094.84810,-536418.95465,130.03500,364274927.76265,7.86000,2083279.00000,2.41000,0.00000,0.00000,0.00000
-329150.60644,-534547.48830,134.28100,364274927.80972,7.89000,7152236.00000,2.50000,0.00000,0.00000,0.00000
-328781.31976,-534522.36365,131.27700,364274927.85679,8.17000,4896359.00000,3.37000,0.00000,0.00000,0.00000
-328450.64342,-534447.21361,129.63300,364274927.90386,8.37000,3082232.00000,3.05000,0.00000,0.00000,0.00000
-328148.25186,-534335.41314,127.74600,364274927.95094,8.26000,3587923.00000,3.03000,0.00000,0.00000,0.00000
-327804.55223,-534277.12730,126.22700,364274927.99801,8.32000,2649018.00000,3.66000,0.00000,0.00000,0.00000
-327289.78734,-534440.46228,124.70000,364274928.04509,8.56000,2881105.00000,3.60000,0.00000,0.00000,0.00000
-326967.63440,-534354.24254,123.99200,364274928.09216,8.43000,2374954.00000,3.31000,0.00000,0.00000,0.00000
-326561.06726,-534377.37423,123.08800,364274928.13923,8.55000,1822001.00000,4.26000,0.00000,0.00000,0.00000
-326375.41561,-534114.31663,122.77500,364274928.18631,8.36000,801138.00000,4.49000,0.00000,0.00000,0.00000
-327750.96239,-531828.79899,136.19900,364274928.23338,8.28000,4581615.00000,3.74000,0.00000,0.00000,0.00000
-325629.63988,-534073.31990,122.79500,364274928.28046,8.35000,507989.00000,5.11000,0.00000,0.00000,0.00000
-325295.81490,-534002.20528,122.99800,364274928.32753,8.41000,527831.00000,5.55000,0.00000,0.00000,0.00000
-325002.40705,-533878.74402,123.08300,364274928.37460,8.31000,487040.00000,4.56000,0.00000,0.00000,0.00000
-324817.66384,-533614.52011,123.25400,364274928.42168,8.15000,686333.00000,4.70000,0.00000,0.00000,0.00000
-325148.41406,-532682.54959,123.02000,364274928.46875,8.21000,1134504.00000,4.36000,0.00000,0.00000,0.00000
-325924.59869,-531173.59816,130.81300,364274928.51583,8.11000,1578830.00000,4.32000,0.00000,0.00000,0.00000
-325697.66266,-530964.05713,130.35100,364274928.56290,8.23000,1204359.00000,4.56000,0.00000,0.00000,0.00000
-324401.12114,-532139.97260,123.14200,364274928.60998,8.32000,4029473.00000,4.95000,0.00000,0.00000,0.00000
-324937.10603,-530942.22327,128.71800,364274928.65705,8.32000,1145124.00000,5.17000,0.00000,0.00000,0.00000
-324494.63318,-531011.85786,127.60500,364274928.70413,8.32000,1001211.00000,5.07000,0.00000,0.00000,0.00000
-324151.39299,-530952.94021,128.38300,364274928.75120,8.24000,864978.00000,4.17000,0.00000,0.00000,0.00000
-323741.25174,-530980.69131,128.15700,364274928.79828,8.22000,712711.00000,4.53000,0.00000,0.00000,0.00000
-323275.87161,-531079.97289,128.02900,364274928.84535,8.19000,647092.00000,4.40000,0.00000,0.00000,0.00000
-322795.21616,-531199.01620,127.88700,364274928.89243,8.14000,463369.00000,4.39000,0.00000,0.00000,0.00000
-322397.64077,-531210.46233,127.76000,364274928.93950,8.13000,1008262.00000,5.65000,0.00000,0.00000,0.00000
-322270.41050,-530871.78758,125.14000,364274928.98658,8.24000,1399424.00000,5.90000,0.00000,0.00000,0.00000
-322035.84839,-530672.10384,124.31200,364274929.03365,8.36000,1354481.00000,5.96000,0.00000,0.00000,0.00000
-321445.61905,-530933.04872,125.46700,364274929.08073,8.20000,748523.00000,6.52000,0.00000,0.00000,0.00000
-321160.75192,-530798.48918,125.18500,364274929.12780,8.20000,287327.00000,7.27000,0.00000,0.00000,0.00000
-320904.18612,-530627.29840,124.97000,364274929.17488,8.28000,464065.00000,6.39000,0.00000,0.00000,0.00000
-320962.44311,-530048.42114,123.86700,364274929.22196,8.32000,152476.00000,7.17000,0.00000,0.00000,0.00000
-320879.68317,-529652.15399,123.60600,364274929.26903,8.57000,147100.00000,7.06000,0.00000,0.00000,0.00000
-320871.47567,-529159.34223,123.21900,364274929.31611,8.65000,315453.00000,7.51000,0.00000,0.00000,0.00000
-320620.31715,-528981.18046,123.48700,364274929.36319,8.40000,225171.00000,6.30000,0.00000,0.00000,0.00000
-320447.75003,-528701.23255,123.30200,364274929.41026,8.55000,633188.00000,6.06000,0.00000,0.00000,0.00000
-320095.08892,-528654.48597,123.47200,364274929.45734,8.55000,1018956.00000,5.13000,0.00000,0.00000,0.00000
-319790.48562,-528545.51568,123.34200,364274929.50441,8.75000,625757.00000,6.94000,0.00000,0.00000,0.00000
-319580.19409,-528314.40746,123.52800,364274929.55149,8.67000,868788.00000,5.65000,0.00000,0.00000,0.00000
-319436.38540,-527997.24430,123.21900,364274929.59856,8.87000,1086691.00000,6.76000,0.00000,0.00000,0.00000
-319227.89673,-527763.81056,123.08700,364274929.64564,8.80000,1298779.00000,5.61000,0.00000,0.00000,0.00000
-319001.90550,-527553.07171,123.11200,364274929.69272,8.80000,1464501.00000,4.95000,0.00000,0.00000,0.00000
-318716.62056,-527419.08195,122.44600,364274929.73979,8.64000,1381295.00000,5.30000,0.00000,0.00000,0.00000
-318502.30328,-527193.20907,123.30800,364274929.78687,8.73000,612560.00000,4.75000,0.00000,0.00000,0.00000
-318236.78415,-527033.63174,124.14300,364274929.83395,8.75000,912648.00000,4.48000,0.00000,0.00000,0.00000
-317985.64217,-526855.44174,123.58300,364274929.88102,8.86000,369551.00000,4.59000,0.00000,0.00000,0.00000
-317692.28393,-526731.91646,123.47900,364274929.92810,8.66000,387641.00000,5.62000,0.00000,0.00000,0.00000
-317460.00751,-526529.29746,124.03100,364274929.97517,8.52000,650187.00000,5.58000,0.00000,0.00000,0.00000
-317243.90621,-526305.74818,124.03000,364274930.02225,8.63000,599697.00000,4.59000,0.00000,0.00000,0.00000
-316968.51785,-526158.95512,123.89700,364274930.06933,8.55000,337790.00000,5.42000,0.00000,0.00000,0.00000
-316693.13279,-526012.16283,123.82200,364274930.11640,8.57000,443324.00000,5.44000,0.00000,0.00000,0.00000
-316434.81098,-525843.25968,123.86000,364274930.16348,8.59000,442441.00000,6.20000,0.00000,0.00000,0.00000
-316145.50153,-525714.48744,124.19600,364274930.21055,8.59000,249979.00000,6.49000,0.00000,0.00000,0.00000
-315903.80726,-525524.07436,124.30600,364274930.25763,8.40000,273862.00000,5.45000,0.00000,0.00000,0.00000
-315597.42574,-525417.38732,124.47900,364274930.30471,8.49000,377299.00000,5.96000,0.00000,0.00000,0.00000
-315312.16755,-525283.38363,124.25400,364274930.35178,8.38000,140711.00000,5.63000,0.00000,0.00000,0.00000
-315087.98445,-525070.27157,124.73300,364274930.39886,8.50000,179034.00000,5.61000,0.00000,0.00000,0.00000
-314776.66899,-524969.97956,124.10600,364274930.44594,8.77000,197885.00000,6.35000,0.00000,0.00000,0.00000
-314542.16310,-524770.24688,123.82600,364274930.49301,8.86000,232359.00000,6.04000,0.00000,0.00000,0.00000
-314256.46087,-524636.81543,123.34500,364274930.54009,8.91000,369128.00000,6.35000,0.00000,0.00000,0.00000
-314008.93221,-524453.94382,123.13500,364274930.58717,8.77000,273975.00000,6.02000,0.00000,0.00000,0.00000
-313785.21099,-524240.24691,123.26400,364274930.63425,8.72000,394962.00000,5.10000,0.00000,0.00000,0.00000
-313542.63142,-524050.98201,122.74400,364274930.68132,9.02000,293589.00000,5.67000,0.00000,0.00000,0.00000
-313276.24409,-523892.52912,122.66000,364274930.72840,9.05000,490619.00000,4.72000,0.00000,0.00000,0.00000
-313020.19192,-523720.70296,122.40800,364274930.77548,8.91000,449552.00000,4.43000,0.00000,0.00000,0.00000
-312747.96386,-523569.79730,122.43200,364274930.82255,8.91000,1284274.00000,5.70000,0.00000,0.00000,0.00000
-312533.24414,-523344.47804,122.09200,364274930.86963,9.02000,295654.00000,5.32000,0.00000,0.00000,0.00000
-312275.85051,-523174.39224,121.99100,364274930.91671,8.93000,331017.00000,5.08000,0.00000,0.00000,0.00000
-312040.91461,-522975.22543,121.89000,364274930.96379,9.03000,310123.00000,6.66000,0.00000,0.00000,0.00000
-311802.84455,-522780.14139,121.45600,364274931.01086,9.20000,125382.00000,7.38000,0.00000,0.00000,0.00000
-311526.13258,-522635.03982,121.77100,364274931.05794,9.14000,283700.00000,6.59000,0.00000,0.00000,0.00000
-311313.21676,-522407.38256,121.73600,364274931.10502,9.17000,200536.00000,5.89000,0.00000,0.00000,0.00000
-311032.01911,-522268.10139,121.82200,364274931.15209,9.07000,125006.00000,5.64000,0.00000,0.00000,0.00000
-310673.10363,-522229.39851,122.79200,364274931.19917,8.89000,344224.00000,5.26000,0.00000,0.00000,0.00000
-310371.69148,-522116.27663,123.24800,364274931.24625,8.97000,414360.00000,5.02000,0.00000,0.00000,0.00000
-310028.04472,-522057.78781,124.75300,364274931.29333,9.18000,649735.00000,4.95000,0.00000,0.00000,0.00000
-309572.98393,-522143.48783,126.57700,364274931.34040,8.93000,538925.00000,4.14000,0.00000,0.00000,0.00000
-309167.78879,-522164.64216,128.58500,364274931.38748,8.72000,941029.00000,3.66000,0.00000,0.00000,0.00000
-308773.81929,-522171.25757,128.89600,364274931.43456,8.54000,1340838.00000,4.87000,0.00000,0.00000,0.00000
-308391.54329,-522162.76228,131.21800,364274931.48164,8.38000,939877.00000,3.68000,0.00000,0.00000,0.00000
-307993.07918,-522175.18256,131.44000,364274931.52872,8.37000,565190.00000,4.59000,0.00000,0.00000,0.00000
-307608.99207,-522168.99122,132.40700,364274931.57579,8.40000,494268.00000,4.04000,0.00000,0.00000,0.00000
-307212.77249,-522178.50131,131.84200,364274931.62287,8.53000,404555.00000,5.47000,0.00000,0.00000,0.00000
-306912.70380,-522063.60549,130.50400,364274931.66995,8.76000,289966.00000,5.81000,0.00000,0.00000,0.00000
-307158.99235,-521241.80057,125.52800,364274931.71703,8.87000,157217.00000,6.96000,0.00000,0.00000,0.00000
-307322.61357,-520526.95392,121.70500,364274931.76411,9.05000,317735.00000,6.09000,0.00000,0.00000,0.00000
-307142.52572,-520256.84047,120.09500,364274931.81118,9.27000,430503.00000,7.39000,0.00000,0.00000,0.00000
-306938.62290,-520017.52758,119.85400,364274931.85826,8.99000,417218.00000,6.66000,0.00000,0.00000,0.00000
-306892.43490,-519574.16528,119.98400,364274931.90534,8.91000,299992.00000,6.18000,0.00000,0.00000,0.00000
-307180.10309,-518698.89493,118.68600,364274931.95242,8.77000,537386.00000,5.94000,0.00000,0.00000,0.00000
-306704.37791,-518811.29310,117.23000,364274931.99950,8.56000,1099420.00000,5.24000,0.00000,0.00000,0.00000
-306368.38568,-518742.88838,116.62600,364274932.04657,8.52000,385516.00000,4.09000,0.00000,0.00000,0.00000
-306159.11068,-518510.55672,115.98900,364274932.09365,8.56000,667412.00000,3.12000,0.00000,0.00000,0.00000
-305791.67248,-518482.84752,115.85600,364274932.14073,8.62000,999069.00000,3.35000,0.00000,0.00000,0.00000
-305360.87259,-518537.09697,114.12600,364274932.18781,8.62000,1233272.00000,3.29000,0.00000,0.00000,0.00000
-305173.61570,-518276.26922,114.65200,364274932.23489,8.37000,913783.00000,3.23000,0.00000,0.00000,0.00000
-305091.50553,-517879.40817,116.21300,364274932.28197,8.43000,427174.00000,3.54000,0.00000,0.00000,0.00000
-304880.44317,-517649.39314,117.48200,364274932.32904,8.17000,1054999.00000,2.98000,0.00000,0.00000,0.00000
-304817.66640,-517227.54973,117.05200,364274932.37612,7.87000,4911511.00000,3.65000,0.00000,0.00000,0.00000
-305187.61671,-516245.92990,123.22100,364274932.42320,7.70000,525196.00000,3.60000,0.00000,0.00000,0.00000
-304532.15235,-516590.80251,123.25300,364274932.47028,7.42000,548410.00000,3.82000,0.00000,0.00000,0.00000
-304153.93090,-516577.00753,123.90900,364274932.51736,7.12000,633348.00000,3.56000,0.00000,0.00000,0.00000
-303565.41610,-516835.26000,124.77500,364274932.56444,7.04000,1650772.00000,2.37000,0.00000,0.00000,0.00000
-302975.99143,-517094.65886,125.41700,364274932.61152,6.94000,2280390.00000,2.34000,0.00000,0.00000,0.00000
-302308.35608,-517455.19532,120.65600,364274932.65860,6.73000,941934.00000,2.35000,0.00000,0.00000,0.00000
-302356.59351,-516889.77195,119.19000,364274932.70568,6.71000,755835.00000,2.43000,0.00000,0.00000,0.00000
-302378.32434,-516358.64617,118.98600,364274932.75275,6.87000,778463.00000,2.43000,0.00000,0.00000,0.00000
-302676.88647,-515469.47867,116.31600,364274932.79983,7.05000,2922851.00000,2.62000,0.00000,0.00000,0.00000
-301344.16424,-516690.23463,122.99700,364274932.84691,7.21000,763551.00000,3.25000,0.00000,0.00000,0.00000
-301560.94120,-515906.85938,118.41500,364274932.89399,7.37000,2111588.00000,3.52000,0.00000,0.00000,0.00000
-301237.99732,-515821.55543,116.07200,364274932.94107,7.62000,2226338.00000,3.56000,0.00000,0.00000,0.00000
-301433.22323,-515066.08890,110.26500,364274932.98815,8.04000,1776347.00000,5.16000,0.00000,0.00000,0.00000
-302058.99269,-513753.79972,112.27000,364274933.03523,8.02000,3475060.00000,4.74000,0.00000,0.00000,0.00000
-299847.14446,-516111.41323,107.88600,364274933.08231,7.99000,298380.00000,5.19000,0.00000,0.00000,0.00000
-299824.41617,-515637.83164,106.16500,364274933.12939,7.96000,555736.00000,3.65000,0.00000,0.00000,0.00000
-299651.13018,-515358.95488,106.02100,364274933.17647,7.82000,713098.00000,3.25000,0.00000,0.00000,0.00000
-299365.03846,-515225.96205,106.34700,364274933.22355,7.65000,2466945.00000,3.43000,0.00000,0.00000,0.00000
-298327.92332,-516064.18403,109.81000,364274933.27063,7.63000,783841.00000,4.17000,0.00000,0.00000,0.00000
-298379.36604,-515494.70817,106.34900,364274933.31771,7.52000,287219.00000,4.46000,0.00000,0.00000,0.00000
-298113.49558,-515335.55855,104.75500,364274933.36479,7.42000,1220810.00000,3.50000,0.00000,0.00000,0.00000
-299067.00739,-513599.58383,102.81600,364274933.41187,7.38000,4042536.00000,2.53000,0.00000,0.00000,0.00000
-299282.96298,-512817.38370,101.80000,364274933.45895,7.63000,1598382.00000,3.94000,0.00000,0.00000,0.00000
-298703.39592,-513063.92403,100.42500,364274933.50603,7.93000,1084375.00000,5.23000,0.00000,0.00000,0.00000
-298527.43508,-512788.53347,99.29400,364274933.55311,7.98000,1511463.00000,3.39000,0.00000,0.00000,0.00000
-295359.25417,-516382.16635,105.22000,364274933.60019,8.23000,362870.00000,3.33000,0.00000,0.00000,0.00000
-298852.45578,-510356.65861,107.98000,364274933.74144,8.67000,9239714.00000,2.86000,0.00000,0.00000,0.00000
-296529.36165,-512857.53943,98.38000,364274933.78852,9.02000,3638501.00000,2.88000,0.00000,0.00000,0.00000
-297816.04209,-510691.00471,98.89600,364274933.83560,9.26000,2667162.00000,2.71000,0.00000,0.00000,0.00000
-297326.81718,-510820.68743,95.72300,364274933.88268,9.66000,3875307.00000,2.45000,0.00000,0.00000,0.00000
-297499.23842,-510094.89865,98.05900,364274933.92976,10.14000,5179899.00000,3.12000,0.00000,0.00000,0.00000
-297319.70058,-509824.14843,99.96700,364274933.97684,10.50000,1138257.00000,4.41000,0.00000,0.00000,0.00000
-315589.36036,-537098.75640,127.96200,364447581.82720,11.33000,1024948.00000,6.26000,0.00000,0.00000,0.00000
-315034.10814,-537301.41881,129.95900,364447581.87433,10.90000,620536.00000,5.06000,0.00000,0.00000,0.00000
-314919.71384,-536950.74940,129.58000,364447581.92146,10.95000,1187840.00000,7.21000,0.00000,0.00000,0.00000
-313766.40050,-537903.99749,134.45100,364447581.96858,10.86000,2213847.00000,4.90000,0.00000,0.00000,0.00000
-313581.88682,-537641.31806,134.53700,364447582.01571,10.45000,1976741.00000,4.61000,0.00000,0.00000,0.00000
-313510.11638,-537237.14850,134.36000,364447582.06284,10.39000,2097535.00000,3.65000,0.00000,0.00000,0.00000
-313365.94828,-536923.87120,134.23100,364447582.10997,10.36000,2238887.00000,5.14000,0.00000,0.00000,0.00000
-313070.99594,-536799.79860,136.35500,364447582.15709,10.03000,924822.00000,4.17000,0.00000,0.00000,0.00000
-312846.16886,-536587.73320,137.99000,364447582.20422,9.82000,838680.00000,5.02000,0.00000,0.00000,0.00000
-312381.19623,-536677.03448,142.00700,364447582.25135,9.80000,1488873.00000,5.22000,0.00000,0.00000,0.00000
-312529.43442,-535996.81082,143.00900,364447582.29847,9.70000,428525.00000,4.55000,0.00000,0.00000,0.00000
-312145.11694,-535984.89169,141.73300,364447582.34560,9.61000,1198745.00000,4.06000,0.00000,0.00000,0.00000
-312214.08013,-535404.15357,148.55300,364447582.39273,9.53000,3324875.00000,3.18000,0.00000,0.00000,0.00000
-314350.92956,-532228.44012,123.66500,364447582.43985,9.48000,621770.00000,3.35000,0.00000,0.00000,0.00000
-311629.25084,-535149.69030,148.60300,364447582.48698,9.37000,955621.00000,2.94000,0.00000,0.00000,0.00000
-313389.86082,-532446.19649,121.93400,364447582.53411,9.54000,736376.00000,2.91000,0.00000,0.00000,0.00000
-312885.49164,-532584.98032,121.78000,364447582.58123,9.92000,506714.00000,3.07000,0.00000,0.00000,0.00000
-312451.24225,-532635.76021,122.04700,364447582.62836,10.06000,475166.00000,3.07000,0.00000,0.00000,0.00000
-311307.94833,-533576.23609,122.78300,364447582.67549,10.38000,1073817.00000,3.04000,0.00000,0.00000,0.00000
-311194.98554,-533223.84575,123.31700,364447582.72262,10.69000,787534.00000,4.22000,0.00000,0.00000,0.00000
-311249.77584,-532660.96498,124.15600,364447582.76974,10.67000,424585.00000,4.26000,0.00000,0.00000,0.00000
-311005.72372,-532473.03913,124.99400,364447582.81687,10.80000,401673.00000,4.39000,0.00000,0.00000,0.00000
-310259.78860,-532914.85352,126.52800,364447582.86400,10.95000,484707.00000,4.23000,0.00000,0.00000,0.00000
-308791.02867,-534263.52754,140.35200,364447582.91113,11.28000,6784867.00000,4.49000,0.00000,0.00000,0.00000
-308525.43045,-534102.62708,138.98600,364447582.95826,11.37000,2152400.00000,4.60000,0.00000,0.00000,0.00000
-308326.28371,-533858.34186,133.94700,364447583.00538,11.37000,2891865.00000,4.53000,0.00000,0.00000,0.00000
-308045.56620,-533716.41238,134.22300,364447583.05251,11.44000,2254108.00000,5.49000,0.00000,0.00000,0.00000
-307876.68748,-533434.15628,133.79400,364447583.09964,11.80000,1395655.00000,6.99000,0.00000,0.00000,0.00000
-307500.63357,-533411.83871,134.77600,364447583.14677,11.84000,631914.00000,8.16000,0.00000,0.00000,0.00000
-307410.60724,-533030.67411,134.71700,364447583.19390,11.84000,346626.00000,7.25000,0.00000,0.00000,0.00000
-307729.45524,-532136.56604,131.33600,364447583.24102,11.65000,150473.00000,7.93000,0.00000,0.00000,0.00000
-307570.68174,-531841.66933,131.11700,364447583.28815,11.27000,340329.00000,6.81000,0.00000,0.00000,0.00000
-307242.76238,-531758.95827,131.18700,364447583.33528,11.06000,1138066.00000,4.40000,0.00000,0.00000,0.00000
-306798.41587,-531822.31267,132.17900,364447583.38241,10.91000,1488202.00000,4.10000,0.00000,0.00000,0.00000
-306283.46937,-531974.20519,133.76200,364447583.42954,10.77000,3952805.00000,3.39000,0.00000,0.00000,0.00000
-306589.51710,-531096.22735,128.26700,364447583.47666,10.62000,1712366.00000,4.18000,0.00000,0.00000,0.00000
-306216.67520,-531069.85641,129.20300,364447583.52379,10.71000,1843242.00000,4.30000,0.00000,0.00000,0.00000
-305512.40941,-531459.22518,132.56700,364447583.57092,10.73000,1360727.00000,5.01000,0.00000,0.00000,0.00000
-304922.28472,-531705.40278,135.67900,364447583.61805,10.88000,653236.00000,5.79000,0.00000,0.00000,0.00000
-305274.20073,-530769.93527,131.23900,364447583.66518,11.25000,250609.00000,8.78000,0.00000,0.00000,0.00000
-305641.24224,-529815.48373,127.36200,364447583.71231,11.13000,689497.00000,9.22000,0.00000,0.00000,0.00000
-305791.01138,-529133.60106,127.02900,364447583.75943,11.26000,1015859.00000,6.18000,0.00000,0.00000,0.00000
-305778.96619,-528654.70708,124.78600,364447583.80656,11.55000,3116175.00000,5.48000,0.00000,0.00000,0.00000
-305170.96734,-528923.29774,129.89000,364447583.85369,11.59000,2846535.00000,4.71000,0.00000,0.00000,0.00000
-305126.37063,-528485.21912,122.09700,364447583.90082,11.77000,423709.00000,5.52000,0.00000,0.00000,0.00000
-305681.87332,-527294.47313,122.25500,364447583.94795,11.89000,599932.00000,5.02000,0.00000,0.00000,0.00000
-305058.28748,-527582.61162,123.86000,364447583.99508,12.04000,2619621.00000,4.09000,0.00000,0.00000,0.00000
-304198.60067,-528166.85150,125.64000,364447584.04221,12.05000,3481547.00000,4.81000,0.00000,0.00000,0.00000
-303808.81765,-528161.73653,126.46500,364447584.08934,12.06000,3010393.00000,5.32000,0.00000,0.00000,0.00000
-303535.93706,-528009.99695,127.48200,364447584.13647,12.31000,2057106.00000,6.53000,0.00000,0.00000,0.00000
-303365.74820,-527729.45842,127.14900,364447584.18360,12.54000,291799.00000,8.77000,0.00000,0.00000,0.00000
-303228.57123,-527407.52037,127.02200,364447584.23072,12.85000,110758.00000,9.40000,0.00000,0.00000,0.00000
-303310.99462,-526810.17535,126.59600,364447584.27785,12.90000,248123.00000,10.90000,0.00000,0.00000,0.00000
-303134.39387,-526537.68521,126.58700,364447584.32498,12.98000,419392.00000,7.32000,0.00000,0.00000,0.00000
-302931.20784,-526298.54267,126.91200,364447584.37212,13.09000,372553.00000,6.85000,0.00000,0.00000,0.00000
-302631.74449,-526180.13960,127.38500,364447584.41925,13.03000,535576.00000,6.96000,0.00000,0.00000,0.00000
-302220.41976,-526202.02502,127.76300,364447584.46637,12.89000,300261.00000,5.91000,0.00000,0.00000,0.00000
-301884.27612,-526129.60401,127.96200,364447584.51351,13.04000,265990.00000,7.07000,0.00000,0.00000,0.00000
-301562.35235,-526039.36809,128.17000,364447584.56063,12.89000,202602.00000,6.17000,0.00000,0.00000,0.00000
-301319.73788,-525849.65151,127.97000,364447584.60776,12.73000,210614.00000,6.64000,0.00000,0.00000,0.00000
-301192.67288,-525515.06325,127.70700,364447584.65490,12.89000,246389.00000,8.75000,0.00000,0.00000,0.00000
-301023.42672,-525233.36693,127.50100,364447584.70202,12.87000,160882.00000,6.97000,0.00000,0.00000,0.00000
-300973.39834,-524802.19631,127.17400,364447584.74915,12.61000,175798.00000,6.33000,0.00000,0.00000,0.00000
-300715.67202,-524631.46123,127.38300,364447584.79628,12.66000,195990.00000,6.18000,0.00000,0.00000,0.00000
-300462.98969,-524454.39934,126.97400,364447584.84341,12.68000,257449.00000,5.28000,0.00000,0.00000,0.00000
-300141.07028,-524364.13738,126.86400,364447584.89054,12.60000,391969.00000,4.60000,0.00000,0.00000,0.00000
-299784.76558,-524316.99159,126.15200,364447584.93767,12.32000,553148.00000,4.35000,0.00000,0.00000,0.00000
-299467.90392,-524220.42300,125.94200,364447584.98480,12.10000,369969.00000,5.65000,0.00000,0.00000,0.00000
-299179.91717,-524087.61326,125.11400,364447585.03193,12.25000,253650.00000,5.54000,0.00000,0.00000,0.00000
-298916.23644,-523924.33632,124.42600,364447585.07906,12.35000,374079.00000,6.71000,0.00000,0.00000,0.00000
-298776.36023,-523605.83860,123.28800,364447585.12619,12.25000,154808.00000,7.37000,0.00000,0.00000,0.00000
-298611.72293,-523318.38311,123.12100,364447585.17333,12.36000,266432.00000,7.73000,0.00000,0.00000,0.00000
-298466.34370,-523006.77429,123.58000,364447585.22046,12.34000,876453.00000,5.89000,0.00000,0.00000,0.00000
-298213.68495,-522829.70580,123.80100,364447585.26759,12.57000,1799483.00000,5.29000,0.00000,0.00000,0.00000
-297894.07236,-522736.55520,124.10500,364447585.31472,12.52000,1764314.00000,4.85000,0.00000,0.00000,0.00000
