-340366.30164,-518774.59257,141.38700,576174516.57653,12.50000,424615.00000,5.18000,0.00000,0.00000,1.00000
-340493.95022,-519061.58720,141.88200,576174516.62361,12.71000,789048.00000,5.55000,0.00000,0.00000,1.00000
-342024.47501,-519985.90385,140.93100,576174516.81191,13.73000,196600.00000,11.28000,0.00000,0.00000,1.00000
-342112.64025,-520281.57579,139.38700,576174516.85899,13.80000,260896.00000,12.13000,0.00000,0.00000,1.00000
-341760.09264,-520673.90451,138.97200,576174516.90606,13.46000,662997.00000,10.12000,0.00000,0.00000,1.00000
-340927.35377,-521171.52262,143.02800,576174516.95314,13.21000,610648.00000,6.55000,0.00000,0.00000,1.00000
-330415.29181,-506987.28884,139.64300,576347167.61791,12.72000,496175.00000,7.17000,0.00000,0.00000,1.00000
-329989.95876,-508015.52891,137.12400,576347167.75908,12.53000,753161.00000,4.67000,0.00000,0.00000,1.00000
-335490.92644,-507522.16120,163.72000,576347167.85318,12.46000,839883.00000,4.62000,0.00000,0.00000,1.00000
-330404.47149,-508872.61845,131.63500,576347167.90024,12.41000,2930926.00000,4.14000,0.00000,0.00000,1.00000
-335670.64125,-508113.33754,161.51900,576347167.94729,12.47000,2108186.00000,4.15000,0.00000,0.00000,1.00000
-330640.98566,-509452.13793,132.04800,576347167.99435,12.57000,1659785.00000,4.25000,0.00000,0.00000,1.00000
-330552.68596,-509783.98930,130.78700,576347168.04140,12.32000,636234.00000,4.27000,0.00000,0.00000,1.00000
-330734.99104,-510060.70669,128.24900,576347168.08846,12.24000,355939.00000,3.87000,0.00000,0.00000,1.00000
-331061.95950,-510307.95353,125.99500,576347168.13551,12.50000,267195.00000,5.50000,0.00000,0.00000,1.00000
-331038.42903,-510626.61569,124.96400,576347168.18257,12.30000,277308.00000,5.51000,0.00000,0.00000,1.00000
-330937.15696,-510961.10111,123.93200,576347168.22962,12.50000,327151.00000,7.34000,0.00000,0.00000,1.00000
-331106.51041,-511240.47711,122.75100,576347168.27668,12.44000,408411.00000,5.51000,0.00000,0.00000,1.00000
-331306.08354,-511513.68463,121.02100,576347168.32373,12.55000,263634.00000,6.38000,0.00000,0.00000,1.00000
-331581.94597,-511771.35002,120.21500,576347168.37079,12.47000,531414.00000,4.71000,0.00000,0.00000,1.00000
-331696.59158,-512061.86850,117.71600,576347168.41784,12.41000,1238031.00000,4.18000,0.00000,0.00000,1.00000
-331626.97301,-512389.90515,114.93800,576347168.46490,12.73000,876907.00000,6.32000,0.00000,0.00000,1.00000
-331681.87758,-512692.59421,114.87900,576347168.51195,13.00000,259996.00000,8.58000,0.00000,0.00000,1.00000
-331206.31594,-513103.30453,115.13400,576347168.55901,13.09000,139568.00000,8.11000,0.00000,0.00000,1.00000
-330953.15869,-513468.72190,115.53700,576347168.60606,12.94000,153894.00000,7.53000,0.00000,0.00000,1.00000
-331144.08200,-513743.69975,115.14500,576347168.65312,12.92000,1204953.00000,6.12000,0.00000,0.00000,1.00000
-332344.11563,-513813.21159,115.80700,576347168.70017,13.14000,1034924.00000,6.02000,0.00000,0.00000,1.00000
-332294.64098,-514137.16103,115.48600,576347168.74723,13.18000,1042099.00000,8.18000,0.00000,0.00000,1.00000
-332416.46991,-514426.22944,114.79900,576347168.79429,13.21000,872160.00000,6.54000,0.00000,0.00000,1.00000
-332615.31119,-514699.61957,114.78900,576347168.84134,13.59000,968174.00000,7.78000,0.00000,0.00000,1.00000
-337578.22916,-514002.91117,138.68700,576347168.88840,13.72000,430837.00000,8.13000,0.00000,0.00000,1.00000
-338177.25276,-514194.84812,144.11500,576347168.93546,13.53000,265810.00000,8.58000,0.00000,0.00000,1.00000
-337227.39840,-514702.19975,134.11800,576347168.98251,13.27000,213128.00000,9.23000,0.00000,0.00000,1.00000
-336254.47451,-515214.20871,126.56500,576347169.02957,13.04000,330595.00000,9.86000,0.00000,0.00000,1.00000
-334162.99551,-515953.92163,119.01500,576347169.07662,12.94000,793802.00000,6.68000,0.00000,0.00000,1.00000
-334354.64111,-516228.80333,117.40700,576347169.12368,12.74000,5547652.00000,6.09000,0.00000,0.00000,1.00000
-335113.46421,-516388.21843,119.58900,576347169.17074,12.32000,2865061.00000,5.60000,0.00000,0.00000,1.00000
-336802.24251,-516358.31693,126.07500,576347169.21779,12.00000,4340748.00000,5.19000,0.00000,0.00000,1.00000
-337144.32041,-516602.59336,127.46700,576347169.26485,11.71000,3258579.00000,4.85000,0.00000,0.00000,1.00000
-335865.44153,-517176.83186,119.80000,576347169.31190,11.43000,3676752.00000,3.78000,0.00000,0.00000,1.00000
-336114.60040,-517440.00875,132.48100,576347169.35896,11.33000,3134597.00000,3.81000,0.00000,0.00000,1.00000
-336017.58660,-517773.65705,134.98100,576347169.40601,11.05000,1685308.00000,3.39000,0.00000,0.00000,1.00000
-336191.92602,-518052.06623,137.32600,576347169.45307,10.86000,901156.00000,4.19000,0.00000,0.00000,1.00000
-336358.35353,-518332.09221,139.03700,576347169.50012,10.63000,692919.00000,4.05000,0.00000,0.00000,1.00000
-331893.64587,-519554.55879,106.56500,576347169.54718,10.31000,436874.00000,3.01000,0.00000,0.00000,1.00000
-331425.19577,-519963.74285,108.77000,576347169.59423,9.86000,687357.00000,2.27000,0.00000,0.00000,1.00000
-331266.25348,-520309.92727,110.31000,576347169.64129,9.54000,468497.00000,2.04000,0.00000,0.00000,1.00000
-332330.99344,-520407.15078,108.54600,576347169.68834,9.28000,2903529.00000,1.79000,0.00000,0.00000,1.00000
-336253.23724,-519922.96071,158.41500,576347169.73539,9.14000,2144040.00000,1.68000,0.00000,0.00000,1.00000
-336193.65804,-520248.98087,155.29300,576347169.78245,9.10000,1135600.00000,1.91000,0.00000,0.00000,1.00000
-337549.96191,-520286.90406,143.31600,576347169.82950,9.09000,1010706.00000,2.58000,0.00000,0.00000,1.00000
-337158.53759,-520680.44088,140.53300,576347169.87656,9.02000,1188755.00000,2.91000,0.00000,0.00000,1.00000
-337960.58104,-520831.15253,136.67500,576347169.92361,8.82000,1017348.00000,2.03000,0.00000,0.00000,1.00000
-341346.76540,-520456.08694,154.10400,576347169.97066,8.44000,2854263.00000,1.54000,0.00000,0.00000,1.00000
-341889.62824,-520659.55659,160.36300,576347170.01772,8.08000,1485186.00000,1.44000,0.00000,0.00000,1.00000
-329436.92632,-523506.60359,134.00300,576347170.06477,7.85000,1427656.00000,1.83000,0.00000,0.00000,1.00000
-330560.66422,-523591.90093,129.28100,576347170.11182,7.66000,1659104.00000,2.36000,0.00000,0.00000,1.00000
-331721.84229,-523669.58473,127.21600,576347170.15888,7.82000,753307.00000,3.34000,0.00000,0.00000,1.00000
-330612.00532,-524209.12525,134.99500,576347170.20593,7.96000,1380924.00000,3.75000,0.00000,0.00000,1.00000
-337949.95877,-523030.61262,140.78100,576347170.25298,7.98000,884422.00000,2.52000,0.00000,0.00000,1.00000
-331731.54924,-524609.14249,137.92300,576347170.30004,7.97000,680485.00000,2.81000,0.00000,0.00000,1.00000
-332308.23391,-524805.71849,140.69500,576347170.34709,7.74000,449989.00000,2.48000,0.00000,0.00000,1.00000
-332930.25797,-524993.07679,143.33300,576347170.39414,7.62000,737271.00000,2.78000,0.00000,0.00000,1.00000
-333173.66371,-525257.44269,146.27700,576347170.44120,7.68000,1400582.00000,2.82000,0.00000,0.00000,1.00000
-335497.32830,-525098.82574,149.54600,576347170.48825,7.79000,1155901.00000,2.97000,0.00000,0.00000,1.00000
-335357.06801,-525441.22439,151.20400,576347170.53530,8.07000,1680928.00000,3.68000,0.00000,0.00000,1.00000
-335234.07427,-525780.10035,153.52900,576347170.58236,8.36000,2340254.00000,3.66000,0.00000,0.00000,1.00000
-335257.20671,-526089.27347,154.51700,576347170.62941,8.61000,1823874.00000,4.65000,0.00000,0.00000,1.00000
-334618.81886,-526532.92270,153.66300,576347170.67646,8.98000,512452.00000,5.60000,0.00000,0.00000,1.00000
-334531.08451,-526864.61274,153.25300,576347170.72351,9.47000,284865.00000,5.67000,0.00000,0.00000,1.00000
-334586.59688,-527167.19059,153.16700,576347170.77057,9.76000,443558.00000,5.57000,0.00000,0.00000,1.00000
-334372.17335,-527524.64362,153.73200,576347170.81762,9.75000,357470.00000,5.48000,0.00000,0.00000,1.00000
-334448.56486,-527822.98984,154.28000,576347170.86467,9.92000,860289.00000,4.23000,0.00000,0.00000,1.00000
-334709.22297,-528083.87440,154.61100,576347170.91173,9.88000,1129161.00000,3.87000,0.00000,0.00000,1.00000
-335032.50090,-528332.02218,154.14700,576347170.95878,10.12000,444426.00000,4.66000,0.00000,0.00000,1.00000
-335301.79401,-528591.15152,153.11300,576347171.00583,10.24000,164433.00000,5.56000,0.00000,0.00000,1.00000
-335285.30730,-528908.35795,153.09200,576347171.05288,10.13000,192062.00000,7.61000,0.00000,0.00000,1.00000
-334615.20492,-529358.40210,153.78600,576347171.09993,10.18000,132900.00000,8.77000,0.00000,0.00000,1.00000
-334406.51368,-529714.66442,154.09200,576347171.14699,10.14000,507684.00000,7.70000,0.00000,0.00000,1.00000
-335351.01205,-529836.58951,152.05900,576347171.19404,10.05000,2313094.00000,7.39000,0.00000,0.00000,1.00000
-335510.16088,-530118.11228,152.04300,576347171.24109,10.21000,1102819.00000,4.66000,0.00000,0.00000,1.00000
-334586.66461,-530619.62548,159.71700,576347171.28814,10.04000,3470860.00000,3.82000,0.00000,0.00000,1.00000
-334843.70777,-530881.25727,160.54400,576347171.33519,9.89000,2741203.00000,3.14000,0.00000,0.00000,1.00000
-335052.51169,-531152.68019,160.33200,576347171.38225,9.97000,229041.00000,4.45000,0.00000,0.00000,1.00000
-335437.68441,-531388.28810,159.95200,576347171.42930,9.90000,392522.00000,4.56000,0.00000,0.00000,1.00000
-321531.43098,-503197.33036,154.12300,576519819.90141,11.47000,1517282.00000,4.77000,0.00000,0.00000,1.00000
-322388.74072,-503974.29997,150.88600,576519820.04249,11.59000,298451.00000,7.14000,0.00000,0.00000,1.00000
-323914.35092,-505563.91119,143.57300,576519820.32465,11.69000,353801.00000,7.19000,0.00000,0.00000,1.00000
-323834.10743,-505891.79404,141.13000,576519820.37168,11.76000,523712.00000,6.77000,0.00000,0.00000,1.00000
-323737.97779,-506222.64857,139.15500,576519820.41870,11.71000,222065.00000,5.88000,0.00000,0.00000,1.00000
-323620.21172,-506557.59280,136.73100,576519820.46573,11.67000,490791.00000,5.58000,0.00000,0.00000,1.00000
-323635.18436,-506867.55507,134.85900,576519820.51276,11.80000,1679670.00000,5.17000,0.00000,0.00000,1.00000
-323580.89445,-507190.54677,132.58600,576519820.55979,12.20000,616424.00000,5.83000,0.00000,0.00000,1.00000
-323531.65179,-507512.58978,130.45800,576519820.60682,12.16000,427150.00000,6.09000,0.00000,0.00000,1.00000
-323498.27429,-507831.64094,128.62900,576519820.65384,12.36000,245340.00000,7.62000,0.00000,0.00000,1.00000
-323399.96377,-508162.91217,126.80900,576519820.70087,12.67000,256851.00000,11.53000,0.00000,0.00000,1.00000
-323436.57066,-508468.81341,125.51200,576519820.74790,12.47000,71898.00000,10.43000,0.00000,0.00000,1.00000
-323587.88692,-508753.13575,124.93800,576519820.79493,12.37000,186135.00000,11.57000,0.00000,0.00000,1.00000
-323800.53940,-509025.94724,124.58100,576519820.84196,12.24000,132383.00000,7.56000,0.00000,0.00000,1.00000
-324139.44515,-509275.00517,124.24300,576519820.88898,12.34000,214400.00000,8.32000,0.00000,0.00000,1.00000
-324309.52489,-509555.82569,123.42500,576519820.93601,12.24000,238045.00000,8.99000,0.00000,0.00000,1.00000
-324659.25784,-509802.86673,122.75800,576519820.98304,12.25000,119589.00000,8.74000,0.00000,0.00000,1.00000
-324869.01803,-510076.22462,121.41200,576519821.03007,12.41000,227049.00000,6.97000,0.00000,0.00000,1.00000
-324536.20088,-510451.58985,117.37800,576519821.07710,12.46000,147330.00000,9.06000,0.00000,0.00000,1.00000
-323629.02840,-510934.89075,114.21000,576519821.12413,12.25000,146254.00000,11.16000,0.00000,0.00000,1.00000
-322931.81748,-511378.72708,113.54800,576519821.17116,12.15000,2722657.00000,5.03000,0.00000,0.00000,1.00000
-323751.26357,-511537.50182,111.44600,576519821.21818,12.23000,1967929.00000,5.37000,0.00000,0.00000,1.00000
-323414.80215,-511913.51730,110.63800,576519821.26521,12.27000,2923666.00000,4.89000,0.00000,0.00000,1.00000
-323833.06899,-512147.69116,109.85400,576519821.31224,12.20000,5181650.00000,5.53000,0.00000,0.00000,1.00000
-323757.08479,-512474.76696,110.71800,576519821.35927,11.98000,5962340.00000,4.66000,0.00000,0.00000,1.00000
-324080.10681,-512726.84971,111.46500,576519821.40630,11.93000,1737261.00000,6.28000,0.00000,0.00000,1.00000
-323214.74312,-513202.24991,112.78700,576519821.45333,11.93000,1775885.00000,4.34000,0.00000,0.00000,1.00000
-323179.14427,-513521.70419,113.38600,576519821.50036,11.93000,2815908.00000,4.87000,0.00000,0.00000,1.00000
-323647.19593,-513746.55191,112.98900,576519821.54739,11.92000,2382496.00000,5.75000,0.00000,0.00000,1.00000
-323103.62769,-514161.46087,113.66800,576519821.59442,11.95000,704090.00000,7.21000,0.00000,0.00000,1.00000
-323431.69212,-514412.60897,111.90600,576519821.64145,12.23000,318006.00000,7.37000,0.00000,0.00000,1.00000
-323386.71164,-514733.84504,110.07900,576519821.68847,12.16000,278688.00000,8.73000,0.00000,0.00000,1.00000
-324024.32033,-514926.84213,110.29300,576519821.73550,12.19000,185428.00000,9.58000,0.00000,0.00000,1.00000
-325094.87813,-515038.53467,113.13500,576519821.78253,12.16000,699686.00000,7.52000,0.00000,0.00000,1.00000
-325120.60486,-515346.49747,113.96900,576519821.82956,12.19000,829251.00000,6.19000,0.00000,0.00000,1.00000
-325144.88583,-515654.72803,113.18500,576519821.87659,12.27000,358242.00000,7.95000,0.00000,0.00000,1.00000
-325350.99701,-515928.80257,113.88400,576519821.92362,12.14000,293643.00000,9.80000,0.00000,0.00000,1.00000
-325526.08128,-516208.71873,116.56000,576519821.97065,11.82000,244644.00000,7.87000,0.00000,0.00000,1.00000
-325154.93949,-516591.23462,117.21500,576519822.01768,11.37000,259348.00000,7.40000,0.00000,0.00000,1.00000
-325153.22874,-516904.33256,117.35700,576519822.06471,11.12000,337767.00000,7.57000,0.00000,0.00000,1.00000
-324954.53463,-517254.43848,115.67900,576519822.11173,11.04000,1019652.00000,4.69000,0.00000,0.00000,1.00000
-324851.81189,-517586.51852,109.42300,576519822.15876,10.89000,2128381.00000,5.06000,0.00000,0.00000,1.00000
-324145.11218,-518032.01186,110.31200,576519822.20579,10.83000,871444.00000,5.78000,0.00000,0.00000,1.00000
-324066.18487,-518359.61348,111.11800,576519822.25282,10.85000,395342.00000,8.05000,0.00000,0.00000,1.00000
-323360.18997,-518804.93641,112.70700,576519822.29984,10.81000,133873.00000,7.26000,0.00000,0.00000,1.00000
-322866.34924,-519210.42920,115.19700,576519822.34687,10.60000,576215.00000,5.44000,0.00000,0.00000,1.00000
-323004.60938,-519497.24129,116.34500,576519822.39390,10.61000,398542.00000,5.99000,0.00000,0.00000,1.00000
-323103.90636,-519791.37231,117.54300,576519822.44093,10.60000,611629.00000,6.09000,0.00000,0.00000,1.00000
-323297.00328,-520067.89283,117.99500,576519822.48796,10.66000,353200.00000,5.66000,0.00000,0.00000,1.00000
-323446.08351,-520352.68237,118.97500,576519822.53498,10.64000,786002.00000,4.50000,0.00000,0.00000,1.00000
-323787.10089,-520601.44009,119.34400,576519822.58201,10.51000,725878.00000,5.01000,0.00000,0.00000,1.00000
-324001.84099,-520873.91005,119.63900,576519822.62904,10.42000,291627.00000,6.34000,0.00000,0.00000,1.00000
-324190.59984,-521151.25418,119.75500,576519822.67607,10.12000,279472.00000,7.30000,0.00000,0.00000,1.00000
-324161.44397,-521469.51762,120.44900,576519822.72310,10.43000,145099.00000,9.84000,0.00000,0.00000,1.00000
-324091.86629,-521795.34403,121.28100,576519822.77012,10.47000,868197.00000,6.22000,0.00000,0.00000,1.00000
-324132.69201,-522100.45446,122.64500,576519822.81715,10.12000,257873.00000,5.21000,0.00000,0.00000,1.00000
-324004.65931,-522437.24916,124.34900,576519822.86418,9.95000,253651.00000,5.57000,0.00000,0.00000,1.00000
-323899.00072,-522769.85177,126.35200,576519822.91121,9.72000,674762.00000,5.38000,0.00000,0.00000,1.00000
-324144.03127,-523036.63886,126.67400,576519822.95823,9.79000,984831.00000,5.90000,0.00000,0.00000,1.00000
-324445.35397,-523292.87918,129.29400,576519823.00526,9.80000,396507.00000,4.92000,0.00000,0.00000,1.00000
-324975.40966,-523506.18396,130.41300,576519823.05229,9.67000,912698.00000,5.21000,0.00000,0.00000,1.00000
-325400.12114,-523739.27980,131.48800,576519823.09931,9.84000,220005.00000,5.52000,0.00000,0.00000,1.00000
-325707.93320,-523994.31760,132.55200,576519823.14634,10.04000,108316.00000,7.01000,0.00000,0.00000,1.00000
-325927.70059,-524265.86610,133.35200,576519823.19337,10.05000,161801.00000,7.09000,0.00000,0.00000,1.00000
-326088.29635,-524548.51338,133.58200,576519823.24039,10.15000,361967.00000,7.80000,0.00000,0.00000,1.00000
-326284.24659,-524824.53288,133.75500,576519823.28742,10.32000,297150.00000,8.13000,0.00000,0.00000,1.00000
-326579.79072,-525081.89134,133.84300,576519823.33445,10.68000,192549.00000,8.13000,0.00000,0.00000,1.00000
-326787.28820,-525355.75287,133.80300,576519823.38147,10.69000,408753.00000,5.75000,0.00000,0.00000,1.00000
-327121.07286,-525605.93396,133.84400,576519823.42850,11.22000,405470.00000,6.36000,0.00000,0.00000,1.00000
-327400.72674,-525866.26063,134.60700,576519823.47553,11.59000,312529.00000,7.58000,0.00000,0.00000,1.00000
-327667.39054,-526129.02720,135.71000,576519823.52255,11.69000,490639.00000,6.93000,0.00000,0.00000,1.00000
-327811.38504,-526414.82164,136.11400,576519823.56958,12.04000,1005729.00000,6.86000,0.00000,0.00000,1.00000
-327719.39973,-526744.85139,133.00300,576519823.61660,12.24000,2639470.00000,7.78000,0.00000,0.00000,1.00000
-328104.40660,-526985.44344,136.74300,576519823.66363,12.28000,377891.00000,7.70000,0.00000,0.00000,1.00000
-328287.36492,-527263.92569,135.67300,576519823.71066,12.46000,508517.00000,8.58000,0.00000,0.00000,1.00000
-328237.94924,-527585.98799,135.26800,576519823.75768,12.40000,589926.00000,11.51000,0.00000,0.00000,1.00000
-328342.23341,-527879.22130,136.35700,576519823.80471,12.10000,125550.00000,12.69000,0.00000,0.00000,1.00000
-327817.25746,-528290.46890,134.98900,576519823.85173,12.03000,49877.00000,12.74000,0.00000,0.00000,1.00000
-327407.72544,-528680.03061,134.50800,576519823.89876,12.29000,124230.00000,12.70000,0.00000,0.00000,1.00000
-327418.19483,-528990.85734,135.10100,576519823.94578,12.58000,100297.00000,11.62000,0.00000,0.00000,1.00000
-327316.07821,-529322.77578,135.18300,576519823.99281,12.51000,91602.00000,11.79000,0.00000,0.00000,1.00000
-327253.65324,-529647.26210,135.55400,576519824.03983,12.44000,127706.00000,11.35000,0.00000,0.00000,1.00000
-327188.33873,-529972.28647,136.33500,576519824.08686,11.93000,275174.00000,11.13000,0.00000,0.00000,1.00000
-327191.57753,-530284.45767,136.81200,576519824.13388,11.85000,262320.00000,10.95000,0.00000,0.00000,1.00000
-327320.37682,-530573.08637,138.07900,576519824.18091,11.66000,256095.00000,6.80000,0.00000,0.00000,1.00000
-327675.78502,-530819.26103,139.48000,576519824.22793,11.60000,266425.00000,6.30000,0.00000,0.00000,1.00000
-328140.87130,-531044.86211,141.93400,576519824.27496,11.57000,423377.00000,5.05000,0.00000,0.00000,1.00000
-328468.12686,-531296.31336,143.87300,576519824.32198,11.38000,1800611.00000,4.11000,0.00000,0.00000,1.00000
-328869.70451,-531533.82923,146.02800,576519824.36901,11.26000,732511.00000,4.71000,0.00000,0.00000,1.00000
-329189.02101,-531786.78046,147.74300,576519824.41603,11.23000,995017.00000,4.80000,0.00000,0.00000,1.00000
-329425.34342,-532055.28448,149.07700,576519824.46306,11.33000,5112594.00000,3.79000,0.00000,0.00000,1.00000
-329634.23918,-532328.92991,150.55200,576519824.51008,11.21000,5147536.00000,3.89000,0.00000,0.00000,1.00000
-328661.80100,-532823.96097,138.55400,576519824.55711,11.15000,1752983.00000,4.14000,0.00000,0.00000,1.00000
-329440.80679,-532990.76642,142.57000,576519824.60413,11.50000,1172093.00000,3.80000,0.00000,0.00000,1.00000
-329825.07240,-533231.57051,145.02500,576519824.65116,11.52000,1777299.00000,4.25000,0.00000,0.00000,1.00000
-324951.87407,-534457.38011,127.38700,576519824.69818,11.42000,833510.00000,3.77000,0.00000,0.00000,1.00000
-325664.49562,-534636.64129,125.86700,576519824.74521,11.50000,1661810.00000,3.96000,0.00000,0.00000,1.00000
-330854.40767,-533977.09529,155.34100,576519824.79223,11.61000,288507.00000,4.70000,0.00000,0.00000,1.00000
-326945.41475,-535022.23248,127.14000,576519824.83926,11.67000,1345540.00000,4.40000,0.00000,0.00000,1.00000
-327597.41937,-535212.87226,129.44600,576519824.88628,11.51000,982782.00000,3.71000,0.00000,0.00000,1.00000
-328515.72322,-535353.63252,133.57600,576519824.93331,11.21000,1740825.00000,3.30000,0.00000,0.00000,1.00000
-328860.99940,-535601.73663,136.38900,576519824.98033,11.10000,3341068.00000,2.90000,0.00000,0.00000,1.00000
-332011.40510,-535324.38172,164.33400,576519825.02736,11.05000,3675899.00000,2.55000,0.00000,0.00000,1.00000
-315670.28765,-501424.46779,166.06700,576692472.56487,10.28000,484857.00000,4.72000,0.00000,0.00000,1.00000
-315644.44874,-501740.65361,162.79200,576692472.61186,10.33000,257787.00000,6.53000,0.00000,0.00000,1.00000
-315510.15871,-502075.55893,159.61800,576692472.65886,10.28000,136601.00000,6.41000,0.00000,0.00000,1.00000
-315324.53182,-502419.32505,156.65600,576692472.70585,10.64000,195650.00000,7.40000,0.00000,0.00000,1.00000
-315053.58733,-502777.80545,153.60300,576692472.75285,10.67000,290926.00000,6.88000,0.00000,0.00000,1.00000
-314617.79043,-503164.71923,149.39800,576692472.79984,10.70000,204558.00000,6.21000,0.00000,0.00000,1.00000
-314463.23456,-503503.11121,147.14400,576692472.84684,10.78000,390573.00000,5.24000,0.00000,0.00000,1.00000
-314346.99207,-503834.89013,144.61400,576692472.89383,10.94000,878124.00000,5.55000,0.00000,0.00000,1.00000
-314394.87525,-504138.36459,142.46800,576692472.94083,10.97000,495015.00000,5.42000,0.00000,0.00000,1.00000
-314525.90858,-504427.49245,137.40100,576692472.98782,11.05000,1994829.00000,5.81000,0.00000,0.00000,1.00000
-314354.71118,-504768.76126,135.84300,576692473.03482,11.09000,1575238.00000,6.59000,0.00000,0.00000,1.00000
-314451.74941,-505063.74943,133.65800,576692473.08181,10.97000,1295440.00000,6.81000,0.00000,0.00000,1.00000
-314342.71984,-505394.28418,132.63500,576692473.12881,11.02000,836671.00000,6.36000,0.00000,0.00000,1.00000
-314595.20760,-505662.47799,131.67500,576692473.17580,11.09000,167680.00000,8.40000,0.00000,0.00000,1.00000
-314950.37125,-505912.97976,131.14400,576692473.22280,10.84000,269862.00000,8.83000,0.00000,0.00000,1.00000
-315125.48847,-506194.51337,130.32600,576692473.26980,10.40000,407980.00000,6.67000,0.00000,0.00000,1.00000
-315516.08204,-506438.91326,129.80900,576692473.31679,10.52000,204468.00000,7.47000,0.00000,0.00000,1.00000
-315613.11419,-506733.92551,128.24100,576692473.36379,10.20000,287308.00000,6.17000,0.00000,0.00000,1.00000
-315778.83419,-507017.09441,126.44900,576692473.41078,9.99000,251601.00000,4.89000,0.00000,0.00000,1.00000
-315826.70376,-507320.59035,122.83000,576692473.45778,10.34000,287511.00000,5.09000,0.00000,0.00000,1.00000
-315844.92752,-507629.20546,119.77200,576692473.50478,10.56000,436134.00000,5.21000,0.00000,0.00000,1.00000
-315840.72305,-507941.67167,116.66600,576692473.55177,10.78000,348744.00000,6.99000,0.00000,0.00000,1.00000
-315438.82013,-508322.69528,113.37700,576692473.59877,11.16000,290911.00000,7.48000,0.00000,0.00000,1.00000
-314895.18866,-508728.14638,110.97800,576692473.64576,11.34000,878917.00000,7.89000,0.00000,0.00000,1.00000
-314577.87114,-509094.57650,109.95900,576692473.69276,11.37000,861704.00000,6.65000,0.00000,0.00000,1.00000
-315278.66773,-509285.53235,106.72700,576692473.73975,11.15000,904573.00000,4.76000,0.00000,0.00000,1.00000
-316092.99623,-509456.92904,106.00400,576692473.78675,11.01000,1975519.00000,5.14000,0.00000,0.00000,1.00000
-316357.03948,-509723.17296,106.61200,576692473.83375,10.54000,3297551.00000,3.73000,0.00000,0.00000,1.00000
-315370.11086,-510205.01241,107.50500,576692473.88075,10.44000,1331963.00000,4.65000,0.00000,0.00000,1.00000
-315310.92495,-510526.96637,108.32000,576692473.92774,10.27000,687966.00000,5.41000,0.00000,0.00000,1.00000
-314420.16519,-510992.19653,109.35700,576692473.97474,10.38000,281671.00000,7.05000,0.00000,0.00000,1.00000
-314927.88057,-511216.45612,109.78400,576692474.02174,10.83000,134943.00000,10.75000,0.00000,0.00000,1.00000
-315291.70509,-511465.52434,109.96600,576692474.06873,11.18000,160182.00000,10.27000,0.00000,0.00000,1.00000
-314622.19801,-511892.60387,109.71000,576692474.11573,11.05000,280876.00000,10.22000,0.00000,0.00000,1.00000
-313468.93344,-512403.01070,111.74800,576692474.16273,11.21000,176468.00000,11.74000,0.00000,0.00000,1.00000
-314517.53063,-512534.11971,111.61200,576692474.20972,11.40000,130667.00000,11.07000,0.00000,0.00000,1.00000
-313789.44066,-512971.26648,111.90800,576692474.25672,11.20000,74614.00000,11.78000,0.00000,0.00000,1.00000
-314379.59126,-513181.36652,112.46000,576692474.30372,10.60000,305371.00000,7.65000,0.00000,0.00000,1.00000
-315023.96143,-513382.11010,112.86700,576692474.35072,10.32000,95872.00000,8.30000,0.00000,0.00000,1.00000
-315671.23528,-513582.37391,112.49100,576692474.39771,10.08000,268784.00000,9.64000,0.00000,0.00000,1.00000
-314827.43773,-514039.45205,111.07500,576692474.44471,10.21000,355041.00000,7.70000,0.00000,0.00000,1.00000
-314351.70113,-514433.12618,111.48900,576692474.49171,10.23000,576133.00000,6.48000,0.00000,0.00000,1.00000
-314421.91770,-514732.77737,112.37100,576692474.53870,10.00000,427639.00000,6.55000,0.00000,0.00000,1.00000
-314816.80697,-514976.50028,113.59500,576692474.58570,9.52000,97544.00000,6.92000,0.00000,0.00000,1.00000
-315334.63550,-515199.07871,115.13900,576692474.63269,9.53000,123015.00000,6.58000,0.00000,0.00000,1.00000
-315950.80523,-515404.72053,115.90900,576692474.67969,9.56000,287282.00000,5.66000,0.00000,0.00000,1.00000
-315984.13565,-515710.72718,115.35200,576692474.72669,9.25000,139507.00000,6.38000,0.00000,0.00000,1.00000
-315113.54542,-516172.35781,113.79800,576692474.77368,9.52000,109843.00000,10.67000,0.00000,0.00000,1.00000
-314305.86265,-516623.13958,114.96600,576692474.82068,9.67000,299780.00000,6.80000,0.00000,0.00000,1.00000
-314410.05169,-516916.94122,116.33600,576692474.86767,9.63000,385456.00000,5.72000,0.00000,0.00000,1.00000
-314567.01883,-517201.64446,116.49300,576692474.91467,9.68000,365893.00000,7.03000,0.00000,0.00000,1.00000
-314594.54919,-517508.64171,117.35100,576692474.96167,9.68000,199362.00000,6.08000,0.00000,0.00000,1.00000
-314608.33077,-517817.99397,118.35000,576692475.00866,9.81000,130128.00000,7.60000,0.00000,0.00000,1.00000
-314557.75997,-518138.43736,119.58400,576692475.05566,9.81000,294395.00000,6.87000,0.00000,0.00000,1.00000
-314740.03404,-518418.79938,120.14700,576692475.10266,9.82000,379241.00000,6.59000,0.00000,0.00000,1.00000
-314919.41776,-518699.66847,120.70100,576692475.14965,9.84000,258485.00000,5.18000,0.00000,0.00000,1.00000
-315155.19592,-518970.82052,120.70400,576692475.19665,10.20000,147808.00000,5.60000,0.00000,0.00000,1.00000
-315260.08615,-519264.49918,121.37400,576692475.24364,10.54000,189744.00000,6.81000,0.00000,0.00000,1.00000
-315420.66384,-519548.60961,121.39500,576692475.29064,10.61000,156988.00000,6.71000,0.00000,0.00000,1.00000
-315452.50862,-519854.85388,121.56800,576692475.33763,10.53000,137753.00000,7.11000,0.00000,0.00000,1.00000
-315395.41387,-520176.42248,121.93100,576692475.38463,10.65000,137115.00000,6.30000,0.00000,0.00000,1.00000
-315468.47665,-520475.57972,122.76400,576692475.43162,10.64000,203006.00000,6.31000,0.00000,0.00000,1.00000
-315682.55417,-520750.48375,122.85100,576692475.47862,10.82000,308972.00000,6.25000,0.00000,0.00000,1.00000
-315702.09805,-521058.84963,123.24300,576692475.52561,10.83000,139069.00000,7.62000,0.00000,0.00000,1.00000
-315746.95027,-521362.86314,123.54000,576692475.57261,10.80000,146352.00000,8.65000,0.00000,0.00000,1.00000
-315824.34924,-521661.29026,123.60400,576692475.61960,10.69000,102746.00000,7.85000,0.00000,0.00000,1.00000
-315802.66651,-521976.75014,124.14900,576692475.66660,10.56000,138726.00000,7.76000,0.00000,0.00000,1.00000
-315790.38533,-522290.59892,124.54300,576692475.71359,10.64000,95880.00000,7.86000,0.00000,0.00000,1.00000
-315809.19399,-522599.09200,124.96500,576692475.76059,10.66000,185079.00000,7.34000,0.00000,0.00000,1.00000
-315991.44192,-522879.48284,125.32900,576692475.80758,10.63000,369096.00000,5.86000,0.00000,0.00000,1.00000
-316198.27271,-523155.64232,125.51900,576692475.85458,10.57000,224917.00000,6.95000,0.00000,0.00000,1.00000
-316260.46879,-523456.67889,126.19100,576692475.90157,10.38000,182687.00000,6.78000,0.00000,0.00000,1.00000
-316374.72665,-523748.75730,126.26200,576692475.94856,10.33000,245544.00000,7.54000,0.00000,0.00000,1.00000
-316500.55795,-524038.85402,127.07100,576692475.99556,10.50000,123616.00000,7.14000,0.00000,0.00000,1.00000
-316407.99030,-524366.50860,127.56100,576692476.04255,10.66000,140892.00000,7.28000,0.00000,0.00000,1.00000
-316510.67027,-524660.57884,127.69700,576692476.08955,10.77000,237924.00000,7.22000,0.00000,0.00000,1.00000
-316619.86084,-524953.53875,127.63200,576692476.13654,10.94000,294328.00000,7.96000,0.00000,0.00000,1.00000
-316636.48107,-525262.41238,127.04700,576692476.18353,11.14000,126071.00000,8.91000,0.00000,0.00000,1.00000
-316414.45037,-525612.32707,127.05200,576692476.23053,11.37000,113688.00000,9.63000,0.00000,0.00000,1.00000
-316350.06861,-525935.13046,127.31200,576692476.27752,11.12000,202377.00000,7.13000,0.00000,0.00000,1.00000
-316520.72085,-526217.52529,127.48600,576692476.32452,10.89000,355909.00000,7.19000,0.00000,0.00000,1.00000
-316773.81855,-526485.75677,127.22900,576692476.37151,11.10000,230509.00000,6.15000,0.00000,0.00000,1.00000
-316913.37258,-526773.50557,127.34200,576692476.41850,11.18000,209242.00000,6.97000,0.00000,0.00000,1.00000
-317138.97871,-527046.45429,127.36400,576692476.46550,11.20000,346610.00000,6.90000,0.00000,0.00000,1.00000
-317403.64415,-527312.70657,127.37300,576692476.51249,11.25000,224866.00000,5.38000,0.00000,0.00000,1.00000
-317661.07422,-527580.19952,127.05900,576692476.55949,11.38000,295401.00000,5.54000,0.00000,0.00000,1.00000
-317559.79722,-527909.35161,125.81400,576692476.60648,11.71000,47282.00000,8.61000,0.00000,0.00000,1.00000
-317202.49707,-528282.49516,125.49700,576692476.65348,11.72000,139501.00000,10.31000,0.00000,0.00000,1.00000
-317250.19075,-528586.03438,125.70700,576692476.70047,11.34000,535674.00000,7.13000,0.00000,0.00000,1.00000
-317615.37489,-528835.02525,126.60400,576692476.74746,11.32000,613540.00000,5.33000,0.00000,0.00000,1.00000
-317847.48219,-529106.87814,126.52900,576692476.79446,11.51000,299743.00000,5.98000,0.00000,0.00000,1.00000
-318134.55379,-529369.29188,125.92600,576692476.84145,11.55000,467927.00000,5.24000,0.00000,0.00000,1.00000
-318107.75623,-529685.65198,124.80500,576692476.88845,11.85000,246822.00000,7.62000,0.00000,0.00000,1.00000
-317704.86613,-530066.59631,124.15700,576692476.93544,11.74000,54003.00000,10.66000,0.00000,0.00000,1.00000
-317252.79956,-530455.99561,125.38500,576692476.98243,11.49000,132036.00000,6.72000,0.00000,0.00000,1.00000
-317320.72847,-530756.06564,127.01800,576692477.02943,11.40000,429471.00000,6.73000,0.00000,0.00000,1.00000
-317560.77784,-531026.56125,128.70500,576692477.07642,11.34000,277731.00000,7.39000,0.00000,0.00000,1.00000
-317908.59280,-531278.55704,129.77900,576692477.12341,10.97000,289091.00000,5.19000,0.00000,0.00000,1.00000
-318446.61404,-531497.88863,131.23300,576692477.17041,10.85000,419891.00000,4.78000,0.00000,0.00000,1.00000
-318942.68764,-531724.42662,132.59000,576692477.21740,10.89000,575673.00000,4.32000,0.00000,0.00000,1.00000
-318646.09915,-532087.09781,126.10200,576692477.26439,11.02000,1623471.00000,4.00000,0.00000,0.00000,1.00000
-318742.95090,-532382.20992,124.91600,576692477.31139,11.32000,2100760.00000,6.69000,0.00000,0.00000,1.00000
-318922.97392,-532663.05321,125.76300,576692477.35838,11.97000,140676.00000,10.56000,0.00000,0.00000,1.00000
-317182.77023,-533273.61973,126.12300,576692477.40537,11.74000,292681.00000,7.46000,0.00000,0.00000,1.00000
-316875.31631,-533638.15431,126.56600,576692477.45237,11.65000,323174.00000,5.99000,0.00000,0.00000,1.00000
-316758.06198,-533970.01107,125.70200,576692477.49936,11.86000,86291.00000,8.54000,0.00000,0.00000,1.00000
-316345.00497,-534352.66176,125.98500,576692477.54635,12.10000,156966.00000,9.81000,0.00000,0.00000,1.00000
-316387.59023,-534657.08083,125.44700,576692477.59335,12.20000,111059.00000,10.58000,0.00000,0.00000,1.00000
-316481.51415,-534952.66754,124.75000,576692477.64034,12.66000,197099.00000,11.89000,0.00000,0.00000,1.00000
-317751.45761,-535046.38217,121.51000,576692477.68733,12.57000,1129289.00000,10.62000,0.00000,0.00000,1.00000
-316696.85693,-535539.14771,126.38400,576692477.73433,12.01000,761360.00000,5.74000,0.00000,0.00000,1.00000
-317152.41467,-535772.68081,126.45200,576692477.78132,11.74000,396196.00000,8.06000,0.00000,0.00000,1.00000
-318496.86113,-535853.64121,126.48100,576692477.82831,11.88000,145231.00000,9.84000,0.00000,0.00000,1.00000
-319404.45812,-536009.59621,128.72400,576692477.87531,11.77000,169780.00000,7.35000,0.00000,0.00000,1.00000
-319423.88639,-536318.00685,129.89400,576692477.92230,11.62000,307316.00000,7.27000,0.00000,0.00000,1.00000
-319277.68714,-536654.84663,129.49000,576692477.96929,11.52000,307565.00000,8.52000,0.00000,0.00000,1.00000
-317676.99515,-537241.30544,129.70800,576692478.01628,11.55000,170972.00000,7.73000,0.00000,0.00000,1.00000
-317130.08754,-537646.88342,129.16700,576692478.06328,11.27000,1649761.00000,5.70000,0.00000,0.00000,1.00000
-316664.19741,-538038.54657,134.54600,576692478.11027,11.25000,3415747.00000,5.41000,0.00000,0.00000,1.00000
-315770.12189,-538503.65996,138.86300,576692478.15726,11.10000,4022151.00000,4.63000,0.00000,0.00000,1.00000
-315552.29602,-538852.74927,139.25200,576692478.20425,11.05000,2968253.00000,4.17000,0.00000,0.00000,1.00000
-341900.40594,-519720.67036,141.92600,576811370.14285,12.35000,1674324.00000,7.12000,0.00000,0.00000,0.00000
-341313.84415,-520009.54866,141.29200,576811370.18987,12.18000,2269149.00000,6.85000,0.00000,0.00000,0.00000
-340998.71510,-519921.19915,141.70000,576811370.23689,12.06000,3327567.00000,5.70000,0.00000,0.00000,0.00000
-340786.91912,-519689.21367,142.26900,576811370.28392,11.89000,2698005.00000,5.20000,0.00000,0.00000,0.00000
-340383.45854,-519723.61768,142.78300,576811370.33094,12.01000,2424089.00000,5.64000,0.00000,0.00000,0.00000
-340174.25057,-519488.06427,143.30900,576811370.37796,12.36000,1592600.00000,7.23000,0.00000,0.00000,0.00000
-339896.43508,-519347.85887,143.25600,576811370.42498,12.66000,1227441.00000,7.21000,0.00000,0.00000,0.00000
-340021.70196,-518647.47634,142.80100,576811370.47201,12.61000,2307454.00000,9.16000,0.00000,0.00000,0.00000
-339436.00072,-518935.13953,143.10600,576811370.51903,12.83000,1387677.00000,10.69000,0.00000,0.00000,0.00000
-339136.32169,-518825.32055,143.86100,576811370.56605,13.01000,2144657.00000,9.32000,0.00000,0.00000,0.00000
-338650.09402,-518974.70718,144.77900,576811370.61307,12.52000,4117228.00000,7.83000,0.00000,0.00000,0.00000
-337834.09780,-519582.33705,148.65100,576811370.66010,12.94000,2099364.00000,10.19000,0.00000,0.00000,0.00000
-337599.16225,-519382.51427,149.60000,576811370.70712,12.77000,616906.00000,9.31000,0.00000,0.00000,0.00000
-337226.57315,-519373.97192,150.60900,576811370.75414,12.11000,399798.00000,9.17000,0.00000,0.00000,0.00000
-337318.41411,-518720.07832,148.80200,576811370.80116,11.52000,1139534.00000,7.47000,0.00000,0.00000,0.00000
-337917.15684,-517361.85395,140.72700,576811370.84819,11.24000,2505733.00000,6.06000,0.00000,0.00000,0.00000
-337496.54726,-517420.05592,141.30000,576811370.89521,11.03000,1008495.00000,6.59000,0.00000,0.00000,0.00000
-337322.09549,-517136.21637,139.49500,576811370.94223,10.95000,938359.00000,5.71000,0.00000,0.00000,0.00000
-336958.52607,-517115.16301,137.43500,576811370.98926,11.27000,988888.00000,6.44000,0.00000,0.00000,0.00000
-336590.23377,-517100.65681,133.89700,576811371.03628,10.83000,2216980.00000,5.13000,0.00000,0.00000,0.00000
-336443.23493,-516778.67246,130.59700,576811371.08330,10.61000,1959992.00000,5.36000,0.00000,0.00000,0.00000
-336185.60220,-516610.44018,129.29000,576811371.13032,10.66000,2718520.00000,4.69000,0.00000,0.00000,0.00000
-336148.82515,-516135.31040,132.26700,576811371.17735,10.66000,1946291.00000,5.18000,0.00000,0.00000,0.00000
-336017.71466,-515791.29131,129.91600,576811371.22437,10.27000,581440.00000,4.33000,0.00000,0.00000,0.00000
-336323.20022,-514840.67987,129.85000,576811371.27139,10.32000,1008202.00000,4.01000,0.00000,0.00000,0.00000
-336607.67309,-513919.27848,132.33400,576811371.31842,10.23000,762388.00000,3.66000,0.00000,0.00000,0.00000
-335266.26680,-515256.74776,123.89800,576811371.36544,10.20000,3855074.00000,2.75000,0.00000,0.00000,0.00000
-334819.07492,-515351.87198,120.70700,576811371.41246,10.43000,1154237.00000,3.39000,0.00000,0.00000,0.00000
-334651.94272,-515057.88932,118.30800,576811371.45949,10.74000,395514.00000,5.73000,0.00000,0.00000,0.00000
-334291.37602,-515032.63015,116.68600,576811371.50651,11.42000,287996.00000,8.40000,0.00000,0.00000,0.00000
-334001.58416,-514909.06414,116.36200,576811371.55353,11.41000,642065.00000,6.20000,0.00000,0.00000,0.00000
-333579.67916,-514969.00146,114.91700,576811371.60056,11.50000,813479.00000,7.30000,0.00000,0.00000,0.00000
-333168.92477,-515013.44569,114.71300,576811371.64758,11.44000,490517.00000,5.28000,0.00000,0.00000,0.00000
-332806.64185,-514990.55836,115.17300,576811371.69461,11.51000,1876896.00000,4.94000,0.00000,0.00000,0.00000
-332884.86963,-514355.75679,112.02400,576811371.74163,11.81000,1550548.00000,8.23000,0.00000,0.00000,0.00000
-332280.23805,-514669.49994,113.66300,576811371.78866,11.86000,655014.00000,6.56000,0.00000,0.00000,0.00000
-331954.83872,-514595.35655,114.65200,576811371.83568,12.04000,541683.00000,8.41000,0.00000,0.00000,0.00000
-331831.90584,-514239.99269,115.08300,576811371.88270,12.40000,392872.00000,8.18000,0.00000,0.00000,0.00000
-331929.44693,-513578.37730,114.70300,576811371.92973,12.61000,226871.00000,9.69000,0.00000,0.00000,0.00000
-331902.60499,-513089.55572,114.88600,576811371.97676,12.92000,136406.00000,11.17000,0.00000,0.00000,0.00000
-331617.11637,-512960.01117,115.15600,576811372.02378,12.82000,290492.00000,9.07000,0.00000,0.00000,0.00000
-331649.47030,-512388.96500,116.89900,576811372.07080,12.59000,457207.00000,6.73000,0.00000,0.00000,0.00000
-331842.25880,-511595.10683,120.03700,576811372.11783,12.34000,1025439.00000,6.70000,0.00000,0.00000,0.00000
-331683.75186,-511289.21324,121.01700,576811372.16485,12.47000,329807.00000,7.06000,0.00000,0.00000,0.00000
-331698.11099,-510743.22149,123.54700,576811372.21188,12.54000,551350.00000,5.86000,0.00000,0.00000,0.00000
-331661.85842,-510267.53529,126.07600,576811372.25890,12.46000,1406578.00000,5.53000,0.00000,0.00000,0.00000
-332029.24067,-509231.23992,132.16600,576811372.30592,12.39000,1540710.00000,6.25000,0.00000,0.00000,0.00000
-331922.65037,-508853.27567,134.58000,576811372.35295,12.21000,1213008.00000,5.73000,0.00000,0.00000,0.00000
-331087.70137,-509486.88757,131.03600,576811372.39997,12.16000,469836.00000,5.74000,0.00000,0.00000,0.00000
-330533.71317,-509730.27995,130.32300,576811372.44700,12.25000,1649873.00000,5.89000,0.00000,0.00000,0.00000
-330231.94444,-509623.35245,130.18900,576811372.49402,12.27000,1071885.00000,4.63000,0.00000,0.00000,0.00000
-329798.48935,-509699.32374,128.76200,576811372.54104,12.03000,2415378.00000,4.25000,0.00000,0.00000,0.00000
-327497.62257,-512368.54063,112.49200,576811372.58807,11.88000,470377.00000,3.89000,0.00000,0.00000,0.00000
-327105.75255,-512386.70022,113.38800,576811372.63509,11.86000,309608.00000,5.06000,0.00000,0.00000,0.00000
-329367.21847,-508720.28011,136.61800,576811372.68212,11.87000,635766.00000,4.18000,0.00000,0.00000,0.00000
-329122.09092,-508534.72061,136.73400,576811372.72914,11.82000,642695.00000,4.70000,0.00000,0.00000,0.00000
-328896.69323,-508321.74462,136.48700,576811372.77616,11.76000,559497.00000,6.73000,0.00000,0.00000,0.00000
-328637.41505,-508155.84551,137.06900,576811372.82319,11.60000,240442.00000,6.43000,0.00000,0.00000,0.00000
-328336.09392,-508048.31287,136.85400,576811372.87021,11.33000,123456.00000,8.01000,0.00000,0.00000,0.00000
-328421.72283,-507403.46474,139.60400,576811372.91724,11.19000,290623.00000,6.62000,0.00000,0.00000,0.00000
-328513.36208,-506750.28292,142.44900,576811372.96426,11.27000,554331.00000,5.74000,0.00000,0.00000,0.00000
-326074.14452,-507507.56333,130.77700,576811373.19938,11.19000,964296.00000,4.70000,0.00000,0.00000,0.00000
-323063.37364,-511161.71819,114.58600,576811373.24640,11.12000,459968.00000,2.93000,0.00000,0.00000,0.00000
-309294.38798,-502819.86412,126.19900,576865125.65960,9.80000,544442.00000,4.26000,0.00000,0.00000,1.00000
-306249.59262,-504540.72278,107.17200,576865125.84744,11.49000,223180.00000,8.05000,0.00000,0.00000,1.00000
-306996.95190,-504734.21259,109.16100,576865125.89440,11.42000,380823.00000,7.96000,0.00000,0.00000,1.00000
-305119.76331,-505339.46865,104.07900,576865125.94136,11.43000,266818.00000,9.46000,0.00000,0.00000,1.00000
-307123.99701,-505335.82168,107.94500,576865125.98832,11.13000,624737.00000,8.12000,0.00000,0.00000,1.00000
-307987.27256,-505511.16226,110.62000,576865126.03528,11.19000,292416.00000,9.75000,0.00000,0.00000,1.00000
-308165.24504,-505794.00886,111.13300,576865126.08224,10.98000,304628.00000,6.27000,0.00000,0.00000,1.00000
-308104.88584,-506114.24871,109.36700,576865126.12920,10.93000,150706.00000,7.75000,0.00000,0.00000,1.00000
-307857.62255,-506463.80686,107.01500,576865126.17616,10.99000,185038.00000,7.42000,0.00000,0.00000,1.00000
-307567.61765,-506820.07299,104.29600,576865126.22312,10.70000,244737.00000,7.61000,0.00000,0.00000,1.00000
-307291.36271,-507174.15779,101.70200,576865126.27009,10.46000,275593.00000,8.36000,0.00000,0.00000,1.00000
-306455.83302,-507615.94943,99.43200,576865126.31705,10.08000,635318.00000,5.75000,0.00000,0.00000,1.00000
-307003.97940,-507840.75297,100.71700,576865126.36401,9.90000,1600543.00000,5.11000,0.00000,0.00000,1.00000
-306675.54899,-508203.01850,101.30500,576865126.41097,9.65000,1476168.00000,5.54000,0.00000,0.00000,1.00000
-306535.46925,-508535.73335,101.53700,576865126.45793,9.61000,1126387.00000,5.90000,0.00000,0.00000,1.00000
-305652.10624,-508984.98575,101.98300,576865126.50489,9.86000,632321.00000,5.60000,0.00000,0.00000,1.00000
-304060.23779,-509545.26703,108.08500,576865126.55185,9.88000,534521.00000,3.57000,0.00000,0.00000,1.00000
-304385.96410,-509804.94423,109.02800,576865126.59881,9.92000,340462.00000,4.95000,0.00000,0.00000,1.00000
-308387.60614,-509488.41983,96.19200,576865126.64577,10.19000,791776.00000,4.19000,0.00000,0.00000,1.00000
-307799.78325,-509891.33019,97.32400,576865126.69273,10.55000,708694.00000,4.35000,0.00000,0.00000,1.00000
-303542.61925,-510869.32496,115.95200,576865126.73969,10.64000,444982.00000,5.42000,0.00000,0.00000,1.00000
-307441.32668,-510569.04174,104.03000,576865126.78665,10.74000,240702.00000,6.72000,0.00000,0.00000,1.00000
-306733.97424,-510990.66494,104.15400,576865126.83361,10.81000,297649.00000,5.77000,0.00000,0.00000,1.00000
-303736.63759,-511771.11474,116.91000,576865126.88057,10.55000,5980575.00000,4.06000,0.00000,0.00000,1.00000
-304977.31937,-511887.44574,109.54600,576865126.92753,10.91000,2185895.00000,7.89000,0.00000,0.00000,1.00000
-308483.41703,-511648.76859,108.92900,576865126.97449,10.77000,493270.00000,5.16000,0.00000,0.00000,1.00000
-308432.41004,-511967.53279,111.34400,576865127.02145,10.65000,3404657.00000,3.79000,0.00000,0.00000,1.00000
-305954.45387,-512666.55867,111.62300,576865127.06841,11.15000,648532.00000,6.31000,0.00000,0.00000,1.00000
-305857.80959,-512992.45266,114.00600,576865127.11537,11.35000,924087.00000,9.98000,0.00000,0.00000,1.00000
-306994.90288,-513125.04439,118.26300,576865127.16233,11.17000,230666.00000,9.64000,0.00000,0.00000,1.00000
-307262.65069,-513393.85026,121.17300,576865127.20929,10.82000,148573.00000,8.41000,0.00000,0.00000,1.00000
-307723.82446,-513632.35987,124.42700,576865127.25625,10.26000,123284.00000,8.73000,0.00000,0.00000,1.00000
-307475.74384,-513981.96372,127.79000,576865127.30320,9.06000,222768.00000,5.11000,0.00000,0.00000,1.00000
-306596.68344,-514430.41714,120.36500,576865127.35016,8.35000,562637.00000,2.39000,0.00000,0.00000,1.00000
-305537.22259,-514907.10182,134.59800,576865127.39712,8.21000,814470.00000,2.15000,0.00000,0.00000,1.00000
-309124.49291,-514655.99649,117.25300,576865127.44408,8.37000,1219713.00000,1.80000,0.00000,0.00000,1.00000
-306331.31755,-515404.21292,119.17300,576865127.49104,8.70000,3383230.00000,1.85000,0.00000,0.00000,1.00000
-306206.39344,-515734.52702,118.84600,576865127.53800,8.83000,1542318.00000,2.10000,0.00000,0.00000,1.00000
-305822.82211,-516105.32351,119.34800,576865127.58496,9.03000,801270.00000,2.73000,0.00000,0.00000,1.00000
-305421.14102,-516478.95778,119.97300,576865127.63192,9.36000,1734260.00000,3.05000,0.00000,0.00000,1.00000
-304129.09803,-516991.98521,127.80600,576865127.67888,9.64000,1285004.00000,2.93000,0.00000,0.00000,1.00000
-304878.58642,-517185.37310,125.38300,576865127.72583,9.81000,228605.00000,5.08000,0.00000,0.00000,1.00000
-306170.71768,-517293.82687,124.32500,576865127.77279,9.74000,1217577.00000,4.76000,0.00000,0.00000,1.00000
-306593.47564,-517538.37528,127.02900,576865127.81975,9.73000,2919294.00000,3.65000,0.00000,0.00000,1.00000
-306740.93517,-517826.03312,125.98500,576865127.86671,9.80000,691777.00000,3.50000,0.00000,0.00000,1.00000
-306744.22419,-518136.26643,125.00000,576865127.91367,10.10000,919040.00000,3.57000,0.00000,0.00000,1.00000
-306783.72857,-518440.81623,123.31900,576865127.96063,10.25000,4239511.00000,3.69000,0.00000,0.00000,1.00000
-306841.34862,-518742.54335,121.80700,576865128.00758,10.52000,446404.00000,4.76000,0.00000,0.00000,1.00000
-306931.56219,-519039.15924,121.04600,576865128.05454,10.71000,197997.00000,5.32000,0.00000,0.00000,1.00000
-306989.17424,-519340.88232,121.98300,576865128.10150,10.67000,204492.00000,5.51000,0.00000,0.00000,1.00000
-307033.74857,-519644.66024,123.51700,576865128.14846,10.69000,387194.00000,5.08000,0.00000,0.00000,1.00000
-306902.25809,-519975.96788,125.21500,576865128.19542,10.70000,284868.00000,6.03000,0.00000,0.00000,1.00000
-306620.07871,-520330.87044,126.55500,576865128.24237,10.58000,285790.00000,5.94000,0.00000,0.00000,1.00000
-306695.79304,-520629.76095,126.82300,576865128.28933,10.43000,307599.00000,5.07000,0.00000,0.00000,1.00000
-307372.11645,-520834.68498,126.62800,576865128.33629,10.65000,362943.00000,6.52000,0.00000,0.00000,1.00000
-307885.42373,-521065.11351,127.82500,576865128.38325,10.64000,225964.00000,5.63000,0.00000,0.00000,1.00000
-307906.06975,-521372.63376,130.13000,576865128.43021,10.39000,850062.00000,4.69000,0.00000,0.00000,1.00000
-307734.00101,-521710.30204,132.23200,576865128.47716,10.26000,242074.00000,4.31000,0.00000,0.00000,1.00000
-307517.00132,-522054.98155,134.66000,576865128.52412,10.20000,488976.00000,3.53000,0.00000,0.00000,1.00000
-307263.05953,-522405.44856,137.19800,576865128.57108,10.15000,418094.00000,3.60000,0.00000,0.00000,1.00000
-306938.11145,-522767.01465,138.37300,576865128.61803,10.03000,320714.00000,3.25000,0.00000,0.00000,1.00000
-306679.08858,-523118.25630,140.31100,576865128.66499,9.98000,1315473.00000,2.64000,0.00000,0.00000,1.00000
-306620.75307,-523438.11857,141.69000,576865128.71195,10.02000,3720336.00000,2.68000,0.00000,0.00000,1.00000
-306697.88905,-523736.78229,141.33100,576865128.75890,10.03000,3950721.00000,2.24000,0.00000,0.00000,1.00000
-306827.19249,-524027.30267,138.97100,576865128.80586,10.01000,4741838.00000,2.02000,0.00000,0.00000,1.00000
-306975.32854,-524314.87210,136.47500,576865128.85282,10.15000,5531160.00000,2.57000,0.00000,0.00000,1.00000
-307086.51391,-524608.22354,136.08400,576865128.89978,10.32000,4112441.00000,2.78000,0.00000,0.00000,1.00000
-307288.25650,-524887.40361,136.08500,576865128.94673,10.37000,957017.00000,3.56000,0.00000,0.00000,1.00000
-307555.21377,-525156.41059,135.21200,576865128.99369,10.35000,1822113.00000,3.08000,0.00000,0.00000,1.00000
-307804.77847,-525428.13172,133.70700,576865129.04065,10.34000,3188463.00000,2.80000,0.00000,0.00000,1.00000
-308060.13741,-525698.94622,131.34400,576865129.08760,10.62000,1070719.00000,3.47000,0.00000,0.00000,1.00000
-308202.47362,-525987.44067,129.46700,576865129.13456,10.80000,292437.00000,4.36000,0.00000,0.00000,1.00000
-308144.83704,-526307.19911,127.97800,576865129.18152,10.82000,268453.00000,6.52000,0.00000,0.00000,1.00000
-308146.60546,-526617.66658,128.09300,576865129.22847,10.99000,228801.00000,8.45000,0.00000,0.00000,1.00000
-307946.95119,-526959.61799,128.67900,576865129.27543,11.09000,215092.00000,7.17000,0.00000,0.00000,1.00000
-307771.93097,-527297.72223,128.97200,576865129.32239,11.10000,215923.00000,5.81000,0.00000,0.00000,1.00000
-307718.62475,-527616.78741,129.29500,576865129.36935,10.95000,309442.00000,5.90000,0.00000,0.00000,1.00000
-307748.64218,-527922.84127,129.30200,576865129.41630,10.90000,245648.00000,5.07000,0.00000,0.00000,1.00000
-307764.88716,-528231.04087,128.34900,576865129.46326,11.08000,167722.00000,7.18000,0.00000,0.00000,1.00000
-307571.73879,-528571.96511,128.42300,576865129.51022,11.08000,103787.00000,7.45000,0.00000,0.00000,1.00000
-307505.38203,-528893.07391,129.08400,576865129.55717,10.82000,117560.00000,7.85000,0.00000,0.00000,1.00000
-307637.54534,-529183.15511,128.98100,576865129.60413,10.85000,201259.00000,7.32000,0.00000,0.00000,1.00000
-307686.38847,-529486.26483,128.85600,576865129.65109,10.88000,215883.00000,7.65000,0.00000,0.00000,1.00000
-307993.17654,-529749.08775,128.18600,576865129.69805,10.95000,147171.00000,6.53000,0.00000,0.00000,1.00000
-308299.22620,-530012.00565,128.63200,576865129.74500,10.80000,147705.00000,6.06000,0.00000,0.00000,1.00000
-308477.76303,-530294.86675,129.55900,576865129.79196,11.16000,229760.00000,8.47000,0.00000,0.00000,1.00000
-308083.89224,-530667.13894,130.25200,576865129.83892,11.64000,86698.00000,12.52000,0.00000,0.00000,1.00000
-307127.76274,-531127.23178,133.43400,576865129.88587,11.32000,668360.00000,7.42000,0.00000,0.00000,1.00000
-307817.81887,-531330.17768,131.59900,576865129.93283,10.80000,3994815.00000,4.93000,0.00000,0.00000,1.00000
-306579.83911,-531834.27128,138.79700,576865129.97979,10.59000,694239.00000,4.81000,0.00000,0.00000,1.00000
-306638.79725,-532135.78251,138.10700,576865130.02674,10.77000,450526.00000,4.20000,0.00000,0.00000,1.00000
-306427.49881,-532479.51162,137.95200,576865130.07370,10.97000,1416741.00000,4.53000,0.00000,0.00000,1.00000
-306611.07792,-532761.56650,136.90000,576865130.12065,11.02000,581106.00000,4.68000,0.00000,0.00000,1.00000
-307175.05895,-532984.23183,136.23100,576865130.16761,10.86000,401939.00000,4.22000,0.00000,0.00000,1.00000
-307479.64827,-533247.40075,137.68700,576865130.21457,10.64000,460995.00000,3.78000,0.00000,0.00000,1.00000
-307627.72952,-533535.01246,139.35200,576865130.26152,10.61000,574504.00000,3.40000,0.00000,0.00000,1.00000
-307915.64493,-533800.78255,140.87900,576865130.30848,10.36000,231899.00000,3.83000,0.00000,0.00000,1.00000
-308416.58468,-534033.31140,141.39500,576865130.35543,10.03000,108302.00000,5.66000,0.00000,0.00000,1.00000
-309121.85598,-534233.94946,142.55200,576865130.40239,9.95000,144899.00000,5.27000,0.00000,0.00000,1.00000
-309335.86222,-534511.27831,145.39800,576865130.44934,9.78000,353402.00000,3.89000,0.00000,0.00000,1.00000
-309350.61201,-534819.72043,147.20000,576865130.49630,9.85000,403817.00000,4.94000,0.00000,0.00000,1.00000
-309328.40348,-535133.92931,147.82200,576865130.54325,9.97000,335006.00000,4.96000,0.00000,0.00000,1.00000
-309447.48280,-535426.07771,148.32500,576865130.59021,9.94000,227040.00000,7.26000,0.00000,0.00000,1.00000
-310454.17045,-535579.69202,149.16900,576865130.63716,9.98000,157176.00000,9.92000,0.00000,0.00000,1.00000
-310844.97081,-535829.45410,150.60400,576865130.68412,10.05000,191331.00000,6.07000,0.00000,0.00000,1.00000
-310381.48245,-536212.53228,150.84300,576865130.73107,9.95000,398745.00000,4.31000,0.00000,0.00000,1.00000
-310016.53594,-536580.22893,151.30200,576865130.77803,9.85000,2330461.00000,4.29000,0.00000,0.00000,1.00000
-309963.15354,-536899.29894,151.84100,576865130.82498,9.87000,2954628.00000,3.14000,0.00000,0.00000,1.00000
-309998.17868,-537204.58908,151.74200,576865130.87194,9.89000,2590610.00000,3.65000,0.00000,0.00000,1.00000
-310370.84946,-537457.18056,152.22200,576865130.91889,9.71000,1145598.00000,4.30000,0.00000,0.00000,1.00000
-311010.89815,-537668.07176,154.06900,576865130.96585,9.67000,1914416.00000,3.50000,0.00000,0.00000,1.00000
-336438.02649,-529129.46518,152.39400,576984023.01272,11.36000,158097.00000,9.50000,0.00000,0.00000,0.00000
-336237.33348,-528884.40994,152.45500,576984023.05971,11.52000,164249.00000,7.98000,0.00000,0.00000,0.00000
-336076.02562,-528586.34657,151.61800,576984023.10670,11.34000,160834.00000,9.27000,0.00000,0.00000,0.00000
-335903.77640,-528302.99711,150.84200,576984023.15369,11.58000,577696.00000,10.82000,0.00000,0.00000,0.00000
-335717.52823,-528038.50022,151.90600,576984023.20068,11.72000,313131.00000,8.21000,0.00000,0.00000,0.00000
-335560.60473,-527734.54094,152.85100,576984023.24767,11.11000,191715.00000,7.50000,0.00000,0.00000,0.00000
-335688.54470,-527047.11466,152.90300,576984023.29465,10.65000,429899.00000,8.60000,0.00000,0.00000,0.00000
-336006.39560,-526104.05112,153.87900,576984023.34164,10.62000,606661.00000,9.47000,0.00000,0.00000,0.00000
-335515.61165,-526249.52598,153.30100,576984023.38863,10.13000,1642813.00000,7.20000,0.00000,0.00000,0.00000
-334917.19137,-526539.91287,153.20200,576984023.43562,9.49000,1632328.00000,6.79000,0.00000,0.00000,0.00000
-334769.03613,-526224.17731,153.87800,576984023.48261,9.19000,2231245.00000,4.22000,0.00000,0.00000,0.00000
-334591.12595,-525948.48858,154.08900,576984023.52959,8.97000,4584210.00000,3.67000,0.00000,0.00000,0.00000
-334332.26236,-525781.76638,153.68800,576984023.57658,8.76000,2737597.00000,4.50000,0.00000,0.00000,0.00000
-334177.99040,-525474.28092,153.62400,576984023.62357,8.69000,1849677.00000,4.26000,0.00000,0.00000,0.00000
-333592.24079,-525747.54414,152.98600,576984023.67056,8.58000,2119509.00000,3.70000,0.00000,0.00000,0.00000
-332886.14407,-526182.77784,152.73000,576984023.71755,8.43000,2721668.00000,3.41000,0.00000,0.00000,0.00000
-332543.26009,-526129.13291,153.08500,576984023.76454,8.33000,6393375.00000,2.41000,0.00000,0.00000,0.00000
-331392.92639,-527162.19746,143.78500,576984023.81153,8.42000,4153108.00000,2.38000,0.00000,0.00000,0.00000
-331114.36433,-527021.96298,142.63100,576984023.85852,8.49000,4560068.00000,2.33000,0.00000,0.00000,0.00000
-329629.16902,-528505.60361,142.31800,576984023.90550,8.54000,1706213.00000,2.24000,0.00000,0.00000,0.00000
-331284.58312,-525762.59709,125.95800,576984023.95249,8.66000,1739589.00000,2.37000,0.00000,0.00000,0.00000
-331768.85819,-524595.74187,124.62500,576984023.99948,8.88000,1363915.00000,2.29000,0.00000,0.00000,0.00000
-330235.56078,-526144.13034,131.21600,576984024.04647,8.90000,5104059.00000,1.85000,0.00000,0.00000,0.00000
-329946.94273,-526017.42685,131.55400,576984024.09346,8.99000,4331614.00000,2.11000,0.00000,0.00000,0.00000
-329881.09670,-525590.93372,130.49500,576984024.14045,9.16000,2383196.00000,2.97000,0.00000,0.00000,0.00000
-329828.81867,-525146.18077,128.64200,576984024.18744,9.33000,1376602.00000,2.84000,0.00000,0.00000,0.00000
-329618.54957,-524914.05517,127.26000,576984024.23443,9.39000,1871277.00000,2.54000,0.00000,0.00000,0.00000
-329741.35362,-524233.72692,124.48700,576984024.28142,9.47000,1235349.00000,3.26000,0.00000,0.00000,0.00000
-329115.29037,-524561.10555,125.33100,576984024.32841,9.34000,1602279.00000,2.88000,0.00000,0.00000,0.00000
-328767.61643,-524513.87616,137.21800,576984024.37540,9.51000,4977150.00000,2.41000,0.00000,0.00000,0.00000
-328483.35479,-524381.30141,123.80300,576984024.42239,9.65000,1751598.00000,2.88000,0.00000,0.00000,0.00000
-328200.89087,-524246.30004,134.96300,576984024.46938,9.82000,3032398.00000,3.03000,0.00000,0.00000,0.00000
-328187.57190,-523749.16845,121.72100,576984024.51637,10.03000,2152636.00000,3.26000,0.00000,0.00000,0.00000
-327564.14622,-524072.95080,133.88500,576984024.56336,10.17000,3760577.00000,3.10000,0.00000,0.00000,0.00000
-327273.34602,-523949.16348,133.83200,576984024.61035,10.24000,2826635.00000,2.97000,0.00000,0.00000,0.00000
-326965.47266,-523848.34731,132.38300,576984024.65734,10.38000,3941279.00000,3.65000,0.00000,0.00000,0.00000
-327033.58567,-523241.66341,123.35100,576984024.70433,10.49000,2721215.00000,3.43000,0.00000,0.00000,0.00000
-326395.26654,-523585.46161,131.15000,576984024.75132,10.56000,1176859.00000,3.30000,0.00000,0.00000,0.00000
-326257.22118,-523256.15189,124.92100,576984024.79831,10.65000,6089269.00000,4.05000,0.00000,0.00000,0.00000
-325825.93030,-523321.38641,128.92100,576984024.84530,10.77000,516056.00000,4.50000,0.00000,0.00000,0.00000
-325562.71482,-523160.49131,128.05600,576984024.89229,10.89000,1645927.00000,4.57000,0.00000,0.00000,0.00000
-325381.78853,-522888.87670,126.14900,576984024.93928,11.00000,674412.00000,5.48000,0.00000,0.00000,0.00000
-325269.59108,-522524.80591,124.06000,576984024.98627,11.01000,640223.00000,7.15000,0.00000,0.00000,0.00000
-325020.39047,-522345.05911,123.65900,576984025.03326,11.15000,463218.00000,6.78000,0.00000,0.00000,0.00000
-324928.77299,-521953.30245,122.33900,576984025.08026,11.28000,485191.00000,6.97000,0.00000,0.00000,0.00000
-324891.00440,-521489.12056,120.36700,576984025.12725,11.28000,551108.00000,6.98000,0.00000,0.00000,0.00000
-324701.78573,-521228.70080,119.70200,576984025.17424,11.46000,521475.00000,7.38000,0.00000,0.00000,0.00000
-324487.17777,-521002.42944,119.16700,576984025.22123,11.75000,716869.00000,7.05000,0.00000,0.00000,0.00000
-324125.91834,-520973.43781,115.95300,576984025.26822,11.75000,3602237.00000,5.68000,0.00000,0.00000,0.00000
-324060.59172,-520546.35655,115.65100,576984025.31521,11.93000,1542575.00000,7.35000,0.00000,0.00000,0.00000
-323801.78033,-520379.55241,117.48000,576984025.36220,11.96000,1218726.00000,7.31000,0.00000,0.00000,0.00000
-323543.84231,-520211.56971,117.71000,576984025.40919,11.94000,445774.00000,7.30000,0.00000,0.00000,0.00000
-323320.92647,-519996.48030,116.74000,576984025.45618,11.90000,177755.00000,9.18000,0.00000,0.00000,0.00000
-323259.55854,-519564.10937,116.48200,576984025.50317,11.80000,399234.00000,8.36000,0.00000,0.00000,0.00000
-323530.45711,-518684.79615,115.50800,576984025.55016,11.72000,359245.00000,7.33000,0.00000,0.00000,0.00000
-323438.88399,-518293.05056,114.94900,576984025.59716,11.77000,273807.00000,6.67000,0.00000,0.00000,0.00000
-323146.81880,-518171.00722,114.43200,576984025.64415,11.97000,327441.00000,7.98000,0.00000,0.00000,0.00000
-322634.54724,-518345.13892,114.40000,576984025.69114,11.98000,372288.00000,9.52000,0.00000,0.00000,0.00000
-322120.08441,-518522.21209,114.60900,576984025.73813,11.89000,289685.00000,9.88000,0.00000,0.00000,0.00000
-321623.56758,-518675.13480,115.14400,576984025.78512,12.09000,502467.00000,8.47000,0.00000,0.00000,0.00000
-321359.51709,-518515.38455,114.67300,576984025.83211,12.11000,591887.00000,11.40000,0.00000,0.00000,0.00000
-321106.85169,-518340.31997,115.03900,576984025.87910,12.05000,544806.00000,9.33000,0.00000,0.00000,0.00000
-321061.70638,-517886.16019,113.36500,576984025.92609,12.01000,297757.00000,9.72000,0.00000,0.00000,0.00000
-321016.12850,-517432.58959,112.42400,576984025.97308,12.23000,350365.00000,10.69000,0.00000,0.00000,0.00000
-320857.16521,-517131.52570,112.19400,576984026.02008,12.31000,539870.00000,9.93000,0.00000,0.00000,0.00000
-320998.98769,-516425.96220,111.85000,576984026.06707,12.37000,137373.00000,10.10000,0.00000,0.00000,0.00000
-321259.88993,-515560.24130,112.98000,576984026.11406,12.24000,305578.00000,7.91000,0.00000,0.00000,0.00000
-321246.73380,-515063.12087,113.69100,576984026.16105,12.26000,583422.00000,7.34000,0.00000,0.00000,0.00000
-320867.56534,-515058.22106,112.93600,576984026.20804,12.28000,393790.00000,7.88000,0.00000,0.00000,0.00000
-320155.64749,-515500.78818,112.56800,576984026.25503,12.04000,433846.00000,7.36000,0.00000,0.00000,0.00000
-319707.74449,-515588.32856,112.51400,576984026.30202,12.06000,763478.00000,9.13000,0.00000,0.00000,0.00000
-319402.12336,-515484.49279,112.75500,576984026.34901,12.06000,2813675.00000,7.87000,0.00000,0.00000,0.00000
-319239.68393,-515188.14282,113.21100,576984026.39600,11.92000,2869746.00000,5.58000,0.00000,0.00000,0.00000
-318707.70329,-515388.70783,108.28300,576984026.44299,11.80000,485489.00000,4.47000,0.00000,0.00000,0.00000
-318110.04123,-515677.57581,108.25300,576984026.48998,11.64000,714727.00000,4.84000,0.00000,0.00000,0.00000
-317836.38621,-515530.75602,107.57000,576984026.53698,11.49000,1052351.00000,5.13000,0.00000,0.00000,0.00000
-318137.20150,-514611.48705,106.49800,576984026.58397,11.40000,797473.00000,5.05000,0.00000,0.00000,0.00000
-318279.52611,-513905.36451,106.15300,576984026.63096,11.29000,732281.00000,4.46000,0.00000,0.00000,0.00000
-318021.20259,-513737.93345,117.55300,576984026.67795,11.08000,1542928.00000,4.19000,0.00000,0.00000,0.00000
-317644.66786,-513729.46539,115.82600,576984026.72494,10.90000,2989080.00000,3.44000,0.00000,0.00000,0.00000
-317133.71172,-513901.74274,113.75100,576984026.77193,11.06000,1930926.00000,3.92000,0.00000,0.00000,0.00000
-317489.72378,-512908.32720,112.40800,576984026.81892,11.11000,2928291.00000,4.02000,0.00000,0.00000,0.00000
-317354.89280,-512574.88565,117.52100,576984026.86591,11.08000,3736402.00000,4.27000,0.00000,0.00000,0.00000
-316403.44109,-513339.39977,109.43500,576984026.91290,11.15000,3613653.00000,4.40000,0.00000,0.00000,0.00000
-316067.18403,-513276.74542,109.25300,576984026.95990,11.17000,2347892.00000,5.59000,0.00000,0.00000,0.00000
-315585.99673,-513408.96702,108.97200,576984027.00689,11.24000,3218900.00000,4.54000,0.00000,0.00000,0.00000
-316517.86694,-511641.42935,114.00400,576984027.05388,11.44000,3157455.00000,5.76000,0.00000,0.00000,0.00000
-315750.30751,-512158.64706,111.54000,576984027.10087,11.71000,2918273.00000,7.39000,0.00000,0.00000,0.00000
-315322.11153,-512219.62543,111.83700,576984027.14786,11.78000,1685505.00000,6.18000,0.00000,0.00000,0.00000
-314938.13387,-512221.13047,111.07400,576984027.19485,11.92000,1726054.00000,5.49000,0.00000,0.00000,0.00000
-314741.58562,-511970.68758,109.86500,576984027.24184,12.31000,1209496.00000,6.69000,0.00000,0.00000,0.00000
-314585.32335,-511666.07695,109.20100,576984027.28883,12.56000,670350.00000,9.52000,0.00000,0.00000,0.00000
-314642.32411,-511074.78015,109.18400,576984027.33582,12.49000,228312.00000,10.45000,0.00000,0.00000,0.00000
-314683.56407,-510504.67980,110.54200,576984027.38281,12.19000,548329.00000,8.12000,0.00000,0.00000,0.00000
-314293.91434,-510513.84633,111.78100,576984027.42981,11.86000,488412.00000,6.63000,0.00000,0.00000,0.00000
-313912.13352,-510512.39215,114.60200,576984027.47680,11.64000,1479153.00000,6.21000,0.00000,0.00000,0.00000
-313093.76167,-511097.83869,117.32700,576984027.52379,11.43000,8752498.00000,4.88000,0.00000,0.00000,0.00000
-312542.94180,-511323.58457,120.53500,576984027.57078,11.31000,4582283.00000,6.07000,0.00000,0.00000,0.00000
-314349.03072,-508381.24844,113.12400,576984027.61777,11.39000,4383324.00000,5.30000,0.00000,0.00000,0.00000
-311420.70315,-511802.74444,118.90600,576984027.66476,11.60000,2790646.00000,5.50000,0.00000,0.00000,0.00000
-312645.71235,-509641.57296,109.99400,576984027.71175,11.84000,2666191.00000,6.92000,0.00000,0.00000,0.00000
-312080.44522,-509886.74843,108.09000,576984027.75874,11.99000,699842.00000,9.55000,0.00000,0.00000,0.00000
-311589.18453,-510032.43915,107.27100,576984027.80573,12.10000,1601173.00000,9.15000,0.00000,0.00000,0.00000
-310564.92825,-510894.47164,111.24400,576984027.85272,12.45000,398844.00000,9.35000,0.00000,0.00000,0.00000
-310634.68043,-510286.11479,109.85000,576984027.89972,12.46000,160793.00000,8.57000,0.00000,0.00000,0.00000
-310774.51114,-509583.58555,108.15100,576984027.94671,11.86000,394340.00000,7.57000,0.00000,0.00000,0.00000
-310557.41681,-509360.79211,107.35900,576984027.99370,11.41000,903407.00000,6.11000,0.00000,0.00000,0.00000
-310082.78902,-509484.08415,107.15000,576984028.04069,11.12000,1610929.00000,5.13000,0.00000,0.00000,0.00000
-309747.44143,-509420.20892,105.11200,576984028.08768,10.95000,3522939.00000,4.66000,0.00000,0.00000,0.00000
-309469.02430,-509279.80248,103.41200,576984028.13467,10.88000,1530392.00000,3.79000,0.00000,0.00000,0.00000
-309029.43095,-509356.01011,99.86100,576984028.18166,10.90000,1367161.00000,4.55000,0.00000,0.00000,0.00000
-308465.44321,-509599.36833,98.83100,576984028.22865,10.89000,390040.00000,4.41000,0.00000,0.00000,0.00000
-307714.41515,-510094.03948,98.99900,576984028.27564,10.91000,277135.00000,4.81000,0.00000,0.00000,0.00000
-307373.80060,-510037.21026,97.51800,576984028.32263,10.76000,218277.00000,4.44000,0.00000,0.00000,0.00000
-307178.60568,-509784.95318,96.40300,576984028.36962,10.67000,349116.00000,4.65000,0.00000,0.00000,0.00000
-311315.09453,-503711.74022,134.95900,576984028.41662,10.53000,616341.00000,4.22000,0.00000,0.00000,0.00000
-311059.50043,-503540.75444,134.77400,576984028.46361,10.48000,358944.00000,3.98000,0.00000,0.00000,0.00000
-306974.57981,-508515.50796,101.16500,576984028.51060,10.76000,1119108.00000,4.14000,0.00000,0.00000,0.00000
-306708.88113,-508358.01519,100.84800,576984028.55759,10.90000,277025.00000,5.43000,0.00000,0.00000,0.00000
-310329.08420,-502978.91878,132.69700,576984028.60458,10.84000,297955.00000,5.56000,0.00000,0.00000,0.00000
-310082.69328,-502795.55669,131.94200,576984028.65157,10.66000,577026.00000,4.83000,0.00000,0.00000,0.00000
-306205.71417,-507490.59972,100.74400,576984028.69856,10.63000,687585.00000,5.03000,0.00000,0.00000,0.00000
-306158.60199,-507039.41563,100.65200,576984028.74555,10.01000,716193.00000,5.54000,0.00000,0.00000,0.00000
-305787.34924,-507023.74509,102.93000,576984028.79254,9.25000,872370.00000,4.76000,0.00000,0.00000,0.00000
-305838.36629,-506440.72491,105.15000,576984028.83953,8.11000,3875354.00000,3.94000,0.00000,0.00000,0.00000
-304975.63387,-507085.39190,104.72000,576984028.88653,7.28000,1874366.00000,4.35000,0.00000,0.00000,0.00000
-304639.86341,-507022.03607,106.88100,576984028.93352,7.16000,1682414.00000,4.74000,0.00000,0.00000,0.00000
-304990.07644,-506037.07316,105.21600,576984028.98051,7.37000,385354.00000,4.72000,0.00000,0.00000,0.00000
-304659.12700,-505967.24343,106.51500,576984029.02750,7.95000,1760425.00000,4.07000,0.00000,0.00000,0.00000
-304562.97801,-505581.98163,106.36300,576984029.07449,8.83000,258549.00000,5.61000,0.00000,0.00000,0.00000
-304122.95751,-505658.69423,106.28800,576984029.12148,9.70000,567505.00000,5.87000,0.00000,0.00000,0.00000
-303625.98622,-505811.90364,106.80600,576984029.16847,10.20000,1609998.00000,4.50000,0.00000,0.00000,0.00000
-303305.99876,-505727.35565,108.99100,576984029.21546,10.57000,703854.00000,5.19000,0.00000,0.00000,0.00000
-298148.56319,-509018.25996,106.97300,577037779.33587,11.73000,384890.00000,10.23000,0.00000,0.00000,1.00000
-298306.84078,-509305.72508,106.23000,577037779.38279,11.34000,1010292.00000,9.22000,0.00000,0.00000,1.00000
-297623.43764,-509712.07046,104.51100,577037779.42971,11.04000,455239.00000,9.68000,0.00000,0.00000,1.00000
-297943.51516,-509976.68449,104.49200,577037779.47663,10.70000,1108793.00000,6.32000,0.00000,0.00000,1.00000
-296859.58453,-510439.58509,101.89300,577037779.52355,11.06000,478124.00000,5.90000,0.00000,0.00000,1.00000
-298353.65981,-510538.39220,102.17500,577037779.57047,11.43000,604316.00000,8.01000,0.00000,0.00000,1.00000
-299829.59667,-510639.77644,107.06200,577037779.61739,11.38000,1572720.00000,6.54000,0.00000,0.00000,1.00000
-298766.67848,-511099.70066,106.59600,577037779.66431,11.33000,2402910.00000,7.10000,0.00000,0.00000,1.00000
-299976.31598,-511238.70814,111.89800,577037779.71123,11.36000,2028220.00000,6.71000,0.00000,0.00000,1.00000
-300120.79342,-511528.13768,112.15800,577037779.75815,11.21000,4151317.00000,5.82000,0.00000,0.00000,1.00000
-299324.90040,-511950.34812,109.21800,577037779.80507,11.01000,4987928.00000,4.93000,0.00000,0.00000,1.00000
-299427.28682,-512245.71582,109.01400,577037779.85198,11.20000,2218719.00000,6.46000,0.00000,0.00000,1.00000
-298388.30936,-512702.22251,104.72900,577037779.89890,11.21000,1121194.00000,8.82000,0.00000,0.00000,1.00000
-298686.60269,-512969.93945,106.10600,577037779.94582,11.07000,1136653.00000,7.20000,0.00000,0.00000,1.00000
-298861.53339,-513255.05205,106.18600,577037779.99274,11.17000,554374.00000,7.32000,0.00000,0.00000,1.00000
-299197.55461,-513517.44490,107.22800,577037780.03966,11.20000,754800.00000,8.68000,0.00000,0.00000,1.00000
-299839.78015,-513736.62831,110.52000,577037780.08658,11.10000,559218.00000,7.34000,0.00000,0.00000,1.00000
-299265.15876,-514127.55269,109.20900,577037780.13350,11.35000,325915.00000,8.17000,0.00000,0.00000,1.00000
-298208.01131,-514586.57785,106.76200,577037780.18042,11.53000,299612.00000,9.14000,0.00000,0.00000,1.00000
-297772.69465,-514957.81189,105.83700,577037780.22734,11.64000,477217.00000,7.39000,0.00000,0.00000,1.00000
-298285.03179,-515195.33387,103.44800,577037780.27426,12.11000,1555774.00000,7.24000,0.00000,0.00000,1.00000
-298795.91491,-515433.05574,103.46400,577037780.32117,11.99000,2519699.00000,6.95000,0.00000,0.00000,1.00000
-299085.48192,-515702.02066,105.63300,577037780.36809,11.96000,822121.00000,7.08000,0.00000,0.00000,1.00000
-299770.50979,-515915.19683,109.78700,577037780.41501,11.70000,624210.00000,6.90000,0.00000,0.00000,1.00000
-299504.24611,-516262.58791,112.39200,577037780.46193,11.37000,1048930.00000,7.52000,0.00000,0.00000,1.00000
-299944.00701,-516510.37037,115.27900,577037780.50885,11.19000,904891.00000,6.39000,0.00000,0.00000,1.00000
-298975.33899,-516956.82988,115.10700,577037780.55577,10.77000,3133878.00000,5.29000,0.00000,0.00000,1.00000
-298875.23597,-517280.76351,116.85300,577037780.60268,10.57000,778669.00000,7.04000,0.00000,0.00000,1.00000
-296971.96850,-517859.00795,113.91400,577037780.64960,10.25000,1576439.00000,7.85000,0.00000,0.00000,1.00000
-295665.88431,-518352.98589,117.67200,577037780.69652,9.88000,292546.00000,5.46000,0.00000,0.00000,1.00000
-299206.24837,-518783.14575,127.48600,577037780.83727,10.14000,2697829.00000,5.53000,0.00000,0.00000,1.00000
-298474.11891,-519196.18223,126.00700,577037780.88419,10.37000,236067.00000,6.81000,0.00000,0.00000,1.00000
-296570.11562,-519774.42074,128.57100,577037780.93110,10.53000,135771.00000,8.91000,0.00000,0.00000,1.00000
-296990.27573,-520644.56763,129.27400,577037781.07186,10.00000,179259.00000,6.35000,0.00000,0.00000,1.00000
-297543.93186,-520876.32566,128.71300,577037781.11877,10.04000,830471.00000,5.84000,0.00000,0.00000,1.00000
-297355.26334,-521212.70378,127.56500,577037781.16569,10.14000,919777.00000,3.76000,0.00000,0.00000,1.00000
-297047.59942,-521565.86506,126.69300,577037781.21260,10.45000,157306.00000,5.25000,0.00000,0.00000,1.00000
-296953.98425,-521888.84655,126.01400,577037781.25952,10.69000,136576.00000,6.62000,0.00000,0.00000,1.00000
-297496.75268,-522122.15402,125.39500,577037781.30644,10.58000,108041.00000,7.81000,0.00000,0.00000,1.00000
-297976.39014,-522364.35738,125.86000,577037781.35336,10.39000,186708.00000,6.49000,0.00000,0.00000,1.00000
-298006.13093,-522669.95985,126.23300,577037781.40027,10.46000,246507.00000,5.46000,0.00000,0.00000,1.00000
-298042.40681,-522974.65373,125.71900,577037781.44719,10.62000,272348.00000,5.96000,0.00000,0.00000,1.00000
-298343.53487,-523242.02475,125.48400,577037781.49410,10.86000,180590.00000,5.49000,0.00000,0.00000,1.00000
-298824.61526,-523484.03443,125.51500,577037781.54102,10.96000,153860.00000,6.96000,0.00000,0.00000,1.00000
-299238.94198,-523735.46237,126.73400,577037781.58793,10.86000,128175.00000,5.91000,0.00000,0.00000,1.00000
-299420.34117,-524019.72605,127.10500,577037781.63485,10.87000,105475.00000,6.66000,0.00000,0.00000,1.00000
-299453.69727,-524324.82773,127.81700,577037781.68177,10.89000,337282.00000,5.96000,0.00000,0.00000,1.00000
-331826.00965,-535344.17483,144.70100,577156675.98964,9.66000,2396000.00000,2.64000,0.00000,0.00000,0.00000
-331903.16622,-534738.93348,163.61700,577156676.03659,9.65000,1809343.00000,2.22000,0.00000,0.00000,0.00000
-331644.34822,-534571.92388,161.92400,577156676.08354,9.75000,1838374.00000,2.84000,0.00000,0.00000,0.00000
-331432.82720,-534343.22665,160.30500,577156676.13049,9.85000,1421896.00000,2.59000,0.00000,0.00000,0.00000
-331264.13809,-534058.64778,158.80600,577156676.17744,9.88000,1006162.00000,3.34000,0.00000,0.00000,0.00000
-331140.08177,-533715.88843,157.47400,577156676.22439,9.92000,1457841.00000,3.55000,0.00000,0.00000,0.00000
-330996.82999,-533398.13248,156.44200,577156676.27134,10.04000,6443126.00000,2.67000,0.00000,0.00000,0.00000
-330827.70787,-533114.14429,156.13000,577156676.31829,10.15000,4799980.00000,2.25000,0.00000,0.00000,0.00000
-330634.49866,-532861.57526,151.59200,577156676.36524,10.18000,2925184.00000,2.39000,0.00000,0.00000,0.00000
-330402.46682,-532659.63359,148.53000,577156676.41219,10.30000,4290869.00000,2.05000,0.00000,0.00000,0.00000
-330115.55323,-532529.27763,146.50800,577156676.45914,10.61000,3416832.00000,2.04000,0.00000,0.00000,0.00000
-329860.30994,-532357.60218,151.50800,577156676.50609,10.66000,4920936.00000,2.37000,0.00000,0.00000,0.00000
-327385.44520,-535080.59138,129.54900,577156676.55304,10.82000,1646682.00000,2.63000,0.00000,0.00000,0.00000
-329376.63324,-531979.33637,148.99700,577156676.59999,10.90000,4567613.00000,2.70000,0.00000,0.00000,0.00000
-326668.77090,-535006.06556,127.26400,577156676.64694,10.93000,1261303.00000,2.50000,0.00000,0.00000,0.00000
-326336.31584,-534935.03865,126.69400,577156676.69389,11.02000,1062800.00000,2.84000,0.00000,0.00000,0.00000
-325927.99237,-534962.93512,126.99600,577156676.74084,11.08000,596239.00000,3.13000,0.00000,0.00000,0.00000
-325592.85884,-534895.38746,127.27300,577156676.78779,11.17000,392971.00000,4.25000,0.00000,0.00000,0.00000
-327929.59547,-531343.76784,134.77700,577156676.83474,11.24000,1963854.00000,3.46000,0.00000,0.00000,0.00000
-327676.15701,-531169.75591,140.92900,577156676.88169,11.31000,4785166.00000,3.14000,0.00000,0.00000,0.00000
-327362.47251,-531074.27566,132.83700,577156676.92864,11.42000,2904023.00000,4.28000,0.00000,0.00000,0.00000
-327044.33346,-530984.63615,131.88600,577156676.97559,11.36000,5193146.00000,3.46000,0.00000,0.00000,0.00000
-326843.10938,-530742.51767,131.41600,577156677.02254,11.56000,5762136.00000,3.52000,0.00000,0.00000,0.00000
-326269.25004,-530986.30767,129.83500,577156677.06949,11.76000,5266686.00000,4.54000,0.00000,0.00000,0.00000
-326028.31520,-530795.98500,129.34600,577156677.11644,11.81000,3139111.00000,5.00000,0.00000,0.00000,0.00000
-325757.92402,-530644.05973,128.60600,577156677.16340,11.90000,4213816.00000,4.76000,0.00000,0.00000,0.00000
-325378.63645,-530634.11656,128.34300,577156677.21035,11.97000,2464401.00000,5.15000,0.00000,0.00000,0.00000
-325176.96996,-530392.56467,127.98300,577156677.25730,12.17000,1335604.00000,6.45000,0.00000,0.00000,0.00000
-325033.34096,-530075.39041,127.90500,577156677.30425,12.27000,960137.00000,5.93000,0.00000,0.00000,0.00000
-324637.54196,-530086.96570,127.04100,577156677.35120,12.11000,1189457.00000,5.56000,0.00000,0.00000,0.00000
-324391.69829,-529903.01870,126.56600,577156677.39815,12.14000,1595809.00000,5.22000,0.00000,0.00000,0.00000
-323877.18664,-530069.37918,126.19500,577156677.44510,12.21000,1412358.00000,5.61000,0.00000,0.00000,0.00000
-323558.15046,-529980.85578,125.39000,577156677.49205,12.20000,826551.00000,6.27000,0.00000,0.00000,0.00000
-323515.39888,-529532.16731,124.75700,577156677.53900,12.22000,316361.00000,6.37000,0.00000,0.00000,0.00000
-323000.87884,-529698.50686,124.22900,577156677.58595,12.35000,925946.00000,6.44000,0.00000,0.00000,0.00000
-323636.10172,-528365.96998,130.48900,577156677.63291,12.19000,5829366.00000,6.14000,0.00000,0.00000,0.00000
-323457.22603,-528094.74562,130.38000,577156677.67986,12.18000,4130862.00000,5.56000,0.00000,0.00000,0.00000
-322399.96980,-528968.60490,121.65400,577156677.72681,12.34000,725690.00000,5.55000,0.00000,0.00000,0.00000
-321436.86225,-529719.68064,122.57800,577156677.77376,12.33000,1859564.00000,5.20000,0.00000,0.00000,0.00000
-320508.55585,-530425.34922,126.13400,577156677.82071,12.18000,2048248.00000,4.89000,0.00000,0.00000,0.00000
-322393.17981,-527464.28854,129.60100,577156677.86766,12.11000,2008537.00000,4.84000,0.00000,0.00000,0.00000
-322089.33701,-527355.96518,129.17900,577156677.91461,12.27000,1063580.00000,5.51000,0.00000,0.00000,0.00000
-321841.29939,-527174.92837,128.64700,577156677.96156,12.22000,1381521.00000,6.11000,0.00000,0.00000,0.00000
-321591.02417,-526996.78816,128.52800,577156678.00851,12.19000,713941.00000,5.68000,0.00000,0.00000,0.00000
-321327.36503,-526836.10964,128.19000,577156678.05546,12.29000,376479.00000,7.99000,0.00000,0.00000,0.00000
-321085.57073,-526646.91101,127.94900,577156678.10242,12.22000,440274.00000,7.45000,0.00000,0.00000,0.00000
-320802.27653,-526511.82824,127.86500,577156678.14937,12.06000,666887.00000,7.42000,0.00000,0.00000,0.00000
-320523.44596,-526370.92465,127.64600,577156678.19632,12.26000,351433.00000,8.03000,0.00000,0.00000,0.00000
-320220.95684,-526260.85093,127.33700,577156678.24327,12.25000,172875.00000,10.17000,0.00000,0.00000,0.00000
-319919.35356,-526149.60143,126.93200,577156678.29022,12.00000,282110.00000,9.53000,0.00000,0.00000,0.00000
-319728.01159,-525894.65472,127.27000,577156678.33717,12.01000,212326.00000,8.99000,0.00000,0.00000,0.00000
-319410.34620,-525804.35384,127.16700,577156678.38412,12.23000,334510.00000,10.35000,0.00000,0.00000,0.00000
-319233.29181,-525530.78862,127.15200,577156678.43108,12.07000,210027.00000,9.25000,0.00000,0.00000,0.00000
-319002.67588,-525327.03680,127.27500,577156678.47803,11.93000,457987.00000,8.20000,0.00000,0.00000,0.00000
-318755.09673,-525145.38950,127.32800,577156678.52498,11.91000,434096.00000,9.48000,0.00000,0.00000,0.00000
-318552.15652,-524905.55995,127.71200,577156678.57193,11.81000,188453.00000,7.76000,0.00000,0.00000,0.00000
-318316.63126,-524708.19588,127.71400,577156678.61889,11.82000,257223.00000,7.18000,0.00000,0.00000,0.00000
-318011.03373,-524602.18039,127.90500,577156678.66584,11.63000,154426.00000,5.70000,0.00000,0.00000,0.00000
-317663.47658,-524550.84558,127.91500,577156678.71279,11.68000,334122.00000,5.62000,0.00000,0.00000,0.00000
-317361.44904,-524440.16639,127.93600,577156678.75974,11.71000,665690.00000,6.28000,0.00000,0.00000,0.00000
-317036.21085,-524359.73511,127.59600,577156678.80669,11.71000,376459.00000,6.26000,0.00000,0.00000,0.00000
-316749.36387,-524229.27078,127.52600,577156678.85364,11.69000,358781.00000,5.87000,0.00000,0.00000,0.00000
-316421.44552,-524152.31939,127.32100,577156678.90059,11.71000,817496.00000,6.14000,0.00000,0.00000,0.00000
-316127.00690,-524031.73733,127.13800,577156678.94754,11.87000,550728.00000,6.45000,0.00000,0.00000,0.00000
-315932.56836,-523780.84192,126.94700,577156678.99450,11.69000,768746.00000,7.98000,0.00000,0.00000,0.00000
-315643.04439,-523653.85967,126.34600,577156679.04145,11.76000,328290.00000,10.17000,0.00000,0.00000,0.00000
-315331.65235,-523555.38200,126.01600,577156679.08840,11.67000,336296.00000,8.88000,0.00000,0.00000,0.00000
-315078.73214,-523380.67933,125.80400,577156679.13535,11.71000,162360.00000,8.06000,0.00000,0.00000,0.00000
-314816.00122,-523218.78946,125.66700,577156679.18230,11.80000,135690.00000,9.46000,0.00000,0.00000,0.00000
-314595.23056,-523002.20538,125.48300,577156679.22925,11.45000,288942.00000,8.75000,0.00000,0.00000,0.00000
-314382.05791,-522775.74235,125.25900,577156679.27621,11.35000,245799.00000,7.11000,0.00000,0.00000,0.00000
-314154.60322,-522567.89655,124.87200,577156679.32316,11.43000,134328.00000,8.42000,0.00000,0.00000,0.00000
-313978.03844,-522293.71918,124.81400,577156679.37011,11.57000,133953.00000,7.53000,0.00000,0.00000,0.00000
-313723.34914,-522121.34531,124.33800,577156679.41706,11.69000,167671.00000,7.61000,0.00000,0.00000,0.00000
-313429.82002,-521999.57474,124.60700,577156679.46401,11.58000,144632.00000,6.93000,0.00000,0.00000,0.00000
-313226.92961,-521759.73097,124.21300,577156679.51097,11.44000,210247.00000,6.58000,0.00000,0.00000,0.00000
-312926.26002,-521647.26364,124.13300,577156679.55792,11.36000,212785.00000,8.37000,0.00000,0.00000,0.00000
-312625.58624,-521534.78620,124.54200,577156679.60487,11.37000,211688.00000,6.38000,0.00000,0.00000,0.00000
-312385.20164,-521343.80213,124.39300,577156679.65182,11.38000,217835.00000,7.81000,0.00000,0.00000,0.00000
-312088.55464,-521226.09307,124.34300,577156679.69877,11.43000,265846.00000,7.17000,0.00000,0.00000,0.00000
-311744.13005,-521170.61237,124.67400,577156679.74573,11.44000,218586.00000,8.39000,0.00000,0.00000,0.00000
-311413.10699,-521097.68757,125.06700,577156679.79268,11.38000,234920.00000,6.58000,0.00000,0.00000,0.00000
-310949.47319,-521197.50096,125.86300,577156679.83963,11.46000,313566.00000,7.37000,0.00000,0.00000,0.00000
-310552.80815,-521210.05618,126.93800,577156679.88658,11.25000,361898.00000,5.89000,0.00000,0.00000,0.00000
-310038.26870,-521376.16570,128.19000,577156679.93353,11.15000,677020.00000,6.27000,0.00000,0.00000,0.00000
-309609.00852,-521431.16654,130.08500,577156679.98049,11.16000,585368.00000,6.44000,0.00000,0.00000,0.00000
-309226.18388,-521425.67931,130.99600,577156680.02744,11.15000,299452.00000,7.15000,0.00000,0.00000,0.00000
-308854.52375,-521405.65423,131.32800,577156680.07439,11.32000,388791.00000,6.70000,0.00000,0.00000,0.00000
-308747.65071,-521040.73786,129.05300,577156680.12134,11.42000,970780.00000,10.61000,0.00000,0.00000,0.00000
-308789.03006,-520482.72860,126.87900,577156680.16829,11.70000,146410.00000,9.94000,0.00000,0.00000,0.00000
-308818.80224,-519939.84119,124.91700,577156680.21525,11.64000,119321.00000,8.12000,0.00000,0.00000,0.00000
-308706.14374,-519582.49252,124.40500,577156680.26220,11.15000,332933.00000,7.39000,0.00000,0.00000,0.00000
-308579.64105,-519243.16350,123.11600,577156680.30915,10.90000,561107.00000,7.98000,0.00000,0.00000,0.00000
-308567.01353,-518755.53616,121.63800,577156680.35610,10.69000,472002.00000,9.69000,0.00000,0.00000,0.00000
-308513.75197,-518320.83381,120.73600,577156680.40305,10.86000,316865.00000,9.62000,0.00000,0.00000,0.00000
-308322.06932,-518066.42723,119.87300,577156680.45000,10.76000,1969129.00000,5.92000,0.00000,0.00000,0.00000
-307908.45479,-518101.06477,118.78100,577156680.49696,10.44000,1865974.00000,4.75000,0.00000,0.00000,0.00000
-307641.30427,-517944.93234,117.48000,577156680.54391,10.31000,3050790.00000,3.69000,0.00000,0.00000,0.00000
-307588.05736,-517510.22849,116.70300,577156680.59086,10.34000,1013087.00000,3.79000,0.00000,0.00000,0.00000
-307775.06519,-516762.65126,114.95500,577156680.63781,10.16000,916293.00000,3.73000,0.00000,0.00000,0.00000
-307454.34019,-516676.30956,117.87600,577156680.68476,9.97000,614706.00000,3.48000,0.00000,0.00000,0.00000
-307163.08554,-516551.57726,119.26700,577156680.73172,9.86000,1090836.00000,4.41000,0.00000,0.00000,0.00000
-306806.19691,-516512.34609,118.69400,577156680.77867,9.94000,1365858.00000,5.30000,0.00000,0.00000,0.00000
-306271.11920,-516705.13321,119.84600,577156680.82562,9.80000,670669.00000,7.01000,0.00000,0.00000,0.00000
-306076.76961,-516454.18917,121.32900,577156680.87257,9.54000,529075.00000,6.32000,0.00000,0.00000,0.00000
-306032.93047,-516007.28818,121.77000,577156680.91952,9.45000,298825.00000,6.39000,0.00000,0.00000,0.00000
-305646.11656,-516006.99292,122.71700,577156680.96648,9.32000,269690.00000,7.09000,0.00000,0.00000,0.00000
-305269.57779,-515993.31955,124.75900,577156681.01343,9.01000,396801.00000,3.87000,0.00000,0.00000,0.00000
-304511.64112,-516476.24499,125.28700,577156681.06038,8.82000,1229361.00000,2.54000,0.00000,0.00000,0.00000
-304240.94092,-516324.74994,124.62500,577156681.10733,8.61000,2208415.00000,1.86000,0.00000,0.00000,0.00000
-304449.88506,-515548.71056,122.27700,577156681.15428,8.49000,2672526.00000,2.17000,0.00000,0.00000,0.00000
-304027.79801,-515594.34336,125.04600,577156681.20124,8.38000,546358.00000,2.36000,0.00000,0.00000,0.00000
-303636.06833,-515600.41621,124.73000,577156681.24819,8.37000,377737.00000,2.62000,0.00000,0.00000,0.00000
-303001.38384,-515922.81351,126.78800,577156681.29514,8.57000,752858.00000,2.85000,0.00000,0.00000,0.00000
-303467.14869,-514812.44431,118.97600,577156681.34209,8.74000,5203946.00000,3.48000,0.00000,0.00000,0.00000
-302807.00686,-515167.97921,121.48700,577156681.38904,9.23000,1232752.00000,5.03000,0.00000,0.00000,0.00000
-302773.02763,-514708.28682,120.21000,577156681.43600,9.42000,670960.00000,5.16000,0.00000,0.00000,0.00000
-302488.93758,-514574.21257,119.50100,577156681.48295,9.54000,568522.00000,4.56000,0.00000,0.00000,0.00000
-302464.34724,-514102.31760,116.63300,577156681.52990,9.74000,728897.00000,5.96000,0.00000,0.00000,0.00000
-303065.48421,-512815.77576,115.67900,577156681.57685,9.62000,225099.00000,6.93000,0.00000,0.00000,0.00000
-302951.12802,-512460.75191,117.29900,577156681.62380,9.37000,219459.00000,5.27000,0.00000,0.00000,0.00000
-302581.74583,-512437.73803,119.07900,577156681.67076,9.39000,273127.00000,4.71000,0.00000,0.00000,0.00000
-299484.62966,-515965.73548,109.55300,577156681.71771,9.45000,348938.00000,3.75000,0.00000,0.00000,0.00000
-298886.97437,-516239.81208,113.17100,577156681.76466,9.09000,292814.00000,3.55000,0.00000,0.00000,0.00000
-298755.63762,-515906.85353,111.10200,577156681.81161,8.82000,632993.00000,3.60000,0.00000,0.00000,0.00000
-301468.70642,-511871.22097,123.99000,577156681.85856,8.47000,949192.00000,4.32000,0.00000,0.00000,0.00000
-301292.72891,-511596.43145,123.02700,577156681.90552,8.09000,944704.00000,3.12000,0.00000,0.00000,0.00000
-301197.15682,-511216.99465,120.09900,577156681.95247,8.05000,498003.00000,3.24000,0.00000,0.00000,0.00000
-301148.03799,-510777.08415,116.94700,577156681.99942,8.35000,652988.00000,3.26000,0.00000,0.00000,0.00000
-300813.05701,-510709.27227,113.11200,577156682.04637,8.77000,1764952.00000,3.79000,0.00000,0.00000,0.00000
-300671.92826,-510389.12694,112.01800,577156682.09333,9.03000,2610848.00000,4.06000,0.00000,0.00000,0.00000
-300311.49671,-510354.46912,109.72500,577156682.14028,8.94000,1831397.00000,3.85000,0.00000,0.00000,0.00000
-300147.14736,-510064.56173,111.07700,577156682.18723,8.89000,572954.00000,4.98000,0.00000,0.00000,0.00000
-300149.85620,-509557.20715,112.36100,577156682.23419,8.86000,886701.00000,3.87000,0.00000,0.00000,0.00000
-300040.45312,-509195.78783,113.61500,577156682.28114,9.15000,1343284.00000,3.86000,0.00000,0.00000,0.00000
-299589.79191,-509278.55459,113.31000,577156682.32809,9.26000,3448010.00000,3.91000,0.00000,0.00000,0.00000
-299110.54932,-509398.53916,112.78500,577156682.37504,9.48000,1399220.00000,3.78000,0.00000,0.00000,0.00000
-298642.45834,-509503.96142,111.36900,577156682.42200,9.72000,658090.00000,3.88000,0.00000,0.00000,0.00000
-298385.66254,-509334.39830,107.79900,577156682.46895,9.99000,193365.00000,6.41000,0.00000,0.00000,0.00000
-298463.89131,-508728.79106,106.28800,577156682.51590,10.25000,405426.00000,6.96000,0.00000,0.00000,0.00000
-322312.60337,-538651.64486,129.26200,577329329.75533,12.06000,299959.00000,7.20000,0.00000,0.00000,0.00000
-321965.15965,-538596.33163,128.19300,577329329.80224,11.82000,418342.00000,6.97000,0.00000,0.00000,0.00000
-321621.34673,-538536.40647,127.73400,577329329.84915,11.88000,242458.00000,6.37000,0.00000,0.00000,0.00000
-321242.06841,-538521.31544,126.92600,577329329.89606,12.19000,124562.00000,7.76000,0.00000,0.00000,0.00000
-321023.32616,-538303.36070,126.90900,577329329.94297,12.27000,175488.00000,10.34000,0.00000,0.00000,0.00000
-321167.94774,-537626.23399,127.32700,577329329.98987,12.24000,178926.00000,9.11000,0.00000,0.00000,0.00000
-321180.23477,-537116.34227,127.96500,577329330.03678,12.39000,428160.00000,6.51000,0.00000,0.00000,0.00000
-320622.23836,-537327.08625,126.39400,577329330.08369,12.55000,612871.00000,7.00000,0.00000,0.00000,0.00000
-320269.79884,-537278.08311,126.23500,577329330.13060,12.71000,1119461.00000,6.55000,0.00000,0.00000,0.00000
-320044.23774,-537068.73232,126.34700,577329330.17751,12.90000,1420791.00000,7.39000,0.00000,0.00000,0.00000
-319606.29296,-537127.74649,126.17500,577329330.22442,12.92000,1274648.00000,7.20000,0.00000,0.00000,0.00000
-319530.81922,-536728.76314,127.46100,577329330.27133,12.72000,1582838.00000,6.77000,0.00000,0.00000,0.00000
-319161.09723,-536701.57455,128.69900,577329330.31823,12.80000,1161102.00000,7.83000,0.00000,0.00000,0.00000
-318363.86516,-537214.54285,129.46200,577329330.36514,12.64000,848460.00000,7.96000,0.00000,0.00000,0.00000
-317682.60441,-537580.97494,131.13700,577329330.41205,12.57000,1035296.00000,7.35000,0.00000,0.00000,0.00000
-317641.70652,-537138.32333,125.90100,577329330.45896,12.62000,4488113.00000,5.82000,0.00000,0.00000,0.00000
-316685.27098,-537852.36187,133.88000,577329330.50587,12.76000,1522667.00000,5.26000,0.00000,0.00000,0.00000
-316051.74698,-538158.41388,136.83800,577329330.55278,12.62000,561281.00000,5.96000,0.00000,0.00000,0.00000
-315433.67999,-538444.91742,139.82700,577329330.59968,12.68000,871047.00000,6.72000,0.00000,0.00000,0.00000
-315099.42269,-538372.87027,139.72600,577329330.64659,12.81000,1338494.00000,6.25000,0.00000,0.00000,0.00000
-314819.74941,-538231.86543,140.05400,577329330.69350,12.96000,1659517.00000,6.88000,0.00000,0.00000,0.00000
-314672.88924,-537923.07163,139.73200,577329330.74041,12.85000,947788.00000,7.02000,0.00000,0.00000,0.00000
-314580.16680,-537545.91694,139.21200,577329330.78732,12.81000,543077.00000,6.92000,0.00000,0.00000,0.00000
-314533.37616,-537110.72311,136.97300,577329330.83422,13.14000,288037.00000,8.19000,0.00000,0.00000,0.00000
-314216.41905,-537016.83682,137.65900,577329330.88113,13.06000,365322.00000,9.47000,0.00000,0.00000,0.00000
-313692.94678,-537183.77758,140.02900,577329330.92804,12.84000,722012.00000,8.59000,0.00000,0.00000,0.00000
-313786.27439,-536571.63657,137.18400,577329330.97495,12.92000,780443.00000,8.84000,0.00000,0.00000,0.00000
-313778.62051,-536087.03067,136.31200,577329331.02185,12.87000,589352.00000,9.02000,0.00000,0.00000,0.00000
-313409.81563,-536058.62055,139.01700,577329331.06876,12.43000,980684.00000,7.60000,0.00000,0.00000,0.00000
-313454.03104,-535508.51963,139.86100,577329331.11567,11.93000,1267467.00000,5.19000,0.00000,0.00000,0.00000
-315241.25895,-532756.75213,126.93700,577329331.16258,11.79000,1136008.00000,4.03000,0.00000,0.00000,0.00000
-314843.81380,-532764.55957,126.88600,577329331.20949,11.73000,841333.00000,5.48000,0.00000,0.00000,0.00000
-314724.29383,-532421.32192,126.97000,577329331.25639,11.61000,798892.00000,5.62000,0.00000,0.00000,0.00000
-313983.43094,-532862.91349,126.80500,577329331.30330,11.54000,307724.00000,4.52000,0.00000,0.00000,0.00000
-313724.26683,-532696.05221,126.81700,577329331.35021,11.67000,256779.00000,4.76000,0.00000,0.00000,0.00000
-313342.74222,-532683.73653,126.88900,577329331.39712,11.58000,567884.00000,4.79000,0.00000,0.00000,0.00000
-313149.99333,-532432.98852,126.80800,577329331.44403,11.77000,438571.00000,6.11000,0.00000,0.00000,0.00000
-312361.35288,-532934.87227,128.26200,577329331.49093,11.92000,375916.00000,5.70000,0.00000,0.00000,0.00000
-312061.70285,-532819.12115,128.79200,577329331.53784,11.99000,854900.00000,8.08000,0.00000,0.00000,0.00000
-311343.55679,-533231.92508,131.76200,577329331.58475,12.01000,834862.00000,5.52000,0.00000,0.00000,0.00000
-310762.78145,-533471.21157,134.19700,577329331.63166,11.85000,1902429.00000,5.48000,0.00000,0.00000,0.00000
-309862.66891,-534113.77740,141.23000,577329331.67857,11.88000,896122.00000,5.81000,0.00000,0.00000,0.00000
-310523.31911,-532785.27853,131.70800,577329331.72547,12.05000,3392189.00000,6.12000,0.00000,0.00000,0.00000
-310008.04798,-532941.82180,133.45500,577329331.77238,12.14000,881529.00000,6.63000,0.00000,0.00000,0.00000
-310154.21532,-532263.06362,130.20200,577329331.81929,11.89000,475651.00000,6.66000,0.00000,0.00000,0.00000
-310078.85292,-531864.08955,128.49700,577329331.86620,11.96000,284345.00000,6.02000,0.00000,0.00000,0.00000
-309863.82617,-531641.47068,127.58000,577329331.91311,12.05000,403274.00000,6.51000,0.00000,0.00000,0.00000
-309842.15366,-531174.70845,126.41300,577329331.96002,12.02000,1106613.00000,6.05000,0.00000,0.00000,0.00000
-309556.62297,-531041.13527,125.98200,577329332.00692,12.15000,2270122.00000,5.84000,0.00000,0.00000,0.00000
-309619.57739,-530467.51747,130.42500,577329332.05383,12.12000,2990067.00000,6.63000,0.00000,0.00000,0.00000
-309113.40712,-530612.55041,130.71400,577329332.10074,11.91000,2169651.00000,6.64000,0.00000,0.00000,0.00000
-308583.57346,-530787.44188,131.26000,577329332.14765,11.87000,843044.00000,6.79000,0.00000,0.00000,0.00000
-308146.55453,-530845.15217,131.52100,577329332.19456,11.97000,313172.00000,8.83000,0.00000,0.00000,0.00000
-307749.11699,-530852.88287,132.10500,577329332.24146,11.92000,222836.00000,11.14000,0.00000,0.00000,0.00000
-307662.40550,-530468.26376,131.20800,577329332.28837,12.12000,178410.00000,10.91000,0.00000,0.00000,0.00000
-307544.30262,-530123.27466,130.67200,577329332.33528,12.27000,403006.00000,9.74000,0.00000,0.00000,0.00000
-307672.34159,-529467.53565,129.13000,577329332.38219,12.43000,619351.00000,11.43000,0.00000,0.00000,0.00000
-307897.74080,-528688.86556,128.57400,577329332.42910,12.36000,346790.00000,8.58000,0.00000,0.00000,0.00000
-307755.09376,-528374.91832,128.66100,577329332.47600,12.31000,860146.00000,9.36000,0.00000,0.00000,0.00000
-307569.21879,-528115.52608,128.87600,577329332.52291,12.35000,761139.00000,9.42000,0.00000,0.00000,0.00000
-307243.22388,-528033.06030,129.12500,577329332.56982,11.92000,611989.00000,8.39000,0.00000,0.00000,0.00000
-306921.77768,-527944.84326,129.32700,577329332.61673,11.93000,774100.00000,8.96000,0.00000,0.00000,0.00000
-306669.03643,-527769.89529,129.20200,577329332.66364,12.04000,188965.00000,10.32000,0.00000,0.00000,0.00000
-306706.56724,-527228.48113,129.50000,577329332.71054,11.85000,257539.00000,9.44000,0.00000,0.00000,0.00000
-306575.76192,-526899.59273,129.10900,577329332.75745,11.87000,101513.00000,11.75000,0.00000,0.00000,0.00000
-306472.25710,-526536.23813,129.06500,577329332.80436,11.69000,152950.00000,9.78000,0.00000,0.00000,0.00000
-306012.96792,-526622.06220,128.40900,577329332.85127,11.52000,383027.00000,9.25000,0.00000,0.00000,0.00000
-305822.11053,-526368.98664,128.03900,577329332.89818,11.58000,363680.00000,9.03000,0.00000,0.00000,0.00000
-305263.17679,-526580.58691,127.79800,577329332.94508,11.52000,405253.00000,9.22000,0.00000,0.00000,0.00000
-305283.44141,-526061.00251,127.51700,577329332.99199,11.19000,386561.00000,8.07000,0.00000,0.00000,0.00000
-304909.23050,-526039.39587,127.43100,577329333.03890,11.11000,784173.00000,5.46000,0.00000,0.00000,0.00000
-304969.54180,-525469.27050,128.28600,577329333.08581,10.92000,761097.00000,4.20000,0.00000,0.00000,0.00000
-305399.76668,-524432.20645,132.23700,577329333.13272,10.79000,801520.00000,4.36000,0.00000,0.00000,0.00000
-305146.14641,-524258.40772,131.72300,577329333.17963,10.72000,587048.00000,5.04000,0.00000,0.00000,0.00000
-304853.38607,-524133.97723,130.89800,577329333.22653,10.76000,1976695.00000,5.21000,0.00000,0.00000,0.00000
-304718.97849,-523809.69447,131.27700,577329333.27344,10.68000,556256.00000,6.52000,0.00000,0.00000,0.00000
-304212.37879,-523955.21213,129.85800,577329333.32035,10.96000,221835.00000,7.43000,0.00000,0.00000,0.00000
-303728.97870,-524071.43143,129.02700,577329333.36726,10.99000,142266.00000,10.50000,0.00000,0.00000,0.00000
-303398.91387,-523994.09121,128.91700,577329333.41417,10.93000,200014.00000,8.15000,0.00000,0.00000,0.00000
-303100.70624,-523876.55334,128.93500,577329333.46107,10.97000,247363.00000,6.74000,0.00000,0.00000,0.00000
-302777.47334,-523790.60207,129.34000,577329333.50798,10.72000,323922.00000,5.67000,0.00000,0.00000,0.00000
-302458.33489,-523699.47579,129.70400,577329333.55489,10.56000,688905.00000,4.60000,0.00000,0.00000,0.00000
-302132.37401,-523616.96264,130.02500,577329333.60180,10.64000,774937.00000,4.22000,0.00000,0.00000,0.00000
-301785.93350,-523560.28510,129.99000,577329333.64871,10.42000,1148474.00000,3.55000,0.00000,0.00000,0.00000
-301347.12386,-523620.19507,128.87800,577329333.69561,10.43000,566208.00000,4.30000,0.00000,0.00000,0.00000
-300917.86276,-523668.03005,128.33500,577329333.74252,10.55000,1687406.00000,4.75000,0.00000,0.00000,0.00000
-300560.95422,-523624.55000,127.62400,577329333.78943,10.58000,383737.00000,5.18000,0.00000,0.00000,0.00000
-300218.15337,-523563.27014,126.31300,577329333.83634,10.54000,363396.00000,7.56000,0.00000,0.00000,0.00000
-300177.51452,-523120.66104,125.25900,577329333.88325,10.49000,229307.00000,8.76000,0.00000,0.00000,0.00000
-300302.06584,-522469.59168,124.53100,577329333.93016,10.66000,314833.00000,8.83000,0.00000,0.00000,0.00000
-300160.86345,-522153.89506,124.46500,577329333.97706,10.80000,331266.00000,7.86000,0.00000,0.00000,0.00000
-299867.22106,-522030.58652,125.12500,577329334.02397,10.73000,326189.00000,6.62000,0.00000,0.00000,0.00000
-299461.63137,-522048.54420,124.66700,577329334.07088,10.44000,1106376.00000,5.94000,0.00000,0.00000,0.00000
-299109.72958,-521998.72210,123.27500,577329334.11779,10.48000,664156.00000,9.34000,0.00000,0.00000,0.00000
-299072.75243,-521551.52399,123.54300,577329334.16470,10.78000,102668.00000,10.76000,0.00000,0.00000,0.00000
-299132.70658,-520982.00866,124.10100,577329334.21161,10.58000,421569.00000,7.61000,0.00000,0.00000,0.00000
-299038.85720,-520606.60278,124.21100,577329334.25852,10.59000,274354.00000,9.72000,0.00000,0.00000,0.00000
-298727.93471,-520505.10679,125.15500,577329334.30542,10.38000,1225881.00000,7.66000,0.00000,0.00000,0.00000
-298312.78954,-520535.10014,125.68300,577329334.35233,10.24000,688363.00000,6.41000,0.00000,0.00000,0.00000
-297887.63768,-520577.72630,127.10600,577329334.39924,10.38000,319732.00000,6.92000,0.00000,0.00000,0.00000
-297523.92048,-520542.82383,127.85400,577329334.44615,10.37000,280846.00000,6.14000,0.00000,0.00000,0.00000
-297164.30105,-520502.75292,128.65100,577329334.49306,10.40000,422735.00000,5.72000,0.00000,0.00000,0.00000
-296840.63723,-520417.31576,128.29800,577329334.53996,10.12000,453541.00000,5.57000,0.00000,0.00000,0.00000
-296447.78904,-520419.15002,125.98300,577329334.58687,9.75000,998258.00000,4.08000,0.00000,0.00000,0.00000
-295594.54600,-519026.71132,115.13000,577329334.82141,10.28000,1405469.00000,4.68000,0.00000,0.00000,0.00000
-304649.69936,-534023.38062,136.09700,577501985.17406,10.62000,742893.00000,6.51000,0.00000,0.00000,0.00000
