-341626.71248,-514011.52673,170.06700,333977391.35657,11.70000,265332.00000,5.26000,0.00000,0.00000,1.00000
-341653.77329,-514315.08188,169.31700,333977391.40271,11.70000,367243.00000,4.74000,0.00000,0.00000,1.00000
-341816.07720,-514590.09765,168.84900,333977391.44886,11.63000,494296.00000,4.44000,0.00000,0.00000,1.00000
-341853.74839,-514891.40079,167.58100,333977391.49500,11.73000,460354.00000,3.61000,0.00000,0.00000,1.00000
-341936.05291,-515183.30775,164.52600,333977391.54115,11.82000,1202575.00000,4.42000,0.00000,0.00000,1.00000
-341930.53313,-515493.72998,162.13300,333977391.58730,12.04000,5660035.00000,3.46000,0.00000,0.00000,1.00000
-341997.23565,-515788.91786,160.90500,333977391.63344,12.31000,6205340.00000,4.42000,0.00000,0.00000,1.00000
-339982.00602,-516523.16053,141.27000,333977391.67959,12.85000,2945737.00000,5.51000,0.00000,0.00000,1.00000
-341780.11987,-516453.22683,154.07700,333977391.72573,13.10000,489666.00000,6.73000,0.00000,0.00000,1.00000
-340262.66940,-517082.47391,144.46000,333977391.77188,13.07000,882777.00000,8.45000,0.00000,0.00000,1.00000
-339621.89097,-517526.81825,140.72300,333977391.81802,13.25000,597577.00000,7.97000,0.00000,0.00000,1.00000
-338267.27138,-518121.67096,137.90700,333977391.86417,13.16000,691188.00000,6.69000,0.00000,0.00000,1.00000
-339797.73755,-518108.21945,138.89200,333977391.91032,13.23000,1535356.00000,7.44000,0.00000,0.00000,1.00000
-341547.76584,-518048.49174,141.04100,333977391.95646,12.69000,2840163.00000,4.27000,0.00000,0.00000,1.00000
-341868.68466,-518290.07032,139.98400,333977392.00261,12.38000,1008563.00000,5.20000,0.00000,0.00000,1.00000
-341722.20183,-518630.20150,137.16100,333977392.04875,12.54000,599185.00000,8.00000,0.00000,0.00000,1.00000
-341716.64097,-518940.62924,136.32900,333977392.09490,12.63000,736013.00000,6.27000,0.00000,0.00000,1.00000
-337412.35153,-520157.20608,148.46400,333977392.14105,12.63000,1154776.00000,5.82000,0.00000,0.00000,1.00000
-337456.33888,-520457.14910,147.73200,333977392.18719,12.38000,645320.00000,6.18000,0.00000,0.00000,1.00000
-338579.59848,-520529.62530,143.95000,333977392.23334,12.02000,442554.00000,5.78000,0.00000,0.00000,1.00000
-339222.71632,-520703.30209,141.81700,333977392.27948,11.86000,298261.00000,5.56000,0.00000,0.00000,1.00000
-339620.09810,-520928.78186,140.16300,333977392.32563,11.53000,529446.00000,3.70000,0.00000,0.00000,1.00000
-337882.98842,-521604.10051,157.95600,333977392.37178,11.30000,506217.00000,4.84000,0.00000,0.00000,1.00000
-337861.11091,-521917.93360,159.23400,333977392.41792,10.88000,85873.00000,4.77000,0.00000,0.00000,1.00000
-338330.70094,-522128.19188,157.04800,333977392.46407,10.55000,360376.00000,3.41000,0.00000,0.00000,1.00000
-338906.52853,-522316.07945,148.93400,333977392.51021,10.19000,980703.00000,2.93000,0.00000,0.00000,1.00000
-339046.10998,-522595.89339,144.83900,333977392.55636,10.16000,370796.00000,4.22000,0.00000,0.00000,1.00000
-338875.49849,-522941.07393,141.21700,333977392.60251,10.59000,411370.00000,4.93000,0.00000,0.00000,1.00000
-338570.31562,-523314.59540,139.68600,333977392.64865,11.21000,1399519.00000,4.66000,0.00000,0.00000,1.00000
-341257.37183,-523057.66429,136.54600,333977392.69480,11.23000,480297.00000,3.83000,0.00000,0.00000,1.00000
-337372.96105,-524803.71230,154.77800,333977392.83324,10.77000,253504.00000,3.24000,0.00000,0.00000,1.00000
-337966.48434,-524987.89555,152.65900,333977392.87938,10.42000,175270.00000,3.97000,0.00000,0.00000,1.00000
-338298.66619,-525227.13186,147.21000,333977392.92553,10.01000,4127775.00000,3.53000,0.00000,0.00000,1.00000
-339171.95492,-525352.40776,146.22000,333977392.97168,9.78000,2697864.00000,3.14000,0.00000,0.00000,1.00000
-340061.53794,-525474.26355,148.26200,333977393.01782,9.59000,954678.00000,3.18000,0.00000,0.00000,1.00000
-328509.57579,-506694.98532,142.59200,334150043.12331,14.20000,1776398.00000,4.83000,0.00000,0.00000,1.00000
-328487.32017,-507007.80088,140.38400,334150043.16950,14.10000,2355693.00000,6.16000,0.00000,0.00000,1.00000
-328296.64198,-507353.53219,138.13700,334150043.21568,14.28000,1896060.00000,6.94000,0.00000,0.00000,1.00000
-328232.44879,-507674.53977,136.99200,334150043.26186,14.36000,768132.00000,9.09000,0.00000,0.00000,1.00000
-328368.66607,-507956.40994,137.08200,334150043.30804,14.27000,1008223.00000,8.01000,0.00000,0.00000,1.00000
-328589.44978,-508221.75925,137.03000,334150043.35423,14.21000,5957844.00000,4.14000,0.00000,0.00000,1.00000
-328727.79954,-508503.21245,134.73400,334150043.40041,14.20000,6557878.00000,4.24000,0.00000,0.00000,1.00000
-328483.08004,-508859.47572,133.69500,334150043.44659,14.12000,354388.00000,6.17000,0.00000,0.00000,1.00000
-327984.65462,-509265.30724,132.33500,334150043.49278,13.94000,239886.00000,6.84000,0.00000,0.00000,1.00000
-328346.14966,-509503.18645,130.78800,334150043.53896,13.95000,484428.00000,9.08000,0.00000,0.00000,1.00000
-328544.89441,-509772.85117,130.19200,334150043.58515,13.85000,649180.00000,5.12000,0.00000,0.00000,1.00000
-328882.24660,-510015.45369,118.47200,334150043.63133,13.79000,1003631.00000,4.04000,0.00000,0.00000,1.00000
-329139.98252,-510273.60561,118.12800,334150043.67751,14.02000,1327971.00000,4.59000,0.00000,0.00000,1.00000
-328845.49361,-510639.59310,117.12300,334150043.72370,14.42000,1454023.00000,5.61000,0.00000,0.00000,1.00000
-328853.76353,-510946.45842,116.49200,334150043.76988,14.23000,3071030.00000,5.24000,0.00000,0.00000,1.00000
-329338.93291,-511160.22151,116.28900,334150043.81607,14.08000,2659703.00000,4.17000,0.00000,0.00000,1.00000
-329150.33540,-511505.52750,112.68600,334150043.86225,14.20000,2606495.00000,4.36000,0.00000,0.00000,1.00000
-329298.60935,-511785.05606,112.47500,334150043.90843,14.48000,779528.00000,5.74000,0.00000,0.00000,1.00000
-329288.38477,-512095.53399,115.87900,334150043.95462,14.64000,741789.00000,5.19000,0.00000,0.00000,1.00000
-328908.59011,-512478.17113,113.95500,334150044.00080,14.81000,379963.00000,6.70000,0.00000,0.00000,1.00000
-328823.73751,-512803.21300,112.12200,334150044.04699,14.42000,1227966.00000,6.85000,0.00000,0.00000,1.00000
-328812.80172,-513113.83433,111.67500,334150044.09317,13.99000,1783843.00000,5.28000,0.00000,0.00000,1.00000
-328481.31975,-513487.02377,109.91700,334150044.13936,13.94000,685675.00000,4.56000,0.00000,0.00000,1.00000
-328843.51704,-513724.80881,109.02000,334150044.18554,13.81000,743148.00000,4.83000,0.00000,0.00000,1.00000
-328725.25090,-514056.38057,109.16200,334150044.23173,13.96000,1463660.00000,5.56000,0.00000,0.00000,1.00000
-329012.10874,-514308.88115,110.39200,334150044.27791,13.99000,1586452.00000,5.83000,0.00000,0.00000,1.00000
-328991.91938,-514621.30622,109.79500,334150044.32410,13.71000,863951.00000,5.79000,0.00000,0.00000,1.00000
-329432.29942,-514843.85097,110.39600,334150044.37028,14.20000,748079.00000,7.35000,0.00000,0.00000,1.00000
-328709.16802,-515293.45693,111.91800,334150044.41647,14.20000,365049.00000,8.87000,0.00000,0.00000,1.00000
-328074.87470,-515725.70466,115.00300,334150044.46265,13.68000,296958.00000,7.41000,0.00000,0.00000,1.00000
-327596.94067,-516127.42319,116.96500,334150044.50884,13.49000,349064.00000,5.70000,0.00000,0.00000,1.00000
-327670.56568,-516421.54914,117.77100,334150044.55502,13.48000,10497280.00000,3.46000,0.00000,0.00000,1.00000
-330951.89117,-516089.81093,107.55500,334150044.60121,13.60000,602130.00000,5.40000,0.00000,0.00000,1.00000
-330879.80846,-516412.37673,105.83700,334150044.64739,13.88000,696369.00000,6.35000,0.00000,0.00000,1.00000
-328553.81915,-517174.65157,105.94100,334150044.69358,14.41000,900058.00000,7.56000,0.00000,0.00000,1.00000
-328940.17421,-517407.76564,104.48000,334150044.73976,14.64000,1188685.00000,8.97000,0.00000,0.00000,1.00000
-328900.05860,-517724.08307,103.86600,334150044.78595,14.44000,1198131.00000,9.51000,0.00000,0.00000,1.00000
-328815.15994,-518049.12794,103.85500,334150044.83213,14.42000,515697.00000,9.34000,0.00000,0.00000,1.00000
-328826.20965,-518355.44910,103.87800,334150044.87832,14.09000,955043.00000,7.76000,0.00000,0.00000,1.00000
-329122.29335,-518606.18877,103.95300,334150044.92450,13.90000,1523404.00000,6.14000,0.00000,0.00000,1.00000
-332314.88770,-518291.94483,106.77400,334150044.97069,13.89000,1552013.00000,6.88000,0.00000,0.00000,1.00000
-332028.83072,-518656.25298,105.59900,334150045.01687,13.83000,2179794.00000,7.61000,0.00000,0.00000,1.00000
-330898.32685,-519185.24866,102.05400,334150045.06306,13.76000,658760.00000,7.56000,0.00000,0.00000,1.00000
-332950.81927,-519093.44044,109.05300,334150045.10924,13.62000,2185380.00000,6.97000,0.00000,0.00000,1.00000
-329468.23354,-520081.13988,104.27100,334150045.15543,12.98000,2261669.00000,6.52000,0.00000,0.00000,1.00000
-334355.39361,-519436.53399,124.10800,334150045.20162,12.08000,653336.00000,6.30000,0.00000,0.00000,1.00000
-335033.15804,-519612.86544,130.50700,334150045.24780,11.68000,623638.00000,5.17000,0.00000,0.00000,1.00000
-335327.10503,-519864.08432,134.07900,334150045.29399,11.22000,1764313.00000,6.05000,0.00000,0.00000,1.00000
-328045.26368,-521592.52042,112.77400,334150045.34017,10.67000,897274.00000,5.85000,0.00000,0.00000,1.00000
-329148.46351,-521994.39884,113.67600,334150045.43254,9.99000,437508.00000,7.91000,0.00000,0.00000,1.00000
-329175.12181,-522297.67451,114.65500,334150045.47873,9.57000,411108.00000,7.65000,0.00000,0.00000,1.00000
-328820.78730,-522675.23249,117.30600,334150045.52491,9.21000,780605.00000,10.81000,0.00000,0.00000,1.00000
-328917.81847,-522964.79322,119.43800,334150045.57109,8.42000,122467.00000,8.06000,0.00000,0.00000,1.00000
-328134.85055,-523425.86852,123.84800,334150045.61728,7.95000,594330.00000,7.22000,0.00000,0.00000,1.00000
-328005.13622,-523759.62562,128.02800,334150045.66346,7.82000,517370.00000,5.07000,0.00000,0.00000,1.00000
-328801.59540,-523912.85452,129.50800,334150045.70965,7.45000,1184122.00000,3.45000,0.00000,0.00000,1.00000
-329025.85161,-524177.61884,131.52200,334150045.75583,7.14000,573279.00000,4.05000,0.00000,0.00000,1.00000
-329726.34819,-524349.56486,133.16800,334150045.80201,7.02000,675187.00000,4.57000,0.00000,0.00000,1.00000
-330298.19595,-524546.61010,135.69500,334150045.84820,7.02000,1499975.00000,3.66000,0.00000,0.00000,1.00000
-330572.19252,-524801.67700,138.04100,334150045.89438,7.17000,1320444.00000,5.29000,0.00000,0.00000,1.00000
-330862.55356,-525053.58607,140.79200,334150045.94056,7.38000,2298794.00000,4.25000,0.00000,0.00000,1.00000
-331145.07858,-525307.00074,143.51600,334150045.98675,7.60000,2888187.00000,3.19000,0.00000,0.00000,1.00000
-332205.25331,-525408.88867,142.05100,334150046.03293,7.85000,1674311.00000,3.62000,0.00000,0.00000,1.00000
-332094.69932,-525738.92078,143.08600,334150046.07911,7.99000,1418857.00000,3.94000,0.00000,0.00000,1.00000
-332012.57849,-526063.41490,143.90600,334150046.12530,7.95000,1867256.00000,3.25000,0.00000,0.00000,1.00000
-332298.65052,-526316.15800,149.07200,334150046.17148,8.19000,3233769.00000,3.90000,0.00000,0.00000,1.00000
-332457.49252,-526593.69241,149.19900,334150046.21766,8.37000,2688311.00000,3.63000,0.00000,0.00000,1.00000
-332634.81826,-526867.63407,149.09500,334150046.26385,8.63000,499053.00000,3.85000,0.00000,0.00000,1.00000
-332785.13985,-527146.85245,148.51500,334150046.31003,8.80000,439155.00000,3.52000,0.00000,0.00000,1.00000
-332835.93247,-527445.44586,148.61900,334150046.35621,9.07000,342635.00000,4.20000,0.00000,0.00000,1.00000
-332699.06546,-527780.59796,147.87900,334150046.40239,9.30000,1089856.00000,4.59000,0.00000,0.00000,1.00000
-332175.49962,-528191.07906,146.94400,334150046.44858,9.35000,599980.00000,4.64000,0.00000,0.00000,1.00000
-332092.63899,-528515.69182,148.18200,334150046.49476,9.69000,491573.00000,4.23000,0.00000,0.00000,1.00000
-332650.25916,-528715.55897,145.52700,334150046.54094,10.08000,3335441.00000,4.19000,0.00000,0.00000,1.00000
-332212.68545,-529109.27962,150.15900,334150046.58712,10.51000,2866562.00000,3.41000,0.00000,0.00000,1.00000
-332581.21308,-529345.97733,147.21200,334150046.63330,10.81000,2845867.00000,2.97000,0.00000,0.00000,1.00000
-332726.53788,-529626.16268,145.85200,334150046.67949,11.09000,793383.00000,3.23000,0.00000,0.00000,1.00000
-332441.07824,-529990.24236,146.27800,334150046.72567,11.29000,3181429.00000,3.10000,0.00000,0.00000,1.00000
-333172.11713,-530156.35052,154.64400,334150046.77185,11.47000,1821874.00000,3.58000,0.00000,0.00000,1.00000
-333377.14457,-530424.91723,155.77300,334150046.81803,11.55000,3174392.00000,4.10000,0.00000,0.00000,1.00000
-333565.81697,-530696.66209,156.84000,334150046.86421,11.86000,5564680.00000,4.58000,0.00000,0.00000,1.00000
-333667.05462,-530985.43534,156.85600,334150046.91040,12.22000,5405954.00000,4.79000,0.00000,0.00000,1.00000
-333780.37671,-531271.85666,156.01500,334150046.95658,12.44000,851280.00000,6.72000,0.00000,0.00000,1.00000
-333597.27343,-531616.00439,154.21700,334150047.00276,13.00000,306426.00000,9.04000,0.00000,0.00000,1.00000
-332747.37143,-532089.97465,151.98800,334150047.04894,13.09000,77741.00000,12.62000,0.00000,0.00000,1.00000
-332037.49128,-532536.64796,152.25600,334150047.09512,12.55000,169508.00000,8.81000,0.00000,0.00000,1.00000
-331775.46408,-532896.14186,153.59800,334150047.14131,12.24000,579614.00000,5.40000,0.00000,0.00000,1.00000
-331851.08793,-533189.88545,154.99000,334150047.18749,12.36000,6421573.00000,3.54000,0.00000,0.00000,1.00000
-319398.55007,-502161.48070,170.51700,334322695.47223,11.65000,288157.00000,4.11000,0.00000,0.00000,1.00000
-319448.60306,-502460.29763,167.05800,334322695.51845,11.72000,1000299.00000,3.77000,0.00000,0.00000,1.00000
-319443.03360,-502769.11886,163.58700,334322695.56468,11.86000,609256.00000,3.55000,0.00000,0.00000,1.00000
-319244.91170,-503112.54453,159.72200,334322695.61090,12.05000,682565.00000,4.67000,0.00000,0.00000,1.00000
-319076.03085,-503450.73023,157.09900,334322695.65713,12.09000,4311431.00000,4.07000,0.00000,0.00000,1.00000
-318888.59994,-503792.24110,154.57100,334322695.70335,12.26000,4094403.00000,4.58000,0.00000,0.00000,1.00000
-319889.96880,-503920.06869,147.66300,334322695.74958,12.51000,1500298.00000,4.91000,0.00000,0.00000,1.00000
-319597.69514,-504280.42554,146.24100,334322695.79580,12.43000,3060751.00000,3.60000,0.00000,0.00000,1.00000
-318892.49975,-504714.98385,148.52500,334322695.84203,12.43000,3667056.00000,3.36000,0.00000,0.00000,1.00000
-318924.69705,-505017.01279,145.94000,334322695.88825,12.39000,534236.00000,3.60000,0.00000,0.00000,1.00000
-318964.02677,-505317.76267,143.41800,334322695.93448,12.33000,1094634.00000,3.49000,0.00000,0.00000,1.00000
-318877.83698,-505641.07225,140.31300,334322695.98070,12.36000,431059.00000,3.79000,0.00000,0.00000,1.00000
-318874.37468,-505949.52220,137.27500,334322696.02693,12.51000,1219899.00000,4.92000,0.00000,0.00000,1.00000
-318990.00701,-506236.57013,134.56000,334322696.07315,12.43000,1263745.00000,5.66000,0.00000,0.00000,1.00000
-319298.89584,-506488.88379,132.80200,334322696.11938,12.40000,645059.00000,6.11000,0.00000,0.00000,1.00000
-319492.26264,-506761.97827,131.05600,334322696.16561,12.33000,658269.00000,5.58000,0.00000,0.00000,1.00000
-319588.63702,-507052.50137,129.38100,334322696.21184,12.24000,324155.00000,6.37000,0.00000,0.00000,1.00000
-319506.71408,-507375.05873,127.63500,334322696.25806,12.24000,802329.00000,5.89000,0.00000,0.00000,1.00000
-319417.64733,-507698.88306,126.00500,334322696.30429,12.21000,486074.00000,4.08000,0.00000,0.00000,1.00000
-319375.65177,-508014.25830,124.34500,334322696.35052,12.16000,304536.00000,4.18000,0.00000,0.00000,1.00000
-319804.36231,-508245.07778,122.66800,334322696.39674,12.41000,386987.00000,6.46000,0.00000,0.00000,1.00000
-320367.15683,-508451.82312,123.03500,334322696.44297,12.56000,258234.00000,5.23000,0.00000,0.00000,1.00000
-320700.29871,-508699.81494,122.27300,334322696.48920,12.68000,1122826.00000,3.47000,0.00000,0.00000,1.00000
-320900.08978,-508971.78872,119.26600,334322696.53543,12.81000,725291.00000,4.06000,0.00000,0.00000,1.00000
-320821.71939,-509293.71118,115.22300,334322696.58165,12.98000,313926.00000,5.57000,0.00000,0.00000,1.00000
-319578.64960,-509824.80622,112.62400,334322696.62788,13.16000,271835.00000,4.73000,0.00000,0.00000,1.00000
-320890.33908,-509897.07729,110.17500,334322696.67411,13.29000,2188189.00000,6.10000,0.00000,0.00000,1.00000
-320287.73115,-510313.15257,109.17100,334322696.72034,13.43000,621897.00000,6.13000,0.00000,0.00000,1.00000
-319834.18001,-510702.44836,107.62400,334322696.76657,13.17000,297562.00000,6.65000,0.00000,0.00000,1.00000
-319312.86202,-511103.89538,107.67500,334322696.81280,13.04000,368354.00000,6.12000,0.00000,0.00000,1.00000
-319621.03240,-511356.40397,108.03500,334322696.85903,12.74000,411695.00000,5.96000,0.00000,0.00000,1.00000
-319076.17186,-511762.07646,108.83000,334322696.90525,12.56000,663245.00000,5.46000,0.00000,0.00000,1.00000
-319309.44579,-512028.02897,106.89700,334322696.95148,12.79000,370750.00000,8.50000,0.00000,0.00000,1.00000
-320360.10624,-512147.25707,108.26400,334322696.99771,12.93000,285667.00000,7.56000,0.00000,0.00000,1.00000
-320729.61864,-512388.77363,107.98200,334322697.04394,12.58000,1437078.00000,5.26000,0.00000,0.00000,1.00000
-320580.59649,-512723.37742,106.48500,334322697.09017,12.70000,703977.00000,6.59000,0.00000,0.00000,1.00000
-320795.32782,-512992.67661,105.86500,334322697.13640,12.97000,679535.00000,6.88000,0.00000,0.00000,1.00000
-320140.59789,-513418.05490,106.09400,334322697.18263,13.18000,620566.00000,7.08000,0.00000,0.00000,1.00000
-319731.93613,-513799.24852,106.65500,334322697.22886,13.17000,693060.00000,6.87000,0.00000,0.00000,1.00000
-319228.40875,-514197.46133,109.40600,334322697.27509,13.17000,370366.00000,5.67000,0.00000,0.00000,1.00000
-320378.21506,-514298.95395,109.65100,334322697.32131,13.32000,298489.00000,7.35000,0.00000,0.00000,1.00000
-319712.05465,-514726.34661,108.08000,334322697.36754,13.83000,92354.00000,14.69000,0.00000,0.00000,1.00000
-319607.94589,-515052.87703,107.99500,334322697.41377,12.91000,89700.00000,9.87000,0.00000,0.00000,1.00000
-319311.95739,-515413.82529,107.82000,334322697.46000,12.94000,69615.00000,8.54000,0.00000,0.00000,1.00000
-318996.70996,-515778.22729,108.47900,334322697.50623,12.91000,176324.00000,9.17000,0.00000,0.00000,1.00000
-319078.75746,-516071.35335,108.53200,334322697.55246,12.81000,282690.00000,7.59000,0.00000,0.00000,1.00000
-319297.74682,-516339.90164,108.70200,334322697.59869,12.65000,3123410.00000,4.77000,0.00000,0.00000,1.00000
-319530.28608,-516606.02057,108.67500,334322697.64492,12.42000,860458.00000,5.30000,0.00000,0.00000,1.00000
-319843.42040,-516857.67588,108.51300,334322697.69115,12.32000,509512.00000,4.12000,0.00000,0.00000,1.00000
-320093.79571,-517120.61221,107.93600,334322697.73738,12.45000,931336.00000,6.64000,0.00000,0.00000,1.00000
-319944.72382,-517455.19475,108.53300,334322697.78361,12.29000,780581.00000,6.70000,0.00000,0.00000,1.00000
-319305.61958,-517877.67540,109.33400,334322697.82983,12.28000,543623.00000,7.30000,0.00000,0.00000,1.00000
-319261.39981,-518193.44996,110.79000,334322697.87606,11.92000,511994.00000,4.70000,0.00000,0.00000,1.00000
-319424.01965,-518472.10692,111.80800,334322697.92229,11.94000,886286.00000,6.74000,0.00000,0.00000,1.00000
-319531.72595,-518760.63516,112.76800,334322697.96852,12.04000,660777.00000,6.72000,0.00000,0.00000,1.00000
-319624.44968,-519051.84821,113.91900,334322698.01475,11.83000,260654.00000,7.00000,0.00000,0.00000,1.00000
-319694.33513,-519347.13578,114.79800,334322698.06098,11.62000,248593.00000,7.32000,0.00000,0.00000,1.00000
-319890.48634,-519619.80661,115.13900,334322698.10721,11.72000,222191.00000,9.25000,0.00000,0.00000,1.00000
-320025.28306,-519903.46883,115.78100,334322698.15343,11.39000,267691.00000,7.39000,0.00000,0.00000,1.00000
-319937.52971,-520227.03990,116.64900,334322698.19966,11.19000,160926.00000,6.49000,0.00000,0.00000,1.00000
-319970.31812,-520528.98986,116.94300,334322698.24589,11.22000,233190.00000,7.08000,0.00000,0.00000,1.00000
-320213.53727,-520793.22420,117.01000,334322698.29212,11.61000,108200.00000,9.12000,0.00000,0.00000,1.00000
-320304.10668,-521084.82910,117.41900,334322698.33835,11.64000,152120.00000,8.34000,0.00000,0.00000,1.00000
-320418.20584,-521372.20260,117.54300,334322698.38458,11.29000,135136.00000,9.04000,0.00000,0.00000,1.00000
-320363.96737,-521689.76644,118.62200,334322698.43080,11.02000,135458.00000,5.39000,0.00000,0.00000,1.00000
-320489.48147,-521975.10250,119.77500,334322698.47703,11.10000,392274.00000,4.85000,0.00000,0.00000,1.00000
-320761.93671,-522234.10521,120.33400,334322698.52326,10.97000,729620.00000,4.48000,0.00000,0.00000,1.00000
-321027.96653,-522494.25266,121.31500,334322698.56949,10.89000,986768.00000,5.42000,0.00000,0.00000,1.00000
-321319.67974,-522749.81036,121.98700,334322698.61572,10.86000,298191.00000,7.26000,0.00000,0.00000,1.00000
-321355.30689,-523051.26560,122.78000,334322698.66194,10.49000,245251.00000,6.57000,0.00000,0.00000,1.00000
-321194.76633,-523387.88014,123.62000,334322698.70817,10.15000,282767.00000,7.16000,0.00000,0.00000,1.00000
-321116.97307,-523709.66569,125.10000,334322698.75440,9.90000,258400.00000,4.96000,0.00000,0.00000,1.00000
-321345.19129,-523976.60893,125.85700,334322698.80063,9.93000,300099.00000,5.49000,0.00000,0.00000,1.00000
-321646.88286,-524230.38926,125.91900,334322698.84685,10.14000,397372.00000,5.20000,0.00000,0.00000,1.00000
-322019.90089,-524471.38108,125.26000,334322698.89308,10.37000,211977.00000,5.93000,0.00000,0.00000,1.00000
-322187.48894,-524749.20456,124.43400,334322698.93931,10.72000,154249.00000,7.56000,0.00000,0.00000,1.00000
-321928.49665,-525103.46640,123.91400,334322698.98554,10.98000,86761.00000,7.57000,0.00000,0.00000,1.00000
-321642.38872,-525462.57213,122.79000,334322699.03177,11.24000,267888.00000,10.11000,0.00000,0.00000,1.00000
-321442.60147,-525806.22810,123.83800,334322699.07800,11.36000,470881.00000,5.77000,0.00000,0.00000,1.00000
-321912.63156,-526029.85383,120.08400,334322699.12422,11.34000,2584232.00000,6.06000,0.00000,0.00000,1.00000
-321982.47255,-526325.18490,123.51900,334322699.17045,11.46000,1642681.00000,4.68000,0.00000,0.00000,1.00000
-321970.28315,-526635.22095,120.85600,334322699.21668,11.46000,2811907.00000,4.78000,0.00000,0.00000,1.00000
-322340.44341,-526876.75709,124.36200,334322699.26291,11.41000,465067.00000,4.80000,0.00000,0.00000,1.00000
-322397.44508,-527174.40116,124.68400,334322699.30913,11.47000,290252.00000,5.59000,0.00000,0.00000,1.00000
-322470.85118,-527469.10578,125.40100,334322699.35536,11.28000,1477358.00000,5.19000,0.00000,0.00000,1.00000
-322643.40214,-527746.02999,125.44300,334322699.40159,11.32000,2244551.00000,4.90000,0.00000,0.00000,1.00000
-322861.62158,-528014.80633,126.26600,334322699.44782,11.15000,1451535.00000,3.87000,0.00000,0.00000,1.00000
-323033.46040,-528291.87407,126.01900,334322699.49405,11.36000,1366142.00000,5.04000,0.00000,0.00000,1.00000
-323117.56131,-528584.67116,125.48200,334322699.54027,11.55000,378490.00000,5.14000,0.00000,0.00000,1.00000
-323106.78123,-528894.45997,125.20500,334322699.58650,11.55000,376336.00000,5.88000,0.00000,0.00000,1.00000
-323086.00244,-529206.02398,125.54300,334322699.63273,11.38000,174486.00000,5.89000,0.00000,0.00000,1.00000
-323262.83441,-529482.21767,126.63000,334322699.67896,11.42000,155196.00000,5.19000,0.00000,0.00000,1.00000
-323527.40654,-529742.69743,127.47600,334322699.72519,11.43000,1300901.00000,4.58000,0.00000,0.00000,1.00000
-323890.42984,-529985.55988,128.59700,334322699.77141,11.47000,3971249.00000,4.36000,0.00000,0.00000,1.00000
-323259.71293,-530406.34848,121.98100,334322699.81764,11.41000,1445865.00000,4.68000,0.00000,0.00000,1.00000
-324346.10369,-530519.69436,126.68600,334322699.86387,11.45000,803941.00000,7.51000,0.00000,0.00000,1.00000
-323400.05215,-530996.92802,125.15800,334322699.91010,11.81000,103039.00000,10.67000,0.00000,0.00000,1.00000
-322567.42035,-531453.83794,124.48200,334322699.95632,12.39000,1621375.00000,9.58000,0.00000,0.00000,1.00000
-323267.86669,-531636.29348,124.24100,334322700.00255,12.36000,1407450.00000,9.10000,0.00000,0.00000,1.00000
-323671.54232,-531871.88696,124.28800,334322700.04878,12.08000,688266.00000,6.94000,0.00000,0.00000,1.00000
-324422.64970,-532045.29753,124.98700,334322700.09501,12.35000,1358397.00000,9.28000,0.00000,0.00000,1.00000
-324214.94057,-532390.33698,124.12600,334322700.14123,12.51000,870460.00000,6.95000,0.00000,0.00000,1.00000
-323710.45032,-532788.49636,123.58600,334322700.18746,12.96000,797028.00000,5.32000,0.00000,0.00000,1.00000
-323988.56799,-533046.58870,126.24600,334322700.23369,13.33000,571080.00000,6.20000,0.00000,0.00000,1.00000
-323037.47306,-533524.65776,125.25900,334322700.27992,13.41000,1768820.00000,6.74000,0.00000,0.00000,1.00000
-323585.96301,-533734.34869,124.05400,334322700.32615,13.65000,3835817.00000,6.39000,0.00000,0.00000,1.00000
-324202.23622,-533931.92550,123.31000,334322700.37238,13.78000,3650485.00000,4.86000,0.00000,0.00000,1.00000
-324341.94803,-534214.79023,122.06500,334322700.41860,14.16000,1754868.00000,4.45000,0.00000,0.00000,1.00000
-326569.86269,-534123.96966,124.74700,334322700.46483,14.30000,2208435.00000,5.37000,0.00000,0.00000,1.00000
-327863.18188,-534200.38481,130.13900,334322700.51106,14.66000,1193899.00000,9.21000,0.00000,0.00000,1.00000
-327811.70422,-534517.49454,128.95100,334322700.55729,14.84000,263052.00000,8.33000,0.00000,0.00000,1.00000
-328085.54769,-534776.39047,130.17400,334322700.60352,14.96000,291759.00000,7.80000,0.00000,0.00000,1.00000
-328778.16694,-534960.33485,134.23600,334322700.64974,15.33000,665255.00000,9.45000,0.00000,0.00000,1.00000
-323295.26491,-536249.20836,127.16200,334322700.69597,15.35000,628725.00000,6.73000,0.00000,0.00000,1.00000
-323291.54695,-536557.71030,126.46900,334322700.74220,15.44000,1205451.00000,6.75000,0.00000,0.00000,1.00000
-323486.88399,-536830.62153,126.04800,334322700.78842,15.66000,3453644.00000,5.78000,0.00000,0.00000,1.00000
-323657.95590,-537107.86746,126.09600,334322700.83465,15.61000,2348831.00000,7.11000,0.00000,0.00000,1.00000
-323783.37343,-537393.29501,127.00900,334322700.88088,15.55000,7691579.00000,5.95000,0.00000,0.00000,1.00000
-324509.50855,-537571.27500,124.26600,334322700.92711,15.34000,973406.00000,4.08000,0.00000,0.00000,1.00000
-323931.46359,-537982.52382,131.39200,334322700.97334,15.23000,8885899.00000,4.38000,0.00000,0.00000,1.00000
-326082.36024,-537905.69133,127.56800,334322701.01956,14.97000,2153755.00000,4.38000,0.00000,0.00000,1.00000
-324084.53815,-538570.85909,131.96000,334322701.06579,14.94000,7189590.00000,4.24000,0.00000,0.00000,1.00000
-341819.44904,-520676.18838,138.69300,334441593.38941,10.90000,453123.00000,3.70000,0.00000,0.00000,0.00000
-341500.13274,-519555.81024,136.46500,334441593.52797,11.68000,324417.00000,8.13000,0.00000,0.00000,0.00000
-341222.93912,-519423.21650,136.95300,334441593.57416,12.12000,271208.00000,8.36000,0.00000,0.00000,0.00000
-340880.82433,-519382.20357,137.76700,334441593.62034,12.33000,165711.00000,7.18000,0.00000,0.00000,0.00000
-340717.56919,-519088.90096,137.29200,334441593.66653,12.33000,191522.00000,6.33000,0.00000,0.00000,0.00000
-340471.37499,-518912.57256,137.85600,334441593.71271,12.62000,228339.00000,6.07000,0.00000,0.00000,0.00000
-340188.33112,-518788.24703,139.23500,334441593.75890,12.53000,730027.00000,4.49000,0.00000,0.00000,0.00000
-339867.57895,-518717.07999,140.58600,334441593.80509,12.30000,1173317.00000,3.68000,0.00000,0.00000,0.00000
-339646.10830,-518505.90028,140.46300,334441593.85127,12.48000,1672943.00000,5.70000,0.00000,0.00000,0.00000
-338628.57071,-518370.38918,142.38500,334441593.98983,11.87000,642098.00000,4.08000,0.00000,0.00000,0.00000
-338341.63300,-517204.52209,140.60700,334441594.12839,11.40000,364591.00000,3.57000,0.00000,0.00000,0.00000
-337769.69209,-516964.11145,138.34000,334441594.22076,11.32000,790266.00000,3.48000,0.00000,0.00000,0.00000
-337880.86726,-516283.85247,134.45800,334441594.26695,11.36000,852277.00000,3.12000,0.00000,0.00000,0.00000
-336230.81151,-518087.21613,136.77200,334441594.31313,11.07000,1547974.00000,3.16000,0.00000,0.00000,0.00000
-336017.72130,-517864.20345,134.26500,334441594.35932,10.92000,1172828.00000,3.76000,0.00000,0.00000,0.00000
-335802.95827,-517643.54266,132.78400,334441594.40551,10.82000,393615.00000,3.50000,0.00000,0.00000,0.00000
-336887.81860,-515590.32553,126.81900,334441594.45169,10.48000,4167808.00000,3.03000,0.00000,0.00000,0.00000
-336796.25283,-515195.98851,126.99000,334441594.49788,10.14000,7189739.00000,2.84000,0.00000,0.00000,0.00000
-335164.55940,-516973.31771,125.94100,334441594.54407,10.12000,907189.00000,3.13000,0.00000,0.00000,0.00000
-334986.25317,-516701.25146,124.00700,334441594.59025,10.76000,539982.00000,4.51000,0.00000,0.00000,0.00000
-334785.75455,-516460.51043,122.36000,334441594.63644,11.35000,1046019.00000,4.51000,0.00000,0.00000,0.00000
-334646.42612,-516133.51941,119.17300,334441594.68263,11.14000,661762.00000,3.66000,0.00000,0.00000,0.00000
-334519.67440,-515788.81221,115.55900,334441594.72882,11.06000,200468.00000,4.37000,0.00000,0.00000,0.00000
-334340.13056,-515518.52645,113.46500,334441594.77500,10.74000,631178.00000,4.10000,0.00000,0.00000,0.00000
-338234.15193,-509504.62217,170.09300,334441594.82119,10.28000,846745.00000,3.67000,0.00000,0.00000,0.00000
-337991.80374,-509322.97894,169.56700,334441594.86738,10.21000,1216726.00000,3.36000,0.00000,0.00000,0.00000
-337829.47449,-509028.50677,169.21500,334441594.91357,10.28000,1314619.00000,3.67000,0.00000,0.00000,0.00000
-333918.64493,-514019.10263,110.18000,334441594.95975,10.51000,775612.00000,3.13000,0.00000,0.00000,0.00000
-333559.78281,-514001.65723,108.39400,334441595.00594,10.76000,2808606.00000,2.90000,0.00000,0.00000,0.00000
-333077.72857,-514157.87525,108.08900,334441595.05213,11.19000,978949.00000,4.23000,0.00000,0.00000,0.00000
-332724.55489,-513609.00487,108.37400,334441595.14451,11.55000,2014569.00000,3.88000,0.00000,0.00000,0.00000
-331270.50279,-513041.94202,110.30700,334441595.37545,12.13000,494365.00000,3.84000,0.00000,0.00000,0.00000
-330921.70445,-513010.28418,111.22300,334441595.42164,12.18000,728559.00000,4.08000,0.00000,0.00000,0.00000
-330613.96551,-512920.71378,112.27300,334441595.46782,12.30000,560389.00000,4.74000,0.00000,0.00000,0.00000
-330288.21469,-512856.55747,113.42700,334441595.51401,12.35000,558629.00000,4.35000,0.00000,0.00000,0.00000
-331939.97088,-510004.95897,124.42100,334441595.56020,12.36000,467025.00000,4.12000,0.00000,0.00000,0.00000
-331764.67410,-509728.76319,125.75200,334441595.60639,12.36000,794016.00000,4.21000,0.00000,0.00000,0.00000
-331453.05790,-509121.44029,128.63000,334441595.69877,11.97000,779075.00000,3.85000,0.00000,0.00000,0.00000
-331225.80402,-508918.47865,129.73500,334441595.74496,12.04000,692626.00000,4.77000,0.00000,0.00000,0.00000
-331016.15158,-508690.70898,130.83300,334441595.79115,12.24000,1301047.00000,6.19000,0.00000,0.00000,0.00000
-330911.68798,-508314.70055,132.76100,334441595.83734,12.45000,925080.00000,5.35000,0.00000,0.00000,0.00000
-331101.80755,-507523.46517,135.83600,334441595.88353,12.56000,614397.00000,5.29000,0.00000,0.00000,0.00000
-330911.44699,-507268.54097,137.15900,334441595.92971,12.93000,392464.00000,6.58000,0.00000,0.00000,0.00000
-330465.77890,-506850.22824,138.86900,334441596.02209,13.33000,181275.00000,9.09000,0.00000,0.00000,0.00000
-312839.96912,-501603.67636,152.15500,334495348.52326,11.21000,226033.00000,7.90000,0.00000,0.00000,1.00000
-312786.07137,-501919.84004,150.49800,334495348.56954,11.33000,185818.00000,7.24000,0.00000,0.00000,1.00000
-312838.07129,-502218.61737,149.47500,334495348.61582,11.50000,217640.00000,8.23000,0.00000,0.00000,1.00000
-312886.49158,-502517.98221,148.37600,334495348.66209,11.44000,160596.00000,6.37000,0.00000,0.00000,1.00000
-312870.51221,-502827.92393,146.98000,334495348.70837,11.26000,295275.00000,5.58000,0.00000,0.00000,1.00000
-312810.87684,-503145.02184,145.22600,334495348.75465,11.27000,374522.00000,5.96000,0.00000,0.00000,1.00000
-312824.23187,-503450.14927,143.68500,334495348.80092,11.44000,267533.00000,5.87000,0.00000,0.00000,1.00000
-312652.96651,-503785.57786,141.20600,334495348.84720,11.47000,288135.00000,6.47000,0.00000,0.00000,1.00000
-312494.57714,-504118.89162,138.83200,334495348.89348,11.53000,234838.00000,4.76000,0.00000,0.00000,1.00000
-312441.37442,-504434.94318,137.13600,334495348.93975,11.71000,259742.00000,4.18000,0.00000,0.00000,1.00000
-312500.51467,-504732.55114,135.31300,334495348.98603,11.85000,261132.00000,4.44000,0.00000,0.00000,1.00000
-312488.09483,-505041.90736,133.74300,334495349.03231,11.85000,254657.00000,4.52000,0.00000,0.00000,1.00000
-312598.74810,-505331.05098,131.76100,334495349.07858,11.82000,325510.00000,4.79000,0.00000,0.00000,1.00000
-312602.06966,-505637.83055,129.94500,334495349.12486,11.98000,418705.00000,4.17000,0.00000,0.00000,1.00000
-312571.75764,-505950.12203,126.92800,334495349.17114,12.11000,1168995.00000,5.31000,0.00000,0.00000,1.00000
-312558.60546,-506259.58060,124.08400,334495349.21742,12.20000,642058.00000,5.08000,0.00000,0.00000,1.00000
-312614.87726,-506557.66897,121.42200,334495349.26369,12.15000,557993.00000,5.66000,0.00000,0.00000,1.00000
-312797.80441,-506834.97174,119.80500,334495349.30997,12.14000,1056724.00000,4.59000,0.00000,0.00000,1.00000
-313030.82469,-507104.05671,118.12900,334495349.35625,12.26000,2453661.00000,4.39000,0.00000,0.00000,1.00000
-313327.54888,-507362.69731,113.95400,334495349.40253,12.25000,2028153.00000,4.42000,0.00000,0.00000,1.00000
-313229.95450,-507686.03752,110.78600,334495349.44880,12.26000,476745.00000,5.34000,0.00000,0.00000,1.00000
-312257.12769,-508152.94200,104.34300,334495349.49508,12.51000,460665.00000,6.49000,0.00000,0.00000,1.00000
-311323.63193,-508613.36166,102.42400,334495349.54136,12.51000,4980487.00000,4.76000,0.00000,0.00000,1.00000
-311225.29392,-508936.80164,99.93000,334495349.58764,12.44000,2862047.00000,4.67000,0.00000,0.00000,1.00000
-311073.98591,-509268.91968,101.21800,334495349.63392,12.26000,4657133.00000,3.98000,0.00000,0.00000,1.00000
-310685.08650,-509640.01149,103.03600,334495349.68019,12.29000,3021319.00000,4.42000,0.00000,0.00000,1.00000
-310371.32222,-509998.76233,102.62500,334495349.72647,12.29000,3621773.00000,5.61000,0.00000,0.00000,1.00000
-310040.37727,-510360.32163,105.16400,334495349.77275,12.36000,448832.00000,6.99000,0.00000,0.00000,1.00000
-310961.10837,-510516.66178,105.51500,334495349.81903,12.61000,191508.00000,7.67000,0.00000,0.00000,1.00000
-311944.81096,-510662.67352,109.27900,334495349.86531,12.55000,815742.00000,5.66000,0.00000,0.00000,1.00000
-311723.36029,-511006.30744,110.83300,334495349.91158,12.29000,1638963.00000,4.96000,0.00000,0.00000,1.00000
-311547.70417,-511342.42146,112.92000,334495349.95786,12.10000,2935549.00000,4.25000,0.00000,0.00000,1.00000
-310877.52609,-511759.59581,119.04000,334495350.00414,11.89000,296392.00000,3.11000,0.00000,0.00000,1.00000
-310364.08443,-512151.06831,122.39300,334495350.05042,11.90000,339198.00000,4.06000,0.00000,0.00000,1.00000
-310219.90918,-512481.99652,123.72500,334495350.09670,11.70000,115398.00000,4.07000,0.00000,0.00000,1.00000
-309604.12414,-512890.22754,125.04000,334495350.14298,11.24000,376232.00000,4.81000,0.00000,0.00000,1.00000
-309419.14974,-513227.83100,125.92700,334495350.18925,10.72000,2412304.00000,2.54000,0.00000,0.00000,1.00000
-314064.96199,-512773.70241,106.28400,334495350.23553,10.23000,3497861.00000,2.21000,0.00000,0.00000,1.00000
-309473.55943,-513833.49868,119.23700,334495350.28181,9.71000,3363479.00000,2.24000,0.00000,0.00000,1.00000
-309890.44438,-514072.48634,114.45900,334495350.32809,9.68000,1930912.00000,3.46000,0.00000,0.00000,1.00000
-309978.83933,-514365.29780,111.69900,334495350.37437,10.05000,603644.00000,5.51000,0.00000,0.00000,1.00000
-310475.16713,-514591.26490,109.81100,334495350.42064,10.17000,316359.00000,7.50000,0.00000,0.00000,1.00000
-310895.64538,-514829.68143,109.75500,334495350.46692,10.27000,263164.00000,5.22000,0.00000,0.00000,1.00000
-310935.37231,-515130.47249,109.66300,334495350.51320,10.63000,249855.00000,7.16000,0.00000,0.00000,1.00000
-310939.31413,-515437.13064,109.64100,334495350.55948,10.66000,175391.00000,5.92000,0.00000,0.00000,1.00000
-310765.04548,-515772.98306,110.06700,334495350.60576,11.30000,284887.00000,6.60000,0.00000,0.00000,1.00000
-310765.40743,-516080.23077,111.25500,334495350.65203,11.93000,458126.00000,6.21000,0.00000,0.00000,1.00000
-310901.02459,-516365.30750,111.87400,334495350.69831,12.43000,786739.00000,5.97000,0.00000,0.00000,1.00000
-310932.15620,-516667.51786,112.14100,334495350.74459,12.61000,245983.00000,9.89000,0.00000,0.00000,1.00000
-310851.63491,-516988.00969,112.92700,334495350.79087,13.30000,284722.00000,9.52000,0.00000,0.00000,1.00000
-310930.70811,-517282.35599,114.11100,334495350.83715,13.50000,201885.00000,7.78000,0.00000,0.00000,1.00000
-311006.20599,-517577.30057,115.03000,334495350.88342,13.62000,143821.00000,8.93000,0.00000,0.00000,1.00000
-311109.60881,-517867.66357,115.57500,334495350.92970,13.61000,244657.00000,8.53000,0.00000,0.00000,1.00000
-311166.49414,-518165.65795,116.16300,334495350.97598,13.62000,376941.00000,6.80000,0.00000,0.00000,1.00000
-311394.42936,-518435.63752,116.85700,334495351.02226,13.94000,144618.00000,6.59000,0.00000,0.00000,1.00000
-311598.74334,-518709.48682,116.77700,334495351.06854,13.96000,159197.00000,9.49000,0.00000,0.00000,1.00000
-311596.21980,-519017.21351,117.12800,334495351.11481,14.07000,195483.00000,8.89000,0.00000,0.00000,1.00000
-311545.01920,-519332.89944,117.62300,334495351.16109,14.08000,198005.00000,8.87000,0.00000,0.00000,1.00000
-311573.26119,-519635.57785,117.77000,334495351.20737,14.29000,226119.00000,11.75000,0.00000,0.00000,1.00000
-311494.14919,-519955.84350,117.99700,334495351.25365,14.12000,76775.00000,10.87000,0.00000,0.00000,1.00000
-311354.91298,-520285.94704,118.86300,334495351.29993,14.17000,87998.00000,9.96000,0.00000,0.00000,1.00000
-311083.97091,-520637.59014,119.89600,334495351.34620,14.26000,184524.00000,8.94000,0.00000,0.00000,1.00000
-310763.65503,-520997.33491,121.48300,334495351.39248,14.48000,155310.00000,9.43000,0.00000,0.00000,1.00000
-310549.25277,-521339.72113,122.72200,334495351.43876,14.64000,98788.00000,12.19000,0.00000,0.00000,1.00000
-310307.65689,-521686.56862,123.79500,334495351.48504,14.28000,79494.00000,10.34000,0.00000,0.00000,1.00000
-310527.68800,-521957.83746,123.41900,334495351.53131,14.34000,57849.00000,12.19000,0.00000,0.00000,1.00000
-311326.03114,-522134.48062,121.21900,334495351.57759,14.69000,91867.00000,15.25000,0.00000,0.00000,1.00000
-311896.06256,-522348.49303,121.04000,334495351.62387,14.28000,238682.00000,8.89000,0.00000,0.00000,1.00000
-311944.32609,-522647.90650,121.20200,334495351.67015,14.26000,325767.00000,8.40000,0.00000,0.00000,1.00000
-312102.09180,-522929.39681,121.36300,334495351.71643,14.49000,683753.00000,8.41000,0.00000,0.00000,1.00000
-312143.19619,-523229.98810,121.72200,334495351.76270,14.55000,515656.00000,6.86000,0.00000,0.00000,1.00000
-312322.43491,-523507.97556,121.53800,334495351.80898,14.42000,331393.00000,7.05000,0.00000,0.00000,1.00000
-312352.07753,-523810.43388,122.03700,334495351.85526,14.59000,100304.00000,9.58000,0.00000,0.00000,1.00000
-312573.54191,-524081.51500,122.63400,334495351.90154,14.60000,266924.00000,7.18000,0.00000,0.00000,1.00000
-312926.69653,-524331.04518,122.97300,334495351.94782,14.79000,536307.00000,6.60000,0.00000,0.00000,1.00000
-313231.19086,-524588.55767,123.44900,334495351.99409,14.79000,630576.00000,7.39000,0.00000,0.00000,1.00000
-313510.62182,-524850.15256,123.19900,334495352.04037,14.64000,438092.00000,9.31000,0.00000,0.00000,1.00000
-313213.87773,-525206.02574,123.08000,334495352.08665,14.71000,178118.00000,10.41000,0.00000,0.00000,1.00000
-313073.87394,-525536.24196,123.74300,334495352.13293,14.59000,98033.00000,9.65000,0.00000,0.00000,1.00000
-313025.48783,-525851.47625,124.74100,334495352.17921,14.32000,198075.00000,7.87000,0.00000,0.00000,1.00000
-312950.61160,-526171.03565,125.75000,334495352.22548,14.63000,206209.00000,9.62000,0.00000,0.00000,1.00000
-312892.19986,-526487.90811,126.49100,334495352.27176,14.44000,162418.00000,8.92000,0.00000,0.00000,1.00000
-312964.76465,-526783.34261,126.88400,334495352.31804,14.18000,278131.00000,6.69000,0.00000,0.00000,1.00000
-313126.08862,-527064.28132,126.56800,334495352.36432,14.05000,511470.00000,6.58000,0.00000,0.00000,1.00000
-313315.32344,-527340.64758,124.51600,334495352.41059,13.96000,560886.00000,6.27000,0.00000,0.00000,1.00000
-313263.33757,-527656.45575,122.75000,334495352.45687,13.90000,305667.00000,6.36000,0.00000,0.00000,1.00000
-313014.51758,-528004.45967,122.52800,334495352.50315,14.19000,311173.00000,7.75000,0.00000,0.00000,1.00000
-313057.72828,-528304.71153,122.73400,334495352.54943,14.28000,261609.00000,6.84000,0.00000,0.00000,1.00000
-312951.33754,-528629.41984,122.89800,334495352.59570,14.09000,273867.00000,7.42000,0.00000,0.00000,1.00000
-312596.56164,-528994.72466,123.74800,334495352.64198,13.95000,233287.00000,8.49000,0.00000,0.00000,1.00000
-312247.51642,-529359.10147,124.93200,334495352.68826,14.07000,213872.00000,6.15000,0.00000,0.00000,1.00000
-311979.34804,-529710.23849,126.48800,334495352.73454,14.03000,857034.00000,4.74000,0.00000,0.00000,1.00000
-311757.70794,-530053.77192,129.28000,334495352.78081,13.99000,3073889.00000,3.45000,0.00000,0.00000,1.00000
-312456.55686,-530246.85514,124.45200,334495352.82709,13.88000,5057982.00000,2.81000,0.00000,0.00000,1.00000
-312241.35872,-530589.33559,129.74100,334495352.87337,13.91000,1488109.00000,3.49000,0.00000,0.00000,1.00000
-312543.65986,-530847.23265,127.94100,334495352.91965,14.05000,2861368.00000,4.50000,0.00000,0.00000,1.00000
-312855.27319,-531103.62071,126.82400,334495352.96592,14.05000,1151305.00000,4.73000,0.00000,0.00000,1.00000
-313250.63355,-531346.32277,125.63600,334495353.01220,13.75000,784184.00000,5.36000,0.00000,0.00000,1.00000
-313873.62196,-531551.83161,125.22700,334495353.05848,13.70000,324489.00000,5.55000,0.00000,0.00000,1.00000
-314532.40606,-531751.49697,124.86200,334495353.10476,13.69000,270473.00000,6.19000,0.00000,0.00000,1.00000
-314915.60230,-531996.20341,124.75400,334495353.15103,14.12000,584378.00000,5.55000,0.00000,0.00000,1.00000
-314750.48735,-532330.50723,120.79500,334495353.19731,14.84000,898702.00000,10.41000,0.00000,0.00000,1.00000
-312586.78646,-532991.32780,123.07300,334495353.24359,14.95000,160429.00000,14.56000,0.00000,0.00000,1.00000
-312037.98101,-533388.29004,125.95100,334495353.28986,14.52000,1108180.00000,9.99000,0.00000,0.00000,1.00000
-312377.50387,-533640.12960,127.14200,334495353.33614,13.67000,2550877.00000,5.24000,0.00000,0.00000,1.00000
-312258.90092,-533966.80537,131.22000,334495353.38242,13.04000,1841197.00000,4.45000,0.00000,0.00000,1.00000
-312556.90414,-534225.44520,132.51400,334495353.42870,12.34000,560387.00000,3.57000,0.00000,0.00000,1.00000
-314035.29012,-534291.27553,127.82300,334495353.47497,12.09000,2725970.00000,3.14000,0.00000,0.00000,1.00000
-313356.18538,-534709.51366,129.57800,334495353.52125,11.84000,1489575.00000,2.65000,0.00000,0.00000,1.00000
-313699.98632,-534960.66202,128.14000,334495353.56753,11.74000,1552080.00000,2.74000,0.00000,0.00000,1.00000
-313569.91693,-535289.22146,129.97000,334495353.61380,11.85000,510454.00000,2.53000,0.00000,0.00000,1.00000
-313319.58371,-535637.41283,132.56900,334495353.66008,11.71000,587538.00000,3.20000,0.00000,0.00000,1.00000
-313129.37641,-535975.78695,133.05300,334495353.70636,11.76000,1267772.00000,3.95000,0.00000,0.00000,1.00000
-312727.99070,-536348.63027,134.83800,334495353.75264,12.15000,913598.00000,5.12000,0.00000,0.00000,1.00000
-312820.52985,-536640.82836,134.59500,334495353.79891,12.34000,975658.00000,5.80000,0.00000,0.00000,1.00000
-312725.51355,-536963.63285,136.51400,334495353.84519,12.19000,1267827.00000,4.29000,0.00000,0.00000,1.00000
-313142.33293,-537202.90361,136.49000,334495353.89147,12.12000,1962278.00000,2.68000,0.00000,0.00000,1.00000
-313437.45078,-537462.03058,136.66000,334495353.93774,12.06000,2635139.00000,2.30000,0.00000,0.00000,1.00000
-313824.19049,-537706.20115,135.18600,334495353.98402,11.99000,1259029.00000,2.27000,0.00000,0.00000,1.00000
-338484.21352,-527526.97794,143.72800,334614246.49308,9.67000,2248587.00000,4.50000,0.00000,0.00000,0.00000
-339303.44014,-525894.57990,77.17900,334614246.53932,9.73000,289093.00000,3.93000,0.00000,0.00000,0.00000
-341816.09584,-521948.39613,146.72400,334614246.58555,9.65000,336817.00000,4.50000,0.00000,0.00000,0.00000
-337662.34442,-527110.45291,144.24100,334614246.63178,9.80000,2330924.00000,4.32000,0.00000,0.00000,0.00000
-335191.15239,-529973.29258,153.23600,334614246.67801,10.47000,2551783.00000,3.90000,0.00000,0.00000,0.00000
-337067.48691,-526896.89455,144.66300,334614246.72424,10.90000,896671.00000,3.50000,0.00000,0.00000,0.00000
-336820.79196,-526720.80641,144.85500,334614246.77047,11.17000,562228.00000,3.53000,0.00000,0.00000,0.00000
-336593.35649,-526518.39651,143.91900,334614246.81670,11.52000,1037593.00000,4.24000,0.00000,0.00000,0.00000
-336429.29589,-526229.44661,142.31400,334614246.86293,11.60000,2328136.00000,4.34000,0.00000,0.00000,0.00000
-337012.71923,-524919.35029,141.92800,334614246.90916,10.78000,1569511.00000,3.82000,0.00000,0.00000,0.00000
-337602.56867,-523600.50934,144.08900,334614246.95539,10.14000,958829.00000,2.78000,0.00000,0.00000,0.00000
-336950.04012,-523978.84128,152.44600,334614247.00163,9.80000,832777.00000,2.95000,0.00000,0.00000,0.00000
-337237.65013,-523072.91551,154.05900,334614247.04786,9.32000,417255.00000,4.56000,0.00000,0.00000,0.00000
-335433.88736,-525023.82629,132.26700,334614247.09409,8.83000,1470227.00000,4.14000,0.00000,0.00000,0.00000
-332477.05779,-528549.55494,162.12500,334614247.14032,8.39000,1695012.00000,3.29000,0.00000,0.00000,0.00000
-335420.48834,-524016.05360,133.99500,334614247.18655,7.94000,975188.00000,3.61000,0.00000,0.00000,0.00000
-334757.23267,-524408.97314,137.61500,334614247.23278,7.88000,2170822.00000,3.32000,0.00000,0.00000,0.00000
-336543.36547,-521456.21747,141.75000,334614247.27901,8.02000,722203.00000,3.95000,0.00000,0.00000,0.00000
-336733.81623,-520683.07069,150.30300,334614247.32524,8.05000,1272298.00000,6.02000,0.00000,0.00000,0.00000
-336549.67187,-520421.61400,151.63900,334614247.37147,8.04000,1067475.00000,5.63000,0.00000,0.00000,0.00000
-336580.45049,-519866.60795,155.42700,334614247.41771,7.73000,815378.00000,4.96000,0.00000,0.00000,0.00000
-336430.98127,-519557.78584,158.33400,334614247.46394,7.61000,147291.00000,2.88000,0.00000,0.00000,0.00000
-333364.98196,-523232.48122,128.64700,334614247.51017,7.80000,3342441.00000,3.24000,0.00000,0.00000,0.00000
-331450.50789,-524821.13151,138.03200,334614247.60264,8.19000,1671417.00000,3.51000,0.00000,0.00000,0.00000
-335389.69321,-518928.20802,134.24600,334614247.64887,8.74000,913615.00000,4.47000,0.00000,0.00000,0.00000
-335275.79272,-518570.83610,133.98500,334614247.69510,8.95000,1029584.00000,3.85000,0.00000,0.00000,0.00000
-335325.45513,-517990.07249,134.35700,334614247.74133,9.21000,916292.00000,3.82000,0.00000,0.00000,0.00000
-335120.36778,-517757.23665,130.62500,334614247.78756,9.61000,2540669.00000,3.73000,0.00000,0.00000,0.00000
-333571.66446,-519359.41974,113.61200,334614247.83380,10.15000,3409329.00000,4.48000,0.00000,0.00000,0.00000
-333832.00390,-518490.92957,114.99200,334614247.88003,10.95000,1368050.00000,5.51000,0.00000,0.00000,0.00000
-333788.76344,-518037.05935,115.42600,334614247.92626,11.59000,2152940.00000,5.69000,0.00000,0.00000,0.00000
-333439.36897,-518001.28809,112.78900,334614247.97250,12.28000,2898972.00000,6.99000,0.00000,0.00000,0.00000
-333093.40371,-517960.84891,110.42100,334614248.01873,12.53000,584166.00000,7.90000,0.00000,0.00000,0.00000
-332168.91364,-518710.41534,105.64200,334614248.06496,12.13000,453657.00000,7.15000,0.00000,0.00000,0.00000
-330573.78935,-520375.70732,103.19700,334614248.11120,11.74000,701816.00000,8.30000,0.00000,0.00000,0.00000
-330401.23178,-520098.41850,102.86900,334614248.15743,11.82000,1825746.00000,7.62000,0.00000,0.00000,0.00000
-329598.29710,-520681.87158,104.43900,334614248.20367,12.05000,1273883.00000,8.24000,0.00000,0.00000,0.00000
-328402.65365,-521801.51719,111.94400,334614248.24990,12.40000,347505.00000,8.64000,0.00000,0.00000,0.00000
-328656.20051,-520942.39514,108.18800,334614248.29613,12.93000,462431.00000,9.25000,0.00000,0.00000,0.00000
-328787.26700,-520250.50728,105.23100,334614248.34237,13.63000,1347634.00000,9.39000,0.00000,0.00000,0.00000
-328823.69462,-519687.84136,104.51900,334614248.38860,13.63000,294522.00000,9.66000,0.00000,0.00000,0.00000
-329039.14879,-518880.77852,103.60900,334614248.43484,13.92000,100166.00000,12.55000,0.00000,0.00000,0.00000
-329322.26369,-517981.31879,104.19500,334614248.48107,13.99000,169486.00000,13.29000,0.00000,0.00000,0.00000
-329768.55340,-516859.09881,106.46500,334614248.52731,14.32000,180339.00000,12.68000,0.00000,0.00000,0.00000
-329887.22326,-516184.19232,109.38100,334614248.57354,14.09000,403210.00000,10.60000,0.00000,0.00000,0.00000
-329331.83359,-516429.63855,107.64000,334614248.61978,13.52000,1283582.00000,8.89000,0.00000,0.00000,0.00000
-328911.34009,-516490.89199,107.73800,334614248.66601,13.15000,1932657.00000,6.82000,0.00000,0.00000,0.00000
-328283.56216,-516835.13831,106.22500,334614248.71225,12.89000,1504649.00000,5.73000,0.00000,0.00000,0.00000
-328309.75274,-516286.53597,107.10400,334614248.75848,12.48000,1629910.00000,5.44000,0.00000,0.00000,0.00000
-328310.68285,-515772.43779,107.79900,334614248.80472,12.20000,895622.00000,6.89000,0.00000,0.00000,0.00000
-328052.51060,-515612.08422,107.50400,334614248.85095,12.43000,626919.00000,8.47000,0.00000,0.00000,0.00000
-327567.77379,-515761.01829,106.64900,334614248.89719,12.26000,446413.00000,6.42000,0.00000,0.00000,0.00000
-327266.76647,-515659.11768,106.82300,334614248.94342,12.02000,375239.00000,5.09000,0.00000,0.00000,0.00000
-327062.12906,-515425.66697,108.05600,334614248.98966,12.03000,1773889.00000,4.23000,0.00000,0.00000,0.00000
-326645.48876,-515481.63043,108.71700,334614249.03589,12.30000,5302725.00000,3.55000,0.00000,0.00000,0.00000
-325825.82330,-516087.77289,113.02600,334614249.08213,12.55000,2465166.00000,4.94000,0.00000,0.00000,0.00000
-325537.23768,-515968.90111,112.12300,334614249.12836,12.73000,153775.00000,7.24000,0.00000,0.00000,0.00000
-325390.42426,-515656.50597,111.40700,334614249.17460,12.83000,335146.00000,7.61000,0.00000,0.00000,0.00000
-325342.13142,-515209.64996,110.33700,334614249.22083,13.07000,94537.00000,9.09000,0.00000,0.00000,0.00000
-325643.77058,-514285.12617,111.04600,334614249.26707,13.44000,459931.00000,9.50000,0.00000,0.00000,0.00000
-325553.93661,-513894.97611,110.67700,334614249.31330,13.11000,1019488.00000,6.42000,0.00000,0.00000,0.00000
-324852.90272,-514339.12202,107.09000,334614249.35954,12.90000,2073224.00000,5.83000,0.00000,0.00000,0.00000
-324711.67084,-514019.12471,106.35600,334614249.40577,13.18000,958821.00000,8.05000,0.00000,0.00000,0.00000
-324710.08679,-513508.54923,108.48700,334614249.45201,13.36000,346299.00000,6.77000,0.00000,0.00000,0.00000
-323940.07879,-514046.80418,106.86100,334614249.49824,13.59000,562797.00000,8.61000,0.00000,0.00000,0.00000
-323598.82268,-513999.82891,108.33900,334614249.54448,13.58000,1227162.00000,6.39000,0.00000,0.00000,0.00000
-323235.72115,-513982.66745,107.74800,334614249.59071,13.49000,2812208.00000,5.52000,0.00000,0.00000,0.00000
-323416.62149,-513223.03303,105.42000,334614249.63695,13.14000,1609449.00000,5.65000,0.00000,0.00000,0.00000
-322726.25988,-513652.51560,113.40000,334614249.68319,12.90000,6525149.00000,5.18000,0.00000,0.00000,0.00000
-322767.52813,-513083.46960,106.45700,334614249.72942,12.72000,399724.00000,5.55000,0.00000,0.00000,0.00000
-322494.80920,-512942.94034,107.22600,334614249.77566,12.43000,708980.00000,5.71000,0.00000,0.00000,0.00000
-322064.89293,-513016.97370,110.76400,334614249.82190,12.31000,1747575.00000,6.13000,0.00000,0.00000,0.00000
-321971.66625,-512631.49770,108.94300,334614249.86813,12.81000,839437.00000,5.24000,0.00000,0.00000,0.00000
-322231.84006,-511763.72384,108.98800,334614249.91437,13.36000,1605270.00000,5.69000,0.00000,0.00000,0.00000
-320662.87242,-513392.17148,103.91700,334614249.96060,13.82000,1653188.00000,9.24000,0.00000,0.00000,0.00000
-320019.17740,-513757.89148,105.15900,334614250.00684,13.98000,617411.00000,9.28000,0.00000,0.00000,0.00000
-319542.53986,-513895.59311,106.59500,334614250.05307,13.80000,1490786.00000,7.53000,0.00000,0.00000,0.00000
-320386.65639,-512231.05655,105.06400,334614250.09931,14.01000,2388181.00000,7.49000,0.00000,0.00000,0.00000
-321378.96903,-510364.25829,110.41200,334614250.14555,13.94000,1530145.00000,7.52000,0.00000,0.00000,0.00000
-321616.04544,-509528.09657,114.65500,334614250.19178,13.56000,935260.00000,10.13000,0.00000,0.00000,0.00000
-320146.87879,-511020.25647,108.33400,334614250.23802,13.29000,291036.00000,10.19000,0.00000,0.00000,0.00000
-319183.59927,-511822.02415,107.75200,334614250.28426,13.19000,1121992.00000,10.11000,0.00000,0.00000,0.00000
-318625.58121,-512070.78784,109.94000,334614250.33049,12.79000,1777917.00000,7.47000,0.00000,0.00000,0.00000
-320582.28266,-508888.23083,116.81700,334614250.37673,12.40000,938745.00000,7.14000,0.00000,0.00000,0.00000
-320441.12303,-508568.25383,118.89900,334614250.42296,12.40000,635684.00000,7.30000,0.00000,0.00000,0.00000
-320005.64999,-508649.84603,120.17500,334614250.46920,12.16000,723677.00000,6.90000,0.00000,0.00000,0.00000
-319643.86599,-508630.89414,120.44800,334614250.51543,12.30000,407081.00000,8.36000,0.00000,0.00000,0.00000
-319854.84678,-507830.41843,124.94300,334614250.56167,12.09000,492241.00000,8.34000,0.00000,0.00000,0.00000
-318410.48650,-509288.54151,113.68700,334614250.60791,11.78000,3109770.00000,5.39000,0.00000,0.00000,0.00000
-319356.62702,-507485.04510,127.24100,334614250.65414,11.75000,7212710.00000,4.57000,0.00000,0.00000,0.00000
-319200.91959,-507184.93827,128.42000,334614250.70038,11.90000,4159918.00000,5.57000,0.00000,0.00000,0.00000
-319243.56021,-506614.19848,131.59400,334614250.74661,12.03000,264256.00000,5.66000,0.00000,0.00000,0.00000
-319185.09994,-506181.41728,135.37900,334614250.79285,12.07000,165727.00000,4.09000,0.00000,0.00000,0.00000
-316383.87535,-509490.56796,105.46400,334614250.83909,11.95000,2137389.00000,4.40000,0.00000,0.00000,0.00000
-316235.45318,-509180.49926,106.33000,334614250.88532,12.06000,2332355.00000,4.78000,0.00000,0.00000,0.00000
-315874.50808,-509160.32496,107.82500,334614250.93156,11.92000,436930.00000,5.57000,0.00000,0.00000,0.00000
-315527.28513,-509121.45684,110.13500,334614250.97779,11.95000,565119.00000,4.93000,0.00000,0.00000,0.00000
-315262.32058,-508970.35485,111.07900,334614251.02403,11.81000,456970.00000,3.85000,0.00000,0.00000,0.00000
-314798.12711,-509091.05487,109.05500,334614251.07027,11.63000,776139.00000,4.42000,0.00000,0.00000,0.00000
-317888.30989,-504362.98893,147.42600,334614251.11650,11.84000,225871.00000,5.06000,0.00000,0.00000,0.00000
-317793.46698,-503979.89290,149.40800,334614251.16274,12.13000,139701.00000,5.28000,0.00000,0.00000,0.00000
-317780.44890,-503485.16002,152.87600,334614251.20897,12.21000,244476.00000,6.13000,0.00000,0.00000,0.00000
-309578.22212,-514160.79047,182.58300,334614251.25521,12.03000,341339.00000,5.75000,0.00000,0.00000,0.00000
-309203.54324,-514159.24262,185.45700,334614251.30145,11.97000,354603.00000,4.97000,0.00000,0.00000,0.00000
-316776.18574,-503317.72066,149.45700,334614251.34768,12.30000,930090.00000,4.70000,0.00000,0.00000,0.00000
-316431.57575,-503275.34889,148.88500,334614251.39392,12.45000,287514.00000,4.55000,0.00000,0.00000,0.00000
-307823.11591,-513991.65504,199.09400,334614251.48639,11.61000,202167.00000,4.40000,0.00000,0.00000,0.00000
-315985.56605,-502346.42055,158.04500,334614251.53263,11.18000,172762.00000,5.02000,0.00000,0.00000,0.00000
-315678.65836,-502252.59921,158.08300,334614251.57886,11.10000,367368.00000,5.05000,0.00000,0.00000,0.00000
-315370.47629,-502160.54538,158.05100,334614251.62510,10.87000,186166.00000,6.65000,0.00000,0.00000,0.00000
-315084.15055,-502038.69393,158.91900,334614251.67133,10.54000,279125.00000,6.14000,0.00000,0.00000,0.00000
-314675.27542,-502083.95107,157.38500,334614251.71757,10.60000,111696.00000,7.07000,0.00000,0.00000,0.00000
-314283.11978,-502106.43396,156.38000,334614251.76380,10.60000,581672.00000,8.07000,0.00000,0.00000,0.00000
-314110.33088,-501829.68299,156.98400,334614251.81004,10.69000,130763.00000,9.17000,0.00000,0.00000,0.00000
-313872.42250,-501641.76524,157.05100,334614251.85628,10.78000,145356.00000,9.33000,0.00000,0.00000,0.00000
-313664.93856,-501412.35920,157.65200,334614251.90251,10.70000,245411.00000,5.63000,0.00000,0.00000,0.00000
-306578.87940,-507488.69744,95.32400,334614252.22616,10.46000,896295.00000,2.59000,0.00000,0.00000,0.00000
-306040.48335,-507710.38568,96.02600,334614252.27240,10.32000,1392342.00000,3.22000,0.00000,0.00000,0.00000
-305769.53675,-507567.38759,96.22600,334614252.31864,9.28000,733826.00000,3.95000,0.00000,0.00000,0.00000
-305964.94191,-506788.57962,95.26100,334614252.36487,7.19000,590033.00000,3.40000,0.00000,0.00000,0.00000
-305571.86337,-506812.13928,97.57700,334614252.41111,5.51000,471285.00000,2.60000,0.00000,0.00000,0.00000
-303619.72120,-508961.24202,158.79200,334614252.45735,5.30000,2230960.00000,2.94000,0.00000,0.00000,0.00000
-300837.66046,-506787.90050,107.93900,334668002.35262,11.11000,596383.00000,5.13000,0.00000,0.00000,1.00000
-307935.60331,-506040.44006,109.89200,334668002.39896,11.20000,267206.00000,4.12000,0.00000,0.00000,1.00000
-307410.15682,-506425.42546,104.44700,334668002.44529,11.41000,293735.00000,4.65000,0.00000,0.00000,1.00000
-307354.96648,-506740.53274,103.24000,334668002.49163,11.02000,306523.00000,2.78000,0.00000,0.00000,1.00000
-308146.95989,-506929.82179,112.44900,334668002.53796,10.77000,554397.00000,2.49000,0.00000,0.00000,1.00000
-307980.47501,-507261.48174,111.65800,334668002.58429,10.58000,887569.00000,3.06000,0.00000,0.00000,1.00000
-301409.58794,-508544.18123,112.73800,334668002.63063,10.54000,1154579.00000,2.65000,0.00000,0.00000,1.00000
-301560.43030,-508828.67119,110.86200,334668002.67696,10.50000,765881.00000,3.02000,0.00000,0.00000,1.00000
-301358.74607,-509165.48767,109.68800,334668002.72329,10.40000,2138129.00000,2.40000,0.00000,0.00000,1.00000
-301282.69643,-509483.64097,107.94600,334668002.76963,10.42000,8022301.00000,2.39000,0.00000,0.00000,1.00000
-301852.82648,-509705.88806,99.90800,334668002.81596,10.58000,5352875.00000,2.53000,0.00000,0.00000,1.00000
-303184.01619,-509815.14430,100.66000,334668002.86230,10.68000,1386068.00000,2.98000,0.00000,0.00000,1.00000
-304072.22477,-509990.19599,104.13700,334668002.90863,10.91000,536540.00000,4.30000,0.00000,0.00000,1.00000
-303783.64405,-510339.91878,105.40500,334668002.95496,11.15000,533962.00000,6.09000,0.00000,0.00000,1.00000
-303636.50674,-510668.64505,107.48500,334668003.00130,11.60000,1105638.00000,6.01000,0.00000,0.00000,1.00000
-303505.87666,-510994.92062,110.02700,334668003.04763,11.93000,554665.00000,6.20000,0.00000,0.00000,1.00000
-303008.36041,-511375.64411,112.96100,334668003.09396,12.02000,1639128.00000,4.28000,0.00000,0.00000,1.00000
-302767.88268,-511718.21522,114.77200,334668003.14030,12.28000,789658.00000,4.84000,0.00000,0.00000,1.00000
-302651.60797,-512042.34108,115.67100,334668003.18663,12.28000,2072466.00000,5.69000,0.00000,0.00000,1.00000
-301757.75928,-512481.84339,119.49000,334668003.23296,12.31000,545480.00000,4.41000,0.00000,0.00000,1.00000
-301864.05114,-512772.93635,117.68900,334668003.27930,12.78000,291562.00000,6.63000,0.00000,0.00000,1.00000
-302660.33814,-512961.67691,111.45900,334668003.32563,12.68000,3518216.00000,5.23000,0.00000,0.00000,1.00000
-302298.49688,-513322.22744,111.14700,334668003.37196,13.33000,677126.00000,9.00000,0.00000,0.00000,1.00000
-302595.77884,-513585.00349,112.23100,334668003.41830,13.58000,296106.00000,11.38000,0.00000,0.00000,1.00000
-303380.57445,-513775.45361,113.93500,334668003.46463,13.14000,164418.00000,8.95000,0.00000,0.00000,1.00000
-303314.54736,-514092.13844,116.04100,334668003.51096,12.78000,294820.00000,6.16000,0.00000,0.00000,1.00000
-303083.37108,-514433.30634,117.97900,334668003.55730,12.53000,301917.00000,6.20000,0.00000,0.00000,1.00000
-302939.07050,-514761.58360,120.10400,334668003.60363,12.18000,1035316.00000,5.90000,0.00000,0.00000,1.00000
-303627.65652,-514966.33557,118.63400,334668003.64996,11.69000,1272295.00000,7.72000,0.00000,0.00000,1.00000
-303003.01280,-515365.86381,116.09900,334668003.69629,11.04000,324217.00000,8.53000,0.00000,0.00000,1.00000
-298715.72954,-516308.46289,111.67600,334668003.74263,10.11000,462580.00000,3.23000,0.00000,0.00000,1.00000
-298302.87790,-516676.50277,116.56100,334668003.78896,10.14000,1039844.00000,2.43000,0.00000,0.00000,1.00000
-302964.26733,-516292.23919,127.38800,334668003.83529,10.14000,3681460.00000,1.74000,0.00000,0.00000,1.00000
-302672.76698,-516642.33853,135.70200,334668003.88163,10.07000,1864854.00000,1.92000,0.00000,0.00000,1.00000
-302091.90603,-517035.32955,133.20000,334668003.92796,10.39000,304015.00000,3.62000,0.00000,0.00000,1.00000
-301479.44427,-517432.99509,132.17000,334668003.97429,11.10000,572631.00000,4.59000,0.00000,0.00000,1.00000
-301276.24049,-517769.98607,130.50300,334668004.02062,11.91000,290097.00000,4.93000,0.00000,0.00000,1.00000
-301745.08416,-518007.34689,128.26400,334668004.06696,12.53000,356371.00000,6.07000,0.00000,0.00000,1.00000
-302292.20428,-518233.12438,126.12500,334668004.11329,12.87000,2648966.00000,5.59000,0.00000,0.00000,1.00000
-302954.92396,-518441.76666,118.60200,334668004.15962,13.46000,2300269.00000,4.91000,0.00000,0.00000,1.00000
-302483.17414,-518818.57232,122.13400,334668004.20596,13.76000,567916.00000,5.54000,0.00000,0.00000,1.00000
-302512.59434,-519121.08283,120.63700,334668004.25229,13.89000,432925.00000,5.02000,0.00000,0.00000,1.00000
-302577.91177,-519418.26727,119.68200,334668004.29862,14.17000,316640.00000,5.60000,0.00000,0.00000,1.00000
-302526.91748,-519732.71217,118.78500,334668004.34496,14.43000,287211.00000,7.56000,0.00000,0.00000,1.00000
-302797.59598,-519999.47749,117.66600,334668004.39129,14.65000,242220.00000,8.54000,0.00000,0.00000,1.00000
-303152.28114,-520253.79242,116.96300,334668004.43762,14.98000,130794.00000,9.38000,0.00000,0.00000,1.00000
-303417.93145,-520521.30771,117.94200,334668004.48395,15.17000,222903.00000,10.20000,0.00000,0.00000,1.00000
-303482.52773,-520818.61526,118.77100,334668004.53029,15.28000,294033.00000,9.88000,0.00000,0.00000,1.00000
-303623.24052,-521104.65833,120.06300,334668004.57662,15.15000,115230.00000,11.28000,0.00000,0.00000,1.00000
-304051.88232,-521348.03154,120.93200,334668004.62295,15.14000,209327.00000,8.75000,0.00000,0.00000,1.00000
-304604.03289,-521573.12037,122.23000,334668004.66929,15.09000,461924.00000,7.34000,0.00000,0.00000,1.00000
-304885.47834,-521838.31878,123.00500,334668004.71562,14.96000,365170.00000,6.94000,0.00000,0.00000,1.00000
-305281.80773,-522086.49956,124.88700,334668004.76195,14.64000,152363.00000,8.34000,0.00000,0.00000,1.00000
-305048.39696,-522427.96756,126.09700,334668004.80829,14.39000,215112.00000,10.44000,0.00000,0.00000,1.00000
-305334.86455,-522692.43975,129.03500,334668004.85462,14.44000,213834.00000,8.45000,0.00000,0.00000,1.00000
-305299.63379,-523004.54607,129.18700,334668004.90095,14.31000,1225672.00000,7.30000,0.00000,0.00000,1.00000
-304727.29578,-523396.20278,127.17500,334668004.94728,14.02000,1234795.00000,4.57000,0.00000,0.00000,1.00000
-304596.56627,-523722.46281,126.52700,334668004.99362,14.31000,644943.00000,5.98000,0.00000,0.00000,1.00000
-304993.59984,-523970.54803,127.88100,334668005.03995,14.16000,593618.00000,5.18000,0.00000,0.00000,1.00000
-304949.74733,-524283.93362,127.31800,334668005.08628,14.16000,2531517.00000,4.44000,0.00000,0.00000,1.00000
-305833.63440,-524459.95523,132.50300,334668005.13262,14.18000,639856.00000,4.51000,0.00000,0.00000,1.00000
-305815.62874,-524769.51359,131.27900,334668005.17895,14.26000,402125.00000,5.07000,0.00000,0.00000,1.00000
-305595.85070,-525108.96857,130.08300,334668005.22528,14.35000,152096.00000,6.77000,0.00000,0.00000,1.00000
-305212.33664,-525472.63833,128.24900,334668005.27162,14.88000,186593.00000,7.79000,0.00000,0.00000,1.00000
-304484.85692,-525887.22433,126.44200,334668005.31795,15.11000,209367.00000,9.40000,0.00000,0.00000,1.00000
-303895.95467,-526281.27550,125.93300,334668005.36428,15.17000,136147.00000,7.49000,0.00000,0.00000,1.00000
-303650.30151,-526624.52930,126.14600,334668005.41062,15.12000,139939.00000,7.24000,0.00000,0.00000,1.00000
-303791.68372,-526910.47567,125.89600,334668005.45695,15.25000,193302.00000,6.24000,0.00000,0.00000,1.00000
-303903.63641,-527200.80491,126.21500,334668005.50328,15.37000,288744.00000,5.75000,0.00000,0.00000,1.00000
-303887.03835,-527510.13945,127.21100,334668005.54961,15.29000,409672.00000,5.96000,0.00000,0.00000,1.00000
-303986.04862,-527802.36260,128.42500,334668005.59595,15.17000,390286.00000,4.58000,0.00000,0.00000,1.00000
-304100.14926,-528092.37463,129.58300,334668005.64228,15.25000,901430.00000,5.35000,0.00000,0.00000,1.00000
-304149.60992,-528391.93792,130.48700,334668005.68861,15.16000,1776568.00000,4.51000,0.00000,0.00000,1.00000
-304232.09795,-528686.61102,131.16700,334668005.73495,15.25000,1775054.00000,4.41000,0.00000,0.00000,1.00000
-304351.21511,-528975.88043,131.45100,334668005.78128,15.30000,1484089.00000,4.09000,0.00000,0.00000,1.00000
-304595.27991,-529246.66434,131.49300,334668005.82761,15.20000,1967915.00000,5.10000,0.00000,0.00000,1.00000
-304870.93627,-529512.77155,130.70500,334668005.87394,15.18000,1573776.00000,4.41000,0.00000,0.00000,1.00000
-305103.50972,-529785.26067,129.22700,334668005.92028,15.46000,993803.00000,5.21000,0.00000,0.00000,1.00000
-305056.73498,-530099.07209,127.62000,334668005.96661,15.47000,270568.00000,6.31000,0.00000,0.00000,1.00000
-304599.90929,-530473.53269,128.46400,334668006.01294,15.39000,407991.00000,5.80000,0.00000,0.00000,1.00000
-304506.45405,-530794.25078,129.61800,334668006.05928,15.27000,166614.00000,6.02000,0.00000,0.00000,1.00000
-304598.26075,-531087.55190,130.88300,334668006.10561,15.23000,256617.00000,7.51000,0.00000,0.00000,1.00000
-304897.61146,-531350.17124,133.50500,334668006.15194,15.00000,216375.00000,5.65000,0.00000,0.00000,1.00000
-305029.62951,-531637.52533,137.10600,334668006.19827,14.78000,297320.00000,4.49000,0.00000,0.00000,1.00000
-304908.16109,-531962.38492,139.83000,334668006.24461,14.68000,789953.00000,4.36000,0.00000,0.00000,1.00000
-304755.80311,-532291.79621,141.43000,334668006.29094,14.47000,1226788.00000,4.43000,0.00000,0.00000,1.00000
-304554.60793,-532628.42130,142.16500,334668006.33727,14.45000,1746495.00000,4.21000,0.00000,0.00000,1.00000
-304516.42777,-532940.95469,142.35800,334668006.38360,14.60000,2908955.00000,4.29000,0.00000,0.00000,1.00000
-304611.80890,-533233.73060,140.40600,334668006.42993,14.66000,357110.00000,3.97000,0.00000,0.00000,1.00000
-304999.46774,-533483.30213,138.02500,334668006.47627,14.89000,144553.00000,6.73000,0.00000,0.00000,1.00000
-305800.77877,-533671.73169,137.10000,334668006.52260,15.04000,164003.00000,10.08000,0.00000,0.00000,1.00000
-306393.11283,-533891.06425,138.82800,334668006.56893,14.97000,382367.00000,6.00000,0.00000,0.00000,1.00000
-306481.31395,-534184.92360,140.45800,334668006.61526,15.08000,1027349.00000,4.56000,0.00000,0.00000,1.00000
-306377.05455,-534507.23942,141.05900,334668006.66159,15.07000,746094.00000,4.51000,0.00000,0.00000,1.00000
-306256.98263,-534831.86655,141.89900,334668006.70793,14.94000,1700861.00000,4.49000,0.00000,0.00000,1.00000
-306195.80722,-535147.81156,141.92200,334668006.75426,14.56000,967061.00000,4.36000,0.00000,0.00000,1.00000
-306277.53533,-535442.62531,140.45000,334668006.80059,14.38000,823998.00000,6.95000,0.00000,0.00000,1.00000
-306803.08285,-535671.85814,140.63600,334668006.84692,14.68000,188861.00000,10.55000,0.00000,0.00000,1.00000
-307409.06533,-535889.21634,141.91600,334668006.89325,14.81000,292928.00000,7.89000,0.00000,0.00000,1.00000
-333766.95501,-533597.43913,154.36900,334786899.82907,10.85000,324925.00000,8.33000,0.00000,0.00000,0.00000
-333626.80552,-533279.72262,154.45200,334786899.87535,11.00000,375263.00000,8.08000,0.00000,0.00000,0.00000
-333155.20229,-533400.71922,155.01400,334786899.92163,10.89000,731552.00000,6.68000,0.00000,0.00000,0.00000
-332569.03386,-533673.35633,156.45800,334786899.96791,11.55000,345973.00000,7.58000,0.00000,0.00000,0.00000
-332943.14090,-532675.00534,154.90000,334786900.01419,12.24000,328253.00000,9.38000,0.00000,0.00000,0.00000
-333035.20751,-532049.96900,154.33300,334786900.06047,12.63000,538755.00000,9.64000,0.00000,0.00000,0.00000
-332789.25940,-531872.32534,152.35300,334786900.10675,12.53000,999216.00000,10.46000,0.00000,0.00000,0.00000
-332827.99005,-531317.90756,153.29100,334786900.15303,11.85000,305630.00000,5.87000,0.00000,0.00000,0.00000
-332205.96310,-531637.98109,152.11100,334786900.19931,12.05000,288689.00000,6.16000,0.00000,0.00000,0.00000
-331675.32590,-531837.08873,151.02000,334786900.24559,12.42000,201008.00000,8.49000,0.00000,0.00000,0.00000
-331538.27259,-531515.33214,150.18400,334786900.29187,12.30000,216826.00000,7.15000,0.00000,0.00000,0.00000
-331277.01370,-531357.92246,149.12900,334786900.33815,12.34000,291549.00000,6.68000,0.00000,0.00000,0.00000
-331092.28842,-531099.23242,148.02800,334786900.38443,12.69000,303052.00000,7.01000,0.00000,0.00000,0.00000
-330953.04732,-530780.35526,146.89700,334786900.43071,12.43000,290734.00000,7.23000,0.00000,0.00000,0.00000
-330782.32946,-530503.15423,145.35100,334786900.47699,12.32000,99804.00000,6.99000,0.00000,0.00000,0.00000
-330513.64735,-530355.58227,143.70900,334786900.52328,12.34000,137445.00000,7.82000,0.00000,0.00000,0.00000
-330372.22645,-530039.59042,142.10100,334786900.56956,11.97000,208055.00000,6.85000,0.00000,0.00000,0.00000
-330371.64038,-529537.26184,141.34200,334786900.61584,11.69000,298775.00000,6.96000,0.00000,0.00000,0.00000
-330187.80739,-529277.41213,140.03800,334786900.66212,10.77000,357518.00000,5.30000,0.00000,0.00000,0.00000
-329902.51046,-529151.82039,138.07200,334786900.70840,10.37000,586173.00000,5.07000,0.00000,0.00000,0.00000
-329669.69972,-528956.78727,136.77300,334786900.75468,10.45000,438271.00000,5.34000,0.00000,0.00000,0.00000
-329503.80111,-528673.20155,135.99000,334786900.80097,10.63000,423830.00000,4.94000,0.00000,0.00000,0.00000
-329375.52496,-528339.85484,135.47000,334786900.84725,10.51000,538304.00000,5.32000,0.00000,0.00000,0.00000
-329206.13909,-528060.90810,135.24800,334786900.89353,10.56000,433930.00000,5.78000,0.00000,0.00000,0.00000
-329020.13005,-527803.94027,134.56000,334786900.93981,10.59000,439034.00000,5.74000,0.00000,0.00000,0.00000
-328710.79230,-527710.17074,132.78700,334786900.98609,10.38000,292000.00000,6.39000,0.00000,0.00000,0.00000
-328427.69345,-527581.67608,131.88500,334786901.03238,10.46000,276023.00000,9.25000,0.00000,0.00000,0.00000
-328185.27183,-527399.36536,131.08400,334786901.07866,10.11000,562253.00000,7.93000,0.00000,0.00000,0.00000
-327938.03924,-527223.41125,130.02800,334786901.12494,9.89000,899740.00000,7.28000,0.00000,0.00000,0.00000
-327685.55850,-527054.40117,129.48100,334786901.17123,9.93000,364469.00000,8.16000,0.00000,0.00000,0.00000
-327405.96058,-526921.26718,128.59400,334786901.21751,9.98000,226741.00000,8.77000,0.00000,0.00000,0.00000
-327267.64768,-526601.22549,128.52000,334786901.26379,9.99000,232538.00000,7.03000,0.00000,0.00000,0.00000
-327028.28860,-526414.84166,128.01400,334786901.31007,10.23000,399371.00000,7.87000,0.00000,0.00000,0.00000
-326736.45501,-526297.91476,127.23300,334786901.35636,10.54000,275525.00000,7.90000,0.00000,0.00000,0.00000
-326160.73431,-526556.52361,125.19700,334786901.40264,10.79000,1246837.00000,10.68000,0.00000,0.00000,0.00000
-326324.67555,-525836.62094,127.56300,334786901.44892,10.21000,310204.00000,6.92000,0.00000,0.00000,0.00000
-326097.13586,-525634.61294,127.31400,334786901.49521,10.02000,339439.00000,7.47000,0.00000,0.00000,0.00000
-325723.50894,-525625.88662,125.73900,334786901.54149,9.86000,1501288.00000,7.66000,0.00000,0.00000,0.00000
-325274.63244,-525716.66976,124.81400,334786901.58778,10.07000,1637336.00000,8.91000,0.00000,0.00000,0.00000
-325214.19357,-525293.61155,125.47700,334786901.63406,10.14000,637979.00000,7.51000,0.00000,0.00000,0.00000
-324768.38391,-525380.34259,124.51900,334786901.68034,10.10000,930568.00000,8.60000,0.00000,0.00000,0.00000
-324381.17958,-525389.51971,123.91700,334786901.72663,9.93000,617931.00000,7.99000,0.00000,0.00000,0.00000
-324362.74988,-524910.92202,124.42600,334786901.77291,9.91000,934417.00000,5.92000,0.00000,0.00000,0.00000
-323940.99728,-524965.81493,123.61400,334786901.81920,9.95000,1499597.00000,6.16000,0.00000,0.00000,0.00000
-323778.21745,-524678.16682,124.05000,334786901.86548,9.96000,1547025.00000,3.78000,0.00000,0.00000,0.00000
-323513.94536,-524524.74544,123.89500,334786901.91176,10.09000,1058541.00000,4.09000,0.00000,0.00000,0.00000
-323193.68329,-524445.38981,123.35900,334786901.95805,10.31000,2532516.00000,4.27000,0.00000,0.00000,0.00000
-322863.36024,-524379.34108,122.86800,334786902.00433,10.56000,2785229.00000,4.97000,0.00000,0.00000,0.00000
-322570.65745,-524263.52526,123.19000,334786902.05062,10.70000,2231663.00000,4.96000,0.00000,0.00000,0.00000
-322316.01017,-524097.36666,124.02200,334786902.09690,10.75000,1994934.00000,3.78000,0.00000,0.00000,0.00000
-321994.43480,-524019.73481,123.72900,334786902.14319,10.84000,3004374.00000,3.53000,0.00000,0.00000,0.00000
-321645.73020,-523977.96350,124.57300,334786902.18947,10.89000,2385250.00000,3.44000,0.00000,0.00000,0.00000
-321319.78778,-523906.11901,125.46900,334786902.23576,11.00000,4866469.00000,2.90000,0.00000,0.00000,0.00000
-320968.90205,-523867.24048,125.45500,334786902.28204,11.07000,4540376.00000,2.76000,0.00000,0.00000,0.00000
-320590.46094,-523864.81828,125.02100,334786902.32832,11.29000,4063977.00000,3.10000,0.00000,0.00000,0.00000
-320266.25801,-523790.63241,125.08300,334786902.37461,11.30000,4761650.00000,3.10000,0.00000,0.00000,0.00000
-319961.30875,-523690.99717,123.60200,334786902.42089,11.06000,2626864.00000,4.34000,0.00000,0.00000,0.00000
-319628.79595,-523627.80666,123.49800,334786902.46718,11.51000,753130.00000,5.23000,0.00000,0.00000,0.00000
-319282.28128,-523583.12501,123.19000,334786902.51346,12.16000,443445.00000,5.91000,0.00000,0.00000,0.00000
-319005.33490,-523446.45733,122.02700,334786902.55975,12.16000,440289.00000,6.19000,0.00000,0.00000,0.00000
-318815.89193,-523194.07097,121.01200,334786902.60603,11.78000,409372.00000,8.13000,0.00000,0.00000,0.00000
-318663.63582,-522892.49707,120.50200,334786902.65232,11.53000,194307.00000,7.24000,0.00000,0.00000,0.00000
-318416.01012,-522717.05709,120.42900,334786902.69860,12.08000,149476.00000,6.76000,0.00000,0.00000,0.00000
-318355.21101,-522294.57712,119.52100,334786902.74489,12.70000,70812.00000,8.40000,0.00000,0.00000,0.00000
-318160.08807,-522049.70158,119.15100,334786902.79117,12.82000,116029.00000,7.48000,0.00000,0.00000,0.00000
-317947.03374,-521828.55378,119.08200,334786902.83746,13.00000,131016.00000,7.24000,0.00000,0.00000,0.00000
-317625.47306,-521750.88310,119.11000,334786902.88374,13.21000,213616.00000,7.52000,0.00000,0.00000,0.00000
-317428.61347,-521508.32899,119.08900,334786902.93003,13.18000,369244.00000,7.52000,0.00000,0.00000,0.00000
-317253.18898,-521237.41540,118.61200,334786902.97631,13.48000,519302.00000,7.01000,0.00000,0.00000,0.00000
-316959.63579,-521122.71360,118.68400,334786903.02260,13.68000,403905.00000,7.93000,0.00000,0.00000,0.00000
-316708.08982,-520952.47079,118.72300,334786903.06888,13.78000,226664.00000,7.76000,0.00000,0.00000,0.00000
-316458.28491,-520779.90387,118.38800,334786903.11517,13.80000,186441.00000,7.61000,0.00000,0.00000,0.00000
-316250.92907,-520551.22166,118.30800,334786903.16146,13.83000,369584.00000,7.44000,0.00000,0.00000,0.00000
-315972.69218,-520416.26166,118.22900,334786903.20774,13.80000,238721.00000,8.64000,0.00000,0.00000,0.00000
-315795.09539,-520148.23960,117.98200,334786903.25403,13.67000,231344.00000,5.51000,0.00000,0.00000,0.00000
-315548.36674,-519971.62046,117.68100,334786903.30031,13.59000,121587.00000,6.58000,0.00000,0.00000,0.00000
-315258.32211,-519852.27266,117.85000,334786903.34660,13.42000,290988.00000,6.32000,0.00000,0.00000,0.00000
-315041.35247,-519636.31512,117.76500,334786903.39288,13.38000,257508.00000,5.77000,0.00000,0.00000,0.00000
-314770.99698,-519490.92712,117.15800,334786903.43917,13.41000,272619.00000,5.47000,0.00000,0.00000,0.00000
-314526.91068,-519310.84323,117.37100,334786903.48545,13.45000,118173.00000,6.23000,0.00000,0.00000,0.00000
-314243.42863,-519182.80394,117.27300,334786903.53174,13.66000,230775.00000,7.43000,0.00000,0.00000,0.00000
-314026.46326,-518966.83641,117.06800,334786903.57802,13.79000,335802.00000,7.10000,0.00000,0.00000,0.00000
-313775.36879,-518795.99000,116.79600,334786903.62431,14.11000,182023.00000,6.97000,0.00000,0.00000,0.00000
-313466.07462,-518702.07874,116.71500,334786903.67060,14.35000,660075.00000,6.50000,0.00000,0.00000,0.00000
-313165.97027,-518596.01524,116.55800,334786903.71688,14.41000,981264.00000,5.70000,0.00000,0.00000,0.00000
-312881.62488,-518469.13297,116.12000,334786903.76317,14.18000,479519.00000,6.20000,0.00000,0.00000,0.00000
-312629.21995,-518300.00964,115.83600,334786903.80945,14.19000,620218.00000,8.10000,0.00000,0.00000,0.00000
-312331.31093,-518191.05313,115.79800,334786903.85574,14.39000,599079.00000,6.58000,0.00000,0.00000,0.00000
-312036.46352,-518078.04115,115.65900,334786903.90203,14.48000,805657.00000,7.26000,0.00000,0.00000,0.00000
-311768.30842,-517929.73623,115.63500,334786903.94831,14.34000,289855.00000,6.46000,0.00000,0.00000,0.00000
-311501.91058,-517779.12208,115.42500,334786903.99460,14.11000,242532.00000,8.06000,0.00000,0.00000,0.00000
-311237.69926,-517625.61253,115.08600,334786904.04088,13.44000,737879.00000,6.78000,0.00000,0.00000,0.00000
-310944.16837,-517510.85820,114.93800,334786904.08717,12.80000,1098571.00000,5.85000,0.00000,0.00000,0.00000
-310642.31239,-517407.07721,114.76800,334786904.13346,12.74000,351430.00000,6.63000,0.00000,0.00000,0.00000
-310394.73430,-517231.58388,114.00100,334786904.17975,13.27000,289837.00000,8.12000,0.00000,0.00000,0.00000
-310116.07692,-517097.14093,113.93700,334786904.22603,12.98000,219880.00000,8.91000,0.00000,0.00000,0.00000
-309835.23879,-516965.60024,113.55800,334786904.27232,12.37000,332594.00000,7.54000,0.00000,0.00000,0.00000
-309571.91520,-516810.93188,113.20900,334786904.31861,12.14000,254961.00000,7.02000,0.00000,0.00000,0.00000
-309334.40164,-516622.11218,112.94700,334786904.36489,12.28000,93413.00000,9.23000,0.00000,0.00000,0.00000
-309454.03538,-515961.32331,111.40300,334786904.41118,12.56000,166822.00000,12.77000,0.00000,0.00000,0.00000
-309674.78266,-515166.93986,110.57400,334786904.45747,12.18000,223736.00000,12.73000,0.00000,0.00000,0.00000
-309565.52040,-514808.65323,110.81500,334786904.50375,11.82000,146497.00000,9.41000,0.00000,0.00000,0.00000
-309435.26622,-514478.15097,111.34800,334786904.55004,10.94000,383591.00000,5.25000,0.00000,0.00000,0.00000
-308192.85045,-515617.30923,111.66500,334786904.59633,10.95000,790090.00000,4.78000,0.00000,0.00000,0.00000
-307998.69065,-515371.23787,111.30200,334786904.64262,11.06000,499765.00000,3.33000,0.00000,0.00000,0.00000
-306829.76767,-516413.20121,113.63700,334786904.68890,11.16000,1145471.00000,3.44000,0.00000,0.00000,0.00000
-306285.87236,-516629.24393,113.91200,334786904.73519,11.36000,951938.00000,3.67000,0.00000,0.00000,0.00000
-305894.73192,-516643.41693,114.14300,334786904.78148,11.42000,1671099.00000,3.84000,0.00000,0.00000,0.00000
-305638.85278,-516478.87800,114.10400,334786904.82776,11.09000,1943669.00000,3.97000,0.00000,0.00000,0.00000
-308055.21343,-512783.42875,103.74100,334786904.87405,10.58000,727726.00000,3.55000,0.00000,0.00000,0.00000
-308182.35150,-512112.83465,103.47000,334786904.92034,11.14000,480219.00000,3.43000,0.00000,0.00000,0.00000
-308089.32935,-511733.16299,103.14700,334786904.96662,11.42000,322694.00000,5.72000,0.00000,0.00000,0.00000
-307877.69004,-511510.22627,103.11800,334786905.01291,11.01000,959091.00000,3.54000,0.00000,0.00000,0.00000
-305305.87976,-514405.72171,120.69500,334786905.05920,10.58000,2869895.00000,3.91000,0.00000,0.00000,0.00000
-304878.85609,-514467.29602,120.68500,334786905.10549,10.34000,1150354.00000,3.96000,0.00000,0.00000,0.00000
-304517.93489,-514441.54741,120.19300,334786905.15177,11.01000,433672.00000,4.34000,0.00000,0.00000,0.00000
-304681.42264,-513722.97038,116.49300,334786905.19806,11.73000,283592.00000,6.65000,0.00000,0.00000,0.00000
-304824.34947,-513031.57792,114.40800,334786905.24435,11.98000,1361274.00000,4.49000,0.00000,0.00000,0.00000
-304512.02568,-512941.63452,113.18700,334786905.29063,12.53000,1697637.00000,4.20000,0.00000,0.00000,0.00000
-304228.59595,-512813.52643,111.01700,334786905.33692,12.83000,728992.00000,5.39000,0.00000,0.00000,0.00000
-304318.56572,-512192.10818,107.68000,334786905.38321,13.00000,1267563.00000,5.72000,0.00000,0.00000,0.00000
-304296.47951,-511718.72769,113.25200,334786905.42950,13.25000,6556806.00000,4.51000,0.00000,0.00000,0.00000
-303941.26275,-511685.44446,114.19800,334786905.47578,13.75000,1178818.00000,6.65000,0.00000,0.00000,0.00000
-303554.53038,-511693.80382,114.83000,334786905.52207,14.27000,243577.00000,6.67000,0.00000,0.00000,0.00000
-303051.78959,-511855.40419,115.44600,334786905.56836,14.13000,277659.00000,8.99000,0.00000,0.00000,0.00000
-302671.62295,-511855.07063,117.32400,334786905.61465,13.48000,479345.00000,6.61000,0.00000,0.00000,0.00000
-302354.49864,-511771.47061,118.85900,334786905.66093,12.66000,421257.00000,6.17000,0.00000,0.00000,0.00000
-302207.22130,-511463.47779,119.68300,334786905.70722,10.70000,174287.00000,7.43000,0.00000,0.00000,0.00000
-302112.48569,-511086.10537,120.45400,334786905.75351,8.48000,107357.00000,6.01000,0.00000,0.00000,0.00000
-302129.38773,-510561.28200,119.55700,334786905.79980,7.73000,226303.00000,4.71000,0.00000,0.00000,0.00000
-302306.07584,-509825.37969,118.78200,334786905.84609,8.07000,295133.00000,2.86000,0.00000,0.00000,0.00000
-302078.70362,-509623.23087,115.93900,334786905.89237,7.89000,3870075.00000,1.94000,0.00000,0.00000,0.00000
-301574.64407,-509786.54913,106.79700,334786905.93866,7.84000,3426352.00000,3.49000,0.00000,0.00000,0.00000
-301968.50605,-508763.83113,108.86600,334786905.98495,8.40000,261261.00000,4.80000,0.00000,0.00000,0.00000
-302016.51134,-508197.95726,112.36500,334786906.03124,8.65000,627620.00000,3.54000,0.00000,0.00000,0.00000
-301884.58891,-507869.74839,113.68600,334786906.07753,9.16000,666891.00000,4.39000,0.00000,0.00000,0.00000
-301529.82436,-507835.85286,114.37100,334786906.12382,9.58000,533110.00000,3.93000,0.00000,0.00000,0.00000
-301157.99593,-507824.52367,113.17600,334786906.17011,9.87000,375591.00000,4.58000,0.00000,0.00000,0.00000
-301070.30003,-507437.90491,111.87200,334786906.21640,10.52000,195682.00000,6.95000,0.00000,0.00000,0.00000
-301164.73175,-506810.73579,111.86000,334786906.26269,11.35000,176113.00000,6.00000,0.00000,0.00000,0.00000
-300720.66798,-506894.80662,110.54600,334786906.30897,12.44000,274824.00000,7.35000,0.00000,0.00000,0.00000
-300275.28188,-506980.59580,108.93800,334786906.35526,13.19000,902746.00000,6.79000,0.00000,0.00000,0.00000
-296892.40331,-510670.37567,101.29700,334840656.18777,14.65000,334599.00000,4.84000,0.00000,0.00000,1.00000
-296398.78322,-511042.58349,98.89700,334840656.23417,14.66000,287884.00000,6.94000,0.00000,0.00000,1.00000
-295766.96886,-515724.96422,101.75000,334840656.93006,14.20000,4005993.00000,3.46000,0.00000,0.00000,1.00000
-295552.01635,-516060.08193,102.43800,334840656.97645,14.14000,674389.00000,3.50000,0.00000,0.00000,1.00000
-295959.35355,-516312.53218,104.09700,334840657.02285,14.16000,739180.00000,4.34000,0.00000,0.00000,1.00000
-296260.81115,-516579.05713,107.31200,334840657.06924,14.29000,965979.00000,5.01000,0.00000,0.00000,1.00000
-296208.61564,-516892.54468,110.81700,334840657.11563,14.63000,535773.00000,5.45000,0.00000,0.00000,1.00000
-296300.48054,-517186.91437,112.47400,334840657.16203,15.17000,1115349.00000,8.02000,0.00000,0.00000,1.00000
-295512.91486,-517598.06231,112.89900,334840657.20842,15.23000,604256.00000,6.59000,0.00000,0.00000,1.00000
-296083.44840,-518748.54472,114.91400,334840657.39399,15.05000,781779.00000,5.53000,0.00000,0.00000,1.00000
